  0.00000307679
  0.00043666598
  0.00224089180
  0.00233063063
  0.00241611395
  0.00240789119
  0.00238037536
  0.00234728786
  0.00230310636
  0.00225632618
  0.00220915108
  0.00216460576
  0.00212034025
  0.00207547110
  0.00205574954
  0.00203215787
  0.00200569556
  0.00198580671
  0.00196576146
  0.00195047865
  0.00193280771
  0.00189859001
  0.00188042804
  0.00186033650
  0.00184292314
  0.00181491341
  0.00179303819
  0.00176306886
  0.00174589207
  0.00172399095
  0.00191066236
  0.00163554778
  0.00162212184
  0.00160207804
  0.00158187502
  0.00155766078
  0.00157338799
  0.00150660580
  0.00149050280
  0.00147052078
  0.00144683515
  0.00143166697
  0.00144315482
  0.00138414231
  0.00138598611
  0.00134398027
  0.00131664438
  0.00130274910
  0.00128328983
  0.00128200330
  0.00126335796
  0.00122486918
  0.00119967091
  0.00118873273
  0.00117418058
  0.00115162257
  0.00113171421
  0.00110724630
  0.00111273848
  0.00109925698
  0.00108746465
  0.00107035583
  0.00106059916
  0.00104721564
  0.00102878047
  0.00100575067
  0.00099025873
  0.00096772246
  0.00097523353
  0.00094830729
  0.00096548438
  0.00092719508
  0.00092920101
  0.00090793565
  0.00090979417
  0.00088660016
  0.00088460585
  0.00085535812
  0.00085092009
