  0.01107759266
  0.01105122876
  0.01066549776
  0.01003611194
  0.00983919936
  0.00973829973
  0.00965382090
  0.00955418389
  0.00944120718
  0.00935242296
  0.00924814244
  0.00916816400
  0.00911977192
  0.00906579119
  0.00901096861
  0.00896469494
  0.00892238422
  0.00888499140
  0.00885551375
  0.00883136484
  0.00880924723
  0.00879679266
  0.00877043718
  0.00876112090
  0.00874621278
  0.00873181597
  0.00871951284
  0.00870237124
  0.00870286684
  0.00869554445
  0.00842599574
  0.00867878697
  0.00867646350
  0.00866378872
  0.00866121441
  0.00866336553
  0.00853187198
  0.00865006426
  0.00865226626
  0.00864493538
  0.00863410921
  0.00863451761
  0.00850077791
  0.00861759986
  0.00848889404
  0.00861521248
  0.00861597161
  0.00861313979
  0.00860838109
  0.00847197441
  0.00847078548
  0.00845413862
  0.00845503637
  0.00858918761
  0.00858532672
  0.00845103557
  0.00843895777
  0.00843927353
  0.00857482069
  0.00856918994
  0.00856956056
  0.00842783979
  0.00856314121
  0.00855772628
  0.00842242749
  0.00841902781
  0.00841801004
  0.00841410951
  0.00854382384
  0.00841010608
  0.00854135564
  0.00840656049
  0.00853398720
  0.00840310164
  0.00853208712
  0.00840516578
  0.00852183637
  0.00839192161
  0.00839424283
