730 10
0 19
0
1
4
9
16
25
36
49
64
81
5293
5294
5295
5296
5297
5298
5299
5300
5301

1 145
3
0
8
15
24
35
48
63
80
99
120
143
168
195
224
255
288
323
360
399
440
483
528
575
624
675
728
783
840
899
960
1023
1088
1155
1224
1295
1368
1440
1512
1583
1654
1725
1794
1867
1938
2009
2080
2149
2220
2293
2364
2433
2506
2577
2648
2719
2790
2861
2932
3003
3072
3145
3216
3287
3358
3429
3500
3571
3642
3713
3784
3855
3927
5302
5303
5304
5305
5306
5307
5308
5309
5310
5311
5312
5313
5314
5315
5316
5317
5318
5319
5320
5321
5322
5323
5324
5325
5326
5327
5328
5329
5330
5331
5332
5333
5334
5335
5336
5337
5338
5339
5340
5341
5342
5343
5344
5345
5346
5347
5348
5349
5350
5351
5352
5353
5354
5355
5356
5357
5358
5359
5360
5361
5362
5363
5364
5365
5366
5367
5368
5369
5370
5371
5372
5373

2 37
81
100
121
144
169
196
225
256
289
324
361
400
441
484
529
576
625
676
729
5374
5375
5376
5377
5378
5379
5380
5381
5382
5383
5384
5385
5386
5387
5388
5389
5390
5391

3 145
102
81
125
150
177
206
237
270
305
342
381
422
465
510
557
606
657
710
765
822
881
942
1005
1070
1137
1206
1277
1350
1423
1496
1569
1642
1715
1788
1861
1934
2007
2082
2157
2232
2307
2382
2457
2532
2607
2682
2754
2824
2895
2968
3039
3108
3181
3252
3323
3394
3465
3536
3607
3678
3747
3820
3891
3962
4031
4098
4163
4226
4287
4346
4403
4458
4511
5392
5393
5394
5395
5396
5397
5398
5399
5400
5401
5402
5403
5404
5405
5406
5407
5408
5409
5410
5411
5412
5413
5414
5415
5416
5417
5418
5419
5420
5421
5422
5423
5424
5425
5426
5427
5428
5429
5430
5431
5432
5433
5434
5435
5436
5437
5438
5439
5440
5441
5442
5443
5444
5445
5446
5447
5448
5449
5450
5451
5452
5453
5454
5455
5456
5457
5458
5459
5460
5461
5462
5463

4 19
729
784
841
900
961
1024
1089
1156
1225
1297
5464
5465
5466
5467
5468
5469
5470
5471
5472

5 145
729
786
845
906
969
1034
1101
1170
1241
1314
1387
1460
1533
1606
1679
1752
1825
1898
1971
2044
2117
2190
2263
2336
2409
2482
2555
2628
2701
2774
2847
2920
2993
3066
3139
3212
3285
3360
3435
3510
3585
3660
3735
3810
3885
3960
4033
4104
4173
4240
4305
4368
4429
4488
4545
4600
4653
4704
4753
4800
4845
4888
4929
4968
5002
5034
5063
5090
5115
5138
5159
5178
5195
5473
5474
5475
5476
5477
5478
5479
5480
5481
5482
5483
5484
5485
5486
5487
5488
5489
5490
5491
5492
5493
5494
5495
5496
5497
5498
5499
5500
5501
5502
5503
5504
5505
5506
5507
5508
5509
5510
5511
5512
5513
5514
5515
5516
5517
5518
5519
5520
5521
5522
5523
5524
5525
5526
5527
5528
5529
5530
5531
5532
5533
5534
5535
5536
5537
5538
5539
5540
5541
5542
5543
5544

6 145
1297
1369
1442
1515
1588
1661
1734
1807
1880
1953
2026
2099
2172
2245
2318
2391
2464
2537
2610
2683
2756
2829
2902
2975
3048
3121
3194
3267
3340
3413
3486
3559
3632
3705
3778
3851
3924
3997
4068
4137
4204
4269
4332
4393
4452
4509
4564
4617
4668
4717
4764
4809
4852
4893
4932
4969
5004
5037
5068
5097
5124
5149
5172
5193
5212
5229
5244
5257
5268
5277
5284
5289
5292
5545
5546
5547
5548
5549
5550
5551
5552
5553
5554
5555
5556
5557
5558
5559
5560
5561
5562
5563
5564
5565
5566
5567
5568
5569
5570
5571
5572
5573
5574
5575
5576
5577
5578
5579
5580
5581
5582
5583
5584
5585
5586
5587
5588
5589
5590
5591
5592
5593
5594
5595
5596
5597
5598
5599
5600
5601
5602
5603
5604
5605
5606
5607
5608
5609
5610
5611
5612
5613
5614
5615
5616

7 19
3999
3927
4070
4139
4206
4271
4334
4395
4454
4511
5617
5618
5619
5620
5621
5622
5623
5624
5625

8 37
4566
4511
4619
4670
4719
4766
4811
4854
4895
4934
4971
5006
5039
5070
5099
5126
5151
5174
5195
5626
5627
5628
5629
5630
5631
5632
5633
5634
5635
5636
5637
5638
5639
5640
5641
5642
5643

9 19
5214
5195
5231
5246
5259
5270
5279
5286
5290
5292
5644
5645
5646
5647
5648
5649
5650
5651
5652

