360 10
0 9
0 1 
1 4 
4 9 
9 16 
16 25 
25 36 
36 49 
49 64 
64 81 

1 72
3 0 
8 3 
15 8 
24 15 
35 24 
48 35 
63 48 
80 63 
99 80 
120 99 
143 120 
168 143 
195 168 
224 195 
255 224 
288 255 
323 288 
360 323 
399 360 
440 399 
483 440 
528 483 
575 528 
624 575 
675 624 
728 675 
783 728 
840 783 
899 840 
960 899 
1023 960 
1088 1023 
1155 1088 
1224 1155 
1295 1224 
1368 1295 
1440 1368 
1512 1440 
1583 1512 
1654 1583 
1725 1654 
1794 1725 
1867 1794 
1938 1867 
2009 1938 
2080 2009 
2149 2080 
2220 2149 
2293 2220 
2364 2293 
2433 2364 
2506 2433 
2577 2506 
2648 2577 
2719 2648 
2790 2719 
2861 2790 
2932 2861 
3003 2932 
3072 3003 
3145 3072 
3216 3145 
3287 3216 
3358 3287 
3429 3358 
3500 3429 
3571 3500 
3642 3571 
3713 3642 
3784 3713 
3855 3784 
3927 3855 

2 18
81 100 
100 121 
121 144 
144 169 
169 196 
196 225 
225 256 
256 289 
289 324 
324 361 
361 400 
400 441 
441 484 
484 529 
529 576 
576 625 
625 676 
676 729 

3 72
102 81 
125 102 
150 125 
177 150 
206 177 
237 206 
270 237 
305 270 
342 305 
381 342 
422 381 
465 422 
510 465 
557 510 
606 557 
657 606 
710 657 
765 710 
822 765 
881 822 
942 881 
1005 942 
1070 1005 
1137 1070 
1206 1137 
1277 1206 
1350 1277 
1423 1350 
1496 1423 
1569 1496 
1642 1569 
1715 1642 
1788 1715 
1861 1788 
1934 1861 
2007 1934 
2082 2007 
2157 2082 
2232 2157 
2307 2232 
2382 2307 
2457 2382 
2532 2457 
2607 2532 
2682 2607 
2754 2682 
2824 2754 
2895 2824 
2968 2895 
3039 2968 
3108 3039 
3181 3108 
3252 3181 
3323 3252 
3394 3323 
3465 3394 
3536 3465 
3607 3536 
3678 3607 
3747 3678 
3820 3747 
3891 3820 
3962 3891 
4031 3962 
4098 4031 
4163 4098 
4226 4163 
4287 4226 
4346 4287 
4403 4346 
4458 4403 
4511 4458 

4 9
729 784 
784 841 
841 900 
900 961 
961 1024 
1024 1089 
1089 1156 
1156 1225 
1225 1297 

5 72
729 786 
786 845 
845 906 
906 969 
969 1034 
1034 1101 
1101 1170 
1170 1241 
1241 1314 
1314 1387 
1387 1460 
1460 1533 
1533 1606 
1606 1679 
1679 1752 
1752 1825 
1825 1898 
1898 1971 
1971 2044 
2044 2117 
2117 2190 
2190 2263 
2263 2336 
2336 2409 
2409 2482 
2482 2555 
2555 2628 
2628 2701 
2701 2774 
2774 2847 
2847 2920 
2920 2993 
2993 3066 
3066 3139 
3139 3212 
3212 3285 
3285 3360 
3360 3435 
3435 3510 
3510 3585 
3585 3660 
3660 3735 
3735 3810 
3810 3885 
3885 3960 
3960 4033 
4033 4104 
4104 4173 
4173 4240 
4240 4305 
4305 4368 
4368 4429 
4429 4488 
4488 4545 
4545 4600 
4600 4653 
4653 4704 
4704 4753 
4753 4800 
4800 4845 
4845 4888 
4888 4929 
4929 4968 
4968 5002 
5002 5034 
5034 5063 
5063 5090 
5090 5115 
5115 5138 
5138 5159 
5159 5178 
5178 5195 

6 72
1297 1369 
1369 1442 
1442 1515 
1515 1588 
1588 1661 
1661 1734 
1734 1807 
1807 1880 
1880 1953 
1953 2026 
2026 2099 
2099 2172 
2172 2245 
2245 2318 
2318 2391 
2391 2464 
2464 2537 
2537 2610 
2610 2683 
2683 2756 
2756 2829 
2829 2902 
2902 2975 
2975 3048 
3048 3121 
3121 3194 
3194 3267 
3267 3340 
3340 3413 
3413 3486 
3486 3559 
3559 3632 
3632 3705 
3705 3778 
3778 3851 
3851 3924 
3924 3997 
3997 4068 
4068 4137 
4137 4204 
4204 4269 
4269 4332 
4332 4393 
4393 4452 
4452 4509 
4509 4564 
4564 4617 
4617 4668 
4668 4717 
4717 4764 
4764 4809 
4809 4852 
4852 4893 
4893 4932 
4932 4969 
4969 5004 
5004 5037 
5037 5068 
5068 5097 
5097 5124 
5124 5149 
5149 5172 
5172 5193 
5193 5212 
5212 5229 
5229 5244 
5244 5257 
5257 5268 
5268 5277 
5277 5284 
5284 5289 
5289 5292 

7 9
3999 3927 
4070 3999 
4139 4070 
4206 4139 
4271 4206 
4334 4271 
4395 4334 
4454 4395 
4511 4454 

8 18
4566 4511 
4619 4566 
4670 4619 
4719 4670 
4766 4719 
4811 4766 
4854 4811 
4895 4854 
4934 4895 
4971 4934 
5006 4971 
5039 5006 
5070 5039 
5099 5070 
5126 5099 
5151 5126 
5174 5151 
5195 5174 

9 9
5214 5195 
5231 5214 
5246 5231 
5259 5246 
5270 5259 
5279 5270 
5286 5279 
5290 5286 
5292 5290 

