  0.23316447229
  0.26744052907
  0.06059768707
  0.04980239898
  0.04552290061
  0.04047929135
  0.03078424489
  0.02177598069
  0.01592835219
  0.01334465995
  0.01302793521
  0.01273160513
  0.01252488457
  0.01218884513
  0.01192625051
  0.01170133501
  0.01167288678
  0.01168268032
  0.01120147435
  0.00991400726
  0.00915916037
  0.00846172383
  0.00773366282
  0.00707730936
  0.00647634133
  0.00590387463
  0.00534527992
  0.00482427341
  0.00438609382
  0.00408856923
  0.00386768775
  0.00359002123
  0.00323735145
  0.00289137384
  0.00262203419
  0.00241669517
  0.00223447311
  0.00205606797
  0.00189428002
  0.00176247534
  0.00166663378
  0.00160212072
  0.00156527509
  0.00154888675
  0.00154505078
  0.00154013762
  0.00152046966
  0.00147221205
  0.00139392142
  0.00129339442
  0.00118379247
  0.00107743416
  0.00098263741
  0.00090350505
  0.00084096323
  0.00079445634
  0.00076129676
  0.00073787442
  0.00072130521
  0.00070759777
  0.00069380238
  0.00067772547
  0.00065775431
  0.00063384465
  0.00060632103
  0.00057641092
  0.00054584914
  0.00051562239
  0.00048735934
  0.00046161008
  0.00043922139
  0.00042017499
  0.00040402902
  0.00039022916
  0.00037849825
  0.00036798477
  0.00035798903
  0.00034801208
  0.00033829107
  0.00032747166
  0.00031604406
  0.00030350790
  0.00029060566
  0.00027763134
  0.00026447348
  0.00025164843
  0.00023942065
  0.00022756364
  0.00021640687
  0.00020587915
  0.00019607403
  0.00018689715
  0.00017829405
  0.00017019125
  0.00016255095
  0.00015527465
  0.00014838826
  0.00014189947
  0.00013558685
  0.00012980242
  0.00012431615
  0.00011858139
  0.00011353852
  0.00010871672
  0.00010419748
  0.00009985561
  0.00009567395
  0.00009146542
  0.00008770171
  0.00008426272
  0.00008105513
  0.00007789730
  0.00007491054
  0.00007211364
  0.00006947104
  0.00006699586
  0.00006459889
  0.00006231755
  0.00006022664
  0.00005825022
  0.00005639065
  0.00005472289
  0.00005294687
  0.00005130184
  0.00004966635
  0.00004818242
  0.00004680696
  0.00004539487
  0.00004409894
  0.00004316185
  0.00004182939
  0.00004065321
  0.00003955383
  0.00003859107
  0.00003767604
  0.00003668653
  0.00003579854
  0.00003499220
  0.00003409126
  0.00003310708
  0.00003238663
  0.00003150342
  0.00003077748
  0.00003014158
  0.00002952349
  0.00002885331
  0.00002821572
  0.00002753022
  0.00002687928
  0.00002637513
  0.00002580392
  0.00002525801
  0.00002486199
  0.00002432995
  0.00002382094
  0.00002333035
  0.00002285648
  0.00002239823
  0.00002195474
  0.00002152525
  0.00002110907
  0.00002060429
  0.00002021660
  0.00001984140
  0.00001947771
  0.00001912475
  0.00001878186
  0.00001844847
  0.00001813158
  0.00001781437
  0.00001750229
  0.00001734572
  0.00001703160
  0.00001672688
  0.00001643112
  0.00001614386
  0.00001586466
  0.00001559313
  0.00001532936
  0.00001507256
  0.00001482233
  0.00001446756
  0.00001427550
  0.00001401269
  0.00001380890
  0.00001362776
  0.00001335347
  0.00001314462
  0.00001295155
  0.00001275593
  0.00001257155
  0.00001238180
  0.00001219054
  0.00001200802
  0.00001183055
  0.00001166204
  0.00001150369
  0.00001133597
  0.00001116165
  0.00001099584
  0.00001082994
  0.00001071005
  0.00001054228
  0.00001038765
  0.00001024267
  0.00001010308
  0.00000995153
  0.00000981046
  0.00000967194
  0.00000953789
  0.00000939341
  0.00000926003
  0.00000913598
  0.00000900020
  0.00000887428
  0.00000875062
  0.00000863031
  0.00000851285
  0.00000844796
  0.00000830462
  0.00000818581
  0.00000808962
  0.00000796471
  0.00000786552
  0.00000776531
  0.00000766637
  0.00000756487
  0.00000749969
  0.00000739532
  0.00000726752
  0.00000717484
  0.00000709006
  0.00000700393
  0.00000694542
  0.00000685688
  0.00000676453
  0.00000668326
  0.00000660424
  0.00000652622
  0.00000644935
  0.00000637370
  0.00000630013
  0.00000622865
  0.00000615884
  0.00000609054
  0.00000624877
  0.00000613939
  0.00000604333
  0.00000595570
  0.00000587439
  0.00000579726
  0.00000572010
  0.00000564650
  0.00000557595
  0.00000550804
  0.00000544245
  0.00000537894
  0.00000531731
  0.00000525739
  0.00000519905
  0.00000514218
  0.00000508668
  0.00000503237
  0.00000497905
  0.00000492689
  0.00000487585
  0.00000482588
  0.00000477692
  0.00000472895
  0.00000468192
  0.00000463580
  0.00000459057
  0.00000454619
  0.00000450237
  0.00000445927
  0.00000441696
  0.00000437543
  0.00000433463
  0.00000429456
  0.00000425516
  0.00000421635
  0.00000417822
  0.00000414075
  0.00000410392
  0.00000406805
  0.00000403286
  0.00000399829
  0.00000396431
  0.00000393091
  0.00000389806
  0.00000386574
  0.00000383392
  0.00000380264
  0.00000377188
  0.00000374163
  0.00000371186
  0.00000368256
  0.00000364982
  0.00000361664
  0.00000358409
