301	6
18.5136	18.5055	0	0.00297033	18.5106	0	
1.00106	0.999764	0.00105862	0.000160441	0.99984	0	
0.954827	0.95287	0.00193141	0.000103818	0.952792	0	
0.968085	0.963656	0.0041437	7.33355e-05	0.963868	0	
1.06562	1.05692	0.00610522	4.895e-05	1.05947	0	
1.26811	1.26668	0.000534489	1.58819e-05	1.26756	0	
1.23133	1.2293	0.000428858	1.64873e-05	1.23088	0	
1.20958	1.20682	0.000389714	1.86888e-05	1.20917	0	
1.1584	1.15423	0.000317898	2.09291e-05	1.15806	0	
1.13511	1.12919	0.000267458	2.45933e-05	1.13482	0	
1.12533	1.11861	0.000244294	2.70206e-05	1.12506	0	
1.12364	1.11669	0.000235138	2.82656e-05	1.12338	0	
1.12215	1.11505	0.000229914	2.93096e-05	1.12189	0	
1.11885	1.11164	0.000224552	3.02426e-05	1.11859	0	
1.12069	1.1134	0.000222809	3.13561e-05	1.12044	0	
1.11925	1.11187	0.000219516	3.23752e-05	1.119	0	
1.11359	1.1061	0.000213824	3.31754e-05	1.11334	0	
1.10696	1.09936	0.000208418	3.38489e-05	1.10672	0	
1.09718	1.0894	0.000215382	3.50697e-05	1.09693	0	
1.11451	1.10687	0.000209593	3.54185e-05	1.11427	0	
1.112	1.10432	0.000207439	3.58605e-05	1.11176	0	
1.11378	1.10608	0.000207029	3.62962e-05	1.11353	0	
1.12011	1.11241	0.000210333	3.69791e-05	1.11986	0	
1.11674	1.109	0.00020702	3.71527e-05	1.1165	0	
1.10831	1.10051	0.000201022	3.70542e-05	1.10807	0	
1.11343	1.10563	0.000203472	3.76406e-05	1.11319	0	
1.11163	1.10377	0.000202167	3.7947e-05	1.11139	0	
1.10238	1.09438	0.000210092	3.87926e-05	1.10214	0	
1.096	1.08801	0.000192806	3.78153e-05	1.09577	0	
1.10319	1.09521	0.000196601	3.8488e-05	1.10295	0	
1.10391	1.09584	0.000209317	3.97905e-05	1.10366	0	
1.09899	1.09087	0.000206538	3.98854e-05	1.09875	0	
1.10178	1.09367	0.000206963	4.02419e-05	1.10153	0	
1.09859	1.09044	0.000205147	4.04288e-05	1.09834	0	
1.10694	1.09891	0.000195028	3.9973e-05	1.10671	0	
1.10107	1.09297	0.000192995	4.00078e-05	1.10083	0	
1.10389	1.09581	0.000192624	4.02694e-05	1.10366	0	
1.10825	1.10017	0.000194452	4.07356e-05	1.10801	0	
1.10842	1.10033	0.000194085	4.09362e-05	1.10819	0	
1.10731	1.09922	0.000193055	4.10152e-05	1.10708	0	
1.10863	1.10053	0.000192663	4.1169e-05	1.1084	0	
1.10842	1.10029	0.000192507	4.14083e-05	1.10819	0	
1.11152	1.10341	0.000193547	4.16703e-05	1.11128	0	
1.11262	1.10449	0.000194592	4.20095e-05	1.11238	0	
1.10347	1.09528	0.000189377	4.16304e-05	1.10324	0	
1.10707	1.09889	0.000190059	4.19148e-05	1.10684	0	
1.11046	1.1023	0.000191461	4.21807e-05	1.11023	0	
1.10511	1.09692	0.000188057	4.19896e-05	1.10488	0	
1.10727	1.09905	0.000189381	4.23272e-05	1.10704	0	
1.10925	1.10104	0.000189595	4.25322e-05	1.10901	0	
1.10714	1.09892	0.00018844	4.24883e-05	1.10691	0	
1.08226	1.07386	0.00017876	4.1334e-05	1.08204	0	
1.11059	1.10239	0.000189126	4.28518e-05	1.11035	0	
1.10684	1.09859	0.000187329	4.27985e-05	1.10661	0	
1.10663	1.09839	0.000186174	4.27803e-05	1.1064	0	
1.10032	1.09204	0.000183515	4.25655e-05	1.1001	0	
1.11111	1.10286	0.000188079	4.33096e-05	1.11088	0	
1.10702	1.09875	0.000185609	4.31336e-05	1.1068	0	
1.11344	1.10519	0.000188966	4.36787e-05	1.1132	0	
1.11052	1.10226	0.000186728	4.35122e-05	1.11029	0	
1.10591	1.09762	0.000183873	4.32883e-05	1.10569	0	
1.09858	1.09022	0.000180704	4.30348e-05	1.09836	0	
1.1099	1.1016	0.000185672	4.38005e-05	1.10967	0	
1.10889	1.10056	0.000185658	4.38644e-05	1.10866	0	
1.09427	1.08591	0.000178227	4.28327e-05	1.09405	0	
1.10946	1.10112	0.000184588	4.39843e-05	1.10923	0	
1.10313	1.09475	0.000181647	4.37078e-05	1.1029	0	
1.11133	1.103	0.00018534	4.42617e-05	1.1111	0	
1.09523	1.0867	0.000190011	4.45886e-05	1.09499	0	
1.11256	1.10422	0.000185329	4.4439e-05	1.11233	0	
1.11234	1.10401	0.00018505	4.44587e-05	1.11211	0	
1.10982	1.10144	0.000184485	4.44981e-05	1.10959	0	
1.1124	1.10406	0.000185645	4.46703e-05	1.11217	0	
1.11221	1.10385	0.000184522	4.46961e-05	1.11198	0	
1.11118	1.10283	0.000183579	4.45967e-05	1.11095	0	
1.10297	1.09453	0.000180612	4.43601e-05	1.10275	0	
1.11457	1.10619	0.000185258	4.5082e-05	1.11434	0	
1.11066	1.10224	0.000183295	4.49474e-05	1.11043	0	
1.11187	1.10346	0.000183451	4.50135e-05	1.11164	0	
1.10861	1.10018	0.000182162	4.49454e-05	1.10838	0	
1.10498	1.09653	0.000179739	4.46805e-05	1.10476	0	
1.10871	1.10027	0.0001817	4.50213e-05	1.10848	0	
1.10139	1.0929	0.000178358	4.46768e-05	1.10117	0	
1.10931	1.10085	0.000181222	4.51144e-05	1.10909	0	
1.09931	1.09081	0.000177082	4.45818e-05	1.09909	0	
1.10452	1.09604	0.000179022	4.49697e-05	1.1043	0	
1.10892	1.10042	0.000181602	4.54418e-05	1.10869	0	
1.10976	1.10127	0.000181786	4.54949e-05	1.10953	0	
1.10556	1.09704	0.000179387	4.52492e-05	1.10534	0	
1.11417	1.10571	0.000183836	4.5807e-05	1.11394	0	
1.10351	1.095	0.000178864	4.5125e-05	1.10329	0	
1.105	1.09644	0.000180276	4.5505e-05	1.10477	0	
1.08159	1.07285	0.000172599	4.43166e-05	1.08137	0	
1.10596	1.09737	0.000182873	4.59113e-05	1.10574	0	
1.10223	1.0936	0.000182786	4.59046e-05	1.102	0	
1.09781	1.08911	0.000183029	4.60188e-05	1.09758	0	
1.10722	1.09855	0.000189404	4.69175e-05	1.10698	0	
1.09316	1.08439	0.000184339	4.63596e-05	1.09292	0	
1.10109	1.09235	0.000188086	4.6949e-05	1.10086	0	
1.09574	1.08693	0.000186261	4.67168e-05	1.0955	0	
1.10273	1.09393	0.000192548	4.7753e-05	1.10249	0	
1.0868	1.07787	0.00018569	4.67126e-05	1.08657	0	
1.0981	1.08916	0.000193744	4.80027e-05	1.09786	0	
1.09393	1.08488	0.000195141	4.82939e-05	1.09369	0	
1.09113	1.08196	0.000196002	4.84373e-05	1.09089	0	
1.09124	1.082	0.000200348	4.92371e-05	1.09099	0	
1.08621	1.07693	0.000196078	4.8463e-05	1.08597	0	
1.08992	1.08057	0.00020024	4.93013e-05	1.08967	0	
1.08664	1.07717	0.000199617	4.92012e-05	1.08639	0	
1.07353	1.06377	0.000197999	4.92864e-05	1.07328	0	
1.07289	1.06304	0.000200405	4.94359e-05	1.07264	0	
1.07873	1.06873	0.000206334	5.0475e-05	1.07848	0	
1.07876	1.06862	0.000208599	5.0767e-05	1.07851	0	
1.07652	1.06614	0.000207879	5.10117e-05	1.07626	0	
1.0759	1.06538	0.000210147	5.11723e-05	1.07564	0	
1.06916	1.05833	0.000207622	5.13552e-05	1.0689	0	
1.06517	1.05422	0.000205104	5.06798e-05	1.06492	0	
1.06684	1.05562	0.00020949	5.17195e-05	1.06658	0	
1.06853	1.05714	0.000211876	5.17037e-05	1.06826	0	
1.06179	1.05007	0.000211608	5.21951e-05	1.06152	0	
1.06626	1.05444	0.000212988	5.20887e-05	1.066	0	
1.05965	1.04751	0.00021078	5.2259e-05	1.05938	0	
1.05372	1.04135	0.00020981	5.21807e-05	1.05346	0	
1.05413	1.0415	0.000213369	5.27473e-05	1.05387	0	
1.05541	1.04264	0.000213739	5.3054e-05	1.05514	0	
1.05565	1.04268	0.000214705	5.29252e-05	1.05538	0	
1.04769	1.0344	0.000210611	5.2898e-05	1.04743	0	
1.04894	1.03541	0.00021072	5.27422e-05	1.04867	0	
1.04866	1.0349	0.00021023	5.28974e-05	1.0484	0	
1.04441	1.03022	0.000210674	5.32113e-05	1.04415	0	
1.043	1.02859	0.000206291	5.25846e-05	1.04274	0	
1.04165	1.02691	0.000208355	5.33004e-05	1.04139	0	
1.0407	1.02567	0.000209701	5.3174e-05	1.04043	0	
1.05194	1.03678	0.00012344	4.67289e-05	1.05177	0	
1.03579	1.02015	0.000207956	5.32259e-05	1.03553	0	
1.03637	1.02056	0.000205151	5.32455e-05	1.03611	0	
1.03195	1.01572	0.000203016	5.31953e-05	1.03169	0	
1.02653	1.00999	0.000201716	5.2976e-05	1.02628	0	
1.03119	1.01445	0.000203337	5.36555e-05	1.03093	0	
1.02759	1.01055	0.000198638	5.29375e-05	1.02734	0	
1.02605	1.00867	0.000199071	5.36602e-05	1.0258	0	
1.02347	1.00576	0.000197206	5.319e-05	1.02322	0	
1.0238	1.00588	0.000197862	5.40227e-05	1.02355	0	
1.01984	1.00156	0.000195459	5.35835e-05	1.01959	0	
1.01695	0.998394	0.000190184	5.34585e-05	1.01671	0	
1.01581	0.99692	0.000189286	5.36024e-05	1.01557	0	
1.01105	0.991807	0.000185909	5.33788e-05	1.01081	0	
1.01085	0.991254	0.000186369	5.40612e-05	1.01061	0	
1.00871	0.988758	0.000183656	5.38405e-05	1.00847	0	
1.00606	0.985762	0.000181686	5.43868e-05	1.00583	0	
1.00157	0.981014	0.000180513	5.39822e-05	1.00133	0	
1.002	0.981235	0.000176229	5.44352e-05	1.00177	0	
1.00481	0.983921	0.00017534	5.43071e-05	1.00458	0	
1.00169	0.980555	0.000170729	5.46012e-05	1.00147	0	
0.991711	0.969886	0.000171917	5.46735e-05	0.991484	0	
0.998531	0.976812	0.000168213	5.51482e-05	0.998308	0	
0.995414	0.973314	0.000166644	5.52417e-05	0.995192	0	
0.997563	0.975332	0.000164508	5.57327e-05	0.997342	0	
0.993456	0.970882	0.000162414	5.58314e-05	0.993238	0	
0.989559	0.966636	0.000157434	5.55982e-05	0.989346	0	
0.985566	0.96212	0.000156523	5.62151e-05	0.985354	0	
0.987552	0.964228	0.000153574	5.59364e-05	0.987342	0	
0.98693	0.963344	0.000151825	5.66418e-05	0.986722	0	
0.987561	0.96392	0.000147493	5.61779e-05	0.987358	0	
0.981669	0.957486	0.000147308	5.71691e-05	0.981464	0	
0.975402	0.950965	0.000143363	5.62375e-05	0.975202	0	
0.980138	0.955488	0.000141288	5.74916e-05	0.979939	0	
0.978088	0.953275	0.00013815	5.68223e-05	0.977893	0	
0.973446	0.948341	0.000136728	5.74049e-05	0.973252	0	
0.978089	0.95293	0.000135911	5.74913e-05	0.977895	0	
0.974474	0.948999	0.000133444	5.80432e-05	0.974283	0	
0.973193	0.947645	0.000129021	5.722e-05	0.973007	0	
0.971805	0.94577	0.000130314	5.85564e-05	0.971616	0	
0.970601	0.944675	0.000124809	5.74278e-05	0.970419	0	
0.966476	0.940329	0.000122731	5.75494e-05	0.966295	0	
0.965362	0.938797	0.000122444	5.77757e-05	0.965182	0	
0.961442	0.934926	0.000118091	5.70776e-05	0.961267	0	
0.96195	0.93516	0.000115939	5.71077e-05	0.961777	0	
0.96341	0.936474	0.00011574	5.75087e-05	0.963236	0	
0.961909	0.934797	0.000113463	5.71196e-05	0.961739	0	
0.959738	0.932448	0.000111624	5.69921e-05	0.959569	0	
0.958547	0.931125	0.000109944	5.6489e-05	0.958381	0	
0.95787	0.930338	0.000108671	5.65464e-05	0.957705	0	
0.955777	0.927994	0.000107168	5.59668e-05	0.955614	0	
0.952804	0.924931	0.000106586	5.61929e-05	0.952641	0	
0.954025	0.926108	0.000105375	5.58226e-05	0.953863	0	
0.948464	0.920314	0.000102761	5.61668e-05	0.948306	0	
0.950789	0.922636	0.000102233	5.60357e-05	0.950631	0	
0.948529	0.920275	0.000101309	5.58689e-05	0.948372	0	
0.950331	0.922164	0.000101978	5.64839e-05	0.950173	0	
0.949598	0.921459	0.000101247	5.58602e-05	0.949441	0	
0.947378	0.919055	0.000101091	5.58614e-05	0.947222	0	
0.950037	0.921758	0.000101699	5.69602e-05	0.949878	0	
0.948669	0.920302	0.000101921	5.7155e-05	0.94851	0	
0.950753	0.922479	0.000102161	5.71828e-05	0.950594	0	
0.953573	0.925435	0.000102709	5.72017e-05	0.953413	0	
0.949141	0.92086	0.000102179	5.70374e-05	0.948981	0	
0.94981	0.92155	0.000101727	5.69612e-05	0.949652	0	
0.950508	0.922308	0.000101952	5.69122e-05	0.950349	0	
0.951569	0.923397	0.000102587	5.70115e-05	0.95141	0	
0.950571	0.922414	0.000102469	5.68824e-05	0.950411	0	
0.945457	0.91718	0.000101695	5.65816e-05	0.945298	0	
0.950968	0.922846	0.000102257	5.67729e-05	0.950809	0	
0.948558	0.920337	0.000102026	5.66991e-05	0.948399	0	
0.950735	0.922626	0.000102365	5.67054e-05	0.950576	0	
0.950693	0.922591	0.000102454	5.66807e-05	0.950534	0	
0.950076	0.921933	0.000102495	5.66826e-05	0.949917	0	
0.950988	0.922908	0.000102713	5.66635e-05	0.950829	0	
0.947933	0.91969	0.000102557	5.66551e-05	0.947774	0	
0.945952	0.917697	0.000102316	5.65061e-05	0.945793	0	
0.950015	0.921869	0.00010295	5.66793e-05	0.949855	0	
0.950635	0.922569	0.000103017	5.66186e-05	0.950475	0	
0.946562	0.918367	0.000102618	5.64724e-05	0.946403	0	
0.949984	0.92192	0.000103175	5.65624e-05	0.949824	0	
0.948601	0.92047	0.000102792	5.65517e-05	0.948442	0	
0.951246	0.923155	0.000104105	5.68338e-05	0.951085	0	
0.947839	0.919656	0.000103479	5.6712e-05	0.947679	0	
0.949752	0.921611	0.000103778	5.68708e-05	0.949592	0	
0.949716	0.921561	0.000104039	5.69394e-05	0.949555	0	
0.949445	0.921286	0.000104066	5.69881e-05	0.949284	0	
0.951433	0.923372	0.00010457	5.70804e-05	0.951271	0	
0.950972	0.922912	0.000104608	5.7121e-05	0.95081	0	
0.951181	0.92332	9.93526e-05	5.64434e-05	0.951025	0	
0.947997	0.91976	0.000104683	5.72814e-05	0.947835	0	
0.950926	0.922776	0.000105093	5.74638e-05	0.950764	0	
0.950001	0.921871	0.000104851	5.74141e-05	0.949839	0	
0.949034	0.920858	0.000104466	5.74342e-05	0.948873	0	
0.946283	0.918019	0.000104315	5.73956e-05	0.946122	0	
0.948414	0.920205	0.000104771	5.75277e-05	0.948252	0	
0.949493	0.921399	0.000104807	5.74754e-05	0.94933	0	
0.95012	0.922016	0.000104963	5.75874e-05	0.949957	0	
0.949111	0.920935	0.000104956	5.76209e-05	0.948949	0	
0.950213	0.922074	0.000104983	5.76956e-05	0.95005	0	
0.948272	0.920095	0.000104262	5.7614e-05	0.94811	0	
0.948906	0.920801	0.000103651	5.75633e-05	0.948745	0	
0.945498	0.917324	0.000102932	5.74444e-05	0.945337	0	
0.943344	0.914879	0.0001035	5.78214e-05	0.943182	0	
0.948704	0.920564	0.00010417	5.78446e-05	0.948542	0	
0.944157	0.915852	0.000103968	5.78507e-05	0.943995	0	
0.948503	0.920362	0.000103891	5.80079e-05	0.948341	0	
0.947513	0.91924	0.000103579	5.82895e-05	0.947351	0	
0.944453	0.916058	0.000103288	5.8489e-05	0.944291	0	
0.94736	0.919105	0.000103277	5.87916e-05	0.947198	0	
0.942701	0.914225	0.000102624	5.90229e-05	0.94254	0	
0.948428	0.920209	0.000102967	5.92196e-05	0.948265	0	
0.946051	0.917823	0.000102556	5.91379e-05	0.945889	0	
0.946797	0.918581	0.000102295	5.92021e-05	0.946636	0	
0.943828	0.915725	9.70934e-05	5.84294e-05	0.943672	0	
0.930198	0.901548	0.000102378	5.87627e-05	0.930037	0	
0.945096	0.916751	0.000102771	5.94157e-05	0.944934	0	
0.94624	0.917929	0.000102872	5.94751e-05	0.946077	0	
0.947328	0.919132	0.00010292	5.93743e-05	0.947165	0	
0.945083	0.91678	0.000102683	5.93723e-05	0.944921	0	
0.946431	0.918115	0.000102838	5.95048e-05	0.946269	0	
0.942042	0.91368	0.000102322	5.92327e-05	0.94188	0	
0.946419	0.918184	0.000102666	5.93708e-05	0.946257	0	
0.94775	0.919588	0.000102907	5.93735e-05	0.947588	0	
0.947571	0.919402	0.00010281	5.93616e-05	0.947408	0	
0.944833	0.916558	0.000102553	5.932e-05	0.944671	0	
0.947881	0.919747	0.000102945	5.93375e-05	0.947719	0	
0.945552	0.91737	0.000102764	5.92382e-05	0.94539	0	
0.947248	0.919086	0.000103056	5.93344e-05	0.947086	0	
0.944305	0.91601	0.000102707	5.93157e-05	0.944143	0	
0.944577	0.916176	0.000102958	5.95244e-05	0.944414	0	
0.946233	0.918015	0.000103135	5.93545e-05	0.94607	0	
0.949387	0.921321	0.000103561	5.93543e-05	0.949224	0	
0.947469	0.919353	0.00010326	5.92845e-05	0.947307	0	
0.94807	0.919909	0.000103479	5.94182e-05	0.947907	0	
0.945714	0.917519	0.000103151	5.92711e-05	0.945551	0	
0.94759	0.919499	0.000103373	5.92467e-05	0.947427	0	
0.94571	0.917722	9.77625e-05	5.84886e-05	0.945554	0	
0.947675	0.919545	0.000103536	5.93162e-05	0.947512	0	
0.946219	0.918033	0.000103148	5.92663e-05	0.946056	0	
0.948911	0.920867	0.000103545	5.92623e-05	0.948749	0	
0.945845	0.917656	0.000103478	5.9283e-05	0.945682	0	
0.94741	0.919272	0.000103648	5.93156e-05	0.947247	0	
0.949417	0.921367	0.000103994	5.93345e-05	0.949253	0	
0.947181	0.919101	0.000103724	5.92177e-05	0.947018	0	
0.946905	0.918773	0.000103776	5.92724e-05	0.946742	0	
0.944955	0.916745	0.000103551	5.92281e-05	0.944792	0	
0.941611	0.913125	0.000103328	5.94157e-05	0.941448	0	
0.947143	0.919026	0.000103823	5.92591e-05	0.946979	0	
0.948065	0.920013	0.000103946	5.92387e-05	0.947902	0	
0.943488	0.915274	0.000103709	5.91488e-05	0.943325	0	
0.944569	0.916322	0.000104547	5.93432e-05	0.944405	0	
0.946884	0.91874	0.00010534	5.93992e-05	0.946719	0	
0.945991	0.91784	0.00010465	5.93245e-05	0.945827	0	
0.947251	0.91914	0.00010485	5.93935e-05	0.947086	0	
0.946748	0.91856	0.000105015	5.95629e-05	0.946583	0	
0.948366	0.920289	0.000105961	5.96877e-05	0.9482	0	
0.929382	0.900296	0.00010473	6.00803e-05	0.929217	0	
0.948556	0.920472	0.0001051	5.98737e-05	0.948391	0	
0.944385	0.916065	0.000104751	6.00089e-05	0.94422	0	
0.936851	0.90834	0.000104372	5.97779e-05	0.936687	0	
0.945615	0.917353	0.000104118	5.99666e-05	0.945451	0	
0.94181	0.913371	0.000104784	6.00587e-05	0.941645	0	
0.948178	0.920172	9.99241e-05	5.94511e-05	0.948018	0	
0.929216	0.900092	0.000105407	6.03938e-05	0.92905	0	
0.945292	0.917024	0.00010565	6.01014e-05	0.945126	0	
0.945165	0.916882	0.000105479	6.01166e-05	0.944999	0	
0.94468	0.916422	0.000105158	6.00068e-05	0.944515	0	
