  0.01133548812
  0.00921645444
  0.00825094605
  0.00780542943
  0.00841126992
  0.00835480383
  0.00834879740
  0.00819779668
  0.00818375348
  0.00816154099
  0.00816269185
  0.00816088137
  0.00814556074
  0.00816468087
  0.00816087042
  0.00812799591
  0.00808766597
  0.00801704110
  0.00814369163
  0.00812756380
  0.00814156910
  0.00818439048
  0.00816285450
  0.00810695696
  0.00814168309
  0.00813070328
  0.00806015872
  0.00802631398
  0.00807432750
  0.00807117088
  0.00803789499
  0.00805693625
  0.00803594158
  0.00810109627
  0.00806111738
  0.00808063739
  0.00810983536
  0.00811050753
  0.00810208123
  0.00811222476
  0.00811096566
  0.00813059261
  0.00813734083
  0.00807647642
  0.00810079418
  0.00812349462
  0.00808732329
  0.00810267134
  0.00811532723
  0.00810103152
  0.00793459092
  0.00812267499
  0.00809860107
  0.00809780575
  0.00805419964
  0.00812728887
  0.00810050808
  0.00814224177
  0.00812334671
  0.00809266595
  0.00804374499
  0.00811914927
  0.00811252324
  0.00801407799
  0.00811644489
  0.00807364332
  0.00812812081
  0.00801230219
  0.00813695196
  0.00813394048
  0.00811782124
  0.00813313438
  0.00813322611
  0.00812523567
  0.00807083185
  0.00814855069
  0.00812203501
  0.00813037212
  0.00810766118
  0.00808515548
  0.00810872353
  0.00806099612
  0.00811540828
  0.00804676658
  0.00808164950
  0.00811150750
  0.00811784424
  0.00809073316
  0.00814828778
  0.00807846860
  0.00809052766
  0.00793713415
  0.00810138476
  0.00807941969
  0.00805240104
  0.00811770914
  0.00802703405
  0.00808328097
  0.00805329574
  0.00810118686
  0.00799901255
  0.00807881226
  0.00805408176
  0.00804153850
  0.00804552623
  0.00801743621
  0.00804807767
  0.00803190263
  0.00795175505
  0.00795194141
  0.00799693934
  0.00800288160
  0.00799638229
  0.00799711893
  0.00796104270
  0.00794088112
  0.00795896097
  0.00797626714
  0.00793780513
  0.00797557679
  0.00793782394
  0.00790573701
  0.00791557824
  0.00793133220
  0.00794061912
  0.00789425547
  0.00791122985
  0.00791644917
  0.00789582280
  0.00789441773
  0.00789237354
  0.00789268260
  0.00803064378
  0.00787538798
  0.00788649187
  0.00786550442
  0.00783371823
  0.00787389498
  0.00785804002
  0.00785430146
  0.00784516606
  0.00785258389
  0.00783428744
  0.00782210324
  0.00782332515
  0.00779720173
  0.00780350177
  0.00779610779
  0.00778563089
  0.00776016941
  0.00777207878
  0.00780010834
  0.00778576726
  0.00772203701
  0.00777754977
  0.00776457417
  0.00778577726
  0.00776609836
  0.00774666815
  0.00772707562
  0.00774784364
  0.00775294177
  0.00776626499
  0.00773152753
  0.00769527659
  0.00773899997
  0.00773399269
  0.00770804781
  0.00775074267
  0.00773325576
  0.00773632169
  0.00773242086
  0.00773732656
  0.00771589139
  0.00771832070
  0.00769992062
  0.00771654048
  0.00773474028
  0.00773697199
  0.00772979786
  0.00773387321
  0.00773704083
  0.00773393338
  0.00771939739
  0.00773802638
  0.00770693707
  0.00773045590
  0.00772480971
  0.00774297828
  0.00774176284
  0.00773148255
  0.00775325166
  0.00774288091
  0.00775859617
  0.00777946569
  0.00774655154
  0.00775214461
  0.00775735001
  0.00776515302
  0.00775780059
  0.00771954737
  0.00776128107
  0.00774339440
  0.00775972119
  0.00775952568
  0.00775488668
  0.00776192143
  0.00773906392
  0.00772440579
  0.00775523456
  0.00776000007
  0.00772960621
  0.00775561933
  0.00774566139
  0.00776561641
  0.00774048407
  0.00775533775
  0.00775562674
  0.00775406727
  0.00776909702
  0.00776594959
  0.00777270592
  0.00774479745
  0.00776742000
  0.00776077797
  0.00775406663
  0.00773382027
  0.00775016871
  0.00775847691
  0.00776349255
  0.00775662713
  0.00776538971
  0.00775172067
  0.00775747969
  0.00773291223
  0.00771723303
  0.00775800800
  0.00772440077
  0.00775845100
  0.00775260860
  0.00773088285
  0.00775330558
  0.00771979394
  0.00776374984
  0.00774612397
  0.00775229766
  0.00773424243
  0.00762633535
  0.00773950486
  0.00774852832
  0.00775651926
  0.00773991300
  0.00775010912
  0.00771713851
  0.00775005856
  0.00776029784
  0.00775919663
  0.00773858112
  0.00776161236
  0.00774389185
  0.00775694419
  0.00773483899
  0.00773737690
  0.00774937270
  0.00777296000
  0.00775884659
  0.00776341326
  0.00774568799
  0.00775994590
  0.00775043555
  0.00776091703
  0.00775037217
  0.00777025298
  0.00774699032
  0.00775892741
  0.00777428561
  0.00775759116
  0.00775574805
  0.00774123929
  0.00771707098
  0.00775830981
  0.00776517482
  0.00773084126
  0.00773863201
  0.00775644214
  0.00775064462
  0.00776072663
  0.00775719812
  0.00776999872
  0.00762870185
  0.00777269227
  0.00774268255
  0.00768582654
  0.00775346929
  0.00772466240
  0.00777762224
  0.00763034231
  0.00775186375
  0.00775150133
  0.00774843144
