  0.00954286953
  0.00555113177
  0.00411188744
  0.00334125597
  0.00285018948
  0.00250490824
  0.00224626126
  0.00204376227
  0.00187999240
  0.00174416593
  0.00162928798
  0.00153056166
  0.00144458865
  0.00136888755
  0.00130159986
  0.00124130316
  0.00118688829
  0.00113747622
  0.00109236026
  0.00105096510
  0.00101281707
  0.00097752223
  0.00094474999
  0.00091422061
  0.00088569563
  0.00085897034
  0.00083386795
  0.00081023488
  0.00078793698
  0.00076685652
  0.00074688969
  0.00072794457
  0.00070993942
  0.00069280132
  0.00067646496
  0.00066087165
  0.00064596850
  0.00063170771
  0.00061804595
  0.00060494383
  0.00059236547
  0.00058027810
  0.00056865173
  0.00055745886
  0.00054667187
  0.00053627319
  0.00052623740
  0.00051654493
  0.00050717756
  0.00049811828
  0.00048935131
  0.00048086192
  0.00047263641
  0.00046466198
  0.00045692670
  0.00044941938
  0.00044212956
  0.00043504743
  0.00042816378
  0.00042146997
  0.00041495785
  0.00040861977
  0.00040244851
  0.00039643725
  0.00039057956
  0.00038486937
  0.00037930092
  0.00037386876
  0.00036856775
  0.00036339298
  0.00035833981
  0.00035340384
  0.00034858087
  0.00034386692
  0.00033925819
  0.00033475107
  0.00033034212
  0.00032602805
  0.00032180572
  0.00031767215
  0.00031362448
  0.00030965997
  0.00030577601
  0.00030197010
  0.00029823985
  0.00029458295
  0.00029099721
  0.00028748053
  0.00028403087
  0.00028064630
  0.00027732496
  0.00027406504
  0.00027086482
  0.00026772266
  0.00026463696
  0.00026160618
  0.00025862885
  0.00025570355
  0.00025282890
  0.00025000359
