  0.01551174785
  0.00750159864
  0.00689964113
  0.00751856759
  0.00780826825
  0.00771360441
  0.00768594013
  0.00764863751
  0.00763531763
  0.00761339976
  0.00760277622
  0.00759775285
  0.00757675134
  0.00757526207
  0.00756614217
  0.00756986453
  0.00758414481
  0.00760182408
  0.00759586179
  0.00762197888
  0.00765184110
  0.00768201498
  0.00773301336
  0.00777192452
  0.00780990446
  0.00787085264
  0.00792340390
  0.00797968750
  0.00801478552
  0.00806662443
  0.00810415706
  0.00814417648
  0.00819305380
  0.00823758340
  0.00825335078
  0.00829892686
  0.00832724997
  0.00834598646
  0.00837709827
  0.00838392985
  0.00840052901
  0.00842038620
  0.00843967477
  0.00846880899
  0.00845751515
  0.00848190197
  0.00849014721
  0.00849749786
  0.00852639427
  0.00851923216
  0.00853195389
  0.00855215337
  0.00854379308
  0.00855433866
  0.00856080700
  0.00857380934
  0.00858888673
  0.00859863648
  0.00858755532
  0.00859660592
  0.00860615935
  0.00859940544
  0.00861345049
  0.00863095296
  0.00861862549
  0.00862822988
  0.00862908553
  0.00864166785
  0.00863209163
  0.00864001626
  0.00865094436
  0.00864427870
  0.00865427141
  0.00868951268
  0.00866970520
  0.00867705469
  0.00868045447
  0.00866957758
  0.00866932948
  0.00869686876
  0.00870155847
  0.00868738918
  0.00870439412
  0.00869467906
  0.00870046035
  0.00868614690
  0.00869143089
  0.00871458645
  0.00854749765
  0.00869394089
  0.00870428805
  0.00871958992
  0.00870592163
  0.00870862958
  0.00870655151
  0.00870544106
  0.00869983267
  0.00870122562
  0.00872584700
  0.00870981074
  0.00871417679
  0.00871808612
  0.00871115600
  0.00872941029
  0.00871661686
  0.00871949230
  0.00871865157
  0.00873643543
  0.00872356236
  0.00872191532
  0.00871261074
  0.00872112747
  0.00872428810
  0.00873483274
  0.00873944680
  0.00873523450
  0.00873689930
  0.00873193550
  0.00872583776
  0.00873302962
  0.00873959011
  0.00874357593
  0.00875086763
  0.00874485947
  0.00875158806
  0.00874069316
  0.00873765781
  0.00873082746
  0.00874176317
  0.00874595045
  0.00875525729
  0.00874701432
  0.00874301781
  0.00876306668
  0.00874929409
  0.00873663387
  0.00874072301
  0.00874129241
  0.00873853202
  0.00875211418
  0.00874890992
  0.00876848960
  0.00874390821
  0.00875577075
  0.00874867156
  0.00876014634
  0.00875566429
  0.00876466856
  0.00874550882
  0.00877076456
  0.00876140582
  0.00874351568
  0.00876161981
  0.00861659084
  0.00876140165
  0.00875483164
  0.00876599785
  0.00877273546
  0.00875874798
  0.00875834040
  0.00879993576
  0.00876807320
  0.00876128978
  0.00876741979
  0.00878060852
  0.00877888657
  0.00875993833
  0.00876715230
  0.00875260409
  0.00875751754
  0.00877013369
  0.00876619478
  0.00875967403
  0.00877498437
  0.00876236102
  0.00876250166
  0.00876315710
  0.00877847867
  0.00877198289
  0.00876962948
  0.00877142770
  0.00875958803
  0.00877787139
  0.00877126952
  0.00876855328
  0.00861749658
  0.00876260629
  0.00876749397
  0.00877588413
  0.00875701858
  0.00876763476
  0.00877754311
  0.00878367413
  0.00876733012
  0.00879015333
  0.00875884298
  0.00877813504
  0.00876415289
  0.00877108502
  0.00877887569
  0.00877010615
  0.00877651387
  0.00876651365
  0.00878316043
  0.00876452467
  0.00877296496
  0.00877883278
  0.00878019862
  0.00877580264
  0.00876697009
  0.00879473254
  0.00877583258
  0.00876726699
  0.00878658784
  0.00878038633
  0.00878556715
  0.00878129334
  0.00877761453
  0.00877423631
  0.00876237698
  0.00878775230
  0.00876204586
  0.00875763232
  0.00876068699
  0.00878072828
  0.00875726727
  0.00878589932
  0.00876091189
  0.00876094170
  0.00878637809
  0.00876004299
  0.00877938202
  0.00878935521
  0.00878213624
  0.00878662418
  0.00876843063
  0.00876870865
  0.00876717401
  0.00877327623
  0.00862458425
  0.00876638750
  0.00877130529
  0.00877507318
  0.00876043033
  0.00878868024
  0.00879209028
  0.00876601215
  0.00877164074
  0.00878982917
  0.00875911114
  0.00876883286
  0.00876627145
  0.00876715071
  0.00876237347
  0.00878013771
  0.00876927297
  0.00877551870
  0.00877924647
  0.00878834548
  0.00861006897
  0.00860353695
  0.00861806497
  0.00876743763
  0.00875860144
  0.00877799028
  0.00877795512
  0.00877817124
  0.00879523089
  0.00876089325
  0.00876760794
  0.00875908254
  0.00877917355
  0.00877613080
  0.00877079917
  0.00878377269
  0.00878165455
  0.00877144441
  0.00879458139
  0.00876605582
  0.00876443477
  0.00876078719
  0.00877979090
  0.00878069027
  0.00879130615
  0.00861966717
  0.00877350565
  0.00876161315
  0.00876323248
  0.00877232566
  0.00876280121
  0.00875080729
  0.00877214560
  0.00875859786
  0.00863433072
  0.00875884462
  0.00874735108
  0.00879110368
  0.00862065536
  0.00875553047
  0.00875281297
