  7.73835892974
  7.89861555203
  7.99425735199
  8.09815078612
  8.21603374982
  8.36043129153
  8.47633737407
  8.60624305733
  8.73849052356
  8.91569674297
  9.05991382560
  9.22071395124
  9.38292953397
  9.57015756451
  9.78711604160
 10.00392857410
 10.26428565885
 10.52473714753
 10.81924807897
 11.11690736789
 11.44378975019
 11.78581584140
 12.16123288959
 12.60890614961
 13.06020146470
 13.54327207238
 14.06470567292
 14.66837658071
 15.25681688341
 15.91601625429
 16.57945801604
 17.27727043203
 18.17484837279
 19.01039228739
 20.15977654728
 21.10409322409
 22.13117880819
 23.21653265622
 24.31527112038
 25.38549782421
 25.47550691994
 25.34366278665
 25.23118823318
 25.29677473218
 25.34244585686
 25.36834513247
 25.43987931173
 25.45384475598
 25.58229582906
 25.50653959666
