  0.04302768380
  0.05270263121
  0.06920925670
  0.08284287223
  0.09385815075
  0.08572952845
  0.08777464182
  0.08649792148
  0.08592499710
  0.08752353147
  0.08689501359
  0.08719910069
  0.08924770780
  0.08826883705
  0.08937662796
  0.08803252103
  0.08901256439
  0.08754125943
  0.08759441954
  0.08837428927
  0.08755222531
  0.08737033252
  0.08541453881
  0.08630401196
  0.08541148677
  0.05806340238
  0.04819247502
  0.03971371349
  0.03363046078
  0.03018497604
  0.02858061048
  0.02759480862
  0.02646415524
  0.02413897706
  0.02323142139
  0.02328294087
  0.02313127753
  0.02215869039
  0.02188519909
  0.02212744724
  0.02080637947
  0.01925161113
  0.01959874490
  0.01946419480
  0.01932654167
  0.01952770739
  0.01910688994
  0.01949354449
  0.01849298017
  0.01880361083
