640 12
0 64
0 12961 
12961 1 
1 12962 
12962 6 
6 12963 
12963 9 
9 12964 
12964 16 
16 12965 
12965 25 
25 12966 
12966 38 
38 12967 
12967 49 
49 12968 
12968 66 
66 12969 
12969 83 
83 12970 
12970 102 
102 12971 
12971 121 
121 12972 
12972 144 
144 12973 
12973 171 
171 12974 
12974 198 
198 12975 
12975 227 
227 12976 
12976 256 
256 12977 
12977 291 
291 12978 
12978 324 
324 12979 
12979 361 
361 12980 
12980 400 
400 12981 
12981 443 
443 12982 
12982 484 
484 12983 
12983 531 
531 12984 
12984 578 
578 12985 
12985 627 
627 12986 
12986 676 
676 12987 
12987 731 
731 12988 
12988 784 
784 12989 
12989 841 
841 12990 
12990 900 
900 12991 
12991 963 
963 12992 
12992 1026 

1 64
2 12993 
12993 0 
4 12994 
12994 2 
11 12995 
12995 4 
18 12996 
12996 11 
27 12997 
12997 18 
36 12998 
12998 27 
51 12999 
12999 36 
64 13000 
13000 51 
81 13001 
13001 64 
100 13002 
13002 81 
123 13003 
13003 100 
146 13004 
13004 123 
169 13005 
13005 146 
196 13006 
13006 169 
225 13007 
13007 196 
258 13008 
13008 225 
289 13009 
13009 258 
326 13010 
13010 289 
363 13011 
13011 326 
402 13012 
13012 363 
441 13013 
13013 402 
486 13014 
13014 441 
529 13015 
13015 486 
576 13016 
13016 529 
625 13017 
13017 576 
678 13018 
13018 625 
729 13019 
13019 678 
786 13020 
13020 729 
843 13021 
13021 786 
902 13022 
13022 843 
961 13023 
13023 902 
1024 13024 
13024 961 

2 32
1026 13025 
13025 1089 
1089 13026 
13026 1156 
1156 13027 
13027 1225 
1225 13028 
13028 1298 
1298 13029 
13029 1369 
1369 13030 
13030 1446 
1446 13031 
13031 1523 
1523 13032 
13032 1602 
1602 13033 
13033 1681 
1681 13034 
13034 1764 
1764 13035 
13035 1851 
1851 13036 
13036 1938 
1938 13037 
13037 2027 
2027 13038 
13038 2116 
2116 13039 
13039 2211 
2211 13040 
13040 2304 

3 64
2304 13041 
13041 2401 
2401 13042 
13042 2500 
2500 13043 
13043 2603 
2603 13044 
13044 2706 
2706 13045 
13045 2809 
2809 13046 
13046 2916 
2916 13047 
13047 3025 
3025 13048 
13048 3138 
3138 13049 
13049 3249 
3249 13050 
13050 3366 
3366 13051 
13051 3483 
3483 13052 
13052 3602 
3602 13053 
13053 3721 
3721 13054 
13054 3846 
3846 13055 
13055 3969 
3969 13056 
13056 4096 
4096 13057 
13057 4225 
4225 13058 
13058 4358 
4358 13059 
13059 4489 
4489 13060 
13060 4626 
4626 13061 
13061 4763 
4763 13062 
13062 4902 
4902 13063 
13063 5041 
5041 13064 
13064 5184 
5184 13065 
13065 5331 
5331 13066 
13066 5478 
5478 13067 
13067 5627 
5627 13068 
13068 5776 
5776 13069 
13069 5931 
5931 13070 
13070 6084 
6084 13071 
13071 6241 
6241 13072 
13072 6401 

4 64
6401 13073 
13073 6561 
6561 13074 
13074 6720 
6720 13075 
13075 6877 
6877 13076 
13076 7032 
7032 13077 
13077 7185 
7185 13078 
13078 7336 
7336 13079 
13079 7485 
7485 13080 
13080 7632 
7632 13081 
13081 7777 
7777 13082 
13082 7920 
7920 13083 
13083 8061 
8061 13084 
13084 8200 
8200 13085 
13085 8337 
8337 13086 
13086 8472 
8472 13087 
13087 8605 
8605 13088 
13088 8736 
8736 13089 
13089 8865 
8865 13090 
13090 8992 
8992 13091 
13091 9117 
9117 13092 
13092 9240 
9240 13093 
13093 9361 
9361 13094 
13094 9480 
9480 13095 
13095 9597 
9597 13096 
13096 9712 
9712 13097 
13097 9825 
9825 13098 
13098 9936 
9936 13099 
13099 10045 
10045 13100 
13100 10152 
10152 13101 
13101 10257 
10257 13102 
13102 10360 
10360 13103 
13103 10461 
10461 13104 
13104 10560 

5 32
1091 13105 
13105 1024 
1158 13106 
13106 1091 
1227 13107 
13107 1158 
1296 13108 
13108 1227 
1371 13109 
13109 1296 
1444 13110 
13110 1371 
1521 13111 
13111 1444 
1600 13112 
13112 1521 
1683 13113 
13113 1600 
1766 13114 
13114 1683 
1849 13115 
13115 1766 
1936 13116 
13116 1849 
2025 13117 
13117 1936 
2118 13118 
13118 2025 
2209 13119 
13119 2118 
2306 13120 
13120 2209 

6 32
10560 13121 
13121 10657 
10657 13122 
13122 10752 
10752 13123 
13123 10845 
10845 13124 
13124 10936 
10936 13125 
13125 11025 
11025 13126 
13126 11112 
11112 13127 
13127 11197 
11197 13128 
13128 11280 
11280 13129 
13129 11361 
11361 13130 
13130 11440 
11440 13131 
13131 11517 
11517 13132 
13132 11592 
11592 13133 
13133 11665 
11665 13134 
13134 11736 
11736 13135 
13135 11805 
11805 13136 
13136 11872 

7 64
2403 13137 
13137 2306 
2502 13138 
13138 2403 
2601 13139 
13139 2502 
2704 13140 
13140 2601 
2811 13141 
13141 2704 
2918 13142 
13142 2811 
3027 13143 
13143 2918 
3136 13144 
13144 3027 
3251 13145 
13145 3136 
3364 13146 
13146 3251 
3481 13147 
13147 3364 
3600 13148 
13148 3481 
3723 13149 
13149 3600 
3844 13150 
13150 3723 
3971 13151 
13151 3844 
4098 13152 
13152 3971 
4227 13153 
13153 4098 
4356 13154 
13154 4227 
4491 13155 
13155 4356 
4624 13156 
13156 4491 
4761 13157 
13157 4624 
4900 13158 
13158 4761 
5043 13159 
13159 4900 
5186 13160 
13160 5043 
5329 13161 
13161 5186 
5476 13162 
13162 5329 
5625 13163 
13163 5476 
5778 13164 
13164 5625 
5929 13165 
13165 5778 
6086 13166 
13166 5929 
6243 13167 
13167 6086 
6403 13168 
13168 6243 

8 64
11872 13169 
13169 11937 
11937 13170 
13170 12000 
12000 13171 
13171 12061 
12061 13172 
13172 12120 
12120 13173 
13173 12177 
12177 13174 
13174 12232 
12232 13175 
13175 12285 
12285 13176 
13176 12336 
12336 13177 
13177 12385 
12385 13178 
13178 12432 
12432 13179 
13179 12477 
12477 13180 
13180 12520 
12520 13181 
13181 12561 
12561 13182 
13182 12600 
12600 13183 
13183 12637 
12637 13184 
13184 12672 
12672 13185 
13185 12705 
12705 13186 
13186 12736 
12736 13187 
13187 12765 
12765 13188 
13188 12792 
12792 13189 
13189 12817 
12817 13190 
13190 12840 
12840 13191 
13191 12861 
12861 13192 
13192 12880 
12880 13193 
13193 12897 
12897 13194 
13194 12912 
12912 13195 
13195 12925 
12925 13196 
13196 12936 
12936 13197 
13197 12945 
12945 13198 
13198 12952 
12952 13199 
13199 12957 
12957 13200 
13200 12960 

9 64
6563 13201 
13201 6403 
6722 13202 
13202 6563 
6879 13203 
13203 6722 
7034 13204 
13204 6879 
7187 13205 
13205 7034 
7338 13206 
13206 7187 
7487 13207 
13207 7338 
7634 13208 
13208 7487 
7779 13209 
13209 7634 
7922 13210 
13210 7779 
8063 13211 
13211 7922 
8202 13212 
13212 8063 
8339 13213 
13213 8202 
8474 13214 
13214 8339 
8607 13215 
13215 8474 
8738 13216 
13216 8607 
8867 13217 
13217 8738 
8994 13218 
13218 8867 
9119 13219 
13219 8994 
9242 13220 
13220 9119 
9363 13221 
13221 9242 
9482 13222 
13222 9363 
9599 13223 
13223 9482 
9714 13224 
13224 9599 
9827 13225 
13225 9714 
9938 13226 
13226 9827 
10047 13227 
13227 9938 
10154 13228 
13228 10047 
10259 13229 
13229 10154 
10362 13230 
13230 10259 
10463 13231 
13231 10362 
10562 13232 
13232 10463 

10 32
10659 13233 
13233 10562 
10754 13234 
13234 10659 
10847 13235 
13235 10754 
10938 13236 
13236 10847 
11027 13237 
13237 10938 
11114 13238 
13238 11027 
11199 13239 
13239 11114 
11282 13240 
13240 11199 
11363 13241 
13241 11282 
11442 13242 
13242 11363 
11519 13243 
13243 11442 
11594 13244 
13244 11519 
11667 13245 
13245 11594 
11738 13246 
13246 11667 
11807 13247 
13247 11738 
11874 13248 
13248 11807 

11 64
11939 13249 
13249 11874 
12002 13250 
13250 11939 
12063 13251 
13251 12002 
12122 13252 
13252 12063 
12179 13253 
13253 12122 
12234 13254 
13254 12179 
12287 13255 
13255 12234 
12338 13256 
13256 12287 
12387 13257 
13257 12338 
12434 13258 
13258 12387 
12479 13259 
13259 12434 
12522 13260 
13260 12479 
12563 13261 
13261 12522 
12602 13262 
13262 12563 
12639 13263 
13263 12602 
12674 13264 
13264 12639 
12707 13265 
13265 12674 
12738 13266 
13266 12707 
12767 13267 
13267 12738 
12794 13268 
13268 12767 
12819 13269 
13269 12794 
12842 13270 
13270 12819 
12863 13271 
13271 12842 
12882 13272 
13272 12863 
12899 13273 
13273 12882 
12914 13274 
13274 12899 
12927 13275 
13275 12914 
12938 13276 
13276 12927 
12947 13277 
13277 12938 
12954 13278 
13278 12947 
12958 13279 
13279 12954 
12960 13280 
13280 12958 

