320 12
0 32
0 1 
1 6 
6 9 
9 16 
16 25 
25 38 
38 49 
49 66 
66 83 
83 102 
102 121 
121 144 
144 171 
171 198 
198 227 
227 256 
256 291 
291 324 
324 361 
361 400 
400 443 
443 484 
484 531 
531 578 
578 627 
627 676 
676 731 
731 784 
784 841 
841 900 
900 963 
963 1026 

1 32
2 0 
4 2 
11 4 
18 11 
27 18 
36 27 
51 36 
64 51 
81 64 
100 81 
123 100 
146 123 
169 146 
196 169 
225 196 
258 225 
289 258 
326 289 
363 326 
402 363 
441 402 
486 441 
529 486 
576 529 
625 576 
678 625 
729 678 
786 729 
843 786 
902 843 
961 902 
1024 961 

2 16
1026 1089 
1089 1156 
1156 1225 
1225 1298 
1298 1369 
1369 1446 
1446 1523 
1523 1602 
1602 1681 
1681 1764 
1764 1851 
1851 1938 
1938 2027 
2027 2116 
2116 2211 
2211 2304 

3 32
2304 2401 
2401 2500 
2500 2603 
2603 2706 
2706 2809 
2809 2916 
2916 3025 
3025 3138 
3138 3249 
3249 3366 
3366 3483 
3483 3602 
3602 3721 
3721 3846 
3846 3969 
3969 4096 
4096 4225 
4225 4358 
4358 4489 
4489 4626 
4626 4763 
4763 4902 
4902 5041 
5041 5184 
5184 5331 
5331 5478 
5478 5627 
5627 5776 
5776 5931 
5931 6084 
6084 6241 
6241 6401 

4 32
6401 6561 
6561 6720 
6720 6877 
6877 7032 
7032 7185 
7185 7336 
7336 7485 
7485 7632 
7632 7777 
7777 7920 
7920 8061 
8061 8200 
8200 8337 
8337 8472 
8472 8605 
8605 8736 
8736 8865 
8865 8992 
8992 9117 
9117 9240 
9240 9361 
9361 9480 
9480 9597 
9597 9712 
9712 9825 
9825 9936 
9936 10045 
10045 10152 
10152 10257 
10257 10360 
10360 10461 
10461 10560 

5 16
1091 1024 
1158 1091 
1227 1158 
1296 1227 
1371 1296 
1444 1371 
1521 1444 
1600 1521 
1683 1600 
1766 1683 
1849 1766 
1936 1849 
2025 1936 
2118 2025 
2209 2118 
2306 2209 

6 16
10560 10657 
10657 10752 
10752 10845 
10845 10936 
10936 11025 
11025 11112 
11112 11197 
11197 11280 
11280 11361 
11361 11440 
11440 11517 
11517 11592 
11592 11665 
11665 11736 
11736 11805 
11805 11872 

7 32
2403 2306 
2502 2403 
2601 2502 
2704 2601 
2811 2704 
2918 2811 
3027 2918 
3136 3027 
3251 3136 
3364 3251 
3481 3364 
3600 3481 
3723 3600 
3844 3723 
3971 3844 
4098 3971 
4227 4098 
4356 4227 
4491 4356 
4624 4491 
4761 4624 
4900 4761 
5043 4900 
5186 5043 
5329 5186 
5476 5329 
5625 5476 
5778 5625 
5929 5778 
6086 5929 
6243 6086 
6403 6243 

8 32
11872 11937 
11937 12000 
12000 12061 
12061 12120 
12120 12177 
12177 12232 
12232 12285 
12285 12336 
12336 12385 
12385 12432 
12432 12477 
12477 12520 
12520 12561 
12561 12600 
12600 12637 
12637 12672 
12672 12705 
12705 12736 
12736 12765 
12765 12792 
12792 12817 
12817 12840 
12840 12861 
12861 12880 
12880 12897 
12897 12912 
12912 12925 
12925 12936 
12936 12945 
12945 12952 
12952 12957 
12957 12960 

9 32
6563 6403 
6722 6563 
6879 6722 
7034 6879 
7187 7034 
7338 7187 
7487 7338 
7634 7487 
7779 7634 
7922 7779 
8063 7922 
8202 8063 
8339 8202 
8474 8339 
8607 8474 
8738 8607 
8867 8738 
8994 8867 
9119 8994 
9242 9119 
9363 9242 
9482 9363 
9599 9482 
9714 9599 
9827 9714 
9938 9827 
10047 9938 
10154 10047 
10259 10154 
10362 10259 
10463 10362 
10562 10463 

10 16
10659 10562 
10754 10659 
10847 10754 
10938 10847 
11027 10938 
11114 11027 
11199 11114 
11282 11199 
11363 11282 
11442 11363 
11519 11442 
11594 11519 
11667 11594 
11738 11667 
11807 11738 
11874 11807 

11 32
11939 11874 
12002 11939 
12063 12002 
12122 12063 
12179 12122 
12234 12179 
12287 12234 
12338 12287 
12387 12338 
12434 12387 
12479 12434 
12522 12479 
12563 12522 
12602 12563 
12639 12602 
12674 12639 
12707 12674 
12738 12707 
12767 12738 
12794 12767 
12819 12794 
12842 12819 
12863 12842 
12882 12863 
12899 12882 
12914 12899 
12927 12914 
12938 12927 
12947 12938 
12954 12947 
12958 12954 
12960 12958 

