  0.25535051122
  0.35834854561
  0.31080511616
  0.06767017993
  0.06055123064
  0.05654318359
  0.05181630877
  0.04538352074
  0.03565060326
  0.02912480226
  0.02659241908
  0.02341925261
  0.02172047163
  0.01882971669
  0.01548949836
  0.01407942102
  0.01333350017
  0.01360838632
  0.01358749213
  0.01110948194
  0.01085368033
  0.00951384982
  0.00847440509
  0.00803133564
  0.00855426608
  0.00946793868
  0.00989974100
  0.00670434539
  0.00603825179
  0.00519348546
  0.00479706669
  0.00459433603
  0.00439512751
  0.00418311357
  0.00396610747
  0.00375951776
  0.00356665866
  0.00337333129
  0.00320400622
  0.00302613006
  0.00290105105
  0.00280128629
  0.00272862572
  0.00266488835
  0.00260161699
  0.00253532833
  0.00246561942
  0.00239443495
  0.00232777254
  0.00226819574
  0.00221688432
  0.00216924631
  0.00212189201
  0.00207459202
  0.00202695185
  0.00197956063
  0.00193226979
  0.00188650927
  0.00184648056
  0.00181390506
  0.00178575872
  0.00175705678
  0.00172595936
  0.00169350713
  0.00165858374
  0.00162239175
  0.00158433347
  0.00154286068
  0.00149554564
  0.00143676040
  0.00135692048
  0.00124792290
  0.00113564790
  0.00106439423
  0.00101774283
  0.00097552143
  0.00093381097
  0.00089468029
  0.00085992077
  0.00083030429
  0.00080521138
  0.00078335735
  0.00076361492
  0.00074483238
  0.00072649935
  0.00070829772
  0.00068997443
  0.00067127868
  0.00065193972
  0.00063167071
  0.00061017630
  0.00058687220
  0.00056171328
  0.00053518022
  0.00050803835
  0.00048172039
  0.00045805451
  0.00043847785
  0.00042332384
  0.00041210830
  0.00040329718
  0.00039576381
  0.00038887148
  0.00038229918
  0.00037590496
  0.00036963212
  0.00036346003
  0.00035738204
  0.00035140111
  0.00034551368
  0.00033966524
  0.00033338638
  0.00032719578
  0.00032109594
  0.00031508972
  0.00030918114
  0.00030337452
  0.00029767297
  0.00029208150
  0.00028660644
  0.00028125305
  0.00027602639
  0.00027093270
  0.00026598249
  0.00026118051
  0.00025652914
  0.00025203373
  0.00024769896
  0.00024352893
  0.00023952687
  0.00023596757
  0.00023253827
  0.00022927183
  0.00022616810
  0.00022322609
  0.00022044513
  0.00021782092
  0.00021534782
  0.00021301994
  0.00021106629
  0.00020917773
  0.00020755714
  0.00020594076
  0.00020447801
  0.00020311572
  0.00020184517
  0.00020065935
  0.00019955200
  0.00019851750
  0.00019755077
  0.00019664759
  0.00019580186
  0.00019501218
  0.00019427488
  0.00019358691
  0.00019294559
  0.00019230557
  0.00019148404
  0.00019069965
  0.00018995095
  0.00018923674
  0.00018857215
  0.00018787555
  0.00018694934
  0.00018605273
  0.00018518512
  0.00018434603
  0.00018353503
  0.00018275172
  0.00018199573
  0.00018126696
  0.00018056518
  0.00017988978
  0.00017924051
  0.00017861715
  0.00017801949
  0.00017761938
  0.00017737399
  0.00017716313
  0.00017698606
  0.00017684277
  0.00017673275
  0.00017665559
  0.00017661076
  0.00017659829
  0.00017661790
  0.00017666939
  0.00017675258
  0.00017686729
  0.00017701339
  0.00017719074
  0.00017739915
  0.00017763849
  0.00017790860
  0.00017820935
  0.00017854059
  0.00017890225
  0.00017912059
  0.00017905142
  0.00017898374
  0.00017878726
  0.00017871438
  0.00017864284
  0.00017856922
  0.00017849176
  0.00017840894
  0.00017831928
  0.00017822129
  0.00017811339
  0.00017799394
  0.00017786131
  0.00017771373
  0.00017754936
  0.00017736629
  0.00017716252
  0.00017693594
  0.00017668434
  0.00017640737
  0.00017609442
  0.00017575501
  0.00017538053
  0.00017496845
  0.00017451599
  0.00017402042
  0.00017347883
  0.00017288821
  0.00017224556
  0.00017154754
  0.00017079090
  0.00016997230
  0.00016908836
  0.00016813568
  0.00016711099
  0.00016601074
  0.00016483158
  0.00016357028
  0.00016222366
  0.00016106493
  0.00015954005
  0.00015791842
  0.00015620014
  0.00015438398
  0.00015252152
  0.00015046194
  0.00014834451
  0.00014613133
  0.00014382321
  0.00014142276
  0.00013893388
  0.00013636181
  0.00013371326
  0.00013099628
  0.00012822006
  0.00012539527
  0.00012253383
  0.00011964879
  0.00011675410
  0.00011386437
  0.00011099453
  0.00010815951
  0.00010537382
  0.00010265118
  0.00010040120
  0.00009770831
  0.00009517201
  0.00009276393
  0.00009047792
  0.00008823265
  0.00008619118
  0.00008427992
  0.00008247648
  0.00008077377
  0.00007916636
  0.00007764868
  0.00007621475
  0.00007485838
  0.00007357332
  0.00007235348
  0.00007119303
  0.00007008657
  0.00006902912
  0.00006801619
  0.00006704377
  0.00006610833
  0.00006520676
  0.00006433635
  0.00006349475
  0.00006267994
  0.00006189015
  0.00006112388
  0.00006037980
  0.00005965679
  0.00005895383
  0.00005827006
  0.00005760469
  0.00005695703
  0.00005632648
  0.00005571245
  0.00005511444
  0.00005453196
