300	4
1.57975	0.00825728	10.1772	0.256421	
0.240719	0.00619696	13.2077	0.496786	
0.162197	0.00609391	18.9324	0.612938	
0.0723229	0.00622306	23.0295	0.677498	
0.0710068	0.00662205	22.4755	0.668483	
0.0663137	0.00733781	22.1284	0.661441	
0.059735	0.00813185	21.7463	0.652235	
0.0516152	0.00891032	21.3161	0.639017	
0.043125	0.00975249	20.8564	0.618066	
0.0380174	0.0105531	20.5596	0.597096	
0.0359421	0.0109501	20.3494	0.587311	
0.0349706	0.0111926	20.2384	0.581604	
0.0342891	0.0112067	20.1312	0.579074	
0.0333059	0.0112444	20.0616	0.576703	
0.0328151	0.0113179	20.0248	0.575381	
0.0326548	0.0113205	19.991	0.57525	
0.0325126	0.0112887	19.9641	0.575043	
0.0321662	0.0112189	19.9318	0.574154	
0.0315116	0.0111507	19.9056	0.573133	
0.0311586	0.0111373	19.8967	0.57239	
0.0310009	0.0111347	19.8923	0.572846	
0.03083	0.0111497	19.9005	0.573541	
0.0306413	0.0111511	19.9046	0.573794	
0.030428	0.0111281	19.8998	0.57356	
0.0302162	0.0110932	19.8941	0.573231	
0.0299425	0.0110507	19.884	0.572887	
0.0294331	0.011028	19.8725	0.572717	
0.0291659	0.011052	19.8667	0.572822	
0.0290266	0.0110612	19.8725	0.573024	
0.0289382	0.0110671	19.8786	0.57313	
0.0288802	0.0110723	19.8845	0.573274	
0.0288286	0.0110781	19.8905	0.573465	
0.0287748	0.0110834	19.8957	0.573623	
0.0287203	0.011088	19.9007	0.573755	
0.0286817	0.0110942	19.9113	0.574089	
0.0286343	0.0110984	19.9167	0.574279	
0.0285847	0.0111018	19.9217	0.574429	
0.0285421	0.0111046	19.9256	0.574572	
0.0285071	0.0111076	19.9296	0.574697	
0.0284808	0.0111099	19.9329	0.574816	
0.0284621	0.0111121	19.936	0.574923	
0.0284457	0.0111133	19.9384	0.575006	
0.0284361	0.0111142	19.9415	0.575138	
0.0284195	0.0111149	19.9432	0.575189	
0.0284055	0.0111152	19.9452	0.575257	
0.0283925	0.0111156	19.9473	0.575338	
0.0283721	0.0111152	19.9476	0.575317	
0.0283582	0.0111155	19.9496	0.57538	
0.0283453	0.0111146	19.9511	0.575462	
0.0283307	0.0111158	19.953	0.575506	
0.0283181	0.0111161	19.955	0.575572	
0.0283061	0.0111166	19.957	0.57564	
0.0282942	0.0111171	19.959	0.575706	
0.0282838	0.0111167	19.9606	0.575795	
0.0282715	0.0111174	19.9626	0.575856	
0.0282482	0.0111165	19.9596	0.57576	
0.0282384	0.0111181	19.9622	0.575835	
0.0282294	0.0111189	19.9645	0.575911	
0.0282218	0.0111188	19.9669	0.576018	
0.0282121	0.0111196	19.9689	0.576088	
0.0282149	0.0111221	19.9759	0.576323	
0.028206	0.0111231	19.9779	0.576396	
0.0282029	0.011123	19.9802	0.576551	
0.0281935	0.0111244	19.9826	0.576621	
0.0281849	0.0111253	19.9847	0.576696	
0.0281854	0.0111279	19.9902	0.576889	
0.0281768	0.011129	19.9922	0.576961	
0.0281697	0.0111291	19.9939	0.577051	
0.0281612	0.0111302	19.996	0.577122	
0.0281551	0.0111323	19.9987	0.577204	
0.0281485	0.0111337	20.0009	0.577277	
0.0281422	0.011135	20.003	0.577347	
0.0281366	0.011136	20.0049	0.577411	
0.0281327	0.0111356	20.0062	0.577479	
0.028128	0.0111358	20.0075	0.577522	
0.0281239	0.0111358	20.0088	0.577562	
0.0281276	0.0111372	20.013	0.577693	
0.0281241	0.011137	20.0141	0.577728	
0.0281209	0.0111368	20.0151	0.57776	
0.0281181	0.0111365	20.0161	0.577791	
0.0281156	0.0111362	20.017	0.577819	
0.0281135	0.0111358	20.0179	0.577846	
0.0281116	0.0111354	20.0187	0.577871	
0.0281101	0.0111349	20.0195	0.577895	
0.0281089	0.0111345	20.0203	0.577919	
0.0281079	0.011134	20.0211	0.577941	
0.0281073	0.0111336	20.0219	0.577963	
0.0281068	0.0111331	20.0226	0.577984	
0.0281065	0.0111327	20.0233	0.578004	
0.0281064	0.0111322	20.0241	0.578024	
0.0281069	0.0111318	20.0248	0.578046	
0.028107	0.0111314	20.0255	0.578064	
0.0281072	0.011131	20.0262	0.578082	
0.0281075	0.0111306	20.0268	0.578099	
0.0281078	0.0111303	20.0274	0.578115	
0.0281081	0.0111299	20.028	0.57813	
0.0281084	0.0111295	20.0285	0.578144	
0.0281088	0.0111292	20.029	0.578158	
0.028109	0.0111288	20.0294	0.57817	
0.0281093	0.0111285	20.0299	0.578181	
0.0281096	0.0111282	20.0302	0.578192	
0.0281099	0.0111278	20.0306	0.578202	
0.0281102	0.0111275	20.0309	0.578212	
0.0281105	0.0111272	20.0313	0.578222	
0.0281108	0.011127	20.0316	0.578231	
0.0281112	0.0111267	20.0319	0.57824	
0.0281115	0.0111264	20.0323	0.578249	
0.0281118	0.0111262	20.0326	0.578257	
0.0281121	0.0111259	20.0329	0.578266	
0.0281124	0.0111257	20.0332	0.578274	
0.0281127	0.0111255	20.0336	0.578282	
0.0281131	0.0111253	20.0339	0.57829	
0.0281134	0.0111251	20.0342	0.578298	
0.0281137	0.0111249	20.0346	0.578306	
0.028114	0.0111248	20.0349	0.578314	
0.0281144	0.0111246	20.0352	0.578322	
0.0281147	0.0111244	20.0355	0.578329	
0.028115	0.0111243	20.0359	0.578336	
0.0281154	0.0111241	20.0362	0.578344	
0.0281157	0.011124	20.0365	0.578351	
0.028116	0.0111238	20.0368	0.578358	
0.0281163	0.0111237	20.0371	0.578365	
0.0281167	0.0111236	20.0374	0.578372	
0.028117	0.0111234	20.0378	0.578378	
0.0281173	0.0111233	20.0381	0.578385	
0.0281177	0.0111232	20.0384	0.578392	
0.028118	0.0111231	20.0387	0.578398	
0.0281183	0.011123	20.039	0.578405	
0.0281187	0.0111228	20.0393	0.578411	
0.028119	0.0111227	20.0396	0.578417	
0.0281343	0.0111241	20.0441	0.57862	
0.0281346	0.011124	20.0444	0.578626	
0.0281348	0.0111239	20.0447	0.578633	
0.0281351	0.0111238	20.045	0.578639	
0.0281354	0.0111237	20.0453	0.578645	
0.0281357	0.0111236	20.0456	0.578651	
0.028136	0.0111235	20.0459	0.578657	
0.0281363	0.0111234	20.0462	0.578662	
0.0281366	0.0111233	20.0464	0.578668	
0.028137	0.0111232	20.0467	0.578674	
0.0281374	0.0111232	20.047	0.578679	
0.0281377	0.0111231	20.0473	0.578685	
0.028138	0.011123	20.0476	0.578691	
0.0281384	0.0111229	20.0479	0.578696	
0.0281387	0.0111228	20.0481	0.578702	
0.028139	0.0111227	20.0484	0.578707	
0.0281394	0.0111226	20.0487	0.578712	
0.0281397	0.0111225	20.049	0.578718	
0.02814	0.0111224	20.0492	0.578723	
0.0281404	0.0111223	20.0495	0.578728	
0.0281403	0.0111222	20.0497	0.578731	
0.0281406	0.0111221	20.05	0.578736	
0.028141	0.011122	20.0503	0.578741	
0.0281413	0.0111219	20.0505	0.578746	
0.0281417	0.0111218	20.0508	0.578751	
0.028142	0.0111218	20.0511	0.578757	
0.0281424	0.0111217	20.0513	0.578762	
0.0281427	0.0111216	20.0516	0.578767	
0.0281431	0.0111215	20.0519	0.578772	
0.0281434	0.0111214	20.0521	0.578777	
0.0281438	0.0111213	20.0524	0.578782	
0.0281439	0.0111213	20.0526	0.578785	
0.0281446	0.0111211	20.0529	0.578792	
0.028145	0.011121	20.0532	0.578797	
0.0281454	0.011121	20.0534	0.578802	
0.0281457	0.0111209	20.0537	0.578807	
0.0281461	0.0111208	20.0539	0.578812	
0.0281464	0.0111207	20.0542	0.578817	
0.0281468	0.0111206	20.0545	0.578822	
0.0281472	0.0111205	20.0547	0.578827	
0.0281475	0.0111204	20.055	0.578832	
0.0281479	0.0111204	20.0552	0.578837	
0.0281483	0.0111203	20.0555	0.578841	
0.0281486	0.0111202	20.0557	0.578846	
0.028149	0.0111201	20.056	0.578851	
0.0281493	0.01112	20.0563	0.578856	
0.0281492	0.0111199	20.0565	0.578857	
0.0281496	0.0111198	20.0567	0.578862	
0.02815	0.0111198	20.057	0.578867	
0.0281503	0.0111197	20.0572	0.578872	
0.0281507	0.0111196	20.0575	0.578876	
0.0281511	0.0111195	20.0577	0.578881	
0.0281514	0.0111194	20.058	0.578886	
0.0281518	0.0111194	20.0582	0.578891	
0.0281522	0.0111193	20.0585	0.578896	
0.0281526	0.0111192	20.0587	0.5789	
0.0281529	0.0111191	20.059	0.578905	
0.0281533	0.011119	20.0592	0.57891	
0.0281537	0.011119	20.0595	0.578915	
0.028154	0.0111189	20.0598	0.578919	
0.0281544	0.0111188	20.06	0.578924	
0.0281548	0.0111187	20.0603	0.578929	
0.0281552	0.0111187	20.0605	0.578934	
0.0281555	0.0111186	20.0608	0.578939	
0.0281559	0.0111185	20.0611	0.578944	
0.0281563	0.0111184	20.0613	0.578948	
0.0281567	0.0111184	20.0616	0.578953	
0.0281571	0.0111183	20.0618	0.578958	
0.0281574	0.0111182	20.0621	0.578963	
0.0281578	0.0111182	20.0624	0.578968	
0.0281569	0.0111183	20.0625	0.578956	
0.0281573	0.0111182	20.0628	0.578961	
0.0281577	0.0111181	20.0631	0.578966	
0.0281581	0.0111181	20.0633	0.578971	
0.0281585	0.011118	20.0636	0.578976	
0.0281588	0.0111179	20.0639	0.578981	
0.0281592	0.0111179	20.0641	0.578985	
0.0281596	0.0111178	20.0644	0.57899	
0.02816	0.0111177	20.0647	0.578995	
0.0281604	0.0111177	20.0649	0.579	
0.0281607	0.0111176	20.0652	0.579005	
0.0281611	0.0111176	20.0655	0.57901	
0.0281615	0.0111175	20.0657	0.579015	
0.0281619	0.0111174	20.066	0.57902	
0.0281623	0.0111174	20.0663	0.579025	
0.0281626	0.0111173	20.0665	0.57903	
0.028163	0.0111173	20.0668	0.579035	
0.0281639	0.0111172	20.0671	0.579043	
0.0281646	0.0111172	20.0675	0.57905	
0.028165	0.0111171	20.0677	0.579055	
0.0281653	0.0111171	20.068	0.57906	
0.0281657	0.011117	20.0683	0.579065	
0.0281661	0.011117	20.0686	0.57907	
0.0281665	0.0111169	20.0688	0.579075	
0.0281668	0.0111169	20.0691	0.57908	
0.0281672	0.0111168	20.0694	0.579085	
0.0281676	0.0111168	20.0696	0.57909	
0.0281679	0.0111167	20.0699	0.579095	
0.0281683	0.0111167	20.0702	0.5791	
0.0281687	0.0111166	20.0705	0.579104	
0.0281691	0.0111166	20.0707	0.579109	
0.0281694	0.0111165	20.071	0.579114	
0.0281698	0.0111165	20.0713	0.579119	
0.0281702	0.0111165	20.0715	0.579124	
0.0281705	0.0111164	20.0718	0.579129	
0.0281709	0.0111164	20.0721	0.579134	
0.0281713	0.0111163	20.0723	0.579139	
0.0281733	0.0111157	20.0724	0.579167	
0.0281737	0.0111157	20.0727	0.579171	
0.028174	0.0111157	20.0729	0.579176	
0.0281744	0.0111156	20.0732	0.579181	
0.0281747	0.0111156	20.0734	0.579186	
0.028175	0.0111156	20.0737	0.57919	
0.0281753	0.0111155	20.0739	0.579195	
0.0281757	0.0111155	20.0742	0.5792	
0.028176	0.0111155	20.0744	0.579204	
0.0281764	0.0111154	20.0747	0.579209	
0.0281767	0.0111154	20.0749	0.579213	
0.028177	0.0111154	20.0752	0.579217	
0.0281774	0.0111154	20.0754	0.579222	
0.0281777	0.0111153	20.0756	0.579226	
0.028178	0.0111153	20.0758	0.57923	
0.0281783	0.0111153	20.0761	0.579234	
0.0281787	0.0111152	20.0763	0.579238	
0.028179	0.0111152	20.0765	0.579242	
0.0281793	0.0111152	20.0767	0.579246	
0.0281796	0.0111152	20.0769	0.579249	
0.0281799	0.0111151	20.0771	0.579253	
0.0281802	0.0111151	20.0773	0.579257	
0.0281804	0.0111151	20.0775	0.57926	
0.0281807	0.0111151	20.0777	0.579263	
0.028181	0.011115	20.0778	0.579267	
0.028168	0.0111138	20.074	0.579094	
0.0281684	0.0111137	20.0741	0.579097	
0.0281687	0.0111137	20.0743	0.5791	
0.028169	0.0111137	20.0744	0.579102	
0.0281693	0.0111136	20.0746	0.579105	
0.0281839	0.0111153	20.0789	0.579293	
0.028184	0.0111153	20.079	0.579295	
0.0281842	0.0111153	20.0791	0.579298	
0.0281844	0.0111152	20.0793	0.579301	
0.0281846	0.0111152	20.0794	0.579303	
0.0281847	0.0111152	20.0795	0.579305	
0.0281849	0.0111152	20.0796	0.579307	
0.0281851	0.0111151	20.0798	0.579309	
0.0281853	0.0111151	20.0799	0.579311	
0.0281855	0.0111151	20.08	0.579313	
0.0281857	0.0111151	20.0801	0.579315	
0.0281858	0.011115	20.0802	0.579317	
0.028186	0.011115	20.0803	0.579319	
0.0281862	0.011115	20.0803	0.57932	
0.0281863	0.011115	20.0804	0.579322	
0.0281865	0.011115	20.0805	0.579324	
0.0281867	0.0111149	20.0806	0.579325	
0.0281868	0.0111149	20.0807	0.579327	
0.028187	0.0111149	20.0808	0.579328	
0.0281871	0.0111149	20.0808	0.57933	
0.0281873	0.0111148	20.0809	0.579331	
0.0281874	0.0111148	20.081	0.579332	
0.0281876	0.0111148	20.0811	0.579334	
0.0281877	0.0111148	20.0811	0.579335	
0.0281879	0.0111147	20.0812	0.579336	
0.028188	0.0111147	20.0813	0.579338	
0.0281881	0.0111147	20.0813	0.579339	
0.0281883	0.0111147	20.0814	0.57934	
0.0281884	0.0111147	20.0815	0.579341	
0.0281885	0.0111146	20.0815	0.579342	
0.0281886	0.0111146	20.0816	0.579343	
0.0281888	0.0111146	20.0816	0.579344	
0.0281889	0.0111146	20.0817	0.579346	
