  0.24189678822
  0.30744552395
  0.40548660914
  0.12442889816
  0.01652230361
  0.00892941965
  0.00865814682
  0.00934616028
  0.00983992590
  0.01046842449
  0.01085409689
  0.01148183264
  0.01224994513
  0.01251404539
  0.01210162105
  0.01054788850
  0.00859947619
  0.00650056880
  0.00475700750
  0.00338513549
  0.00254687799
  0.00199624142
  0.00164508200
  0.00150436659
  0.00140760583
  0.00133372691
  0.00128272574
  0.00127324342
  0.00118420953
  0.00114867448
  0.00110361428
  0.00108411684
  0.00102683551
  0.00102266306
  0.00098418919
  0.00097816258
  0.00095142317
  0.00093396227
  0.00091108287
  0.00089659606
  0.00085700015
  0.00085167108
  0.00082828174
  0.00086427050
  0.00080121155
  0.00082227688
  0.00077619268
  0.00074270701
  0.00073674128
  0.00073438766
  0.00071278970
  0.00072957075
  0.00069423160
  0.00067779335
  0.00066562484
  0.00065945628
  0.00062704933
  0.00063508643
  0.00062459921
  0.00064447369
  0.00061664110
  0.00059583952
  0.00058321821
  0.00062974813
  0.00057833608
  0.00061554991
  0.00055142979
  0.00052948479
  0.00056440847
  0.00053471553
  0.00055272970
  0.00053244720
  0.00048351861
  0.00053571532
  0.00048011827
  0.00046155007
  0.00046430301
  0.00044917021
  0.00042532234
  0.00042782529
  0.00041037230
  0.00040413905
  0.00041441192
  0.00041282195
  0.00040537849
  0.00043885640
  0.00037309799
  0.00042133669
  0.00038021354
  0.00037888458
  0.00039810037
  0.00038433669
  0.00034309673
  0.00033880894
  0.00033637354
  0.00033590038
  0.00034663612
  0.00033342381
  0.00033973539
  0.00034112196
  0.00037040415
  0.00032887438
  0.00031359674
  0.00031365667
  0.00035628815
  0.00034994041
  0.00034750435
  0.00034103364
  0.00029652469
  0.00029354030
  0.00028063819
  0.00027728337
  0.00027670183
  0.00027420920
  0.00026696775
  0.00026179808
  0.00026847808
  0.00026491927
  0.00025766757
  0.00028178504
  0.00025397755
  0.00025887093
  0.00025917975
  0.00025678486
  0.00025392864
  0.00024913880
  0.00024895505
  0.00024418419
  0.00024749826
  0.00023603060
  0.00030115366
  0.00024528428
  0.00023468899
  0.00023420628
  0.00024531057
  0.00024150200
  0.00024134774
  0.00023780297
  0.00023894631
  0.00023069790
  0.00023029053
  0.00022576748
  0.00022548410
  0.00022476443
  0.00022271200
  0.00022248113
  0.00022149290
  0.00021462702
  0.00021662229
  0.00022040913
  0.00021726609
  0.00021201813
  0.00021154263
  0.00021326071
  0.00020752535
  0.00020743352
  0.00020850441
  0.00020960890
  0.00021194846
  0.00025266480
  0.00021413470
  0.00020471090
  0.00020830060
  0.00020335942
  0.00020353438
  0.00020393208
  0.00019981988
  0.00019984198
  0.00024639639
  0.00019990035
  0.00024598686
  0.00020090925
  0.00019506509
  0.00023351103
  0.00019731801
  0.00019187502
  0.00019505793
  0.00018909435
  0.00019465968
  0.00018782900
  0.00018967772
  0.00019113634
  0.00018664485
  0.00018752100
  0.00018333173
  0.00018603212
  0.00018658307
  0.00018249841
  0.00017893037
  0.00017657918
  0.00018031804
  0.00018213008
  0.00021653239
  0.00021364300
  0.00022632673
  0.00020998097
  0.00017872226
  0.00021007362
  0.00017502540
  0.00021228343
