292 8
0 30
0
1
4
9
10
11
12
13
21
22
23
24
37
20
40
41
42
43
46
47
50
51
52
53
54
55
56
57
58
59

1 87
3
0
5
8
18
33
36
70
101
135
137
142
176
208
239
261
291
324
360
367
409
457
512
518
570
619
664
711
756
799
845
886
927
961
974
1019
1021
1073
1075
1131
1133
1190
1231
1276
1278
1318
1320
1355
1366
1402
1404
1438
1440
1441
1472
1503
1505
1536
1537
1542
1543
1579
1581
1616
1618
1653
1655
1684
1685
1722
1724
1725
1754
1717
1757
1794
1796
1797
1798
1799
1800
1803
1804
1844
1845
1846
1847

2 87
20
39
74
108
115
150
152
184
186
216
218
247
268
298
300
333
368
411
413
468
524
577
580
629
672
719
765
811
858
901
944
990
1035
1095
1097
1154
1171
1224
1268
1308
1345
1382
1387
1421
1423
1456
1485
1488
1519
1521
1556
1558
1594
1606
1640
1642
1677
1679
1714
1716
1752
1791
1836
1873
1921
1964
2005
2041
2075
2105
2133
2158
2181
2202
2221
2240
2257
2271
2284
2295
2305
2313
2320
2326
2330
2333
2334

3 6
562
565
610
646
695
739

4 23
317
323
351
359
391
403
434
456
464
465
490
491
510
519
562
572
622
671
718
764
809
855
896

5 23
739
781
828
871
913
955
960
978
977
979
980
981
1005
1007
1022
1023
1053
1076
1077
1078
1079
1080
1081

6 6
899
896
900
933
934
977

7 30
1755
1717
1758
1805
1807
1808
1858
1906
1949
1965
2006
2043
2077
2107
2135
2160
2183
2204
2223
2242
2259
2273
2286
2297
2307
2315
2322
2328
2332
2334

