576 8
0 59
0
1
4
9
10
11
12
13
21
22
23
24
37
20
40
41
42
43
46
47
50
51
52
53
54
55
56
57
58
59
2335
2336
2337
2338
2339
2340
2341
2342
2343
2344
2345
2346
2347
2348
2349
2350
2351
2352
2353
2354
2355
2356
2357
2358
2359
2360
2361
2362
2363

1 173
3
0
5
8
18
33
36
70
101
135
137
142
176
208
239
261
291
324
360
367
409
457
512
518
570
619
664
711
756
799
845
886
927
961
974
1019
1021
1073
1075
1131
1133
1190
1231
1276
1278
1318
1320
1355
1366
1402
1404
1438
1440
1441
1472
1503
1505
1536
1537
1542
1543
1579
1581
1616
1618
1653
1655
1684
1685
1722
1724
1725
1754
1717
1757
1794
1796
1797
1798
1799
1800
1803
1804
1844
1845
1846
1847
2364
2365
2366
2367
2368
2369
2370
2371
2372
2373
2374
2375
2376
2377
2378
2379
2380
2381
2382
2383
2384
2385
2386
2387
2388
2389
2390
2391
2392
2393
2394
2395
2396
2397
2398
2399
2400
2401
2402
2403
2404
2405
2406
2407
2408
2409
2410
2411
2412
2413
2414
2415
2416
2417
2418
2419
2420
2421
2422
2423
2424
2425
2426
2427
2428
2429
2430
2431
2432
2433
2434
2435
2436
2437
2438
2439
2440
2441
2442
2443
2444
2445
2446
2447
2448
2449

2 173
20
39
74
108
115
150
152
184
186
216
218
247
268
298
300
333
368
411
413
468
524
577
580
629
672
719
765
811
858
901
944
990
1035
1095
1097
1154
1171
1224
1268
1308
1345
1382
1387
1421
1423
1456
1485
1488
1519
1521
1556
1558
1594
1606
1640
1642
1677
1679
1714
1716
1752
1791
1836
1873
1921
1964
2005
2041
2075
2105
2133
2158
2181
2202
2221
2240
2257
2271
2284
2295
2305
2313
2320
2326
2330
2333
2334
2450
2451
2452
2453
2454
2455
2456
2457
2458
2459
2460
2461
2462
2463
2464
2465
2466
2467
2468
2469
2470
2471
2472
2473
2474
2475
2476
2477
2478
2479
2480
2481
2482
2483
2484
2485
2486
2487
2488
2489
2490
2491
2492
2493
2494
2495
2496
2497
2498
2499
2500
2501
2502
2503
2504
2505
2506
2507
2508
2509
2510
2511
2512
2513
2514
2515
2516
2517
2518
2519
2520
2521
2522
2523
2524
2525
2526
2527
2528
2529
2530
2531
2532
2533
2534
2535

3 11
562
565
610
646
695
739
2536
2537
2538
2539
2540

4 45
317
323
351
359
391
403
434
456
464
465
490
491
510
519
562
572
622
671
718
764
809
855
896
2541
2542
2543
2544
2545
2546
2547
2548
2549
2550
2551
2552
2553
2554
2555
2556
2557
2558
2559
2560
2561
2562

5 45
739
781
828
871
913
955
960
978
977
979
980
981
1005
1007
1022
1023
1053
1076
1077
1078
1079
1080
1081
2563
2564
2565
2566
2567
2568
2569
2570
2571
2572
2573
2574
2575
2576
2577
2578
2579
2580
2581
2582
2583
2584

6 11
899
896
900
933
934
977
2585
2586
2587
2588
2589

7 59
1755
1717
1758
1805
1807
1808
1858
1906
1949
1965
2006
2043
2077
2107
2135
2160
2183
2204
2223
2242
2259
2273
2286
2297
2307
2315
2322
2328
2332
2334
2590
2591
2592
2593
2594
2595
2596
2597
2598
2599
2600
2601
2602
2603
2604
2605
2606
2607
2608
2609
2610
2611
2612
2613
2614
2615
2616
2617
2618

