284 8
0 29
0 1 
1 4 
4 9 
9 10 
10 11 
11 12 
12 13 
13 21 
21 22 
22 23 
23 24 
37 20 
40 37 
41 42 
42 43 
43 40 
24 46 
46 47 
50 51 
51 52 
52 53 
53 54 
54 55 
55 41 
47 56 
56 57 
57 58 
58 59 
59 50 

1 86
3 0 
5 3 
8 5 
18 8 
33 18 
36 33 
70 36 
101 70 
135 101 
137 135 
142 137 
176 142 
208 176 
239 208 
261 239 
291 261 
324 291 
360 324 
367 360 
409 367 
457 409 
512 457 
518 512 
570 518 
619 570 
664 619 
711 664 
756 711 
799 756 
845 799 
886 845 
927 886 
961 927 
974 961 
1019 974 
1021 1019 
1073 1021 
1075 1073 
1131 1075 
1133 1131 
1190 1133 
1231 1190 
1276 1231 
1278 1276 
1318 1278 
1320 1318 
1355 1320 
1366 1355 
1402 1366 
1404 1402 
1438 1404 
1440 1438 
1441 1440 
1472 1441 
1503 1472 
1505 1503 
1536 1505 
1537 1536 
1542 1537 
1543 1542 
1579 1543 
1581 1579 
1616 1581 
1618 1616 
1653 1618 
1655 1653 
1684 1655 
1685 1684 
1722 1685 
1724 1722 
1725 1724 
1754 1725 
1717 1757 
1794 1754 
1796 1794 
1797 1796 
1798 1797 
1799 1798 
1800 1799 
1757 1803 
1803 1804 
1844 1800 
1845 1844 
1846 1845 
1804 1847 
1847 1846 

2 86
20 39 
39 74 
74 108 
108 115 
115 150 
150 152 
152 184 
184 186 
186 216 
216 218 
218 247 
247 268 
268 298 
298 300 
300 333 
333 368 
368 411 
411 413 
413 468 
468 524 
524 577 
577 580 
580 629 
629 672 
672 719 
719 765 
765 811 
811 858 
858 901 
901 944 
944 990 
990 1035 
1035 1095 
1095 1097 
1097 1154 
1154 1171 
1171 1224 
1224 1268 
1268 1308 
1308 1345 
1345 1382 
1382 1387 
1387 1421 
1421 1423 
1423 1456 
1456 1485 
1485 1488 
1488 1519 
1519 1521 
1521 1556 
1556 1558 
1558 1594 
1594 1606 
1606 1640 
1640 1642 
1642 1677 
1677 1679 
1679 1714 
1714 1716 
1716 1752 
1752 1791 
1791 1836 
1836 1873 
1873 1921 
1921 1964 
1964 2005 
2005 2041 
2041 2075 
2075 2105 
2105 2133 
2133 2158 
2158 2181 
2181 2202 
2202 2221 
2221 2240 
2240 2257 
2257 2271 
2271 2284 
2284 2295 
2295 2305 
2305 2313 
2313 2320 
2320 2326 
2326 2330 
2330 2333 
2333 2334 

3 5
562 565 
565 610 
610 646 
646 695 
695 739 

4 22
317 323 
351 317 
323 359 
391 351 
359 403 
434 391 
403 456 
464 434 
465 464 
490 465 
491 490 
456 510 
519 491 
510 562 
572 519 
622 572 
671 622 
718 671 
764 718 
809 764 
855 809 
896 855 

5 22
739 781 
781 828 
828 871 
871 913 
913 955 
955 960 
978 977 
979 978 
980 979 
981 980 
960 1005 
1005 1007 
1022 981 
1023 1022 
1007 1053 
1076 1023 
1077 1076 
1053 1078 
1078 1079 
1079 1080 
1080 1081 
1081 1077 

6 5
899 896 
900 899 
933 900 
934 933 
977 934 

7 29
1755 1717 
1758 1755 
1805 1758 
1807 1805 
1808 1807 
1858 1808 
1906 1858 
1949 1906 
1965 1949 
2006 1965 
2043 2006 
2077 2043 
2107 2077 
2135 2107 
2160 2135 
2183 2160 
2204 2183 
2223 2204 
2242 2223 
2259 2242 
2273 2259 
2286 2273 
2297 2286 
2307 2297 
2315 2307 
2322 2315 
2328 2322 
2332 2328 
2334 2332 

