568 8
0 58
0 2335 
2335 1 
1 2336 
2336 4 
4 2337 
2337 9 
9 2338 
2338 10 
10 2339 
2339 11 
11 2340 
2340 12 
12 2341 
2341 13 
13 2342 
2342 21 
21 2343 
2343 22 
22 2344 
2344 23 
23 2345 
2345 24 
37 2346 
2346 20 
40 2347 
2347 37 
41 2348 
2348 42 
42 2349 
2349 43 
43 2350 
2350 40 
24 2351 
2351 46 
46 2352 
2352 47 
50 2353 
2353 51 
51 2354 
2354 52 
52 2355 
2355 53 
53 2356 
2356 54 
54 2357 
2357 55 
55 2358 
2358 41 
47 2359 
2359 56 
56 2360 
2360 57 
57 2361 
2361 58 
58 2362 
2362 59 
59 2363 
2363 50 

1 172
3 2364 
2364 0 
5 2365 
2365 3 
8 2366 
2366 5 
18 2367 
2367 8 
33 2368 
2368 18 
36 2369 
2369 33 
70 2370 
2370 36 
101 2371 
2371 70 
135 2372 
2372 101 
137 2373 
2373 135 
142 2374 
2374 137 
176 2375 
2375 142 
208 2376 
2376 176 
239 2377 
2377 208 
261 2378 
2378 239 
291 2379 
2379 261 
324 2380 
2380 291 
360 2381 
2381 324 
367 2382 
2382 360 
409 2383 
2383 367 
457 2384 
2384 409 
512 2385 
2385 457 
518 2386 
2386 512 
570 2387 
2387 518 
619 2388 
2388 570 
664 2389 
2389 619 
711 2390 
2390 664 
756 2391 
2391 711 
799 2392 
2392 756 
845 2393 
2393 799 
886 2394 
2394 845 
927 2395 
2395 886 
961 2396 
2396 927 
974 2397 
2397 961 
1019 2398 
2398 974 
1021 2399 
2399 1019 
1073 2400 
2400 1021 
1075 2401 
2401 1073 
1131 2402 
2402 1075 
1133 2403 
2403 1131 
1190 2404 
2404 1133 
1231 2405 
2405 1190 
1276 2406 
2406 1231 
1278 2407 
2407 1276 
1318 2408 
2408 1278 
1320 2409 
2409 1318 
1355 2410 
2410 1320 
1366 2411 
2411 1355 
1402 2412 
2412 1366 
1404 2413 
2413 1402 
1438 2414 
2414 1404 
1440 2415 
2415 1438 
1441 2416 
2416 1440 
1472 2417 
2417 1441 
1503 2418 
2418 1472 
1505 2419 
2419 1503 
1536 2420 
2420 1505 
1537 2421 
2421 1536 
1542 2422 
2422 1537 
1543 2423 
2423 1542 
1579 2424 
2424 1543 
1581 2425 
2425 1579 
1616 2426 
2426 1581 
1618 2427 
2427 1616 
1653 2428 
2428 1618 
1655 2429 
2429 1653 
1684 2430 
2430 1655 
1685 2431 
2431 1684 
1722 2432 
2432 1685 
1724 2433 
2433 1722 
1725 2434 
2434 1724 
1754 2435 
2435 1725 
1717 2436 
2436 1757 
1794 2437 
2437 1754 
1796 2438 
2438 1794 
1797 2439 
2439 1796 
1798 2440 
2440 1797 
1799 2441 
2441 1798 
1800 2442 
2442 1799 
1757 2443 
2443 1803 
1803 2444 
2444 1804 
1844 2445 
2445 1800 
1845 2446 
2446 1844 
1846 2447 
2447 1845 
1804 2448 
2448 1847 
1847 2449 
2449 1846 

2 172
20 2450 
2450 39 
39 2451 
2451 74 
74 2452 
2452 108 
108 2453 
2453 115 
115 2454 
2454 150 
150 2455 
2455 152 
152 2456 
2456 184 
184 2457 
2457 186 
186 2458 
2458 216 
216 2459 
2459 218 
218 2460 
2460 247 
247 2461 
2461 268 
268 2462 
2462 298 
298 2463 
2463 300 
300 2464 
2464 333 
333 2465 
2465 368 
368 2466 
2466 411 
411 2467 
2467 413 
413 2468 
2468 468 
468 2469 
2469 524 
524 2470 
2470 577 
577 2471 
2471 580 
580 2472 
2472 629 
629 2473 
2473 672 
672 2474 
2474 719 
719 2475 
2475 765 
765 2476 
2476 811 
811 2477 
2477 858 
858 2478 
2478 901 
901 2479 
2479 944 
944 2480 
2480 990 
990 2481 
2481 1035 
1035 2482 
2482 1095 
1095 2483 
2483 1097 
1097 2484 
2484 1154 
1154 2485 
2485 1171 
1171 2486 
2486 1224 
1224 2487 
2487 1268 
1268 2488 
2488 1308 
1308 2489 
2489 1345 
1345 2490 
2490 1382 
1382 2491 
2491 1387 
1387 2492 
2492 1421 
1421 2493 
2493 1423 
1423 2494 
2494 1456 
1456 2495 
2495 1485 
1485 2496 
2496 1488 
1488 2497 
2497 1519 
1519 2498 
2498 1521 
1521 2499 
2499 1556 
1556 2500 
2500 1558 
1558 2501 
2501 1594 
1594 2502 
2502 1606 
1606 2503 
2503 1640 
1640 2504 
2504 1642 
1642 2505 
2505 1677 
1677 2506 
2506 1679 
1679 2507 
2507 1714 
1714 2508 
2508 1716 
1716 2509 
2509 1752 
1752 2510 
2510 1791 
1791 2511 
2511 1836 
1836 2512 
2512 1873 
1873 2513 
2513 1921 
1921 2514 
2514 1964 
1964 2515 
2515 2005 
2005 2516 
2516 2041 
2041 2517 
2517 2075 
2075 2518 
2518 2105 
2105 2519 
2519 2133 
2133 2520 
2520 2158 
2158 2521 
2521 2181 
2181 2522 
2522 2202 
2202 2523 
2523 2221 
2221 2524 
2524 2240 
2240 2525 
2525 2257 
2257 2526 
2526 2271 
2271 2527 
2527 2284 
2284 2528 
2528 2295 
2295 2529 
2529 2305 
2305 2530 
2530 2313 
2313 2531 
2531 2320 
2320 2532 
2532 2326 
2326 2533 
2533 2330 
2330 2534 
2534 2333 
2333 2535 
2535 2334 

3 10
562 2536 
2536 565 
565 2537 
2537 610 
610 2538 
2538 646 
646 2539 
2539 695 
695 2540 
2540 739 

4 44
317 2541 
2541 323 
351 2542 
2542 317 
323 2543 
2543 359 
391 2544 
2544 351 
359 2545 
2545 403 
434 2546 
2546 391 
403 2547 
2547 456 
464 2548 
2548 434 
465 2549 
2549 464 
490 2550 
2550 465 
491 2551 
2551 490 
456 2552 
2552 510 
519 2553 
2553 491 
510 2554 
2554 562 
572 2555 
2555 519 
622 2556 
2556 572 
671 2557 
2557 622 
718 2558 
2558 671 
764 2559 
2559 718 
809 2560 
2560 764 
855 2561 
2561 809 
896 2562 
2562 855 

5 44
739 2563 
2563 781 
781 2564 
2564 828 
828 2565 
2565 871 
871 2566 
2566 913 
913 2567 
2567 955 
955 2568 
2568 960 
978 2569 
2569 977 
979 2570 
2570 978 
980 2571 
2571 979 
981 2572 
2572 980 
960 2573 
2573 1005 
1005 2574 
2574 1007 
1022 2575 
2575 981 
1023 2576 
2576 1022 
1007 2577 
2577 1053 
1076 2578 
2578 1023 
1077 2579 
2579 1076 
1053 2580 
2580 1078 
1078 2581 
2581 1079 
1079 2582 
2582 1080 
1080 2583 
2583 1081 
1081 2584 
2584 1077 

6 10
899 2585 
2585 896 
900 2586 
2586 899 
933 2587 
2587 900 
934 2588 
2588 933 
977 2589 
2589 934 

7 58
1755 2590 
2590 1717 
1758 2591 
2591 1755 
1805 2592 
2592 1758 
1807 2593 
2593 1805 
1808 2594 
2594 1807 
1858 2595 
2595 1808 
1906 2596 
2596 1858 
1949 2597 
2597 1906 
1965 2598 
2598 1949 
2006 2599 
2599 1965 
2043 2600 
2600 2006 
2077 2601 
2601 2043 
2107 2602 
2602 2077 
2135 2603 
2603 2107 
2160 2604 
2604 2135 
2183 2605 
2605 2160 
2204 2606 
2606 2183 
2223 2607 
2607 2204 
2242 2608 
2608 2223 
2259 2609 
2609 2242 
2273 2610 
2610 2259 
2286 2611 
2611 2273 
2297 2612 
2612 2286 
2307 2613 
2613 2297 
2315 2614 
2614 2307 
2322 2615 
2615 2315 
2328 2616 
2616 2322 
2332 2617 
2617 2328 
2334 2618 
2618 2332 

