4386 
1 0 2 
 0 3 2 
 4 1 6 
 6 1 2 
 3 5 7 
 3 7 2 
 6 2 7 
 9 4 14 
 14 4 6 
 5 8 15 
 7 5 15 
 14 6 16 
 16 6 7 
 7 15 17 
 7 17 16 
 8 18 19 
 15 8 19 
 10 9 25 
 25 9 14 
 11 10 26 
 26 10 25 
 12 11 27 
 27 11 26 
 13 12 28 
 28 12 27 
 21 13 29 
 29 13 28 
 25 14 30 
 30 14 16 
 15 19 31 
 17 15 31 
 30 16 32 
 17 31 32 
 32 16 17 
 18 33 34 
 19 18 34 
 19 34 35 
 31 19 35 
 20 37 38 
 39 20 38 
 22 21 44 
 44 21 29 
 23 22 45 
 45 22 44 
 24 23 48 
 48 23 45 
 46 24 49 
 49 24 48 
 26 25 60 
 60 25 30 
 27 26 61 
 61 26 60 
 28 27 62 
 62 27 61 
 29 28 63 
 63 28 62 
 44 29 64 
 64 29 63 
 60 30 65 
 65 30 32 
 31 35 66 
 31 66 32 
 65 32 66 
 33 36 67 
 34 33 67 
 34 67 68 
 35 34 68 
 35 68 69 
 66 35 69 
 36 70 71 
 67 36 71 
 37 40 72 
 38 37 72 
 73 39 38 
 73 38 72 
 74 39 73 
 40 43 75 
 72 40 75 
 41 55 76 
 42 41 77 
 77 41 76 
 43 42 78 
 75 43 78 
 78 42 77 
 45 44 79 
 79 44 64 
 48 45 80 
 80 45 79 
 47 46 81 
 81 46 49 
 56 47 82 
 82 47 81 
 49 48 83 
 83 48 80 
 81 49 84 
 84 49 83 
 50 59 85 
 51 50 86 
 86 50 85 
 52 51 87 
 87 51 86 
 53 52 88 
 88 52 87 
 54 53 89 
 89 53 88 
 55 54 90 
 76 55 90 
 90 54 89 
 57 56 91 
 91 56 82 
 58 57 92 
 92 57 91 
 59 58 93 
 85 59 93 
 93 58 92 
 79 64 94 
 61 60 95 
 95 60 65 
 62 61 96 
 96 61 95 
 63 62 97 
 97 62 96 
 64 63 98 
 94 64 98 
 98 63 97 
 95 65 99 
 99 65 66 
 66 69 100 
 66 100 99 
 67 71 102 
 68 67 102 
 68 102 103 
 69 68 103 
 69 103 104 
 100 69 104 
 70 101 105 
 71 70 105 
 71 105 106 
 102 71 106 
 72 75 107 
 109 73 72 
 72 107 109 
 108 74 110 
 110 74 73 
 110 73 109 
 75 78 111 
 107 75 111 
 76 90 112 
 77 76 113 
 113 76 112 
 78 77 114 
 111 78 114 
 114 77 113 
 80 79 116 
 116 79 94 
 83 80 117 
 117 80 116 
 82 81 118 
 118 81 84 
 91 82 119 
 119 82 118 
 84 83 120 
 120 83 117 
 118 84 121 
 121 84 120 
 85 93 122 
 86 85 123 
 123 85 122 
 87 86 124 
 124 86 123 
 88 87 125 
 125 87 124 
 89 88 126 
 126 88 125 
 90 89 127 
 112 90 127 
 127 89 126 
 92 91 128 
 128 91 119 
 93 92 129 
 122 93 129 
 129 92 128 
 116 94 130 
 94 98 131 
 130 94 131 
 97 96 132 
 96 95 132 
 95 99 132 
 98 97 133 
 131 98 133 
 133 97 132 
 100 104 134 
 99 100 134 
 134 132 99 
 101 135 136 
 105 101 136 
 102 106 138 
 103 102 138 
 103 138 104 
 104 138 139 
 134 104 139 
 105 136 140 
 106 105 140 
 106 140 141 
 138 106 141 
 107 111 143 
 107 143 109 
 115 108 144 
 144 108 110 
 144 110 145 
 110 109 145 
 145 109 143 
 112 127 146 
 143 111 147 
 111 114 147 
 113 112 148 
 148 112 146 
 114 113 149 
 114 149 147 
 149 113 148 
 150 115 151 
 151 115 144 
 120 117 153 
 117 116 153 
 116 130 153 
 128 119 154 
 120 153 155 
 119 118 156 
 154 119 156 
 156 118 121 
 156 121 157 
 121 120 157 
 157 120 155 
 122 129 158 
 123 122 159 
 159 122 158 
 124 123 160 
 160 123 159 
 125 124 161 
 161 124 160 
 126 125 162 
 162 125 161 
 127 126 163 
 146 127 163 
 163 126 162 
 129 128 164 
 158 129 164 
 164 128 154 
 153 130 165 
 130 131 166 
 131 133 166 
 130 166 165 
 133 132 167 
 133 167 166 
 167 132 134 
 167 134 168 
 139 168 134 
 135 137 169 
 136 135 169 
 136 169 170 
 140 136 170 
 137 142 171 
 169 137 171 
 138 141 172 
 138 172 139 
 139 172 173 
 139 173 168 
 140 170 174 
 141 140 174 
 141 174 172 
 171 142 175 
 142 176 175 
 177 145 143 
 177 143 147 
 151 144 178 
 178 144 145 
 178 145 177 
 148 146 179 
 146 163 179 
 180 177 147 
 149 180 147 
 149 148 181 
 149 181 180 
 148 179 181 
 152 150 182 
 182 150 151 
 182 151 183 
 183 151 178 
 184 152 185 
 185 152 182 
 155 153 187 
 187 153 165 
 164 154 188 
 154 156 188 
 189 157 155 
 155 187 189 
 156 157 190 
 188 156 190 
 190 157 189 
 159 158 191 
 158 164 191 
 160 159 192 
 192 159 191 
 161 160 193 
 193 160 192 
 163 162 194 
 162 161 194 
 161 193 194 
 163 194 195 
 179 163 195 
 164 188 196 
 191 164 196 
 187 165 197 
 197 165 198 
 198 165 166 
 168 173 199 
 166 167 199 
 168 199 167 
 166 199 198 
 169 171 200 
 170 169 200 
 170 200 201 
 174 170 201 
 171 175 202 
 200 171 202 
 172 174 203 
 173 172 203 
 173 203 204 
 199 173 204 
 174 201 205 
 174 205 203 
 202 175 206 
 175 176 207 
 175 207 206 
 176 208 207 
 183 178 209 
 209 178 177 
 209 177 180 
 181 179 210 
 179 195 210 
 209 180 211 
 211 180 181 
 211 181 210 
 185 182 212 
 212 182 183 
 212 183 213 
 213 183 209 
 186 184 214 
 214 184 185 
 214 185 215 
 215 185 212 
 216 186 217 
 217 186 214 
 189 187 219 
 187 197 219 
 196 188 220 
 220 188 190 
 221 189 219 
 190 189 222 
 220 190 222 
 222 189 221 
 195 223 210 
 192 191 224 
 224 191 196 
 193 192 225 
 225 192 224 
 194 193 226 
 193 225 226 
 195 194 227 
 195 227 223 
 227 194 226 
 196 220 228 
 224 196 228 
 229 219 197 
 197 198 230 
 197 230 229 
 230 198 199 
 204 231 199 
 199 231 230 
 200 202 232 
 201 200 232 
 201 232 205 
 202 206 233 
 232 202 233 
 203 205 234 
 203 234 204 
 204 234 231 
 205 232 235 
 234 205 235 
 233 206 236 
 206 207 237 
 206 237 236 
 207 208 238 
 207 238 237 
 208 239 238 
 213 209 240 
 240 209 211 
 241 240 211 
 241 211 210 
 241 210 223 
 215 212 242 
 242 212 213 
 242 213 240 
 217 214 243 
 243 214 215 
 243 215 244 
 244 215 242 
 218 216 245 
 245 216 217 
 245 217 246 
 246 217 243 
 247 218 248 
 248 218 245 
 221 219 249 
 249 219 229 
 228 220 250 
 250 220 222 
 251 221 249 
 222 221 252 
 250 222 252 
 252 221 251 
 223 227 253 
 223 253 241 
 225 224 254 
 225 254 226 
 254 224 228 
 227 226 255 
 253 227 255 
 255 226 254 
 228 250 256 
 254 228 256 
 249 229 257 
 257 229 258 
 229 230 258 
 231 259 230 
 230 259 258 
 231 234 260 
 231 260 259 
 232 233 262 
 233 236 262 
 232 262 235 
 235 262 263 
 235 263 234 
 234 263 260 
 236 264 262 
 236 237 265 
 236 265 264 
 237 238 266 
 237 266 265 
 239 261 267 
 238 239 267 
 238 267 266 
 242 240 269 
 269 240 241 
 269 241 270 
 270 241 253 
 244 242 271 
 271 242 269 
 270 253 272 
 246 243 273 
 273 243 244 
 273 244 271 
 248 245 274 
 274 245 246 
 274 246 275 
 275 246 273 
 268 247 276 
 276 247 248 
 276 248 277 
 277 248 274 
 251 249 278 
 278 249 257 
 256 250 279 
 279 250 252 
 280 251 278 
 252 251 281 
 279 252 281 
 281 251 280 
 253 255 282 
 272 253 282 
 255 254 283 
 282 255 283 
 283 254 256 
 256 279 284 
 283 256 284 
 278 257 285 
 259 286 258 
 257 258 286 
 286 285 257 
 286 287 285 
 259 260 288 
 259 288 286 
 263 289 260 
 288 260 289 
 261 291 292 
 267 261 292 
 263 262 293 
 262 264 293 
 263 293 289 
 264 294 293 
 264 265 295 
 264 295 294 
 265 266 296 
 265 296 295 
 267 292 297 
 266 267 297 
 266 297 296 
 298 268 299 
 299 268 276 
 301 271 269 
 301 269 270 
 301 270 272 
 273 271 302 
 302 271 301 
 301 272 303 
 303 272 282 
 275 273 304 
 304 273 302 
 277 274 305 
 305 274 275 
 305 275 304 
 299 276 306 
 306 276 277 
 306 277 307 
 307 277 305 
 280 278 308 
 308 278 285 
 309 303 282 
 310 280 308 
 284 279 311 
 311 279 281 
 281 280 312 
 281 312 311 
 312 280 310 
 309 282 313 
 282 283 313 
 283 284 313 
 284 311 314 
 284 314 313 
 308 285 315 
 287 290 315 
 315 285 287 
 290 316 315 
 289 319 288 
 286 288 319 
 286 319 287 
 319 290 287 
 289 293 320 
 289 320 319 
 319 321 290 
 290 321 316 
 323 317 318 
 322 323 318 
 291 324 325 
 292 291 325 
 292 325 326 
 297 292 326 
 294 327 293 
 320 293 327 
 294 295 328 
 294 328 327 
 295 296 329 
 295 329 328 
 297 326 330 
 296 297 330 
 296 330 329 
 300 298 331 
 331 298 299 
 331 299 332 
 332 299 306 
 333 300 334 
 334 300 331 
 335 304 302 
 302 301 335 
 335 301 303 
 336 335 303 
 336 303 309 
 305 304 337 
 337 304 335 
 307 305 338 
 338 305 337 
 332 306 339 
 339 306 307 
 339 307 338 
 310 308 340 
 340 308 315 
 341 336 309 
 341 309 313 
 342 310 340 
 312 310 343 
 343 310 342 
 314 311 344 
 344 311 312 
 312 343 344 
 345 341 313 
 345 313 314 
 314 344 345 
 315 316 346 
 315 346 340 
 316 321 347 
 316 347 348 
 346 316 348 
 318 317 350 
 318 350 349 
 317 351 350 
 322 318 352 
 352 318 349 
 352 349 353 
 354 322 352 
 320 327 355 
 319 320 355 
 319 355 321 
 321 356 347 
 321 355 357 
 357 356 321 
 358 322 354 
 359 323 322 
 358 359 322 
 324 360 361 
 325 324 361 
 327 362 355 
 325 361 363 
 326 325 363 
 326 363 364 
 330 326 364 
 328 329 365 
 328 365 327 
 327 365 362 
 330 364 366 
 329 330 366 
 329 366 365 
 334 331 369 
 369 331 332 
 369 332 370 
 370 332 339 
 368 333 371 
 371 333 334 
 371 334 372 
 372 334 369 
 373 336 341 
 337 335 374 
 374 335 336 
 374 336 373 
 375 338 337 
 375 337 374 
 339 338 376 
 376 338 375 
 370 339 377 
 377 339 376 
 342 340 378 
 340 346 378 
 373 341 379 
 379 341 345 
 373 379 380 
 381 344 343 
 381 343 342 
 381 342 378 
 379 345 382 
 382 345 344 
 382 344 381 
 346 348 383 
 346 383 378 
 356 384 347 
 348 347 385 
 385 347 384 
 348 385 386 
 383 348 386 
 353 349 388 
 353 388 387 
 349 350 389 
 349 389 388 
 350 351 390 
 350 390 389 
 351 391 390 
 392 358 354 
 354 352 393 
 393 352 353 
 393 353 394 
 394 353 387 
 392 354 395 
 395 354 393 
 362 396 355 
 396 357 355 
 356 398 384 
 384 398 397 
 396 399 357 
 357 399 356 
 356 399 398 
 402 358 392 
 403 359 358 
 402 403 358 
 360 367 404 
 361 360 404 
 361 404 405 
 363 361 405 
 365 406 362 
 362 406 396 
 363 405 407 
 364 363 407 
 364 407 366 
 366 407 408 
 365 366 408 
 365 408 406 
 367 409 410 
 404 367 410 
 411 368 412 
 412 368 371 
 372 369 414 
 414 369 370 
 414 370 377 
 412 371 415 
 415 371 372 
 415 372 416 
 416 372 414 
 375 374 417 
 374 373 417 
 417 373 380 
 418 377 376 
 376 375 418 
 418 375 417 
 414 377 419 
 419 377 418 
 420 417 380 
 421 381 378 
 421 378 383 
 422 420 380 
 422 380 379 
 379 382 422 
 422 382 423 
 382 381 423 
 421 423 381 
 383 386 424 
 425 421 383 
 425 383 424 
 384 397 427 
 384 427 385 
 386 385 427 
 386 427 428 
 386 428 424 
 397 429 427 
 394 387 431 
 394 431 400 
 400 431 401 
 401 431 432 
 387 388 433 
 387 433 431 
 388 389 435 
 388 435 433 
 389 390 436 
 389 436 435 
 391 434 437 
 390 391 437 
 390 437 436 
 438 402 392 
 438 392 439 
 439 392 395 
 439 395 440 
 395 393 440 
 393 394 440 
 440 394 400 
 440 400 441 
 406 442 396 
 396 442 399 
 401 432 444 
 444 432 443 
 443 426 445 
 426 447 445 
 397 448 429 
 429 448 430 
 430 448 446 
 398 449 397 
 397 449 448 
 399 442 450 
 399 450 398 
 398 450 449 
 441 400 451 
 400 401 451 
 451 401 452 
 401 444 452 
 452 444 453 
 455 402 438 
 454 455 438 
 456 403 402 
 455 456 402 
 404 410 458 
 405 404 458 
 405 458 459 
 407 405 459 
 408 460 406 
 406 460 442 
 407 459 461 
 407 461 408 
 408 461 460 
 409 457 462 
 410 409 462 
 410 462 463 
 458 410 463 
 413 411 466 
 466 411 412 
 466 412 467 
 467 412 415 
 468 413 469 
 469 413 466 
 416 414 470 
 470 414 419 
 467 415 471 
 471 415 416 
 471 416 470 
 418 417 472 
 420 472 417 
 473 470 419 
 419 418 473 
 473 418 472 
 474 472 420 
 474 420 422 
 475 421 425 
 476 423 421 
 475 476 421 
 474 422 477 
 476 477 423 
 477 422 423 
 475 425 478 
 428 478 424 
 478 425 424 
 426 479 447 
 447 479 446 
 443 480 426 
 426 480 479 
 479 481 446 
 446 481 430 
 427 429 482 
 427 482 428 
 482 478 428 
 430 481 483 
 483 482 429 
 429 430 483 
 432 484 443 
 484 480 443 
 433 485 431 
 431 485 432 
 485 484 432 
 433 435 486 
 433 486 485 
 434 464 487 
 437 434 487 
 435 436 488 
 435 488 486 
 437 487 489 
 436 437 489 
 436 489 488 
 439 440 492 
 454 438 493 
 438 439 493 
 493 439 492 
 494 454 493 
 441 451 495 
 496 492 440 
 440 441 496 
 497 496 441 
 497 441 495 
 442 460 498 
 498 499 442 
 442 499 450 
 444 443 500 
 444 500 453 
 500 443 445 
 500 445 501 
 501 445 447 
 447 446 502 
 446 448 502 
 502 503 447 
 501 447 503 
 449 504 448 
 504 502 448 
 499 505 450 
 505 504 449 
 449 450 505 
 453 500 506 
 507 495 451 
 451 452 507 
 508 507 452 
 452 453 508 
 506 508 453 
 509 455 454 
 494 509 454 
 510 456 455 
 509 510 455 
 511 509 494 
 457 512 513 
 462 457 513 
 458 463 514 
 459 458 514 
 459 514 461 
 461 514 515 
 460 461 515 
 460 515 498 
 462 513 516 
 463 462 516 
 463 516 517 
 514 463 517 
 464 465 520 
 487 464 520 
 465 490 521 
 520 465 521 
 469 466 522 
 522 466 467 
 522 467 523 
 523 467 471 
 524 468 525 
 525 468 469 
 525 469 526 
 526 469 522 
 471 470 527 
 527 470 473 
 523 471 528 
 528 471 527 
 529 473 472 
 529 472 474 
 527 473 530 
 530 473 529 
 529 474 531 
 477 531 474 
 532 475 478 
 533 476 475 
 532 533 475 
 534 531 477 
 534 477 476 
 533 534 476 
 482 535 478 
 478 535 532 
 484 536 480 
 480 537 479 
 479 537 481 
 480 536 538 
 480 538 537 
 481 537 539 
 481 539 483 
 539 540 483 
 483 540 482 
 540 535 482 
 485 486 541 
 485 541 484 
 484 541 536 
 486 488 542 
 486 542 541 
 487 520 543 
 489 487 543 
 489 543 544 
 488 489 544 
 488 544 542 
 541 545 536 
 490 491 546 
 521 490 546 
 491 519 547 
 546 491 547 
 547 519 548 
 549 493 492 
 549 492 496 
 550 494 493 
 550 493 549 
 511 494 551 
 551 494 550 
 552 495 507 
 553 497 495 
 552 553 495 
 554 549 496 
 554 496 497 
 553 554 497 
 515 555 498 
 498 555 499 
 499 555 556 
 499 556 505 
 503 557 501 
 501 557 500 
 557 506 500 
 558 557 503 
 502 558 503 
 558 502 504 
 505 556 559 
 505 559 504 
 504 559 558 
 560 508 506 
 557 560 506 
 561 552 507 
 561 507 508 
 560 561 508 
 562 510 509 
 562 509 511 
 563 511 551 
 564 562 511 
 564 511 563 
 512 518 566 
 513 512 566 
 513 566 567 
 516 513 567 
 514 517 568 
 514 568 515 
 515 568 555 
 516 567 569 
 517 516 569 
 517 569 568 
 518 570 571 
 566 518 571 
 519 572 548 
 520 521 573 
 543 520 573 
 521 546 574 
 573 521 574 
 526 522 575 
 575 522 523 
 575 523 528 
 576 526 575 
 577 524 578 
 578 524 525 
 578 525 579 
 579 525 526 
 579 526 576 
 575 528 581 
 581 528 582 
 582 528 527 
 582 527 530 
 583 582 530 
 530 529 583 
 583 529 531 
 584 583 531 
 584 531 534 
 585 533 532 
 585 532 535 
 586 584 534 
 586 534 533 
 585 586 533 
 540 587 535 
 535 587 585 
 545 588 536 
 538 536 588 
 588 589 538 
 537 538 589 
 537 589 539 
 589 590 539 
 539 590 540 
 540 590 587 
 542 544 591 
 542 591 541 
 541 591 545 
 543 573 592 
 544 543 592 
 544 592 591 
 591 593 545 
 545 593 588 
 546 547 594 
 574 546 594 
 548 572 595 
 547 548 596 
 594 547 596 
 548 595 597 
 596 548 597 
 598 550 549 
 598 549 554 
 563 551 599 
 551 550 600 
 551 600 599 
 600 550 598 
 601 552 561 
 602 553 552 
 601 602 552 
 603 598 554 
 603 554 553 
 602 603 553 
 555 568 604 
 555 604 556 
 556 604 605 
 556 605 559 
 558 606 557 
 557 606 560 
 559 605 607 
 559 607 558 
 558 607 606 
 601 561 608 
 608 561 560 
 608 560 606 
 609 608 606 
 565 562 611 
 611 562 564 
 612 564 563 
 612 563 599 
 611 564 613 
 613 564 612 
 612 599 614 
 610 565 615 
 615 565 611 
 566 571 616 
 567 566 616 
 567 616 617 
 569 567 617 
 569 617 618 
 569 618 568 
 568 618 604 
 570 619 620 
 571 570 620 
 571 620 621 
 616 571 621 
 572 622 595 
 573 574 623 
 592 573 623 
 574 594 624 
 623 574 624 
 576 575 625 
 625 575 581 
 626 579 576 
 626 576 625 
 580 577 627 
 627 577 578 
 627 578 628 
 628 578 579 
 628 579 626 
 629 580 630 
 630 580 627 
 631 625 581 
 581 582 632 
 631 581 632 
 632 582 583 
 632 583 633 
 633 583 584 
 633 584 634 
 634 584 586 
 634 586 635 
 635 586 585 
 635 585 587 
 590 636 587 
 587 636 635 
 588 593 637 
 588 637 589 
 637 638 589 
 589 638 590 
 590 638 636 
 592 623 639 
 591 592 639 
 591 639 593 
 593 639 640 
 593 640 637 
 594 596 641 
 624 594 641 
 595 622 642 
 595 642 643 
 597 595 643 
 596 597 644 
 641 596 644 
 597 643 645 
 644 597 645 
 647 601 608 
 600 598 648 
 648 598 603 
 614 599 649 
 599 600 649 
 600 648 649 
 650 602 601 
 650 601 647 
 648 603 651 
 651 603 602 
 651 602 650 
 614 649 652 
 618 653 604 
 605 604 653 
 653 654 605 
 605 654 607 
 654 655 607 
 655 609 606 
 606 607 655 
 655 656 609 
 609 656 657 
 647 608 657 
 609 657 608 
 646 610 658 
 658 610 615 
 615 611 659 
 659 611 613 
 659 613 660 
 613 612 660 
 660 612 614 
 660 614 661 
 661 614 652 
 658 615 662 
 662 615 659 
 663 646 658 
 616 621 665 
 617 616 665 
 617 665 666 
 618 617 666 
 618 666 653 
 665 621 667 
 619 664 668 
 620 619 668 
 620 668 669 
 621 620 669 
 621 669 667 
 622 671 642 
 642 671 670 
 623 624 673 
 639 623 673 
 624 641 674 
 673 624 674 
 675 626 625 
 675 625 631 
 676 628 626 
 676 626 675 
 630 627 677 
 677 627 628 
 677 628 676 
 678 675 631 
 672 629 679 
 679 629 630 
 679 630 680 
 680 630 677 
 678 631 681 
 681 631 632 
 681 632 633 
 682 681 633 
 682 633 634 
 682 634 683 
 683 634 635 
 636 684 635 
 683 635 684 
 638 685 636 
 636 685 684 
 637 640 686 
 637 686 638 
 638 686 685 
 639 673 687 
 639 687 640 
 640 687 688 
 686 640 688 
 641 644 689 
 674 641 689 
 642 670 690 
 643 642 690 
 690 670 691 
 643 690 692 
 645 643 692 
 644 645 693 
 689 644 693 
 645 692 694 
 693 645 694 
 695 646 663 
 696 650 647 
 696 647 657 
 648 651 697 
 652 649 697 
 648 697 649 
 697 651 698 
 651 650 698 
 698 650 696 
 699 661 652 
 699 652 697 
 653 666 700 
 653 700 654 
 700 701 654 
 654 701 655 
 655 701 656 
 701 702 656 
 656 702 657 
 702 703 657 
 696 657 703 
 663 658 704 
 704 658 662 
 705 661 699 
 662 659 706 
 706 659 660 
 706 660 707 
 707 660 661 
 707 661 705 
 704 662 708 
 708 662 706 
 709 663 704 
 710 695 663 
 710 663 709 
 664 711 712 
 668 664 712 
 665 667 713 
 666 665 713 
 666 713 700 
 667 669 714 
 667 714 713 
 668 712 715 
 669 668 715 
 669 715 714 
 670 717 691 
 691 717 716 
 671 718 670 
 670 718 717 
 719 672 720 
 720 672 679 
 673 674 721 
 687 673 721 
 674 689 722 
 721 674 722 
 723 676 675 
 723 675 678 
 680 677 724 
 724 677 676 
 724 676 723 
 723 678 725 
 678 681 725 
 720 679 726 
 726 679 680 
 726 680 727 
 727 680 724 
 728 725 681 
 728 681 682 
 729 728 682 
 729 682 683 
 729 683 684 
 730 729 684 
 684 685 730 
 686 688 731 
 685 686 731 
 685 731 730 
 687 721 732 
 687 732 688 
 688 732 731 
 730 731 733 
 689 693 734 
 722 689 734 
 690 691 735 
 692 690 735 
 691 716 736 
 735 691 736 
 692 735 737 
 694 692 737 
 693 694 738 
 694 737 738 
 734 693 738 
 739 695 710 
 698 696 740 
 703 740 696 
 697 698 741 
 740 741 698 
 697 741 699 
 705 699 742 
 742 699 741 
 743 705 742 
 700 713 744 
 700 744 701 
 701 744 745 
 701 745 702 
 702 745 746 
 702 746 703 
 703 746 740 
 709 704 747 
 747 704 708 
 748 707 705 
 748 705 743 
 708 706 749 
 749 706 707 
 749 707 748 
 747 708 750 
 750 708 749 
 739 710 752 
 751 739 752 
 751 752 753 
 754 709 747 
 752 710 755 
 755 710 709 
 755 709 754 
 711 756 757 
 712 711 757 
 712 757 758 
 715 712 758 
 759 744 713 
 713 714 759 
 715 758 760 
 714 715 760 
 714 760 759 
 736 716 761 
 716 762 761 
 717 763 716 
 716 763 762 
 718 764 717 
 717 764 763 
 765 719 766 
 766 719 720 
 766 720 767 
 767 720 726 
 721 722 768 
 732 721 768 
 722 734 769 
 768 722 769 
 727 724 770 
 724 723 770 
 770 723 725 
 771 770 725 
 771 725 728 
 767 726 772 
 772 726 727 
 772 727 770 
 773 771 728 
 773 728 729 
 773 729 774 
 774 729 730 
 774 730 733 
 732 768 775 
 732 775 731 
 731 775 733 
 775 776 733 
 774 733 776 
 734 738 777 
 769 734 777 
 735 736 778 
 736 761 778 
 737 735 778 
 737 778 779 
 738 737 779 
 777 738 780 
 779 780 738 
 781 739 782 
 782 739 751 
 748 743 783 
 784 748 783 
 742 741 785 
 785 741 740 
 746 785 740 
 743 742 786 
 743 786 783 
 786 742 785 
 744 759 787 
 744 787 745 
 745 787 788 
 745 788 746 
 746 788 785 
 754 747 789 
 789 747 750 
 750 749 790 
 790 749 748 
 790 748 784 
 789 750 791 
 791 750 790 
 782 751 792 
 792 751 793 
 793 751 753 
 752 755 794 
 753 752 794 
 793 753 795 
 753 794 795 
 796 754 789 
 794 755 797 
 797 755 754 
 797 754 796 
 759 798 787 
 756 799 800 
 757 756 800 
 757 800 801 
 758 757 801 
 758 801 802 
 760 758 802 
 760 802 803 
 759 760 803 
 759 803 798 
 761 805 778 
 778 805 804 
 761 762 806 
 761 806 805 
 762 807 806 
 763 808 762 
 762 808 807 
 764 809 763 
 763 809 808 
 811 765 812 
 812 765 766 
 812 766 813 
 813 766 767 
 813 767 814 
 814 767 772 
 768 769 815 
 775 768 815 
 769 777 816 
 815 769 816 
 772 770 817 
 817 770 771 
 817 771 818 
 818 771 773 
 814 772 819 
 819 772 817 
 818 773 820 
 820 773 821 
 773 774 821 
 821 774 776 
 775 815 822 
 775 822 776 
 822 821 776 
 777 780 823 
 816 777 823 
 779 778 824 
 824 778 804 
 824 804 825 
 779 824 826 
 780 779 826 
 780 826 827 
 823 780 827 
 828 781 829 
 781 782 829 
 829 782 830 
 830 782 792 
 784 783 831 
 831 783 786 
 790 784 832 
 832 784 831 
 785 788 833 
 831 786 833 
 786 785 833 
 787 798 834 
 788 787 834 
 834 833 788 
 796 789 835 
 835 789 791 
 791 790 836 
 836 790 832 
 835 791 837 
 837 791 836 
 830 792 838 
 792 793 838 
 838 793 839 
 793 795 839 
 794 797 840 
 794 840 795 
 839 795 841 
 795 840 841 
 842 796 835 
 840 797 843 
 843 797 796 
 843 796 842 
 798 803 844 
 798 844 834 
 799 845 846 
 800 799 846 
 800 846 847 
 801 800 847 
 801 847 848 
 802 801 848 
 802 848 849 
 803 802 849 
 803 849 844 
 805 850 804 
 804 850 825 
 805 806 851 
 805 851 850 
 807 810 852 
 806 807 852 
 806 852 851 
 810 853 852 
 808 854 807 
 807 854 810 
 809 855 808 
 808 855 854 
 854 856 810 
 810 856 853 
 853 856 857 
 858 811 859 
 859 811 812 
 859 812 860 
 860 812 813 
 860 813 861 
 861 813 814 
 861 814 819 
 850 862 825 
 815 816 863 
 816 823 863 
 822 815 863 
 864 819 817 
 864 817 818 
 864 818 820 
 861 819 865 
 865 819 864 
 864 820 866 
 821 866 820 
 867 866 821 
 867 821 822 
 822 863 867 
 823 827 868 
 823 868 863 
 826 824 869 
 869 824 825 
 869 825 862 
 826 869 870 
 827 826 870 
 827 870 868 
 871 828 872 
 872 828 829 
 872 829 873 
 873 829 830 
 873 830 874 
 874 830 838 
 874 838 875 
 836 832 876 
 833 876 831 
 832 831 876 
 834 844 877 
 834 877 833 
 833 877 876 
 842 835 878 
 878 835 837 
 878 837 879 
 837 836 879 
 836 876 879 
 880 842 878 
 875 838 881 
 838 839 881 
 881 839 882 
 839 841 882 
 882 841 883 
 840 843 884 
 840 884 841 
 841 884 883 
 884 843 885 
 885 843 842 
 885 842 880 
 844 849 887 
 844 887 877 
 845 886 888 
 846 845 888 
 846 888 889 
 847 846 889 
 847 889 890 
 848 847 890 
 848 890 891 
 849 848 891 
 849 891 887 
 850 851 892 
 850 892 862 
 851 852 893 
 851 893 892 
 852 853 894 
 852 894 893 
 853 857 895 
 853 895 894 
 855 896 854 
 854 896 856 
 856 896 897 
 856 897 857 
 857 897 898 
 895 857 898 
 901 858 902 
 902 858 859 
 902 859 903 
 903 859 860 
 903 860 904 
 904 860 861 
 904 861 905 
 905 861 865 
 862 892 906 
 862 906 907 
 862 907 869 
 908 867 863 
 908 863 868 
 909 905 865 
 865 864 909 
 909 864 866 
 910 909 866 
 910 866 867 
 908 910 867 
 911 908 868 
 870 911 868 
 870 869 912 
 870 912 911 
 912 869 907 
 913 871 914 
 914 871 872 
 914 872 915 
 915 872 873 
 915 873 916 
 916 873 874 
 916 874 917 
 917 874 875 
 917 875 918 
 875 881 919 
 918 875 919 
 877 887 920 
 877 920 876 
 876 920 879 
 880 878 921 
 920 921 879 
 878 879 921 
 922 885 880 
 922 880 921 
 919 881 923 
 923 881 882 
 923 882 924 
 924 882 883 
 884 925 883 
 924 883 925 
 884 885 926 
 884 926 925 
 926 885 922 
 886 927 928 
 888 886 928 
 887 891 929 
 887 929 920 
 888 928 930 
 889 888 930 
 889 930 931 
 890 889 931 
 890 931 932 
 891 890 932 
 891 932 929 
 892 893 935 
 892 935 906 
 893 894 936 
 935 893 936 
 894 895 937 
 894 937 936 
 895 938 937 
 898 938 895 
 896 899 939 
 896 939 897 
 897 939 940 
 897 940 898 
 898 940 941 
 898 941 938 
 899 900 942 
 939 899 942 
 900 933 943 
 942 900 943 
 944 901 945 
 945 901 902 
 945 902 946 
 946 902 903 
 946 903 947 
 947 903 904 
 947 904 905 
 947 905 948 
 948 905 909 
 906 935 949 
 906 949 950 
 907 906 950 
 907 950 912 
 951 910 908 
 951 908 911 
 948 909 952 
 952 909 910 
 952 910 951 
 953 951 911 
 911 912 953 
 950 954 912 
 953 912 954 
 955 913 956 
 956 913 914 
 956 914 957 
 914 915 957 
 957 915 958 
 958 915 916 
 958 916 959 
 959 916 917 
 959 917 962 
 962 917 918 
 962 918 963 
 918 919 963 
 919 923 964 
 919 964 963 
 920 929 965 
 920 965 921 
 922 921 965 
 926 922 966 
 965 966 922 
 964 923 967 
 967 923 924 
 967 924 925 
 925 926 968 
 925 968 967 
 968 926 966 
 927 961 969 
 928 927 969 
 928 969 970 
 930 928 970 
 929 932 971 
 929 971 965 
 930 970 972 
 931 930 972 
 931 972 973 
 932 931 973 
 932 973 971 
 933 934 975 
 943 933 975 
 975 934 976 
 934 977 976 
 936 937 982 
 935 936 982 
 982 949 935 
 938 983 937 
 983 982 937 
 938 941 984 
 938 984 983 
 939 942 985 
 940 939 985 
 940 985 986 
 941 940 986 
 941 986 987 
 984 941 987 
 942 943 988 
 985 942 988 
 943 975 989 
 988 943 989 
 990 944 991 
 991 944 945 
 991 945 992 
 992 945 946 
 992 946 993 
 993 946 947 
 993 947 994 
 994 947 948 
 995 994 948 
 995 948 952 
 982 996 949 
 950 949 997 
 997 949 996 
 950 997 954 
 998 995 952 
 998 952 951 
 998 951 953 
 998 953 999 
 954 997 999 
 954 999 953 
 1000 959 962 
 960 955 1001 
 1001 955 956 
 1001 956 1002 
 1002 956 957 
 1002 957 1003 
 1003 957 958 
 1003 958 1004 
 1004 958 959 
 1004 959 1000 
 1005 960 1006 
 1006 960 1001 
 961 974 1008 
 969 961 1008 
 1000 962 1009 
 1009 962 963 
 1009 963 1010 
 1010 963 964 
 964 967 1011 
 964 1011 1010 
 965 971 1012 
 965 1012 966 
 968 966 1012 
 1011 967 1013 
 1013 967 968 
 1012 1013 968 
 969 1008 1014 
 970 969 1014 
 970 1014 1015 
 972 970 1015 
 971 973 1016 
 971 1016 1012 
 972 1015 1017 
 973 972 1017 
 973 1017 1016 
 1018 1000 1009 
 974 1019 1020 
 1008 974 1020 
 976 977 1024 
 975 976 1025 
 989 975 1025 
 976 1024 1026 
 1025 976 1026 
 977 978 1027 
 977 1027 1028 
 1024 977 1028 
 1024 1028 1029 
 978 979 1030 
 1027 978 1030 
 979 980 1031 
 1030 979 1031 
 1027 1030 1032 
 980 981 1033 
 1031 980 1033 
 981 1022 1034 
 1033 981 1034 
 983 1036 982 
 982 1036 996 
 983 984 1037 
 983 1037 1036 
 1036 1038 996 
 984 987 1039 
 1037 984 1039 
 985 988 1040 
 986 985 1040 
 986 1040 1041 
 987 986 1041 
 987 1041 1042 
 1039 987 1042 
 1042 1041 1043 
 988 989 1044 
 1040 988 1044 
 989 1025 1045 
 1044 989 1045 
 1035 990 1046 
 1046 990 991 
 1046 991 1047 
 1047 991 992 
 1047 992 1048 
 1048 992 993 
 1048 993 994 
 1048 994 1049 
 1049 994 995 
 1049 995 1050 
 1050 995 998 
 1051 999 997 
 996 1038 1051 
 1051 997 996 
 1050 998 1052 
 1051 1052 999 
 1052 998 999 
 1054 1004 1000 
 1054 1000 1018 
 1006 1001 1055 
 1055 1001 1002 
 1055 1002 1056 
 1056 1002 1003 
 1056 1003 1057 
 1057 1003 1004 
 1057 1004 1054 
 1007 1005 1058 
 1058 1005 1006 
 1058 1006 1059 
 1059 1006 1055 
 1053 1007 1060 
 1060 1007 1058 
 1008 1020 1061 
 1014 1008 1061 
 1018 1009 1062 
 1062 1009 1010 
 1062 1010 1063 
 1063 1010 1011 
 1013 1064 1011 
 1011 1064 1063 
 1012 1016 1065 
 1012 1065 1013 
 1013 1065 1064 
 1014 1061 1066 
 1015 1014 1066 
 1015 1066 1067 
 1017 1015 1067 
 1017 1067 1068 
 1016 1017 1068 
 1016 1068 1065 
 1069 1054 1018 
 1069 1018 1070 
 1070 1018 1062 
 1019 1021 1071 
 1020 1019 1071 
 1020 1071 1072 
 1061 1020 1072 
 1021 1073 1074 
 1071 1021 1074 
 1022 1023 1082 
 1034 1022 1082 
 1023 1076 1083 
 1082 1023 1083 
 1026 1024 1084 
 1084 1024 1029 
 1025 1026 1085 
 1026 1084 1085 
 1045 1025 1085 
 1028 1027 1086 
 1086 1027 1032 
 1028 1086 1087 
 1029 1028 1087 
 1084 1029 1088 
 1029 1087 1089 
 1088 1029 1089 
 1030 1031 1090 
 1032 1030 1090 
 1031 1033 1091 
 1090 1031 1091 
 1086 1032 1092 
 1032 1090 1092 
 1033 1034 1093 
 1091 1033 1093 
 1034 1082 1094 
 1093 1034 1094 
 1095 1035 1096 
 1096 1035 1046 
 1036 1037 1098 
 1036 1098 1038 
 1037 1039 1099 
 1098 1037 1099 
 1038 1098 1100 
 1038 1100 1051 
 1039 1042 1101 
 1099 1039 1101 
 1040 1044 1102 
 1041 1040 1102 
 1041 1102 1043 
 1042 1043 1103 
 1101 1042 1103 
 1043 1102 1104 
 1043 1104 1103 
 1044 1045 1105 
 1102 1044 1105 
 1045 1085 1106 
 1105 1045 1106 
 1096 1046 1107 
 1107 1046 1047 
 1107 1047 1108 
 1108 1047 1048 
 1108 1048 1109 
 1109 1048 1049 
 1110 1109 1049 
 1110 1049 1050 
 1110 1050 1052 
 1111 1110 1052 
 1111 1052 1051 
 1111 1051 1100 
 1078 1053 1112 
 1112 1053 1060 
 1113 1057 1054 
 1113 1054 1069 
 1059 1055 1114 
 1055 1056 1114 
 1114 1056 1115 
 1115 1056 1057 
 1115 1057 1113 
 1116 1113 1069 
 1060 1058 1117 
 1117 1058 1059 
 1117 1059 1118 
 1118 1059 1114 
 1112 1060 1119 
 1119 1060 1117 
 1061 1072 1120 
 1066 1061 1120 
 1064 1121 1063 
 1070 1062 1121 
 1062 1063 1121 
 1065 1068 1122 
 1065 1122 1064 
 1064 1122 1121 
 1066 1120 1123 
 1067 1066 1123 
 1067 1123 1124 
 1068 1067 1124 
 1068 1124 1122 
 1116 1069 1125 
 1125 1069 1070 
 1125 1070 1121 
 1121 1126 1125 
 1071 1074 1127 
 1072 1071 1127 
 1072 1127 1128 
 1120 1072 1128 
 1073 1075 1129 
 1074 1073 1129 
 1074 1129 1130 
 1127 1074 1130 
 1075 1131 1132 
 1129 1075 1132 
 1076 1077 1134 
 1083 1076 1134 
 1077 1081 1135 
 1134 1077 1135 
 1079 1078 1136 
 1136 1078 1112 
 1080 1079 1137 
 1137 1079 1136 
 1081 1080 1138 
 1135 1081 1138 
 1138 1080 1137 
 1082 1083 1139 
 1094 1082 1139 
 1083 1134 1140 
 1139 1083 1140 
 1085 1084 1141 
 1084 1088 1141 
 1106 1085 1142 
 1085 1141 1142 
 1087 1086 1143 
 1143 1086 1092 
 1143 1092 1144 
 1141 1088 1145 
 1087 1143 1146 
 1089 1087 1146 
 1088 1089 1147 
 1089 1146 1147 
 1088 1147 1145 
 1090 1091 1148 
 1090 1148 1092 
 1091 1093 1149 
 1148 1091 1149 
 1144 1092 1150 
 1092 1148 1150 
 1144 1150 1151 
 1093 1094 1152 
 1149 1093 1152 
 1094 1139 1153 
 1152 1094 1153 
 1097 1095 1155 
 1155 1095 1096 
 1155 1096 1156 
 1156 1096 1107 
 1154 1097 1157 
 1157 1097 1155 
 1098 1099 1158 
 1098 1158 1100 
 1099 1101 1159 
 1158 1099 1159 
 1111 1100 1160 
 1100 1158 1160 
 1101 1103 1161 
 1159 1101 1161 
 1102 1105 1162 
 1102 1162 1104 
 1104 1162 1163 
 1103 1104 1163 
 1161 1103 1163 
 1105 1106 1164 
 1162 1105 1164 
 1106 1142 1165 
 1164 1106 1165 
 1164 1165 1166 
 1156 1107 1167 
 1167 1107 1108 
 1167 1108 1109 
 1167 1109 1168 
 1168 1109 1110 
 1168 1110 1169 
 1169 1110 1111 
 1169 1111 1170 
 1160 1170 1111 
 1136 1112 1172 
 1172 1112 1119 
 1116 1125 1173 
 1174 1115 1113 
 1174 1113 1116 
 1118 1114 1175 
 1175 1114 1115 
 1175 1115 1174 
 1174 1116 1176 
 1176 1116 1173 
 1119 1117 1177 
 1177 1117 1118 
 1177 1118 1178 
 1178 1118 1175 
 1172 1119 1179 
 1179 1119 1177 
 1120 1128 1180 
 1123 1120 1180 
 1122 1124 1181 
 1122 1181 1121 
 1121 1181 1126 
 1123 1180 1182 
 1124 1123 1182 
 1124 1182 1181 
 1183 1173 1125 
 1125 1126 1183 
 1181 1184 1126 
 1126 1184 1183 
 1127 1130 1185 
 1128 1127 1185 
 1128 1185 1180 
 1129 1132 1186 
 1130 1129 1186 
 1130 1186 1187 
 1185 1130 1187 
 1131 1133 1188 
 1132 1131 1188 
 1132 1188 1189 
 1186 1132 1189 
 1133 1190 1191 
 1188 1133 1191 
 1134 1135 1192 
 1140 1134 1192 
 1135 1138 1193 
 1192 1135 1193 
 1137 1136 1194 
 1194 1136 1172 
 1138 1137 1195 
 1193 1138 1195 
 1195 1137 1194 
 1139 1140 1196 
 1153 1139 1196 
 1140 1192 1197 
 1196 1140 1197 
 1142 1141 1198 
 1141 1145 1198 
 1198 1145 1199 
 1165 1142 1200 
 1200 1142 1198 
 1146 1143 1201 
 1201 1143 1144 
 1201 1144 1202 
 1202 1144 1151 
 1202 1151 1203 
 1145 1147 1204 
 1145 1204 1199 
 1146 1201 1205 
 1146 1205 1147 
 1147 1205 1204 
 1148 1149 1206 
 1149 1152 1206 
 1148 1206 1150 
 1151 1150 1206 
 1203 1151 1207 
 1206 1207 1151 
 1152 1153 1208 
 1152 1208 1206 
 1153 1196 1209 
 1208 1153 1209 
 1171 1154 1210 
 1210 1154 1157 
 1157 1155 1211 
 1211 1155 1156 
 1211 1156 1212 
 1212 1156 1167 
 1210 1157 1213 
 1213 1157 1211 
 1214 1170 1160 
 1158 1159 1214 
 1214 1160 1158 
 1159 1161 1214 
 1161 1163 1215 
 1161 1215 1214 
 1162 1164 1216 
 1162 1216 1163 
 1163 1216 1217 
 1163 1217 1215 
 1216 1164 1218 
 1164 1166 1218 
 1165 1200 1219 
 1166 1165 1219 
 1166 1219 1220 
 1166 1220 1218 
 1212 1167 1221 
 1221 1167 1168 
 1222 1221 1168 
 1222 1168 1169 
 1222 1169 1170 
 1223 1222 1170 
 1223 1170 1214 
 1224 1171 1225 
 1225 1171 1210 
 1194 1172 1226 
 1226 1172 1179 
 1227 1176 1173 
 1183 1227 1173 
 1178 1175 1228 
 1175 1174 1228 
 1228 1174 1176 
 1227 1228 1176 
 1179 1177 1229 
 1177 1178 1229 
 1229 1178 1228 
 1226 1179 1230 
 1230 1179 1229 
 1180 1185 1232 
 1182 1180 1232 
 1181 1182 1233 
 1181 1233 1184 
 1182 1232 1234 
 1182 1234 1233 
 1235 1227 1183 
 1235 1183 1184 
 1184 1233 1236 
 1184 1236 1235 
 1185 1187 1237 
 1185 1237 1232 
 1186 1189 1238 
 1187 1186 1238 
 1187 1238 1237 
 1188 1191 1239 
 1189 1188 1239 
 1189 1239 1240 
 1238 1189 1240 
 1190 1231 1241 
 1191 1190 1241 
 1191 1241 1242 
 1239 1191 1242 
 1192 1193 1243 
 1197 1192 1243 
 1193 1195 1244 
 1243 1193 1244 
 1195 1194 1245 
 1244 1195 1245 
 1245 1194 1226 
 1196 1197 1246 
 1209 1196 1246 
 1197 1243 1247 
 1246 1197 1247 
 1200 1198 1248 
 1248 1198 1199 
 1199 1204 1249 
 1248 1199 1249 
 1219 1200 1250 
 1250 1200 1248 
 1205 1201 1251 
 1251 1201 1202 
 1203 1207 1252 
 1251 1202 1253 
 1253 1202 1203 
 1253 1203 1252 
 1205 1251 1254 
 1205 1254 1204 
 1204 1254 1249 
 1206 1208 1255 
 1206 1255 1207 
 1207 1255 1256 
 1207 1256 1252 
 1208 1209 1257 
 1209 1246 1257 
 1208 1257 1255 
 1225 1210 1258 
 1258 1210 1213 
 1213 1211 1259 
 1259 1211 1212 
 1259 1212 1221 
 1258 1213 1260 
 1260 1213 1259 
 1223 1214 1261 
 1261 1214 1215 
 1215 1217 1261 
 1216 1218 1262 
 1216 1262 1217 
 1262 1218 1220 
 1217 1262 1261 
 1219 1250 1263 
 1220 1219 1263 
 1262 1220 1264 
 1220 1263 1264 
 1259 1221 1265 
 1265 1221 1222 
 1265 1222 1266 
 1266 1222 1223 
 1223 1261 1267 
 1223 1267 1266 
 1268 1224 1269 
 1269 1224 1225 
 1269 1225 1270 
 1270 1225 1258 
 1245 1226 1271 
 1271 1226 1230 
 1272 1228 1227 
 1272 1227 1235 
 1230 1229 1273 
 1273 1229 1228 
 1273 1228 1272 
 1271 1230 1274 
 1274 1230 1273 
 1275 1272 1235 
 1231 1276 1277 
 1241 1231 1277 
 1232 1237 1279 
 1232 1279 1234 
 1234 1279 1280 
 1234 1280 1233 
 1236 1233 1280 
 1275 1235 1281 
 1280 1281 1236 
 1281 1235 1236 
 1237 1238 1282 
 1279 1237 1282 
 1238 1240 1283 
 1238 1283 1282 
 1239 1242 1284 
 1240 1239 1284 
 1240 1284 1283 
 1241 1277 1285 
 1242 1241 1285 
 1242 1285 1286 
 1284 1242 1286 
 1243 1244 1287 
 1247 1243 1287 
 1244 1245 1288 
 1287 1244 1288 
 1288 1245 1289 
 1245 1271 1289 
 1246 1247 1290 
 1246 1290 1257 
 1247 1287 1291 
 1290 1247 1291 
 1250 1248 1292 
 1254 1292 1249 
 1292 1248 1249 
 1263 1250 1293 
 1293 1250 1292 
 1254 1251 1294 
 1294 1251 1253 
 1295 1252 1256 
 1294 1253 1296 
 1296 1253 1252 
 1296 1252 1295 
 1254 1294 1297 
 1254 1297 1292 
 1255 1257 1298 
 1255 1298 1256 
 1256 1298 1299 
 1256 1299 1295 
 1300 1295 1299 
 1257 1290 1301 
 1298 1257 1301 
 1270 1258 1302 
 1302 1258 1260 
 1302 1260 1303 
 1260 1259 1303 
 1303 1259 1265 
 1304 1267 1261 
 1261 1262 1304 
 1262 1264 1304 
 1263 1293 1305 
 1263 1305 1264 
 1305 1304 1264 
 1306 1303 1265 
 1306 1265 1266 
 1306 1266 1307 
 1304 1307 1267 
 1267 1307 1266 
 1308 1268 1309 
 1309 1268 1269 
 1309 1269 1310 
 1310 1269 1270 
 1310 1270 1311 
 1311 1270 1302 
 1271 1274 1312 
 1289 1271 1312 
 1274 1273 1313 
 1313 1273 1272 
 1313 1272 1275 
 1312 1274 1314 
 1314 1274 1313 
 1315 1313 1275 
 1275 1281 1315 
 1276 1278 1316 
 1277 1276 1316 
 1277 1316 1317 
 1285 1277 1317 
 1278 1318 1319 
 1316 1278 1319 
 1279 1282 1321 
 1280 1279 1321 
 1280 1321 1322 
 1280 1322 1281 
 1322 1315 1281 
 1282 1283 1323 
 1282 1323 1321 
 1283 1284 1324 
 1323 1283 1324 
 1284 1286 1325 
 1284 1325 1324 
 1285 1317 1326 
 1286 1285 1326 
 1286 1326 1325 
 1287 1288 1327 
 1291 1287 1327 
 1288 1289 1328 
 1327 1288 1328 
 1328 1289 1312 
 1290 1291 1329 
 1290 1329 1301 
 1291 1327 1330 
 1329 1291 1330 
 1292 1297 1331 
 1292 1331 1293 
 1305 1293 1332 
 1332 1293 1331 
 1297 1294 1333 
 1333 1294 1296 
 1333 1296 1334 
 1334 1296 1295 
 1334 1295 1300 
 1297 1333 1335 
 1331 1297 1335 
 1336 1334 1300 
 1298 1301 1337 
 1298 1337 1299 
 1299 1337 1338 
 1299 1338 1300 
 1336 1300 1339 
 1339 1300 1338 
 1301 1329 1340 
 1337 1301 1340 
 1311 1302 1341 
 1341 1302 1303 
 1341 1303 1306 
 1341 1306 1342 
 1343 1307 1304 
 1343 1304 1305 
 1343 1305 1332 
 1342 1306 1344 
 1344 1306 1307 
 1344 1307 1343 
 1345 1308 1346 
 1346 1308 1309 
 1346 1309 1347 
 1347 1309 1310 
 1347 1310 1348 
 1348 1310 1311 
 1348 1311 1349 
 1349 1311 1341 
 1328 1312 1350 
 1350 1312 1351 
 1312 1314 1351 
 1314 1313 1352 
 1352 1313 1315 
 1351 1314 1353 
 1314 1352 1353 
 1322 1354 1315 
 1352 1315 1354 
 1316 1319 1356 
 1317 1316 1356 
 1317 1356 1357 
 1326 1317 1357 
 1318 1320 1358 
 1319 1318 1358 
 1319 1358 1359 
 1356 1319 1359 
 1320 1355 1360 
 1358 1320 1360 
 1321 1323 1361 
 1321 1361 1322 
 1322 1361 1354 
 1323 1324 1362 
 1361 1323 1362 
 1324 1325 1363 
 1324 1363 1362 
 1325 1326 1364 
 1363 1325 1364 
 1326 1357 1365 
 1326 1365 1364 
 1327 1328 1367 
 1330 1327 1367 
 1367 1328 1350 
 1329 1330 1368 
 1330 1367 1368 
 1329 1368 1340 
 1331 1335 1369 
 1331 1369 1332 
 1370 1343 1332 
 1370 1332 1369 
 1335 1333 1371 
 1371 1333 1334 
 1371 1334 1336 
 1335 1371 1372 
 1369 1335 1372 
 1371 1336 1373 
 1373 1336 1339 
 1337 1340 1374 
 1337 1374 1338 
 1338 1374 1339 
 1374 1375 1339 
 1375 1373 1339 
 1374 1340 1376 
 1340 1368 1377 
 1340 1377 1376 
 1342 1344 1378 
 1349 1341 1379 
 1379 1341 1342 
 1379 1342 1378 
 1344 1343 1380 
 1380 1343 1370 
 1381 1378 1344 
 1381 1344 1380 
 1382 1345 1383 
 1383 1345 1346 
 1383 1346 1384 
 1384 1346 1347 
 1384 1347 1385 
 1385 1347 1348 
 1385 1348 1386 
 1386 1348 1349 
 1386 1349 1379 
 1367 1350 1388 
 1350 1351 1388 
 1388 1351 1389 
 1351 1353 1389 
 1353 1352 1390 
 1354 1390 1352 
 1389 1353 1391 
 1353 1390 1391 
 1354 1361 1392 
 1354 1392 1390 
 1355 1366 1393 
 1360 1355 1393 
 1356 1359 1394 
 1357 1356 1394 
 1357 1394 1365 
 1358 1360 1395 
 1359 1358 1395 
 1359 1395 1396 
 1394 1359 1396 
 1360 1393 1397 
 1395 1360 1397 
 1362 1363 1398 
 1362 1398 1361 
 1361 1398 1392 
 1363 1364 1399 
 1398 1363 1399 
 1364 1365 1400 
 1364 1400 1399 
 1365 1394 1401 
 1400 1365 1401 
 1366 1402 1403 
 1393 1366 1403 
 1367 1388 1405 
 1368 1367 1405 
 1368 1405 1406 
 1377 1368 1406 
 1380 1370 1407 
 1369 1372 1407 
 1407 1370 1369 
 1372 1371 1408 
 1408 1371 1373 
 1372 1408 1407 
 1408 1373 1409 
 1373 1375 1409 
 1409 1375 1410 
 1374 1376 1411 
 1374 1411 1375 
 1411 1410 1375 
 1411 1376 1412 
 1376 1377 1412 
 1412 1377 1406 
 1413 1410 1411 
 1414 1379 1378 
 1414 1378 1381 
 1415 1386 1379 
 1415 1379 1414 
 1414 1381 1416 
 1381 1380 1416 
 1407 1416 1380 
 1387 1382 1417 
 1417 1382 1383 
 1417 1383 1418 
 1418 1383 1384 
 1418 1384 1419 
 1419 1384 1385 
 1419 1385 1420 
 1420 1385 1386 
 1420 1386 1415 
 1421 1387 1422 
 1422 1387 1417 
 1388 1389 1424 
 1405 1388 1425 
 1425 1388 1424 
 1424 1389 1426 
 1389 1391 1426 
 1390 1392 1427 
 1390 1427 1391 
 1391 1427 1426 
 1398 1428 1392 
 1427 1392 1428 
 1393 1403 1429 
 1397 1393 1429 
 1394 1396 1430 
 1394 1430 1401 
 1395 1397 1431 
 1396 1395 1431 
 1396 1431 1430 
 1397 1429 1432 
 1431 1397 1432 
 1399 1400 1433 
 1399 1433 1398 
 1398 1433 1428 
 1400 1401 1434 
 1433 1400 1434 
 1401 1430 1435 
 1401 1435 1434 
 1402 1404 1436 
 1403 1402 1436 
 1403 1436 1437 
 1429 1403 1437 
 1404 1438 1439 
 1436 1404 1439 
 1405 1425 1442 
 1406 1405 1442 
 1406 1442 1412 
 1443 1416 1407 
 1443 1407 1408 
 1443 1408 1409 
 1443 1409 1444 
 1444 1409 1410 
 1413 1444 1410 
 1445 1444 1413 
 1442 1446 1412 
 1445 1413 1446 
 1411 1412 1446 
 1411 1446 1413 
 1415 1414 1447 
 1447 1414 1416 
 1420 1415 1448 
 1447 1448 1415 
 1449 1447 1416 
 1449 1416 1443 
 1422 1417 1450 
 1450 1417 1418 
 1450 1418 1451 
 1451 1418 1419 
 1451 1419 1452 
 1419 1420 1452 
 1452 1420 1448 
 1423 1421 1453 
 1453 1421 1422 
 1453 1422 1454 
 1454 1422 1450 
 1455 1423 1453 
 1456 1423 1455 
 1425 1424 1457 
 1457 1424 1426 
 1442 1425 1458 
 1458 1425 1457 
 1457 1426 1459 
 1428 1460 1427 
 1427 1460 1426 
 1459 1426 1460 
 1428 1433 1461 
 1428 1461 1460 
 1429 1437 1462 
 1432 1429 1462 
 1430 1431 1463 
 1435 1430 1463 
 1431 1432 1464 
 1432 1462 1464 
 1431 1464 1463 
 1434 1435 1465 
 1434 1465 1433 
 1433 1465 1461 
 1435 1463 1466 
 1465 1435 1466 
 1436 1439 1467 
 1437 1436 1467 
 1437 1467 1468 
 1462 1437 1468 
 1438 1440 1469 
 1439 1438 1469 
 1439 1469 1470 
 1467 1439 1470 
 1440 1441 1471 
 1469 1440 1471 
 1441 1472 1473 
 1471 1441 1473 
 1442 1458 1474 
 1442 1474 1446 
 1475 1444 1445 
 1443 1444 1475 
 1475 1449 1443 
 1475 1445 1476 
 1446 1476 1445 
 1477 1476 1446 
 1446 1474 1477 
 1478 1448 1447 
 1478 1447 1449 
 1479 1452 1448 
 1479 1448 1478 
 1480 1478 1449 
 1480 1449 1475 
 1454 1450 1481 
 1481 1450 1451 
 1481 1451 1452 
 1481 1452 1482 
 1482 1452 1479 
 1455 1453 1483 
 1483 1453 1454 
 1483 1454 1484 
 1484 1454 1481 
 1486 1455 1483 
 1485 1456 1487 
 1487 1456 1455 
 1487 1455 1486 
 1474 1458 1489 
 1461 1465 1490 
 1458 1457 1491 
 1458 1491 1489 
 1491 1457 1459 
 1460 1492 1459 
 1491 1459 1492 
 1461 1490 1493 
 1460 1461 1493 
 1460 1493 1492 
 1489 1491 1494 
 1462 1468 1495 
 1462 1495 1496 
 1464 1462 1496 
 1463 1464 1497 
 1463 1497 1466 
 1497 1464 1496 
 1466 1497 1498 
 1466 1498 1465 
 1465 1498 1490 
 1467 1470 1499 
 1468 1467 1499 
 1468 1499 1495 
 1469 1471 1500 
 1470 1469 1500 
 1470 1500 1501 
 1499 1470 1501 
 1471 1473 1502 
 1500 1471 1502 
 1472 1503 1504 
 1473 1472 1504 
 1473 1504 1506 
 1502 1473 1506 
 1474 1489 1507 
 1474 1507 1477 
 1480 1475 1508 
 1508 1475 1476 
 1509 1508 1476 
 1509 1476 1477 
 1507 1509 1477 
 1510 1479 1478 
 1510 1478 1480 
 1482 1479 1511 
 1511 1479 1510 
 1510 1480 1512 
 1508 1512 1480 
 1484 1481 1513 
 1513 1481 1482 
 1514 1513 1482 
 1514 1482 1511 
 1486 1483 1515 
 1515 1483 1484 
 1515 1484 1513 
 1516 1486 1515 
 1488 1485 1517 
 1517 1485 1487 
 1517 1487 1518 
 1518 1487 1486 
 1518 1486 1516 
 1519 1488 1520 
 1520 1488 1517 
 1507 1489 1522 
 1489 1494 1522 
 1493 1490 1523 
 1490 1498 1524 
 1490 1524 1523 
 1492 1525 1491 
 1494 1491 1525 
 1492 1493 1526 
 1492 1526 1525 
 1493 1523 1527 
 1493 1527 1526 
 1528 1522 1494 
 1525 1528 1494 
 1495 1499 1529 
 1496 1495 1530 
 1496 1530 1497 
 1530 1495 1529 
 1498 1497 1531 
 1497 1530 1531 
 1498 1531 1532 
 1498 1532 1524 
 1499 1501 1533 
 1499 1533 1529 
 1500 1502 1534 
 1501 1500 1534 
 1501 1534 1533 
 1502 1506 1535 
 1534 1502 1535 
 1503 1505 1538 
 1504 1503 1538 
 1504 1538 1539 
 1506 1504 1539 
 1505 1536 1540 
 1538 1505 1540 
 1506 1539 1541 
 1535 1506 1541 
 1544 1509 1507 
 1544 1507 1522 
 1545 1512 1508 
 1545 1508 1509 
 1544 1545 1509 
 1522 1546 1544 
 1547 1514 1511 
 1511 1510 1547 
 1547 1510 1512 
 1548 1547 1512 
 1548 1512 1545 
 1515 1513 1549 
 1549 1513 1514 
 1549 1514 1550 
 1550 1514 1547 
 1516 1515 1551 
 1551 1515 1549 
 1552 1518 1516 
 1552 1516 1551 
 1520 1517 1553 
 1553 1517 1518 
 1553 1518 1552 
 1521 1519 1554 
 1554 1519 1520 
 1554 1520 1555 
 1555 1520 1553 
 1556 1521 1557 
 1557 1521 1554 
 1559 1546 1522 
 1559 1522 1528 
 1524 1532 1560 
 1524 1560 1523 
 1523 1560 1527 
 1525 1526 1561 
 1525 1561 1528 
 1560 1562 1527 
 1562 1561 1526 
 1562 1526 1527 
 1528 1561 1563 
 1563 1559 1528 
 1529 1533 1564 
 1529 1564 1565 
 1530 1529 1565 
 1530 1565 1566 
 1530 1566 1531 
 1532 1531 1567 
 1567 1531 1566 
 1532 1567 1568 
 1560 1532 1568 
 1533 1534 1569 
 1564 1533 1569 
 1534 1535 1570 
 1535 1541 1570 
 1534 1570 1569 
 1536 1537 1571 
 1540 1536 1571 
 1537 1542 1572 
 1571 1537 1572 
 1538 1540 1573 
 1539 1538 1573 
 1539 1573 1574 
 1541 1539 1574 
 1540 1571 1575 
 1573 1540 1575 
 1570 1541 1576 
 1541 1574 1577 
 1541 1577 1576 
 1542 1543 1578 
 1572 1542 1578 
 1543 1579 1580 
 1578 1543 1580 
 1582 1548 1545 
 1582 1545 1544 
 1582 1544 1546 
 1583 1582 1546 
 1583 1546 1559 
 1550 1547 1584 
 1584 1547 1548 
 1584 1548 1585 
 1585 1548 1582 
 1586 1551 1549 
 1586 1549 1550 
 1586 1550 1587 
 1587 1550 1584 
 1588 1552 1551 
 1588 1551 1586 
 1555 1553 1589 
 1589 1553 1552 
 1589 1552 1588 
 1557 1554 1590 
 1590 1554 1555 
 1590 1555 1591 
 1591 1555 1589 
 1558 1556 1592 
 1592 1556 1557 
 1592 1557 1593 
 1593 1557 1590 
 1594 1558 1595 
 1595 1558 1592 
 1583 1559 1596 
 1596 1559 1563 
 1560 1568 1597 
 1560 1597 1562 
 1562 1597 1598 
 1562 1598 1561 
 1561 1598 1563 
 1596 1563 1599 
 1563 1598 1599 
 1600 1583 1596 
 1564 1569 1601 
 1565 1564 1602 
 1565 1602 1566 
 1602 1564 1601 
 1566 1602 1567 
 1568 1567 1603 
 1602 1603 1567 
 1568 1603 1604 
 1597 1568 1604 
 1569 1570 1605 
 1569 1605 1601 
 1605 1570 1576 
 1571 1572 1607 
 1575 1571 1607 
 1572 1578 1608 
 1607 1572 1608 
 1573 1575 1609 
 1574 1573 1609 
 1574 1609 1577 
 1575 1607 1610 
 1609 1575 1610 
 1576 1577 1611 
 1576 1611 1605 
 1577 1609 1612 
 1611 1577 1612 
 1578 1580 1613 
 1608 1578 1613 
 1579 1581 1614 
 1580 1579 1614 
 1580 1614 1615 
 1613 1580 1615 
 1581 1616 1617 
 1614 1581 1617 
 1619 1585 1582 
 1619 1582 1583 
 1619 1583 1620 
 1600 1620 1583 
 1621 1587 1584 
 1584 1585 1621 
 1622 1621 1585 
 1622 1585 1619 
 1588 1586 1623 
 1621 1623 1587 
 1586 1587 1623 
 1591 1589 1624 
 1589 1588 1624 
 1624 1588 1623 
 1593 1590 1625 
 1625 1590 1591 
 1625 1591 1624 
 1595 1592 1626 
 1626 1592 1593 
 1626 1593 1627 
 1627 1593 1625 
 1606 1594 1628 
 1628 1594 1595 
 1628 1595 1629 
 1629 1595 1626 
 1630 1600 1596 
 1630 1596 1599 
 1597 1604 1631 
 1598 1597 1631 
 1598 1631 1632 
 1598 1632 1599 
 1630 1599 1632 
 1633 1600 1630 
 1634 1620 1600 
 1633 1634 1600 
 1601 1605 1635 
 1601 1635 1602 
 1602 1635 1636 
 1602 1636 1603 
 1603 1636 1637 
 1603 1637 1604 
 1604 1637 1631 
 1637 1638 1631 
 1635 1605 1639 
 1605 1611 1639 
 1640 1606 1641 
 1641 1606 1628 
 1608 1613 1643 
 1607 1608 1644 
 1610 1607 1644 
 1644 1608 1643 
 1609 1610 1645 
 1610 1644 1645 
 1609 1645 1612 
 1611 1612 1646 
 1639 1611 1646 
 1612 1645 1647 
 1612 1647 1646 
 1613 1615 1648 
 1643 1613 1648 
 1614 1617 1649 
 1615 1614 1649 
 1615 1649 1650 
 1648 1615 1650 
 1616 1618 1651 
 1617 1616 1651 
 1617 1651 1652 
 1649 1617 1652 
 1618 1653 1654 
 1651 1618 1654 
 1622 1619 1656 
 1634 1656 1620 
 1656 1619 1620 
 1657 1623 1621 
 1657 1621 1622 
 1657 1622 1658 
 1656 1658 1622 
 1659 1624 1623 
 1659 1623 1657 
 1625 1624 1660 
 1660 1624 1659 
 1627 1625 1661 
 1661 1625 1660 
 1629 1626 1662 
 1662 1626 1627 
 1662 1627 1661 
 1641 1628 1663 
 1663 1628 1629 
 1663 1629 1664 
 1664 1629 1662 
 1665 1634 1633 
 1633 1630 1666 
 1666 1630 1632 
 1638 1667 1631 
 1632 1631 1667 
 1632 1667 1666 
 1665 1633 1668 
 1668 1633 1666 
 1669 1656 1634 
 1669 1634 1665 
 1635 1639 1670 
 1635 1670 1636 
 1636 1670 1671 
 1636 1671 1637 
 1637 1671 1672 
 1637 1672 1638 
 1638 1672 1673 
 1638 1673 1667 
 1670 1639 1674 
 1646 1674 1639 
 1642 1640 1675 
 1675 1640 1641 
 1675 1641 1676 
 1676 1641 1663 
 1677 1642 1678 
 1678 1642 1675 
 1644 1643 1680 
 1643 1648 1680 
 1644 1680 1681 
 1645 1644 1681 
 1647 1645 1681 
 1646 1647 1682 
 1646 1682 1674 
 1647 1681 1683 
 1682 1647 1683 
 1680 1648 1686 
 1648 1650 1687 
 1648 1687 1686 
 1649 1652 1688 
 1650 1649 1688 
 1650 1688 1687 
 1651 1654 1689 
 1652 1651 1689 
 1652 1689 1690 
 1688 1652 1690 
 1653 1655 1691 
 1654 1653 1691 
 1654 1691 1692 
 1689 1654 1692 
 1655 1684 1693 
 1691 1655 1693 
 1694 1658 1656 
 1669 1694 1656 
 1659 1657 1695 
 1694 1695 1658 
 1658 1695 1657 
 1696 1661 1660 
 1660 1659 1696 
 1696 1659 1695 
 1662 1661 1697 
 1697 1661 1696 
 1664 1662 1698 
 1698 1662 1697 
 1699 1694 1669 
 1676 1663 1700 
 1700 1663 1664 
 1700 1664 1698 
 1701 1669 1665 
 1701 1665 1668 
 1667 1673 1702 
 1667 1702 1666 
 1668 1666 1702 
 1703 1701 1668 
 1703 1668 1702 
 1699 1669 1704 
 1704 1669 1701 
 1670 1674 1705 
 1671 1670 1705 
 1671 1705 1706 
 1671 1706 1672 
 1706 1707 1672 
 1673 1672 1707 
 1707 1708 1673 
 1702 1673 1708 
 1674 1682 1709 
 1674 1709 1705 
 1678 1675 1710 
 1710 1675 1676 
 1710 1676 1711 
 1711 1676 1700 
 1679 1677 1712 
 1712 1677 1678 
 1712 1678 1713 
 1713 1678 1710 
 1714 1679 1715 
 1715 1679 1712 
 1681 1680 1718 
 1681 1718 1683 
 1718 1680 1686 
 1709 1682 1719 
 1683 1718 1720 
 1683 1720 1682 
 1682 1720 1719 
 1684 1685 1721 
 1693 1684 1721 
 1685 1722 1723 
 1721 1685 1723 
 1686 1687 1726 
 1686 1726 1718 
 1687 1688 1727 
 1726 1687 1727 
 1688 1690 1728 
 1688 1728 1727 
 1689 1692 1729 
 1690 1689 1729 
 1690 1729 1728 
 1691 1693 1730 
 1692 1691 1730 
 1692 1730 1731 
 1729 1692 1731 
 1693 1721 1732 
 1730 1693 1732 
 1733 1696 1695 
 1733 1695 1694 
 1733 1694 1699 
 1697 1696 1734 
 1734 1696 1733 
 1735 1698 1697 
 1735 1697 1734 
 1700 1698 1736 
 1736 1698 1735 
 1737 1733 1699 
 1737 1699 1704 
 1711 1700 1738 
 1738 1700 1736 
 1708 1739 1702 
 1740 1704 1701 
 1740 1701 1703 
 1740 1703 1741 
 1739 1741 1702 
 1741 1703 1702 
 1742 1737 1704 
 1742 1704 1740 
 1705 1709 1743 
 1705 1743 1706 
 1706 1743 1744 
 1706 1744 1707 
 1707 1744 1745 
 1707 1745 1708 
 1708 1745 1739 
 1709 1719 1746 
 1743 1709 1746 
 1713 1710 1747 
 1747 1710 1711 
 1747 1711 1738 
 1715 1712 1748 
 1748 1712 1713 
 1748 1713 1749 
 1749 1713 1747 
 1716 1714 1750 
 1750 1714 1715 
 1750 1715 1751 
 1751 1715 1748 
 1752 1716 1753 
 1753 1716 1750 
 1717 1755 1756 
 1757 1717 1756 
 1720 1718 1759 
 1718 1726 1759 
 1746 1719 1760 
 1720 1759 1761 
 1720 1761 1719 
 1760 1719 1761 
 1721 1723 1762 
 1732 1721 1762 
 1722 1724 1763 
 1723 1722 1763 
 1723 1763 1764 
 1762 1723 1764 
 1724 1725 1765 
 1763 1724 1765 
 1725 1754 1766 
 1765 1725 1766 
 1726 1767 1759 
 1726 1727 1768 
 1726 1768 1767 
 1727 1728 1769 
 1727 1769 1768 
 1728 1729 1770 
 1769 1728 1770 
 1729 1731 1771 
 1729 1771 1770 
 1730 1732 1772 
 1731 1730 1772 
 1731 1772 1771 
 1732 1762 1773 
 1772 1732 1773 
 1774 1735 1734 
 1734 1733 1774 
 1774 1733 1737 
 1736 1735 1775 
 1775 1735 1774 
 1776 1738 1736 
 1776 1736 1775 
 1777 1774 1737 
 1777 1737 1742 
 1747 1738 1778 
 1778 1738 1776 
 1739 1745 1779 
 1780 1741 1739 
 1779 1780 1739 
 1742 1740 1781 
 1780 1781 1741 
 1741 1781 1740 
 1777 1742 1782 
 1781 1782 1742 
 1743 1746 1783 
 1744 1743 1783 
 1744 1783 1784 
 1745 1744 1784 
 1745 1784 1779 
 1746 1760 1785 
 1783 1746 1785 
 1779 1784 1786 
 1749 1747 1787 
 1787 1747 1778 
 1751 1748 1788 
 1788 1748 1749 
 1788 1749 1787 
 1753 1750 1789 
 1789 1750 1751 
 1789 1751 1790 
 1790 1751 1788 
 1791 1752 1792 
 1792 1752 1753 
 1792 1753 1793 
 1793 1753 1789 
 1754 1794 1795 
 1766 1754 1795 
 1755 1758 1801 
 1755 1801 1756 
 1802 1757 1756 
 1802 1756 1801 
 1803 1757 1802 
 1758 1805 1806 
 1801 1758 1806 
 1785 1760 1809 
 1761 1759 1810 
 1810 1759 1767 
 1761 1810 1811 
 1761 1811 1760 
 1760 1811 1809 
 1762 1764 1812 
 1773 1762 1812 
 1763 1765 1813 
 1764 1763 1813 
 1764 1813 1814 
 1812 1764 1814 
 1765 1766 1815 
 1813 1765 1815 
 1766 1795 1816 
 1815 1766 1816 
 1768 1769 1817 
 1768 1817 1767 
 1767 1817 1810 
 1769 1770 1818 
 1817 1769 1818 
 1770 1771 1819 
 1770 1819 1818 
 1771 1772 1820 
 1819 1771 1820 
 1772 1773 1821 
 1773 1812 1821 
 1772 1821 1820 
 1822 1776 1775 
 1775 1774 1822 
 1822 1774 1777 
 1778 1776 1823 
 1823 1776 1822 
 1822 1777 1824 
 1782 1824 1777 
 1825 1787 1778 
 1825 1778 1823 
 1826 1780 1779 
 1786 1826 1779 
 1827 1782 1781 
 1827 1781 1780 
 1826 1827 1780 
 1828 1824 1782 
 1828 1782 1827 
 1829 1826 1786 
 1783 1785 1830 
 1784 1783 1830 
 1784 1830 1786 
 1785 1809 1831 
 1830 1785 1831 
 1829 1786 1832 
 1786 1830 1832 
 1788 1787 1833 
 1833 1787 1825 
 1790 1788 1834 
 1834 1788 1833 
 1793 1789 1835 
 1835 1789 1790 
 1835 1790 1834 
 1836 1791 1837 
 1837 1791 1792 
 1837 1792 1838 
 1838 1792 1793 
 1838 1793 1839 
 1839 1793 1835 
 1794 1796 1840 
 1795 1794 1840 
 1795 1840 1841 
 1816 1795 1841 
 1796 1797 1842 
 1840 1796 1842 
 1797 1798 1843 
 1842 1797 1843 
 1798 1799 1848 
 1843 1798 1848 
 1799 1800 1849 
 1848 1799 1849 
 1800 1844 1850 
 1849 1800 1850 
 1801 1806 1851 
 1852 1802 1801 
 1801 1851 1852 
 1804 1803 1853 
 1853 1803 1802 
 1853 1802 1852 
 1847 1804 1854 
 1854 1804 1853 
 1805 1807 1855 
 1806 1805 1855 
 1806 1855 1856 
 1851 1806 1856 
 1807 1808 1857 
 1855 1807 1857 
 1808 1858 1859 
 1857 1808 1859 
 1831 1809 1860 
 1811 1861 1809 
 1860 1809 1861 
 1810 1817 1862 
 1811 1810 1862 
 1811 1862 1863 
 1811 1863 1861 
 1817 1864 1862 
 1821 1812 1865 
 1812 1814 1866 
 1812 1866 1865 
 1813 1815 1867 
 1814 1813 1867 
 1814 1867 1866 
 1815 1816 1868 
 1867 1815 1868 
 1816 1841 1869 
 1868 1816 1869 
 1818 1819 1870 
 1818 1870 1817 
 1817 1870 1864 
 1819 1820 1871 
 1870 1819 1871 
 1820 1821 1872 
 1820 1872 1871 
 1872 1821 1865 
 1874 1825 1823 
 1823 1822 1874 
 1874 1822 1824 
 1875 1874 1824 
 1875 1824 1828 
 1833 1825 1876 
 1876 1825 1874 
 1828 1827 1877 
 1877 1827 1826 
 1877 1826 1829 
 1878 1875 1828 
 1878 1828 1877 
 1877 1829 1879 
 1880 1879 1829 
 1880 1829 1832 
 1831 1860 1881 
 1831 1881 1882 
 1830 1831 1882 
 1830 1882 1832 
 1880 1832 1882 
 1883 1834 1833 
 1883 1833 1876 
 1839 1835 1884 
 1884 1835 1834 
 1884 1834 1883 
 1873 1836 1885 
 1885 1836 1837 
 1885 1837 1886 
 1886 1837 1838 
 1886 1838 1887 
 1887 1838 1839 
 1887 1839 1888 
 1888 1839 1884 
 1889 1873 1885 
 1840 1842 1890 
 1841 1840 1890 
 1841 1890 1891 
 1869 1841 1891 
 1842 1843 1892 
 1890 1842 1892 
 1843 1848 1893 
 1892 1843 1893 
 1844 1845 1894 
 1850 1844 1894 
 1845 1846 1895 
 1894 1845 1895 
 1846 1847 1896 
 1895 1846 1896 
 1896 1847 1854 
 1848 1849 1897 
 1893 1848 1897 
 1849 1850 1898 
 1897 1849 1898 
 1850 1894 1899 
 1898 1850 1899 
 1851 1856 1900 
 1900 1852 1851 
 1854 1853 1901 
 1901 1853 1852 
 1901 1852 1900 
 1896 1854 1902 
 1902 1854 1901 
 1855 1857 1903 
 1856 1855 1903 
 1856 1903 1904 
 1856 1904 1900 
 1857 1859 1905 
 1903 1857 1905 
 1858 1906 1907 
 1859 1858 1907 
 1859 1907 1908 
 1905 1859 1908 
 1881 1860 1909 
 1861 1863 1910 
 1861 1910 1860 
 1860 1910 1909 
 1862 1864 1911 
 1862 1911 1863 
 1863 1911 1910 
 1864 1870 1912 
 1864 1912 1913 
 1911 1864 1913 
 1865 1866 1914 
 1865 1914 1872 
 1866 1867 1915 
 1914 1866 1915 
 1867 1868 1916 
 1868 1869 1916 
 1867 1916 1915 
 1869 1891 1917 
 1869 1917 1918 
 1916 1869 1918 
 1871 1872 1919 
 1871 1919 1870 
 1870 1919 1912 
 1919 1872 1920 
 1872 1914 1920 
 1921 1873 1889 
 1876 1874 1922 
 1922 1874 1875 
 1922 1875 1923 
 1923 1875 1878 
 1876 1922 1924 
 1924 1883 1876 
 1878 1877 1925 
 1925 1877 1879 
 1923 1878 1926 
 1925 1926 1878 
 1881 1909 1927 
 1928 1925 1879 
 1928 1879 1880 
 1929 1928 1880 
 1882 1881 1929 
 1929 1881 1927 
 1929 1880 1882 
 1888 1884 1930 
 1884 1883 1930 
 1930 1883 1924 
 1889 1885 1931 
 1931 1885 1886 
 1931 1886 1932 
 1932 1886 1887 
 1932 1887 1933 
 1933 1887 1888 
 1933 1888 1930 
 1934 1889 1931 
 1935 1921 1889 
 1935 1889 1934 
 1890 1892 1936 
 1891 1890 1936 
 1891 1936 1917 
 1892 1893 1937 
 1936 1892 1937 
 1893 1897 1938 
 1937 1893 1938 
 1894 1895 1939 
 1899 1894 1939 
 1895 1896 1940 
 1939 1895 1940 
 1940 1896 1902 
 1897 1898 1941 
 1938 1897 1941 
 1898 1899 1942 
 1941 1898 1942 
 1899 1939 1943 
 1942 1899 1943 
 1902 1901 1944 
 1944 1901 1900 
 1944 1900 1904 
 1940 1902 1945 
 1945 1902 1944 
 1903 1905 1946 
 1904 1903 1946 
 1904 1946 1947 
 1944 1904 1947 
 1905 1908 1948 
 1946 1905 1948 
 1906 1949 1950 
 1907 1906 1950 
 1907 1950 1951 
 1908 1907 1951 
 1908 1951 1952 
 1948 1908 1952 
 1912 1919 1953 
 1910 1954 1909 
 1954 1927 1909 
 1911 1913 1955 
 1911 1955 1910 
 1910 1955 1954 
 1912 1953 1956 
 1913 1912 1956 
 1913 1956 1957 
 1955 1913 1957 
 1914 1915 1958 
 1920 1914 1958 
 1917 1936 1959 
 1915 1916 1960 
 1915 1960 1958 
 1960 1916 1918 
 1918 1917 1961 
 1918 1961 1960 
 1961 1917 1959 
 1919 1920 1962 
 1919 1962 1953 
 1962 1920 1963 
 1958 1963 1920 
 1964 1921 1935 
 1966 1924 1922 
 1966 1922 1923 
 1966 1923 1926 
 1967 1930 1924 
 1967 1924 1966 
 1968 1926 1925 
 1968 1925 1928 
 1969 1966 1926 
 1969 1926 1968 
 1929 1927 1970 
 1954 1970 1927 
 1968 1928 1971 
 1971 1928 1929 
 1971 1929 1972 
 1970 1972 1929 
 1973 1933 1930 
 1973 1930 1967 
 1934 1931 1974 
 1974 1931 1932 
 1974 1932 1975 
 1975 1932 1933 
 1975 1933 1973 
 1976 1934 1974 
 1977 1935 1934 
 1977 1934 1976 
 1978 1964 1935 
 1978 1935 1977 
 1936 1937 1979 
 1937 1938 1979 
 1936 1979 1959 
 1938 1941 1980 
 1938 1980 1979 
 1939 1940 1981 
 1943 1939 1981 
 1981 1940 1945 
 1941 1942 1982 
 1980 1941 1982 
 1942 1943 1983 
 1943 1981 1983 
 1982 1942 1983 
 1981 1945 1984 
 1945 1944 1984 
 1984 1944 1947 
 1946 1948 1985 
 1947 1946 1985 
 1947 1985 1984 
 1948 1952 1986 
 1985 1948 1986 
 1949 1965 1987 
 1950 1949 1987 
 1950 1987 1988 
 1951 1950 1988 
 1987 1965 1989 
 1951 1988 1990 
 1952 1951 1990 
 1952 1990 1986 
 1954 1991 1970 
 1953 1962 1992 
 1953 1992 1956 
 1955 1957 1993 
 1955 1993 1954 
 1954 1993 1991 
 1991 1993 1994 
 1956 1992 1995 
 1957 1956 1995 
 1957 1995 1996 
 1993 1957 1996 
 1958 1960 1997 
 1958 1997 1963 
 1959 1979 1998 
 1959 1998 1999 
 1961 1959 1999 
 1997 1960 2000 
 1960 1961 2000 
 1961 1999 2001 
 1961 2001 2000 
 1962 1963 2002 
 1992 1962 2002 
 1963 1997 2003 
 1963 2003 2002 
 2005 1964 1978 
 2004 2005 1978 
 1965 2006 1989 
 2007 1967 1966 
 2007 1966 1969 
 1973 1967 2008 
 2008 1967 2007 
 2009 2007 1969 
 2009 1969 2010 
 2010 1969 1968 
 2010 1968 1971 
 2011 1972 1970 
 1970 1991 2011 
 2010 1971 2012 
 2011 2012 1972 
 2012 1971 1972 
 1975 1973 2013 
 1973 2008 2013 
 1976 1974 2014 
 1974 1975 2014 
 2014 1975 2013 
 2015 1977 1976 
 2015 1976 2014 
 2004 1978 2016 
 2016 1978 1977 
 2016 1977 2015 
 2017 2004 2016 
 1998 1979 2018 
 1979 1980 2018 
 1980 1982 2019 
 1980 2019 2018 
 1981 1984 2020 
 1983 1981 2020 
 1982 1983 2021 
 2019 1982 2021 
 2021 1983 2020 
 2020 1984 2022 
 1985 1986 2022 
 2022 1984 1985 
 1990 2023 1986 
 2022 1986 2023 
 1987 1989 2024 
 1988 1987 2024 
 1988 2024 2025 
 1990 1988 2025 
 1989 2006 2026 
 1989 2026 2027 
 2024 1989 2027 
 1990 2025 2028 
 1990 2028 2023 
 2029 2011 1991 
 1991 1994 2029 
 2030 2029 1994 
 1992 2002 2031 
 1992 2031 1995 
 1993 1996 2032 
 1993 2032 1994 
 2032 2030 1994 
 2031 2033 1995 
 1996 1995 2033 
 2033 2032 1996 
 1997 2000 2034 
 2003 1997 2034 
 1998 2018 2035 
 1999 1998 2036 
 1999 2036 2001 
 2036 1998 2035 
 2034 2000 2037 
 2001 2036 2037 
 2037 2000 2001 
 2002 2003 2038 
 2002 2038 2031 
 2003 2034 2039 
 2038 2003 2039 
 2040 2004 2017 
 2041 2005 2004 
 2040 2041 2004 
 2006 2043 2026 
 2026 2043 2042 
 2044 2008 2007 
 2044 2007 2009 
 2045 2013 2008 
 2045 2008 2044 
 2044 2009 2046 
 2046 2009 2010 
 2046 2010 2047 
 2012 2047 2010 
 2048 2047 2012 
 2048 2012 2011 
 2029 2048 2011 
 2049 2014 2013 
 2049 2013 2045 
 2050 2015 2014 
 2050 2014 2049 
 2017 2016 2051 
 2051 2016 2015 
 2051 2015 2050 
 2052 2040 2017 
 2052 2017 2053 
 2053 2017 2051 
 2019 2021 2054 
 2035 2018 2054 
 2019 2054 2018 
 2020 2022 2055 
 2021 2020 2055 
 2054 2021 2055 
 2055 2022 2056 
 2023 2056 2022 
 2023 2028 2057 
 2023 2057 2056 
 2035 2054 2058 
 2024 2027 2059 
 2025 2024 2059 
 2025 2059 2028 
 2026 2042 2060 
 2027 2026 2060 
 2027 2060 2061 
 2059 2027 2061 
 2060 2042 2062 
 2028 2059 2063 
 2057 2028 2063 
 2064 2048 2029 
 2064 2029 2030 
 2032 2065 2030 
 2065 2064 2030 
 2031 2038 2066 
 2031 2066 2033 
 2033 2066 2067 
 2033 2067 2032 
 2032 2067 2065 
 2065 2067 2068 
 2034 2037 2069 
 2039 2034 2069 
 2036 2035 2070 
 2070 2035 2058 
 2036 2070 2071 
 2036 2071 2037 
 2069 2037 2071 
 2038 2039 2072 
 2066 2038 2072 
 2039 2069 2073 
 2072 2039 2073 
 2074 2040 2052 
 2075 2041 2040 
 2074 2075 2040 
 2042 2076 2062 
 2043 2077 2042 
 2042 2077 2076 
 2078 2074 2052 
 2049 2045 2079 
 2079 2045 2080 
 2045 2044 2080 
 2080 2044 2046 
 2080 2046 2081 
 2047 2081 2046 
 2082 2081 2047 
 2082 2047 2048 
 2064 2082 2048 
 2050 2049 2083 
 2079 2083 2049 
 2053 2051 2084 
 2051 2050 2084 
 2084 2050 2083 
 2078 2052 2085 
 2085 2052 2053 
 2085 2053 2084 
 2086 2082 2064 
 2062 2076 2087 
 2056 2057 2088 
 2055 2056 2088 
 2054 2055 2088 
 2058 2054 2088 
 2057 2063 2089 
 2088 2057 2089 
 2070 2058 2090 
 2088 2090 2058 
 2059 2061 2091 
 2059 2091 2063 
 2060 2062 2092 
 2061 2060 2092 
 2061 2092 2091 
 2062 2087 2093 
 2092 2062 2093 
 2063 2091 2094 
 2063 2094 2089 
 2095 2086 2064 
 2095 2064 2065 
 2095 2065 2068 
 2096 2086 2095 
 2070 2090 2097 
 2066 2072 2098 
 2067 2066 2098 
 2067 2098 2068 
 2098 2099 2068 
 2095 2068 2099 
 2069 2071 2100 
 2073 2069 2100 
 2071 2070 2101 
 2071 2101 2100 
 2101 2070 2097 
 2072 2073 2102 
 2098 2072 2102 
 2073 2100 2103 
 2102 2073 2103 
 2104 2074 2078 
 2105 2075 2074 
 2104 2105 2074 
 2076 2106 2087 
 2077 2107 2076 
 2076 2107 2106 
 2087 2106 2108 
 2109 2104 2078 
 2109 2078 2110 
 2110 2078 2085 
 2111 2083 2079 
 2111 2079 2080 
 2111 2080 2112 
 2112 2080 2081 
 2113 2112 2081 
 2113 2081 2082 
 2086 2113 2082 
 2114 2084 2083 
 2114 2083 2111 
 2085 2084 2115 
 2115 2084 2114 
 2110 2085 2116 
 2116 2085 2115 
 2117 2113 2086 
 2117 2086 2096 
 2087 2108 2118 
 2093 2087 2118 
 2089 2094 2119 
 2089 2119 2088 
 2088 2119 2090 
 2090 2119 2120 
 2090 2120 2097 
 2091 2092 2121 
 2094 2091 2121 
 2092 2093 2122 
 2093 2118 2122 
 2092 2122 2121 
 2094 2121 2123 
 2119 2094 2123 
 2096 2095 2124 
 2124 2095 2099 
 2125 2117 2096 
 2125 2096 2124 
 2101 2097 2126 
 2120 2126 2097 
 2120 2127 2126 
 2098 2102 2128 
 2098 2128 2099 
 2099 2128 2124 
 2100 2101 2129 
 2100 2129 2103 
 2129 2101 2126 
 2102 2103 2130 
 2128 2102 2130 
 2103 2129 2131 
 2103 2131 2130 
 2132 2104 2109 
 2133 2105 2104 
 2132 2133 2104 
 2106 2134 2108 
 2107 2135 2106 
 2106 2135 2134 
 2108 2134 2136 
 2108 2136 2137 
 2118 2108 2137 
 2138 2132 2109 
 2138 2109 2139 
 2139 2109 2110 
 2139 2110 2116 
 2114 2111 2140 
 2112 2140 2111 
 2141 2140 2112 
 2141 2112 2113 
 2117 2141 2113 
 2142 2116 2115 
 2115 2114 2142 
 2142 2114 2140 
 2143 2141 2117 
 2139 2116 2144 
 2144 2116 2142 
 2143 2117 2145 
 2145 2117 2125 
 2118 2137 2146 
 2118 2146 2147 
 2122 2118 2147 
 2123 2148 2119 
 2119 2148 2120 
 2120 2148 2127 
 2121 2122 2149 
 2121 2149 2123 
 2149 2122 2147 
 2123 2149 2148 
 2150 2125 2124 
 2150 2124 2128 
 2151 2145 2125 
 2151 2125 2150 
 2127 2152 2126 
 2126 2152 2129 
 2148 2153 2127 
 2127 2153 2152 
 2154 2150 2128 
 2130 2154 2128 
 2152 2155 2129 
 2131 2129 2155 
 2155 2156 2131 
 2156 2154 2130 
 2130 2131 2156 
 2157 2132 2138 
 2158 2133 2132 
 2157 2158 2132 
 2134 2159 2136 
 2135 2160 2134 
 2134 2160 2159 
 2136 2159 2161 
 2136 2161 2162 
 2137 2136 2162 
 2137 2162 2146 
 2163 2157 2138 
 2163 2138 2164 
 2164 2138 2139 
 2164 2139 2165 
 2165 2139 2144 
 2166 2142 2140 
 2166 2140 2141 
 2166 2141 2143 
 2144 2142 2167 
 2167 2142 2166 
 2168 2166 2143 
 2168 2143 2145 
 2169 2165 2144 
 2169 2144 2167 
 2170 2168 2145 
 2170 2145 2151 
 2146 2162 2171 
 2147 2146 2172 
 2147 2172 2149 
 2172 2146 2171 
 2148 2149 2173 
 2149 2172 2173 
 2148 2173 2153 
 2170 2151 2174 
 2174 2151 2150 
 2154 2174 2150 
 2152 2153 2175 
 2152 2175 2155 
 2153 2173 2176 
 2153 2176 2175 
 2156 2177 2154 
 2177 2174 2154 
 2155 2175 2178 
 2178 2177 2156 
 2155 2178 2156 
 2180 2157 2163 
 2179 2180 2163 
 2181 2158 2157 
 2180 2181 2157 
 2159 2182 2161 
 2160 2183 2159 
 2159 2183 2182 
 2161 2182 2184 
 2161 2184 2185 
 2162 2161 2185 
 2162 2185 2186 
 2162 2186 2171 
 2179 2163 2187 
 2187 2163 2164 
 2187 2164 2165 
 2187 2165 2188 
 2188 2165 2169 
 2189 2179 2187 
 2190 2169 2167 
 2167 2166 2190 
 2190 2166 2168 
 2191 2190 2168 
 2191 2168 2170 
 2188 2169 2192 
 2192 2169 2190 
 2193 2170 2174 
 2194 2191 2170 
 2170 2193 2194 
 2171 2186 2195 
 2171 2195 2172 
 2172 2195 2196 
 2172 2196 2173 
 2176 2173 2196 
 2177 2197 2174 
 2174 2197 2193 
 2175 2176 2198 
 2196 2198 2176 
 2175 2198 2178 
 2198 2199 2178 
 2178 2199 2177 
 2177 2199 2197 
 2200 2179 2189 
 2201 2180 2179 
 2200 2201 2179 
 2202 2181 2180 
 2201 2202 2180 
 2182 2203 2184 
 2183 2204 2182 
 2182 2204 2203 
 2184 2203 2205 
 2184 2205 2206 
 2185 2184 2206 
 2185 2206 2186 
 2186 2206 2207 
 2195 2186 2207 
 2189 2187 2208 
 2208 2187 2188 
 2209 2208 2188 
 2209 2188 2192 
 2210 2200 2189 
 2210 2189 2208 
 2211 2209 2192 
 2192 2190 2211 
 2211 2190 2191 
 2211 2191 2194 
 2212 2194 2193 
 2212 2193 2197 
 2213 2211 2194 
 2213 2194 2212 
 2195 2207 2214 
 2195 2214 2196 
 2214 2215 2196 
 2196 2215 2198 
 2199 2216 2197 
 2197 2216 2212 
 2215 2217 2198 
 2198 2217 2199 
 2199 2217 2216 
 2219 2200 2210 
 2218 2219 2210 
 2220 2201 2200 
 2219 2220 2200 
 2221 2202 2201 
 2220 2221 2201 
 2203 2222 2205 
 2204 2223 2203 
 2203 2223 2222 
 2205 2222 2224 
 2205 2224 2225 
 2206 2205 2225 
 2206 2225 2226 
 2206 2226 2207 
 2207 2226 2227 
 2207 2227 2214 
 2210 2208 2228 
 2228 2208 2209 
 2228 2209 2229 
 2229 2209 2211 
 2218 2210 2230 
 2230 2210 2228 
 2229 2211 2231 
 2231 2211 2213 
 2216 2232 2212 
 2213 2212 2232 
 2231 2213 2233 
 2213 2232 2233 
 2214 2227 2234 
 2214 2234 2215 
 2215 2234 2217 
 2217 2234 2235 
 2217 2235 2216 
 2216 2235 2232 
 2234 2227 2236 
 2237 2218 2230 
 2238 2219 2218 
 2237 2238 2218 
 2239 2220 2219 
 2238 2239 2219 
 2240 2221 2220 
 2239 2240 2220 
 2222 2241 2224 
 2223 2242 2222 
 2222 2242 2241 
 2224 2241 2243 
 2224 2243 2244 
 2225 2224 2244 
 2225 2244 2226 
 2226 2244 2245 
 2227 2226 2245 
 2227 2245 2236 
 2244 2243 2246 
 2247 2230 2228 
 2247 2228 2229 
 2247 2229 2231 
 2237 2230 2248 
 2248 2230 2247 
 2247 2231 2249 
 2249 2231 2233 
 2250 2249 2233 
 2250 2233 2232 
 2232 2235 2250 
 2236 2251 2234 
 2234 2251 2235 
 2251 2250 2235 
 2245 2252 2236 
 2236 2252 2251 
 2253 2237 2248 
 2254 2237 2253 
 2255 2238 2237 
 2254 2255 2237 
 2256 2239 2238 
 2255 2256 2238 
 2257 2240 2239 
 2256 2257 2239 
 2241 2258 2243 
 2242 2259 2241 
 2241 2259 2258 
 2243 2258 2260 
 2243 2260 2246 
 2244 2246 2261 
 2244 2261 2245 
 2245 2261 2252 
 2246 2260 2262 
 2246 2262 2261 
 2263 2253 2248 
 2248 2247 2263 
 2263 2247 2249 
 2264 2263 2249 
 2264 2249 2250 
 2251 2252 2265 
 2251 2265 2250 
 2250 2265 2264 
 2252 2261 2266 
 2252 2266 2265 
 2267 2253 2263 
 2268 2254 2253 
 2268 2253 2267 
 2269 2255 2254 
 2268 2269 2254 
 2270 2256 2255 
 2269 2270 2255 
 2271 2257 2256 
 2270 2271 2256 
 2258 2272 2260 
 2259 2273 2258 
 2258 2273 2272 
 2260 2272 2274 
 2260 2274 2262 
 2262 2275 2261 
 2261 2275 2266 
 2262 2274 2276 
 2262 2276 2275 
 2267 2263 2277 
 2277 2263 2264 
 2277 2264 2265 
 2275 2278 2266 
 2265 2266 2278 
 2278 2277 2265 
 2279 2267 2277 
 2280 2268 2267 
 2279 2280 2267 
 2281 2268 2280 
 2282 2269 2268 
 2281 2282 2268 
 2283 2270 2269 
 2282 2283 2269 
 2284 2271 2270 
 2283 2284 2270 
 2272 2285 2274 
 2273 2286 2272 
 2272 2286 2285 
 2274 2285 2287 
 2274 2287 2276 
 2275 2276 2288 
 2275 2288 2278 
 2276 2287 2289 
 2276 2289 2288 
 2278 2288 2290 
 2278 2290 2277 
 2277 2290 2279 
 2291 2280 2279 
 2291 2279 2290 
 2292 2281 2280 
 2291 2292 2280 
 2293 2282 2281 
 2292 2293 2281 
 2294 2283 2282 
 2293 2294 2282 
 2295 2284 2283 
 2294 2295 2283 
 2285 2296 2287 
 2286 2297 2285 
 2285 2297 2296 
 2287 2296 2298 
 2287 2298 2289 
 2288 2289 2299 
 2288 2299 2290 
 2289 2298 2300 
 2289 2300 2299 
 2301 2291 2290 
 2290 2299 2301 
 2302 2292 2291 
 2301 2302 2291 
 2303 2293 2292 
 2302 2303 2292 
 2304 2294 2293 
 2303 2304 2293 
 2305 2295 2294 
 2304 2305 2294 
 2296 2306 2298 
 2297 2307 2296 
 2296 2307 2306 
 2298 2306 2308 
 2298 2308 2300 
 2300 2308 2309 
 2300 2309 2299 
 2299 2309 2301 
 2310 2302 2301 
 2309 2310 2301 
 2311 2303 2302 
 2310 2311 2302 
 2312 2304 2303 
 2311 2312 2303 
 2313 2305 2304 
 2312 2313 2304 
 2306 2314 2308 
 2307 2315 2306 
 2306 2315 2314 
 2308 2314 2316 
 2308 2316 2309 
 2309 2316 2317 
 2309 2317 2310 
 2318 2311 2310 
 2318 2310 2317 
 2319 2312 2311 
 2318 2319 2311 
 2320 2313 2312 
 2319 2320 2312 
 2314 2321 2316 
 2315 2322 2314 
 2314 2322 2321 
 2316 2321 2323 
 2316 2323 2317 
 2324 2318 2317 
 2317 2323 2324 
 2325 2319 2318 
 2324 2325 2318 
 2326 2320 2319 
 2325 2326 2319 
 2321 2327 2323 
 2322 2328 2321 
 2321 2328 2327 
 2329 2325 2324 
 2323 2327 2329 
 2329 2324 2323 
 2330 2326 2325 
 2329 2330 2325 
 2327 2331 2329 
 2328 2332 2327 
 2327 2332 2331 
 2333 2330 2329 
 2333 2329 2331 
 2332 2334 2331 
 2334 2333 2331 
 