  0.80496516635
  0.83890531492
  0.87486231038
  0.90887309218
  0.94332311214
  0.97674400635
  1.01042243996
  1.04363793860
  1.07600124866
  1.10980182301
  1.14431584831
  1.17865069652
  1.21326589662
  1.24729295062
  1.28291649871
  1.32091327246
  1.35882237814
  1.39759843159
  1.43724443722
  1.47707188559
  1.51766816343
  1.55914107798
  1.60135661609
  1.64372071366
  1.68612218740
  1.72752385458
  1.76977742230
  1.81335894941
  1.85654340794
  1.89960543805
  1.94261686143
  1.98328560353
  2.02086665350
  2.05898428691
  2.09852623462
  2.13820703457
  2.17691459240
  2.21643517978
  2.25834658765
  2.29879019292
  2.33608498058
  2.33746837575
  2.33785692111
  2.33854310304
  2.34004540473
  2.34136143238
  2.34228654871
  2.34293200697
  2.34329682427
  2.34368334093
