424.29594715900
 76.11997467760
 19.21771863579
 18.40504990842
  5.52703034180
  2.88399169965
 37.22884012962
 28.79070452248
  2.90770761871
176.43145550704
2148.53137723078
 56.48658804386
 10.81011374764
 90.51443077267
 43.75124259769
307.64805780618
 44.90309208024
 26.59306244441
1043.86598595206
  2.34584880289
 11.23152308627
 17.39395124526
437.16466226523
121.40080883467
27335.27108400562
 33.50316099225
 70.82018818897
514.42557878383
  9.06124786941
116.28331619566
 73.09857757267
