  0.00541131810
  0.01936043016
  0.12410636918
  0.64344562888
  0.05441733313
  0.05098401846
  0.04031236081
  0.03226193331
  0.02939569049
  0.02446659232
  0.02248683365
  0.02349582927
  0.02527903655
  0.02776843867
  0.02614560730
  0.02154788149
  0.01722477466
  0.01511269202
  0.01375828865
  0.01210530188
  0.01122637010
  0.01139575486
  0.01178090634
  0.01232987030
  0.01272029948
  0.01323150707
  0.01345338971
  0.01292722723
  0.01219869469
  0.01116086215
  0.01008334088
  0.00911626234
  0.00842935498
  0.00791367455
  0.00728901713
  0.00684004031
  0.00646074435
  0.00618690106
  0.00600046741
  0.00594941171
  0.00592520390
  0.00595393024
  0.00598053720
  0.00603211828
  0.00606584602
  0.00612006502
  0.00616882813
  0.00620025227
  0.00622719820
  0.00621094296
  0.00462689998
  0.00460427624
  0.00457461780
  0.00607030425
  0.00597683230
  0.00580459060
  0.00424750762
  0.00412621432
  0.00402483147
  0.00387859919
  0.00375478030
  0.00366179020
  0.00355744633
  0.00345919937
  0.00339003467
  0.00329690230
  0.00322858639
  0.00317534284
  0.00311783673
  0.00305322778
  0.00300792534
  0.00296637456
  0.00292579981
  0.00289250484
  0.00285168687
  0.00281807964
  0.00278622649
  0.00276220244
  0.00272635011
  0.00270629502
  0.00267960648
  0.00265590302
  0.00264087885
  0.00261966947
  0.00260422284
  0.00257691865
  0.00256653163
  0.00250326175
  0.00249537644
  0.00256533505
  0.00255313984
  0.00251933985
  0.00253214550
  0.00247315871
  0.00246357741
  0.00246961905
  0.00246501414
  0.00254078877
  0.00246927371
  0.00248509951
  0.00248521076
  0.00247313462
  0.00247602958
  0.00247808896
  0.00247552777
  0.00247423307
  0.00246742945
  0.00247050878
  0.00247088171
  0.00247077906
  0.00247310758
  0.00246755829
  0.00245974201
  0.00245636173
  0.00246687792
  0.00247573677
  0.00247026227
  0.00247566334
  0.00248338161
  0.00249562838
  0.00251436276
  0.00252201787
  0.00253423338
  0.00255668714
  0.00255795092
  0.00257718181
  0.00259675081
  0.00262958406
  0.00261016836
  0.00267050999
  0.00263919763
  0.00272576196
  0.00269335679
  0.00274225014
  0.00273476408
  0.00273744164
  0.00277178175
  0.00281158195
  0.00282995733
  0.00284756157
  0.00285133670
  0.00289088575
  0.00290353339
  0.00291738353
  0.00303674027
  0.00290735442
  0.00295469199
  0.00297571718
  0.00297670986
  0.00298922123
  0.00298915999
  0.00299682351
  0.00287647242
  0.00286510916
  0.00286356651
  0.00286143945
  0.00284941060
  0.00285412547
  0.00285280847
  0.00283334183
  0.00282892523
  0.00282244937
  0.00280798807
  0.00280907144
  0.00280392347
  0.00279429025
  0.00279737293
  0.00278692862
  0.00279533692
  0.00279257786
  0.00280674764
  0.00280694477
  0.00280963127
  0.00283309429
  0.00283526250
  0.00284490835
  0.00287075499
  0.00288902028
  0.00290664098
  0.00291584324
  0.00294474679
  0.00294482897
  0.00298245496
  0.00298515911
  0.00301178934
  0.00301023471
  0.00302865134
  0.00285960210
  0.00306158960
  0.00288628659
  0.00287573817
  0.00290090005
  0.00289396837
  0.00290377794
  0.00292874461
  0.00292329411
  0.00292857912
  0.00293949101
  0.00294933675
  0.00295600812
  0.00295510280
  0.00296706894
  0.00297613066
  0.00297967756
  0.00299525974
  0.00301059484
  0.00301781628
  0.00302871902
  0.00302306455
  0.00304004493
  0.00304844940
  0.00306596612
  0.00307125271
  0.00309213239
  0.00309312825
  0.00311630362
  0.00313511900
  0.00316785438
  0.00319096326
  0.00307424559
  0.00307646345
  0.00304062100
  0.00305002009
  0.00306902113
  0.00306900859
  0.00308038508
  0.00309852932
  0.00311207626
  0.00313231372
  0.00314512538
  0.00316134627
  0.00315662699
  0.00318670718
  0.00317479497
  0.00319422940
  0.00321371494
  0.00323782641
  0.00325492568
  0.00325842802
  0.00325657989
  0.00325996560
  0.00328119937
  0.00332813841
  0.00333351825
  0.00314470055
  0.00313512214
  0.00314371675
  0.00313897166
  0.00314255853
  0.00314760537
  0.00316281949
  0.00313786882
  0.00312259933
  0.00311267314
  0.00310326473
  0.00310286294
  0.00309507117
  0.00308265274
  0.00306203565
  0.00307038549
  0.00305796257
  0.00306560645
  0.00309218719
  0.00311807588
  0.00316691761
  0.00319080660
  0.00323815228
  0.00302840008
  0.00305738475
  0.00309025695
  0.00310707491
  0.00312223039
  0.00315669535
  0.00317116675
  0.00322534452
  0.00323266612
  0.00322516076
  0.00320077171
  0.00316331349
  0.00311552684
  0.00305290775
  0.00299273991
  0.00296259811
  0.00292850542
  0.00289285075
  0.00287280738
  0.00283900233
  0.00282068833
  0.00280426824
  0.00278670262
  0.00278855412
  0.00276490600
  0.00276995033
  0.00276459337
  0.00276853206
  0.00277645287
  0.00277988605
  0.00278722625
  0.00280066495
  0.00268658257
