  0.01133461170
  0.00920734149
  0.00822416948
  0.00769784653
  0.00851362778
  0.00833982941
  0.00821275231
  0.00816454585
  0.00813499835
  0.00807393604
  0.00803804207
  0.00800112544
  0.00792133084
  0.00789568009
  0.00783403431
  0.00778633578
  0.00775371701
  0.00777640442
  0.00775979393
  0.00771650262
  0.00770815486
  0.00768154315
  0.00767167235
  0.00762471308
  0.00763208182
  0.00763913151
  0.00759222414
  0.00759289971
  0.00756968151
  0.00755311242
  0.00754655382
  0.00753857767
  0.00752201812
  0.00751043245
  0.00751549505
  0.00750772325
  0.00747982840
  0.00749025047
  0.00749524129
  0.00748236341
  0.00748069641
  0.00747136578
  0.00746893999
  0.00744436084
  0.00744811237
  0.00744217101
  0.00743461512
  0.00743423747
  0.00741828573
  0.00741439519
  0.00759058961
  0.00758640709
  0.00757774593
  0.00740552767
  0.00739770433
  0.00739988496
  0.00757118759
  0.00756583667
  0.00755583371
  0.00756933326
  0.00756325980
  0.00756442391
  0.00756241003
  0.00756607976
  0.00755519580
  0.00755988871
  0.00755788589
  0.00755342050
  0.00756260627
  0.00755827264
  0.00756244280
  0.00756167936
  0.00755593192
  0.00755480159
  0.00755796593
  0.00755518983
  0.00755819588
  0.00755680884
  0.00756013798
  0.00755525153
  0.00755704655
  0.00755722003
  0.00755409463
  0.00755410925
  0.00755751421
  0.00756058764
  0.00755718991
  0.00756405829
  0.00756326492
  0.00754042947
  0.00755046141
  0.00756262759
  0.00755926169
  0.00756259201
  0.00756896769
  0.00756640269
  0.00757033700
  0.00755834238
  0.00757040976
  0.00756262600
  0.00756453861
  0.00757205479
  0.00757045287
  0.00756916312
  0.00757146431
  0.00757036462
  0.00757277778
  0.00757187488
  0.00757358804
  0.00757318331
  0.00757241864
  0.00757219276
  0.00757680700
  0.00757737708
  0.00757593645
  0.00757626514
  0.00757995757
  0.00758103834
  0.00758207466
  0.00758184946
  0.00758050992
  0.00758099481
  0.00758328493
  0.00758228543
  0.00758642994
  0.00758754183
  0.00758708177
  0.00758366770
  0.00758393950
  0.00758769890
  0.00758909820
  0.00758676876
  0.00758792777
  0.00758518686
  0.00759139519
  0.00759561250
  0.00759326976
  0.00758987795
  0.00759175204
  0.00759228855
  0.00759611216
  0.00759319592
  0.00759180837
  0.00759202825
  0.00756811318
  0.00760325887
  0.00759941060
  0.00759488907
  0.00759939398
  0.00759908236
  0.00760051625
  0.00760279046
  0.00760175290
  0.00760570830
  0.00760611353
  0.00760591939
  0.00760938347
  0.00760868121
  0.00760725789
  0.00760941456
  0.00760955812
  0.00761044182
  0.00761304716
  0.00761222366
  0.00761350287
  0.00761551072
  0.00761351644
  0.00761705005
  0.00761587522
  0.00761518448
  0.00761638659
  0.00761734426
  0.00761936983
  0.00761758898
  0.00761958944
  0.00762051617
  0.00761999876
  0.00762001596
  0.00762159106
  0.00762353939
  0.00762172419
  0.00762350329
  0.00762299004
  0.00762584031
  0.00762432966
  0.00762643040
  0.00762673201
  0.00763025180
  0.00762717141
  0.00763170873
  0.00763323553
  0.00763235055
  0.00763484662
  0.00763526488
  0.00763470475
  0.00763748474
  0.00763809579
  0.00763854530
  0.00763819462
  0.00763950324
  0.00764147477
  0.00764148072
  0.00764242380
  0.00764352291
  0.00764404598
  0.00764432348
  0.00764562302
  0.00764646832
  0.00764816761
  0.00764909717
  0.00764901944
  0.00764822875
  0.00765050203
  0.00765173246
  0.00765319336
  0.00765440550
  0.00765512740
  0.00765580930
  0.00765596966
  0.00765573935
  0.00765721520
  0.00766153267
  0.00766315675
  0.00766339912
  0.00766471898
  0.00766570546
  0.00766556573
  0.00766658815
  0.00766791072
  0.00766861444
  0.00766923589
  0.00767081821
  0.00767113449
  0.00767214880
  0.00767276630
  0.00767370109
  0.00767356082
  0.00767488377
  0.00767519652
  0.00767646337
  0.00767662532
  0.00767724212
  0.00767752000
  0.00767832762
  0.00767797899
  0.00767876401
  0.00767855729
  0.00768020511
  0.00768066273
  0.00768080001
  0.00768173587
  0.00768241560
  0.00768316338
  0.00768288096
  0.00768321681
  0.00768306553
  0.00768295925
  0.00768328772
  0.00768373477
  0.00768359381
  0.00768647233
  0.00768639342
  0.00768548346
  0.00768576243
  0.00768542870
  0.00768627826
  0.00768541189
  0.00768693406
  0.00768698756
  0.00768773152
  0.00768717797
  0.00768806823
  0.00768752968
  0.00768761362
  0.00768614491
  0.00768580868
  0.00768607927
  0.00768576152
  0.00768632801
  0.00768601856
  0.00768630766
  0.00768655212
  0.00768566708
  0.00768609723
  0.00768609803
  0.00768581854
  0.00768629554
  0.00768645112
  0.00768652796
  0.00768628240
  0.00768700752
  0.00768732276
  0.00768755335
  0.00768796394
  0.00768842252
  0.00768825438
  0.00768874810
  0.00768891244
  0.00768989462
  0.00769345726
