  0.03373975231
  0.02090672920
  0.01604825296
  0.01337744565
  0.01164327488
  0.01040651752
  0.00946887889
  0.00872712414
  0.00812163463
  0.00761533719
  0.00718384253
  0.00681037784
  0.00648315444
  0.00619301599
  0.00593364748
  0.00569980829
  0.00548768689
  0.00529378260
  0.00511599380
  0.00495221444
  0.00480032996
  0.00465899189
  0.00452727690
  0.00440400184
  0.00428829128
  0.00417939206
  0.00407665221
  0.00397950415
  0.00388760848
  0.00380019336
  0.00371705318
  0.00363784500
  0.00356216091
  0.00348994458
  0.00342083531
  0.00335461284
  0.00329107827
  0.00323005152
  0.00317136905
  0.00311488197
  0.00306045443
  0.00300796211
  0.00295729108
  0.00290833663
  0.00286100239
  0.00281519944
  0.00277084563
  0.00272786492
  0.00268618678
  0.00264574572
