  0.80496516635
  0.70776654527
  0.70146591919
  0.69867475392
  0.69702162606
  0.69590284261
  0.69508598836
  0.69445926209
  0.69396123995
  0.69355522085
  0.69321776992
  0.69293287577
  0.69268938814
  0.69247935597
  0.69229632711
  0.69213559969
  0.69199354126
  0.69186734789
  0.69175473859
  0.69165402865
  0.69156354773
  0.69148199074
  0.69140829118
  0.69134154501
  0.69128100459
  0.69122599490
  0.69117585038
  0.69113012633
  0.69108832419
  0.69105014647
  0.69101525838
  0.69098336551
  0.69095427761
  0.69092772515
  0.69090358039
  0.69088133390
  0.69086096322
  0.69084239788
  0.69082547299
  0.69081004966
  0.69079602500
  0.69078329877
  0.69077180826
  0.69076140328
  0.69075201372
  0.69074356675
  0.69073602525
  0.69072915199
  0.69072327815
  0.69071815009
