  0.01043051415
  0.00879674279
  0.00782700019
  0.00723294320
  0.00738897590
  0.00805798538
  0.00820774664
  0.00808166140
  0.00803777372
  0.00802185952
  0.00784575785
  0.00800180104
  0.00799849452
  0.00778033246
  0.00794430375
  0.00794920852
  0.00797657802
  0.00773143427
  0.00792846283
  0.00771173861
  0.00791973988
  0.00771785658
  0.00773852994
  0.00773028783
  0.00769310114
  0.00786249474
  0.00773848285
  0.00768167823
  0.00766517174
  0.00763028838
  0.00785993790
  0.00762737661
  0.00764518453
  0.00781323549
  0.00758787897
  0.00760720637
  0.00755578602
  0.00754119215
  0.00760278504
  0.00788981551
  0.00754948077
  0.00776849480
  0.00786337815
  0.00755821050
  0.00756497573
  0.00744878515
  0.00753107121
  0.00752082483
  0.00753915769
  0.00775688336
  0.00751387090
  0.00750675678
  0.00778974540
  0.00754489427
  0.00751920357
  0.00751491285
  0.00778182539
  0.00752056824
  0.00751491179
  0.00751943541
  0.00750448695
  0.00750087626
  0.00774206837
  0.00753349803
  0.00751201172
  0.00773892314
  0.00749430800
  0.00771825918
  0.00750359951
  0.00752570696
  0.00747985406
  0.00747883259
  0.00751059184
  0.00782953284
  0.00748680377
  0.00749444276
  0.00777612459
  0.00774930639
  0.00749568561
  0.00774440771
  0.00773445352
  0.00774827897
  0.00747616250
  0.00748392578
  0.00750340156
  0.00782439875
  0.00748681009
  0.00747647168
  0.00746839018
  0.00775377278
  0.00745132666
  0.00751059628
  0.00749034860
  0.00771715466
  0.00745274565
  0.00749222801
  0.00749825802
  0.00748542142
  0.00747000577
  0.00748333365
  0.00744688644
  0.00748867743
  0.00751980094
  0.00749250904
  0.00751037123
  0.00746409775
  0.00748965653
  0.00748005940
  0.00750072380
  0.00743098799
  0.00749594401
  0.00746402704
  0.00748275537
  0.00745105461
  0.00743490200
  0.00770668544
  0.00775877827
  0.00750366364
  0.00772953566
  0.00748475138
  0.00768696911
  0.00746318495
  0.00745528008
  0.00747313074
  0.00744501657
  0.00746235486
  0.00768406867
  0.00746004433
  0.00751601180
  0.00745861884
  0.00745174350
  0.00743403075
  0.00745997180
  0.00749196568
  0.00746325759
  0.00740780327
  0.00744772571
  0.00746966960
  0.00748537773
  0.00746217907
  0.00747772847
  0.00750540546
  0.00741529830
  0.00748631987
  0.00747356110
  0.00746087172
  0.00746388238
  0.00747893336
  0.00743809979
  0.00748467428
  0.00747806982
  0.00747701241
  0.00747008316
  0.00778915411
  0.00745634713
  0.00748237803
  0.00747223285
  0.00747662473
  0.00748422393
  0.00748225452
  0.00746496010
  0.00746832479
  0.00751335824
  0.00749390255
  0.00746667310
  0.00774119914
  0.00748214681
  0.00740333734
  0.00744272716
  0.00754533685
  0.00748037497
  0.00745861073
  0.00745005329
  0.00747509714
  0.00747352942
  0.00769990082
  0.00782571658
  0.00745933062
  0.00744077847
  0.00746337930
  0.00748105287
  0.00744418704
  0.00746714061
  0.00749451593
  0.00754477235
  0.00749291020
  0.00747650788
  0.00745973303
  0.00749810215
  0.00749044566
  0.00747186711
  0.00743261220
  0.00769273714
  0.00746395225
  0.00744252287
  0.00782383742
  0.00747022692
  0.00770385674
  0.00745584909
  0.00746179872
  0.00749525876
  0.00746997128
  0.00746937769
  0.00754249924
  0.00748611655
  0.00756090662
  0.00757565737
  0.00769727810
  0.00769359101
  0.00768530821
  0.00742571083
  0.00743175967
  0.00746382366
  0.00745687287
  0.00744100175
  0.00745292340
  0.00747867716
  0.00750719696
  0.00754960198
  0.00748234591
  0.00760747101
  0.00743497738
  0.00768568353
  0.00747090425
  0.00744754782
  0.00772002083
  0.00748666203
  0.00740262874
  0.00748296670
  0.00745621852
  0.00749686935
  0.00744261236
  0.00748952122
  0.00746122246
  0.00743888594
  0.00743347364
  0.00747134490
  0.00766515971
  0.00753054222
  0.00746803066
  0.00757663189
  0.00747085680
  0.00745259117
  0.00748683652
  0.00768609733
  0.00747239180
  0.00750057789
  0.00771082286
  0.00749093041
  0.00749918921
  0.00750412350
  0.00748740882
  0.00753254826
  0.00751394512
  0.00747113897
  0.00749410704
  0.00747915667
  0.00750111576
  0.00747957091
  0.00752957304
  0.00755601428
  0.00746711307
  0.00745976596
  0.00753106467
  0.00772811329
  0.00755073478
  0.00753112877
  0.00752074283
  0.00748357204
  0.00748551176
  0.00752698145
  0.00744390897
  0.00764947243
  0.00775692302
  0.00755683322
  0.00750043429
  0.00748665577
  0.00748038333
  0.00750158574
  0.00743796730
  0.00759463309
  0.00744107028
  0.00745602175
  0.00744979967
  0.00752182915
  0.00748473384
  0.00752830438
  0.00752012889
  0.00746981970
  0.00749805240
  0.00743773126
  0.00759889561
  0.00747719802
  0.00755856882
  0.00752429381
  0.00751210096
  0.00778414703
  0.00749382358
  0.00744446817
  0.00749015485
