  0.25884361175
  0.34231159906
  0.00357808083
  0.00336398252
  0.00318882029
  0.00304055343
  0.00291206177
  0.00279876411
  0.00269752752
  0.00260610863
  0.00252284230
  0.00244645659
  0.00237595671
  0.00231054932
  0.00224959107
  0.00219255286
  0.00213899411
  0.00208854396
  0.00204088732
  0.00199575414
  0.00195291124
  0.00191215588
  0.00187331070
  0.00183621968
  0.00180074483
  0.00176676354
  0.00173416639
  0.00170285534
  0.00167274221
  0.00164374739
  0.00161579882
  0.00158883103
  0.00156278437
  0.00153760438
  0.00151324119
  0.00148964900
  0.00146678569
  0.00144461243
  0.00142309334
  0.00140219521
  0.00138188724
  0.00136214082
  0.00134292932
  0.00132422794
  0.00130601351
  0.00128826438
  0.00127096027
  0.00125408218
  0.00123761228
  0.00122153381
