  0.25495922377
  0.35880986590
  0.17801516459
  0.08054877843
  0.06389704137
  0.04914979993
  0.03892237936
  0.03645218302
  0.03330849960
  0.02542097450
  0.01606088152
  0.01494029689
  0.00986167314
  0.01741581075
  0.02786235999
  0.01568137900
  0.01492230530
  0.01043652767
  0.01733755765
  0.02179110038
  0.01304045817
  0.02142592001
  0.01891499150
  0.01740694481
  0.01831033494
  0.01411981257
  0.01314183153
  0.00921439110
  0.01792912906
  0.02340542160
  0.00803004644
  0.03734863662
  0.03416972867
  0.00724753196
  0.04528566296
  0.03985264021
  0.00810383247
  0.03883639851
  0.03521342501
  0.00708613135
  0.04725690095
  0.04215114296
  0.00811057297
  0.04296739860
  0.03832487356
  0.00665215065
  0.05637973616
  0.04905282836
  0.00836459310
  0.04389299953
  0.03883076908
  0.00712016448
  0.05393948451
  0.04647439492
  0.00831947569
  0.04497881590
  0.04115149741
  0.00771866653
  0.05149836828
  0.04444408530
  0.00758524932
  0.05287546367
  0.04616989208
  0.00796176754
  0.05089131511
  0.04429108453
  0.00762160328
  0.05398909178
