  0.00956780929
  0.00638667643
  0.00778422696
  0.00810373255
  0.00783972358
  0.00767259812
  0.00759365123
  0.00751636376
  0.00742868286
  0.00736267993
  0.00733772546
  0.00736183393
  0.00751387694
  0.00750353001
  0.00748930635
  0.00748958752
  0.00731866230
  0.00746470290
  0.00744402453
  0.00740587390
  0.00723847609
  0.00721514496
  0.00716729060
  0.00714790204
  0.00710257604
  0.00705457759
  0.00708487362
  0.00712222957
  0.00714945341
  0.00715770978
  0.00719116462
  0.00719563110
  0.00719774131
  0.00721100314
  0.00720522263
  0.00719630514
  0.00720895445
  0.00720399800
  0.00718828640
  0.00720834588
  0.00720431907
  0.00717994208
  0.00720728658
  0.00720195105
  0.00718173665
  0.00720547906
  0.00720307547
  0.00718801983
  0.00720154147
  0.00719936359
  0.00716548358
  0.00719994924
  0.00719996693
  0.00717306401
  0.00719693873
  0.00719670663
  0.00715221850
  0.00719732143
  0.00719767175
  0.00716433505
  0.00719318095
  0.00719316051
  0.00715855681
  0.00719059678
  0.00719224082
  0.00714011573
  0.00719025379
  0.00719093149
