582 12
0 16
0
3
7
13
20
29
30
41
42
56
57
73
74
93
94
115

1 31
1
0
4
8
14
21
31
43
58
75
95
116
137
159
179
199
219
239
259
279
299
319
339
359
379
399
419
439
459
479
499

2 31
115
136
158
178
198
218
238
258
278
298
318
338
358
378
398
418
438
458
478
498
518
538
558
578
598
618
638
658
678
698
718

3 91
519
499
539
559
579
599
619
639
659
679
699
719
739
759
779
799
819
839
859
879
899
919
939
959
979
999
1019
1039
1059
1079
1099
1119
1139
1159
1179
1199
1219
1239
1259
1279
1299
1319
1339
1359
1379
1399
1419
1439
1459
1479
1499
1519
1539
1559
1579
1599
1619
1639
1659
1679
1699
1719
1739
1759
1779
1799
1819
1839
1859
1879
1899
1919
1939
1959
1979
1999
2019
2039
2059
2079
2099
2119
2139
2159
2179
2199
2219
2239
2259
2279
2299

4 91
718
738
758
778
798
818
838
858
878
898
918
938
958
978
998
1018
1038
1058
1078
1098
1118
1138
1158
1178
1198
1218
1238
1258
1278
1298
1318
1338
1358
1378
1398
1418
1438
1458
1478
1498
1518
1538
1558
1578
1598
1618
1638
1658
1678
1698
1718
1738
1758
1778
1798
1818
1838
1858
1878
1898
1918
1938
1958
1978
1998
2018
2038
2058
2078
2098
2118
2138
2158
2178
2198
2218
2238
2258
2278
2298
2318
2338
2358
2378
2398
2418
2438
2458
2478
2498
2518

5 31
2319
2299
2339
2359
2379
2399
2419
2439
2459
2479
2499
2519
2539
2559
2579
2599
2619
2639
2659
2679
2699
2719
2739
2759
2779
2799
2819
2839
2859
2879
2899

6 31
2518
2538
2558
2578
2598
2618
2638
2658
2678
2698
2718
2738
2758
2778
2798
2818
2838
2858
2878
2898
2918
2938
2958
2978
2998
3018
3038
3058
3078
3098
3118

7 91
2919
2899
2939
2959
2979
2999
3019
3039
3059
3079
3099
3119
3139
3159
3179
3199
3219
3239
3259
3279
3299
3319
3339
3359
3379
3399
3419
3439
3459
3479
3499
3519
3539
3559
3579
3599
3619
3639
3659
3679
3699
3719
3739
3759
3779
3799
3819
3839
3859
3879
3899
3919
3939
3959
3979
3999
4019
4039
4059
4079
4099
4119
4139
4159
4179
4199
4219
4239
4259
4279
4299
4319
4339
4359
4379
4399
4419
4439
4459
4479
4499
4519
4539
4559
4579
4599
4619
4639
4659
4679
4699

8 91
3118
3138
3158
3178
3198
3218
3238
3258
3278
3298
3318
3338
3358
3378
3398
3418
3438
3458
3478
3498
3518
3538
3558
3578
3598
3618
3638
3658
3678
3698
3718
3738
3758
3778
3798
3818
3838
3858
3878
3898
3918
3938
3958
3978
3998
4018
4038
4058
4078
4098
4118
4138
4158
4178
4198
4218
4238
4258
4278
4298
4318
4338
4358
4378
4398
4418
4438
4458
4478
4498
4518
4538
4558
4578
4598
4618
4638
4658
4678
4698
4718
4738
4758
4778
4798
4818
4838
4858
4878
4898
4918

9 31
4719
4699
4739
4759
4779
4799
4819
4839
4859
4879
4899
4919
4939
4959
4979
4999
5019
5039
5059
5079
5099
5100
5120
5121
5142
5143
5165
5166
5189
5190
5216

10 31
4918
4938
4958
4978
4998
5018
5038
5058
5078
5098
5119
5141
5164
5188
5213
5238
5261
5283
5303
5321
5337
5352
5365
5377
5387
5396
5403
5409
5413
5416
5417

11 16
5240
5216
5263
5285
5305
5323
5339
5354
5367
5379
5389
5398
5405
5411
5415
5417

