1152 12
0 31
0
3
7
13
20
29
30
41
42
56
57
73
74
93
94
115
5418
5419
5420
5421
5422
5423
5424
5425
5426
5427
5428
5429
5430
5431
5432

1 61
1
0
4
8
14
21
31
43
58
75
95
116
137
159
179
199
219
239
259
279
299
319
339
359
379
399
419
439
459
479
499
5433
5434
5435
5436
5437
5438
5439
5440
5441
5442
5443
5444
5445
5446
5447
5448
5449
5450
5451
5452
5453
5454
5455
5456
5457
5458
5459
5460
5461
5462

2 61
115
136
158
178
198
218
238
258
278
298
318
338
358
378
398
418
438
458
478
498
518
538
558
578
598
618
638
658
678
698
718
5463
5464
5465
5466
5467
5468
5469
5470
5471
5472
5473
5474
5475
5476
5477
5478
5479
5480
5481
5482
5483
5484
5485
5486
5487
5488
5489
5490
5491
5492

3 181
519
499
539
559
579
599
619
639
659
679
699
719
739
759
779
799
819
839
859
879
899
919
939
959
979
999
1019
1039
1059
1079
1099
1119
1139
1159
1179
1199
1219
1239
1259
1279
1299
1319
1339
1359
1379
1399
1419
1439
1459
1479
1499
1519
1539
1559
1579
1599
1619
1639
1659
1679
1699
1719
1739
1759
1779
1799
1819
1839
1859
1879
1899
1919
1939
1959
1979
1999
2019
2039
2059
2079
2099
2119
2139
2159
2179
2199
2219
2239
2259
2279
2299
5493
5494
5495
5496
5497
5498
5499
5500
5501
5502
5503
5504
5505
5506
5507
5508
5509
5510
5511
5512
5513
5514
5515
5516
5517
5518
5519
5520
5521
5522
5523
5524
5525
5526
5527
5528
5529
5530
5531
5532
5533
5534
5535
5536
5537
5538
5539
5540
5541
5542
5543
5544
5545
5546
5547
5548
5549
5550
5551
5552
5553
5554
5555
5556
5557
5558
5559
5560
5561
5562
5563
5564
5565
5566
5567
5568
5569
5570
5571
5572
5573
5574
5575
5576
5577
5578
5579
5580
5581
5582

4 181
718
738
758
778
798
818
838
858
878
898
918
938
958
978
998
1018
1038
1058
1078
1098
1118
1138
1158
1178
1198
1218
1238
1258
1278
1298
1318
1338
1358
1378
1398
1418
1438
1458
1478
1498
1518
1538
1558
1578
1598
1618
1638
1658
1678
1698
1718
1738
1758
1778
1798
1818
1838
1858
1878
1898
1918
1938
1958
1978
1998
2018
2038
2058
2078
2098
2118
2138
2158
2178
2198
2218
2238
2258
2278
2298
2318
2338
2358
2378
2398
2418
2438
2458
2478
2498
2518
5583
5584
5585
5586
5587
5588
5589
5590
5591
5592
5593
5594
5595
5596
5597
5598
5599
5600
5601
5602
5603
5604
5605
5606
5607
5608
5609
5610
5611
5612
5613
5614
5615
5616
5617
5618
5619
5620
5621
5622
5623
5624
5625
5626
5627
5628
5629
5630
5631
5632
5633
5634
5635
5636
5637
5638
5639
5640
5641
5642
5643
5644
5645
5646
5647
5648
5649
5650
5651
5652
5653
5654
5655
5656
5657
5658
5659
5660
5661
5662
5663
5664
5665
5666
5667
5668
5669
5670
5671
5672

5 61
2319
2299
2339
2359
2379
2399
2419
2439
2459
2479
2499
2519
2539
2559
2579
2599
2619
2639
2659
2679
2699
2719
2739
2759
2779
2799
2819
2839
2859
2879
2899
5673
5674
5675
5676
5677
5678
5679
5680
5681
5682
5683
5684
5685
5686
5687
5688
5689
5690
5691
5692
5693
5694
5695
5696
5697
5698
5699
5700
5701
5702

6 61
2518
2538
2558
2578
2598
2618
2638
2658
2678
2698
2718
2738
2758
2778
2798
2818
2838
2858
2878
2898
2918
2938
2958
2978
2998
3018
3038
3058
3078
3098
3118
5703
5704
5705
5706
5707
5708
5709
5710
5711
5712
5713
5714
5715
5716
5717
5718
5719
5720
5721
5722
5723
5724
5725
5726
5727
5728
5729
5730
5731
5732

7 181
2919
2899
2939
2959
2979
2999
3019
3039
3059
3079
3099
3119
3139
3159
3179
3199
3219
3239
3259
3279
3299
3319
3339
3359
3379
3399
3419
3439
3459
3479
3499
3519
3539
3559
3579
3599
3619
3639
3659
3679
3699
3719
3739
3759
3779
3799
3819
3839
3859
3879
3899
3919
3939
3959
3979
3999
4019
4039
4059
4079
4099
4119
4139
4159
4179
4199
4219
4239
4259
4279
4299
4319
4339
4359
4379
4399
4419
4439
4459
4479
4499
4519
4539
4559
4579
4599
4619
4639
4659
4679
4699
5733
5734
5735
5736
5737
5738
5739
5740
5741
5742
5743
5744
5745
5746
5747
5748
5749
5750
5751
5752
5753
5754
5755
5756
5757
5758
5759
5760
5761
5762
5763
5764
5765
5766
5767
5768
5769
5770
5771
5772
5773
5774
5775
5776
5777
5778
5779
5780
5781
5782
5783
5784
5785
5786
5787
5788
5789
5790
5791
5792
5793
5794
5795
5796
5797
5798
5799
5800
5801
5802
5803
5804
5805
5806
5807
5808
5809
5810
5811
5812
5813
5814
5815
5816
5817
5818
5819
5820
5821
5822

8 181
3118
3138
3158
3178
3198
3218
3238
3258
3278
3298
3318
3338
3358
3378
3398
3418
3438
3458
3478
3498
3518
3538
3558
3578
3598
3618
3638
3658
3678
3698
3718
3738
3758
3778
3798
3818
3838
3858
3878
3898
3918
3938
3958
3978
3998
4018
4038
4058
4078
4098
4118
4138
4158
4178
4198
4218
4238
4258
4278
4298
4318
4338
4358
4378
4398
4418
4438
4458
4478
4498
4518
4538
4558
4578
4598
4618
4638
4658
4678
4698
4718
4738
4758
4778
4798
4818
4838
4858
4878
4898
4918
5823
5824
5825
5826
5827
5828
5829
5830
5831
5832
5833
5834
5835
5836
5837
5838
5839
5840
5841
5842
5843
5844
5845
5846
5847
5848
5849
5850
5851
5852
5853
5854
5855
5856
5857
5858
5859
5860
5861
5862
5863
5864
5865
5866
5867
5868
5869
5870
5871
5872
5873
5874
5875
5876
5877
5878
5879
5880
5881
5882
5883
5884
5885
5886
5887
5888
5889
5890
5891
5892
5893
5894
5895
5896
5897
5898
5899
5900
5901
5902
5903
5904
5905
5906
5907
5908
5909
5910
5911
5912

9 61
4719
4699
4739
4759
4779
4799
4819
4839
4859
4879
4899
4919
4939
4959
4979
4999
5019
5039
5059
5079
5099
5100
5120
5121
5142
5143
5165
5166
5189
5190
5216
5913
5914
5915
5916
5917
5918
5919
5920
5921
5922
5923
5924
5925
5926
5927
5928
5929
5930
5931
5932
5933
5934
5935
5936
5937
5938
5939
5940
5941
5942

10 61
4918
4938
4958
4978
4998
5018
5038
5058
5078
5098
5119
5141
5164
5188
5213
5238
5261
5283
5303
5321
5337
5352
5365
5377
5387
5396
5403
5409
5413
5416
5417
5943
5944
5945
5946
5947
5948
5949
5950
5951
5952
5953
5954
5955
5956
5957
5958
5959
5960
5961
5962
5963
5964
5965
5966
5967
5968
5969
5970
5971
5972

11 31
5240
5216
5263
5285
5305
5323
5339
5354
5367
5379
5389
5398
5405
5411
5415
5417
5973
5974
5975
5976
5977
5978
5979
5980
5981
5982
5983
5984
5985
5986
5987

