  0.01111789586
  0.00942559181
  0.00835615666
  0.00722924709
  0.00764772146
  0.00822704818
  0.00823759607
  0.00818708589
  0.00813414624
  0.00809323356
  0.00805572222
  0.00803249218
  0.00800920152
  0.00799299015
  0.00796887653
  0.00795779802
  0.00794654181
  0.00792949236
  0.00791390072
  0.00791127351
  0.00790021345
  0.00789612426
  0.00788670488
  0.00788001689
  0.00787339339
  0.00786853319
  0.00786200282
  0.00786061604
  0.00785261777
  0.00785564933
  0.00785047266
  0.00784661590
  0.00784256084
  0.00784041372
  0.00783534959
  0.00783377150
  0.00782979778
  0.00783069019
  0.00782725168
  0.00782342360
  0.00782078103
  0.00782039942
  0.00781739636
  0.00781803627
  0.00781681627
  0.00781364598
  0.00781121845
  0.00780965573
  0.00781086660
  0.00780582123
  0.00780725663
  0.00780629479
  0.00780327447
  0.00780265650
  0.00779972295
  0.00780020162
  0.00779648717
  0.00779576889
  0.00779907038
  0.00779958699
  0.00779445034
  0.00779739317
  0.00779345016
  0.00778931180
  0.00779263773
  0.00779397251
  0.00778963269
  0.00779192094
  0.00779643436
  0.00778649093
  0.00778885120
  0.00778665751
  0.00778757862
  0.00778349634
  0.00778442739
  0.00778972567
  0.00778371235
  0.00779065131
  0.00778672841
  0.00778407572
  0.00778548135
  0.00778445667
  0.00778396919
  0.00787632803
  0.00778563836
  0.00778182953
  0.00778350113
  0.00778491140
  0.00778507850
  0.00778442726
  0.00778292222
  0.00777765911
  0.00777846133
  0.00778021863
  0.00777687514
  0.00778534118
  0.00777920491
  0.00778033597
  0.00777432613
  0.00778154374
  0.00777438121
  0.00777440227
  0.00777865236
  0.00777787104
  0.00777809329
  0.00778051032
  0.00778017046
  0.00777633492
  0.00777667027
  0.00777832773
  0.00778078923
  0.00777869501
  0.00778133149
  0.00777904922
  0.00777301042
  0.00778154649
  0.00777919628
  0.00778113563
  0.00777886537
  0.00777474198
  0.00777611682
  0.00778128411
  0.00778056380
  0.00778205733
  0.00777551741
  0.00778369632
  0.00777752499
  0.00778498324
  0.00778083313
  0.00777718371
  0.00777748073
  0.00777717360
  0.00777072706
  0.00777841092
  0.00777891227
  0.00777506836
  0.00777892593
  0.00777737453
  0.00777708778
  0.00777537043
  0.00777672233
  0.00778019454
  0.00777571099
  0.00777658105
  0.00777683251
  0.00777895724
  0.00778115390
  0.00777985571
  0.00778269071
  0.00777636775
  0.00777858960
  0.00777629891
  0.00778101537
  0.00777796897
  0.00778287599
  0.00777455386
  0.00777811450
  0.00778149258
  0.00778038885
  0.00777673124
  0.00777803214
  0.00777728191
  0.00777794145
  0.00777787745
  0.00777789022
  0.00778111475
  0.00777567129
  0.00778271819
  0.00778110447
  0.00777694331
  0.00777333430
  0.00777776199
  0.00778411826
  0.00777715523
  0.00778241270
  0.00777936124
  0.00787501893
  0.00777861749
  0.00776892635
  0.00777978524
  0.00777846878
  0.00777647423
  0.00778199679
  0.00777890067
  0.00777976836
  0.00777736691
  0.00777333283
  0.00777963429
  0.00778414408
  0.00778031303
  0.00777881561
  0.00778033314
  0.00777454293
  0.00777307833
  0.00778105378
  0.00778074880
  0.00778092887
  0.00777827309
  0.00778247376
  0.00777719404
  0.00778190048
  0.00777930697
  0.00777975691
  0.00777878731
  0.00777648377
  0.00777310711
  0.00778534229
  0.00778324502
  0.00778135180
  0.00777738637
  0.00778310187
  0.00777527024
  0.00777850933
  0.00778119662
  0.00777891018
  0.00778223430
  0.00777926039
  0.00778149312
  0.00778205154
  0.00778353888
  0.00777671551
  0.00777769308
  0.00777982741
  0.00777739286
  0.00777814080
  0.00778200590
  0.00778082856
  0.00777777855
  0.00777434061
  0.00777944974
  0.00777832567
  0.00777688200
  0.00777975378
  0.00777951608
  0.00778170383
  0.00777945441
  0.00777959943
  0.00777556647
  0.00778198900
  0.00777914929
  0.00778022619
  0.00778277750
  0.00778084733
  0.00778085085
  0.00778200452
  0.00777849888
  0.00778151279
  0.00778163689
  0.00777771484
  0.00777551580
  0.00778113577
  0.00777730228
  0.00778000724
  0.00777629218
  0.00778077635
  0.00778118435
  0.00778153839
  0.00778128963
  0.00778081952
  0.00778213057
  0.00778090526
  0.00778101860
  0.00778212023
  0.00778096132
  0.00777665316
  0.00778181259
  0.00778789047
  0.00778177018
  0.00777717511
  0.00778221692
  0.00778371111
  0.00778035649
  0.00778160251
  0.00777697969
  0.00777825083
  0.00777556892
  0.00778096424
  0.00778031386
  0.00777929356
  0.00778155362
  0.00777861958
  0.00778154614
  0.00778325061
  0.00777989159
  0.00777882470
  0.00778142562
  0.00778199020
  0.00777702557
  0.00777739508
  0.00777825822
  0.00778165481
  0.00777939948
  0.00778346384
  0.00777852217
  0.00778183340
  0.00777751260
  0.00778077721
  0.00778034976
  0.00777823348
  0.00778464101
