300	2
0.0104318	143.864	
0.00879997	152.221	
0.00782884	164.67	
0.00712539	184.9	
0.00740098	194.321	
0.00765182	180.784	
0.00758297	170.673	
0.00752556	165.478	
0.00748431	161.757	
0.00745505	159.29	
0.00742503	156.708	
0.00739863	153.611	
0.00723099	172.673	
0.00737273	149.124	
0.00719714	160.326	
0.00719551	160.058	
0.00718513	159.45	
0.00716362	158.665	
0.00733629	147.69	
0.00716066	158.651	
0.00713725	157.828	
0.00732422	147.774	
0.00715371	159.476	
0.0071467	159.154	
0.00730908	147.696	
0.00730463	147.62	
0.00730132	147.7	
0.00715697	160.249	
0.00713127	159.149	
0.00712836	159.284	
0.00713066	159.847	
0.00728741	148.279	
0.00711321	168.094	
0.00728614	148.413	
0.00711148	158.921	
0.00709196	157.555	
0.00710297	158.982	
0.00708437	158.14	
0.00711665	167.747	
0.00728138	148.849	
0.00708658	158.668	
0.00727243	148.544	
0.0071089	160.099	
0.00707958	158.4	
0.00727093	148.544	
0.00709062	159.295	
0.00708291	158.651	
0.0070744	158.053	
0.00707547	157.807	
0.00709308	159.404	
0.00710108	160.105	
0.00708442	159.129	
0.00709044	159.537	
0.00708676	159.368	
0.00710581	160.659	
0.00725162	148.533	
0.00725115	148.597	
0.00705652	157.158	
0.00705566	157.913	
0.00724704	148.684	
0.00724838	148.875	
0.00706452	166.466	
0.00708353	160.065	
0.00708944	169.181	
0.00708669	168.363	
0.00706532	168.089	
0.00704286	157.561	
0.00703179	157.584	
0.00705816	168.207	
0.00707274	160.325	
0.00721764	148.729	
0.00705868	159.798	
0.00703878	167.932	
0.00721716	148.67	
0.00705534	159.604	
0.0070308	158.48	
0.00702235	158.398	
0.00704173	159.301	
0.00703922	159.493	
0.0070265	159.083	
0.00703743	159.309	
0.00701902	158.445	
0.00702111	158.495	
0.00705073	160.503	
0.00701693	158.378	
0.00703736	159.736	
0.00704178	160.041	
0.00704533	160.308	
0.00704455	168.796	
0.00702678	159.435	
0.00704218	160.486	
0.00702654	159.383	
0.00699083	158.475	
0.00701959	159.358	
0.0070281	168.668	
0.00701123	159.3	
0.00703757	169.19	
0.00701984	160.391	
0.00698963	158.187	
0.00718313	149.051	
0.00699494	158.431	
0.00701732	159.594	
0.00701837	160.281	
0.0070266	160.592	
0.00702602	160.764	
0.00702459	160.269	
0.00700881	160.249	
0.00699965	158.898	
0.00701213	168.723	
0.00700606	159.785	
0.0070072	160.011	
0.00701041	169.365	
0.00701621	160.589	
0.00698627	159.089	
0.00700778	168.693	
0.00699446	159.91	
0.00700021	160.195	
0.00697509	158.938	
0.00700416	160.361	
0.00700207	160.36	
0.00700031	160.464	
0.00700178	168.869	
0.00698468	159.633	
0.00715912	149.63	
0.00700266	160.709	
0.00697186	159.081	
0.00697916	159.782	
0.00698789	160.546	
0.00697446	159.783	
0.00700666	161.378	
0.00699571	160.917	
0.00697038	159.535	
0.00699439	160.891	
0.00701134	161.85	
0.00700963	161.904	
0.00699761	160.891	
0.00698849	160.907	
0.00698423	160.63	
0.00697605	159.995	
0.00700855	161.849	
0.00699319	161.121	
0.00699868	161.564	
0.00699492	161.667	
0.00697298	160.455	
0.00699108	161.609	
0.00698684	161.287	
0.00697374	160.637	
0.00695683	159.782	
0.00699546	162.48	
0.00697888	161.763	
0.00697673	161.435	
0.00697296	161.557	
0.00699059	162.796	
0.00699151	162.761	
0.00698553	162.599	
0.00696911	162.097	
0.00697989	162.699	
0.00695462	169.501	
0.00694876	169.876	
0.00695633	170.944	
0.00694324	161.278	
0.00695697	162.003	
0.00694446	161.032	
0.00695907	161.848	
0.00693106	169.508	
0.00693922	160.951	
0.00695358	161.826	
0.00693441	169.793	
0.00694154	160.655	
0.00694637	161.35	
0.00696122	162.446	
0.00696046	162.266	
0.00694516	161.521	
0.00711184	151.141	
0.00694941	161.646	
0.00694062	161.126	
0.00695155	162.04	
0.00694286	161.256	
0.00695086	161.905	
0.00693653	161.137	
0.00692658	170.078	
0.00692155	169.153	
0.00692887	160.819	
0.00695592	162.385	
0.00694353	161.688	
0.00693845	161.442	
0.00694266	161.978	
0.00711016	151.064	
0.00694217	161.853	
0.0069491	161.841	
0.00696307	162.635	
0.00711011	151.182	
0.00694308	161.659	
0.00693002	160.898	
0.0069486	171.219	
0.00693594	161.282	
0.0069669	162.856	
0.00693147	160.63	
0.00693165	160.991	
0.00694428	161.908	
0.00710178	151.065	
0.00692291	160.777	
0.00711048	150.976	
0.0069279	161.067	
0.00694602	161.933	
0.00694072	161.638	
0.00710545	151.108	
0.00710301	151.101	
0.00691895	160.692	
0.00691759	169.518	
0.0069479	162.133	
0.00692029	169.89	
0.00693427	161.403	
0.00694428	162.016	
0.00695154	162.422	
0.00696368	163.092	
0.00694322	161.887	
0.00691895	160.362	
0.00693966	161.564	
0.00693717	161.705	
0.00695789	162.654	
0.00695188	162.427	
0.00693811	161.726	
0.00694411	161.948	
0.00693823	161.645	
0.00695774	162.675	
0.00710793	151.284	
0.0071117	151.659	
0.00692531	160.794	
0.00693501	161.457	
0.00694089	162.053	
0.00693239	161.248	
0.00691493	160.024	
0.00693135	161.633	
0.00694039	162.247	
0.00692991	170.717	
0.00694336	162.085	
0.00694354	162.113	
0.0069376	162.017	
0.00693124	161.424	
0.00694383	162.127	
0.00694126	161.872	
0.00694442	162.053	
0.00695412	162.723	
0.00709793	150.868	
0.00710386	151.317	
0.00693569	162.004	
0.00694691	162.38	
0.00694708	162.268	
0.00692103	169.451	
0.00694191	162.158	
0.00695262	162.636	
0.00694262	162.138	
0.00694763	162.265	
0.00693954	162.156	
0.00694555	162.236	
0.00692808	161.189	
0.00693788	161.536	
0.00693389	161.604	
0.00709673	151.032	
0.00694622	162.177	
0.00693883	161.788	
0.00693893	161.818	
0.00692398	161.247	
0.00709967	151.133	
0.00693589	161.736	
0.00708803	150.48	
0.00694972	162.364	
0.00694732	162.373	
0.00692733	161.073	
0.00694483	162.397	
0.00710734	151.178	
0.0069491	162.387	
0.00693797	161.696	
0.00694148	162.102	
0.00694108	162.139	
0.00693155	161.49	
0.00710474	151.604	
0.00693411	161.709	
0.00691892	169.816	
0.00694374	171.239	
0.0069424	162.197	
0.00693841	162.005	
0.00710295	151.387	
0.00691363	160.219	
0.00694118	162.071	
0.00692242	160.884	
0.00692989	161.749	
0.00693071	161.604	
0.00693415	162.036	
0.00692512	161.268	
0.00693094	161.855	
0.00694305	162.479	
0.00692901	160.5	
0.00693325	161.575	
0.00692582	169.997	
0.00691283	160.287	
0.00692941	161.537	
0.00691815	161.297	
0.00693827	162.161	
