980 34
0 6
2353 2366 
2366 2359 
2359 2367 
2367 2363 
2363 2368 
2368 2365 

1 22
2284 2369 
2369 2293 
2293 2370 
2370 2301 
2301 2371 
2371 2309 
2309 2372 
2372 2316 
2316 2373 
2373 2323 
2323 2374 
2374 2330 
2330 2375 
2375 2336 
2336 2376 
2376 2341 
2341 2377 
2377 2346 
2346 2378 
2378 2347 
2347 2379 
2379 2353 

2 26
2299 2380 
2380 2289 
2307 2381 
2381 2299 
2314 2382 
2382 2307 
2321 2383 
2383 2314 
2328 2384 
2384 2321 
2334 2385 
2385 2328 
2340 2386 
2386 2334 
2345 2387 
2387 2340 
2351 2388 
2388 2345 
2357 2389 
2389 2351 
2361 2390 
2390 2357 
2364 2391 
2391 2361 
2365 2392 
2392 2364 

3 6
228 2393 
2393 196 
230 2394 
2394 228 
270 2395 
2395 230 

4 26
314 2396 
2396 270 
371 2397 
2397 314 
435 2398 
2398 371 
504 2399 
2399 435 
576 2400 
2400 504 
655 2401 
2401 576 
734 2402 
2402 655 
821 2403 
2403 734 
915 2404 
2404 821 
1004 2405 
2405 915 
1089 2406 
2406 1004 
1173 2407 
2407 1089 
1252 2408 
2408 1173 

5 22
196 2409 
2409 227 
227 2410 
2410 265 
265 2411 
2411 310 
310 2412 
2412 367 
367 2413 
2413 430 
430 2414 
2414 498 
498 2415 
2415 499 
499 2416 
2416 570 
570 2417 
2417 646 
646 2418 
2418 645 
645 2419 
2419 724 

6 8
2224 2420 
2420 2244 
2244 2421 
2421 2260 
2260 2422 
2422 2273 
2273 2423 
2423 2284 

7 32
1540 2424 
2424 1614 
1614 2425 
2425 1685 
1685 2426 
2426 1749 
1749 2427 
2427 1807 
1807 2428 
2428 1862 
1862 2429 
2429 1909 
1909 2430 
2430 1953 
1953 2431 
2431 1994 
1994 2432 
2432 2034 
2034 2433 
2433 2074 
2074 2434 
2434 2112 
2112 2435 
2435 2145 
2145 2436 
2436 2175 
2175 2437 
2437 2201 
2201 2438 
2438 2202 
2202 2439 
2439 2224 

8 12
2274 2440 
2440 2275 
2275 2441 
2441 2281 
2282 2442 
2442 2274 
2283 2443 
2443 2282 
2284 2444 
2444 2283 
2281 2445 
2445 2289 

9 42
1333 2446 
2446 1414 
1414 2447 
2447 1494 
1494 2448 
2448 1575 
1575 2449 
2449 1649 
1649 2450 
2450 1720 
1720 2451 
2451 1785 
1785 2452 
2452 1844 
1844 2453 
2453 1896 
1896 2454 
2454 1943 
1943 2455 
2455 1985 
1985 2456 
2456 2024 
2024 2457 
2457 2061 
2061 2458 
2458 2100 
2100 2459 
2459 2134 
2134 2460 
2460 2164 
2164 2461 
2461 2191 
2191 2462 
2462 2215 
2215 2463 
2463 2237 
2237 2464 
2464 2256 
2256 2465 
2465 2270 
2270 2466 
2466 2284 

10 22
2060 2467 
2467 2023 
2099 2468 
2468 2060 
2133 2469 
2469 2099 
2162 2470 
2470 2133 
2189 2471 
2471 2162 
2212 2472 
2472 2189 
2233 2473 
2473 2212 
2251 2474 
2474 2233 
2266 2475 
2475 2251 
2280 2476 
2476 2266 
2289 2477 
2477 2280 

11 58
1023 2478 
2478 933 
1108 2479 
2479 1023 
1190 2480 
2480 1108 
1268 2481 
2481 1190 
1346 2482 
2482 1268 
1424 2483 
2483 1346 
1502 2484 
2484 1424 
1581 2485 
2485 1502 
1582 2486 
2486 1581 
1656 2487 
2487 1582 
1726 2488 
2488 1656 
1790 2489 
2489 1726 
1849 2490 
2490 1790 
1900 2491 
2491 1849 
1947 2492 
2492 1900 
1950 2493 
2493 1947 
1990 2494 
2494 1950 
1995 2495 
2495 1990 
2035 2496 
2496 1995 
2075 2497 
2497 2035 
2113 2498 
2498 2075 
2146 2499 
2499 2113 
2176 2500 
2500 2146 
2203 2501 
2501 2176 
2225 2502 
2502 2203 
2245 2503 
2503 2225 
2262 2504 
2504 2245 
2277 2505 
2505 2262 
2289 2506 
2506 2277 

12 2
2023 2507 
2507 1984 

13 146
327 2508 
2508 385 
385 2509 
2509 449 
449 2510 
2510 517 
517 2511 
2511 589 
589 2512 
2512 594 
594 2513 
2513 667 
667 2514 
2514 668 
668 2515 
2515 744 
744 2516 
2516 745 
745 2517 
2517 746 
746 2518 
2518 759 
759 2519 
2519 762 
762 2520 
2520 849 
849 2521 
2521 850 
850 2522 
2522 854 
854 2523 
2523 945 
945 2524 
2524 946 
946 2525 
2525 951 
951 2526 
2526 1036 
1036 2527 
2527 1037 
1037 2528 
2528 1119 
1119 2529 
2529 1123 
1123 2530 
2530 1124 
1124 2531 
2531 1126 
1126 2532 
2532 1206 
1206 2533 
2533 1209 
1209 2534 
2534 1285 
1285 2535 
2535 1287 
1287 2536 
2536 1291 
1291 2537 
2537 1364 
1364 2538 
2538 1365 
1365 2539 
2539 1366 
1366 2540 
2540 1368 
1368 2541 
2541 1375 
1375 2542 
2542 1376 
1376 2543 
2543 1377 
1377 2544 
2544 1378 
1378 2545 
2545 1446 
1446 2546 
2546 1447 
1447 2547 
2547 1448 
1448 2548 
2548 1449 
1449 2549 
2549 1450 
1450 2550 
2550 1451 
1451 2551 
2551 1461 
1461 2552 
2552 1462 
1462 2553 
2553 1464 
1464 2554 
2554 1465 
1465 2555 
2555 1543 
1543 2556 
2556 1547 
1547 2557 
2557 1620 
1620 2558 
2558 1623 
1623 2559 
2559 1624 
1624 2560 
2560 1694 
1694 2561 
2561 1703 
1703 2562 
2562 1767 
1767 2563 
2563 1769 
1769 2564 
2564 1825 
1825 2565 
2565 1832 
1832 2566 
2566 1883 
1883 2567 
2567 1884 
1884 2568 
2568 1928 
1928 2569 
2569 1932 
1932 2570 
2570 1933 
1933 2571 
2571 1964 
1964 2572 
2572 1965 
1965 2573 
2573 1966 
1966 2574 
2574 1967 
1967 2575 
2575 1978 
1978 2576 
2576 1979 
1979 2577 
2577 1980 
1980 2578 
2578 1981 
1981 2579 
2579 1982 
1982 2580 
2580 2023 

14 22
1332 2581 
2581 1252 
1413 2582 
2582 1332 
1493 2583 
2583 1413 
1574 2584 
2584 1493 
1648 2585 
2585 1574 
1719 2586 
2586 1648 
1784 2587 
2587 1719 
1843 2588 
2588 1784 
1895 2589 
2589 1843 
1942 2590 
2590 1895 
1984 2591 
2591 1942 

15 146
382 2592 
2592 323 
448 2593 
2593 382 
516 2594 
2594 448 
522 2595 
2595 516 
587 2596 
2596 522 
588 2597 
2597 587 
664 2598 
2598 588 
665 2599 
2599 664 
666 2600 
2600 665 
679 2601 
2601 666 
682 2602 
2602 679 
760 2603 
2603 682 
761 2604 
2604 760 
765 2605 
2605 761 
852 2606 
2606 765 
853 2607 
2607 852 
858 2608 
2608 853 
949 2609 
2609 858 
950 2610 
2610 949 
1035 2611 
2611 950 
1039 2612 
2612 1035 
1040 2613 
2613 1039 
1042 2614 
2614 1040 
1125 2615 
2615 1042 
1128 2616 
2616 1125 
1208 2617 
2617 1128 
1210 2618 
2618 1208 
1214 2619 
2619 1210 
1288 2620 
2620 1214 
1289 2621 
2621 1288 
1290 2622 
2622 1289 
1292 2623 
2623 1290 
1299 2624 
2624 1292 
1300 2625 
2625 1299 
1301 2626 
2626 1300 
1302 2627 
2627 1301 
1369 2628 
2628 1302 
1370 2629 
2629 1369 
1371 2630 
2630 1370 
1372 2631 
2631 1371 
1373 2632 
2632 1372 
1374 2633 
2633 1373 
1381 2634 
2634 1374 
1382 2635 
2635 1381 
1384 2636 
2636 1382 
1385 2637 
2637 1384 
1463 2638 
2638 1385 
1467 2639 
2639 1463 
1546 2640 
2640 1467 
1549 2641 
2641 1546 
1550 2642 
2642 1549 
1622 2643 
2643 1550 
1631 2644 
2644 1622 
1702 2645 
2645 1631 
1704 2646 
2646 1702 
1766 2647 
2647 1704 
1773 2648 
2648 1766 
1830 2649 
2649 1773 
1831 2650 
2650 1830 
1882 2651 
2651 1831 
1886 2652 
2652 1882 
1887 2653 
2653 1886 
1920 2654 
2654 1887 
1921 2655 
2655 1920 
1922 2656 
2656 1921 
1923 2657 
2657 1922 
1934 2658 
2658 1923 
1935 2659 
2659 1934 
1936 2660 
2660 1935 
1937 2661 
2661 1938 
1938 2662 
2662 1936 
1940 2663 
2663 1937 
1984 2664 
2664 1940 

16 12
812 2665 
2665 724 
907 2666 
2666 812 
997 2667 
2667 907 
1085 2668 
2668 997 
1170 2669 
2669 1085 
1252 2670 
2670 1170 

17 78
115 2671 
2671 133 
133 2672 
2672 153 
153 2673 
2673 178 
178 2674 
2674 182 
182 2675 
2675 210 
210 2676 
2676 244 
244 2677 
2677 286 
286 2678 
2678 290 
290 2679 
2679 338 
338 2680 
2680 401 
401 2681 
2681 403 
403 2682 
2682 469 
469 2683 
2683 471 
471 2684 
2684 476 
476 2685 
2685 477 
477 2686 
2686 544 
544 2687 
2687 545 
545 2688 
2688 546 
546 2689 
2689 547 
547 2690 
2690 550 
550 2691 
2691 560 
560 2692 
2692 636 
636 2693 
2693 716 
716 2694 
2694 802 
802 2695 
2695 894 
894 2696 
2696 985 
985 2697 
2697 1073 
1073 2698 
2698 1077 
1077 2699 
2699 1161 
1169 2700 
2700 1174 
1161 2701 
2701 1236 
1236 2702 
2702 1237 
1237 2703 
2703 1245 
1245 2704 
2704 1246 
1247 2705 
2705 1169 
1246 2706 
2706 1248 
1248 2707 
2707 1249 
1249 2708 
2708 1247 
1174 2709 
2709 1252 

18 8
496 2710 
2710 429 
567 2711 
2711 496 
644 2712 
2712 567 
724 2713 
2713 644 

19 52
95 2714 
2714 80 
109 2715 
2715 95 
125 2716 
2716 109 
142 2717 
2717 125 
161 2718 
2718 142 
185 2719 
2719 161 
189 2720 
2720 185 
190 2721 
2721 189 
217 2722 
2722 190 
224 2723 
2723 217 
263 2724 
2724 224 
309 2725 
2725 263 
358 2726 
2726 309 
417 2727 
2727 358 
483 2728 
2728 417 
554 2729 
2729 483 
629 2730 
2730 554 
647 2731 
2731 642 
648 2732 
2732 647 
708 2733 
2733 629 
709 2734 
2734 708 
719 2735 
2735 709 
642 2736 
2736 720 
720 2737 
2737 721 
721 2738 
2738 719 
724 2739 
2739 648 

20 38
85 2740 
2740 71 
99 2741 
2741 85 
113 2742 
2742 99 
129 2743 
2743 113 
148 2744 
2744 129 
170 2745 
2745 148 
194 2746 
2746 170 
223 2747 
2747 194 
258 2748 
2748 223 
301 2749 
2749 258 
350 2750 
2750 301 
351 2751 
2751 350 
361 2752 
2752 351 
362 2753 
2753 361 
363 2754 
2754 362 
364 2755 
2755 363 
365 2756 
2756 364 
366 2757 
2757 365 
429 2758 
2758 366 

21 8
1333 2759 
2759 1380 
1380 2760 
2760 1459 
1459 2761 
2761 1460 
1460 2762 
2762 1540 

22 12
933 2763 
2763 1013 
1013 2764 
2764 1097 
1097 2765 
2765 1179 
1179 2766 
2766 1256 
1256 2767 
2767 1257 
1257 2768 
2768 1333 

23 22
441 2769 
2769 510 
510 2770 
2770 583 
583 2771 
2771 662 
662 2772 
2772 740 
740 2773 
2773 826 
826 2774 
2774 919 
919 2775 
2775 1008 
1008 2776 
2776 1093 
1093 2777 
2777 1176 
1176 2778 
2778 1255 
1255 2779 
2779 1333 

24 22
327 2780 
2780 387 
387 2781 
2781 452 
452 2782 
2782 454 
454 2783 
2783 524 
524 2784 
2784 595 
595 2785 
2785 598 
598 2786 
2786 678 
678 2787 
2787 758 
758 2788 
2788 843 
843 2789 
2789 844 
844 2790 
2790 933 

25 26
372 2791 
2791 315 
436 2792 
2792 372 
437 2793 
2793 436 
505 2794 
2794 437 
577 2795 
2795 505 
578 2796 
2796 577 
656 2797 
2797 578 
663 2798 
2798 656 
741 2799 
2799 663 
743 2800 
2800 741 
830 2801 
2801 743 
840 2802 
2802 830 
933 2803 
2803 840 

26 2
323 2804 
2804 327 

27 22
115 2805 
2805 114 
114 2806 
2806 130 
130 2807 
2807 149 
149 2808 
2808 171 
171 2809 
2809 175 
175 2810 
2810 202 
202 2811 
2811 204 
204 2812 
2812 238 
238 2813 
2813 279 
279 2814 
2814 280 
280 2815 
2815 323 

28 12
79 2816 
2816 78 
80 2817 
2817 79 
78 2818 
2818 90 
90 2819 
2819 103 
103 2820 
2820 102 
102 2821 
2821 115 

29 26
4 2822 
2822 9 
9 2823 
2823 14 
14 2824 
2824 19 
19 2825 
2825 25 
25 2826 
2826 31 
31 2827 
2827 37 
37 2828 
2828 43 
43 2829 
2829 52 
52 2830 
2830 61 
61 2831 
2831 74 
74 2832 
2832 87 
87 2833 
2833 101 
101 2834 
2834 115 

30 8
69 2835 
2835 68 
70 2836 
2836 69 
71 2837 
2837 70 
68 2838 
2838 80 

31 22
7 2839 
2839 2 
12 2840 
2840 7 
17 2841 
2841 12 
23 2842 
2842 17 
29 2843 
2843 23 
35 2844 
2844 29 
41 2845 
2845 35 
49 2846 
2846 41 
58 2847 
2847 49 
67 2848 
2848 58 
80 2849 
2849 67 

32 6
315 2850 
2850 374 
374 2851 
2851 375 
375 2852 
2852 441 

33 6
0 2853 
2853 1 
2 2854 
2854 0 
1 2855 
2855 4 

