524 34
0 4
2353
2359
2363
2365

1 12
2284
2293
2301
2309
2316
2323
2330
2336
2341
2346
2347
2353

2 14
2299
2289
2307
2314
2321
2328
2334
2340
2345
2351
2357
2361
2364
2365

3 4
228
196
230
270

4 14
314
270
371
435
504
576
655
734
821
915
1004
1089
1173
1252

5 12
196
227
265
310
367
430
498
499
570
646
645
724

6 5
2224
2244
2260
2273
2284

7 17
1540
1614
1685
1749
1807
1862
1909
1953
1994
2034
2074
2112
2145
2175
2201
2202
2224

8 7
2274
2275
2281
2282
2283
2284
2289

9 22
1333
1414
1494
1575
1649
1720
1785
1844
1896
1943
1985
2024
2061
2100
2134
2164
2191
2215
2237
2256
2270
2284

10 12
2060
2023
2099
2133
2162
2189
2212
2233
2251
2266
2280
2289

11 30
1023
933
1108
1190
1268
1346
1424
1502
1581
1582
1656
1726
1790
1849
1900
1947
1950
1990
1995
2035
2075
2113
2146
2176
2203
2225
2245
2262
2277
2289

12 2
2023
1984

13 74
327
385
449
517
589
594
667
668
744
745
746
759
762
849
850
854
945
946
951
1036
1037
1119
1123
1124
1126
1206
1209
1285
1287
1291
1364
1365
1366
1368
1375
1376
1377
1378
1446
1447
1448
1449
1450
1451
1461
1462
1464
1465
1543
1547
1620
1623
1624
1694
1703
1767
1769
1825
1832
1883
1884
1928
1932
1933
1964
1965
1966
1967
1978
1979
1980
1981
1982
2023

14 12
1332
1252
1413
1493
1574
1648
1719
1784
1843
1895
1942
1984

15 74
382
323
448
516
522
587
588
664
665
666
679
682
760
761
765
852
853
858
949
950
1035
1039
1040
1042
1125
1128
1208
1210
1214
1288
1289
1290
1292
1299
1300
1301
1302
1369
1370
1371
1372
1373
1374
1381
1382
1384
1385
1463
1467
1546
1549
1550
1622
1631
1702
1704
1766
1773
1830
1831
1882
1886
1887
1920
1921
1922
1923
1934
1935
1936
1937
1938
1940
1984

16 7
812
724
907
997
1085
1170
1252

17 40
115
133
153
178
182
210
244
286
290
338
401
403
469
471
476
477
544
545
546
547
550
560
636
716
802
894
985
1073
1077
1161
1169
1174
1236
1237
1245
1246
1247
1248
1249
1252

18 5
496
429
567
644
724

19 27
95
80
109
125
142
161
185
189
190
217
224
263
309
358
417
483
554
629
647
642
648
708
709
719
720
721
724

20 20
85
71
99
113
129
148
170
194
223
258
301
350
351
361
362
363
364
365
366
429

21 5
1333
1380
1459
1460
1540

22 7
933
1013
1097
1179
1256
1257
1333

23 12
441
510
583
662
740
826
919
1008
1093
1176
1255
1333

24 12
327
387
452
454
524
595
598
678
758
843
844
933

25 14
372
315
436
437
505
577
578
656
663
741
743
830
840
933

26 2
323
327

27 12
115
114
130
149
171
175
202
204
238
279
280
323

28 7
79
78
80
90
103
102
115

29 14
4
9
14
19
25
31
37
43
52
61
74
87
101
115

30 5
69
68
70
71
80

31 12
7
2
12
17
23
29
35
41
49
58
67
80

32 4
315
374
375
441

33 4
0
1
2
4

