490 34
0 3
2353 2359 
2359 2363 
2363 2365 

1 11
2284 2293 
2293 2301 
2301 2309 
2309 2316 
2316 2323 
2323 2330 
2330 2336 
2336 2341 
2341 2346 
2346 2347 
2347 2353 

2 13
2299 2289 
2307 2299 
2314 2307 
2321 2314 
2328 2321 
2334 2328 
2340 2334 
2345 2340 
2351 2345 
2357 2351 
2361 2357 
2364 2361 
2365 2364 

3 3
228 196 
230 228 
270 230 

4 13
314 270 
371 314 
435 371 
504 435 
576 504 
655 576 
734 655 
821 734 
915 821 
1004 915 
1089 1004 
1173 1089 
1252 1173 

5 11
196 227 
227 265 
265 310 
310 367 
367 430 
430 498 
498 499 
499 570 
570 646 
646 645 
645 724 

6 4
2224 2244 
2244 2260 
2260 2273 
2273 2284 

7 16
1540 1614 
1614 1685 
1685 1749 
1749 1807 
1807 1862 
1862 1909 
1909 1953 
1953 1994 
1994 2034 
2034 2074 
2074 2112 
2112 2145 
2145 2175 
2175 2201 
2201 2202 
2202 2224 

8 6
2274 2275 
2275 2281 
2282 2274 
2283 2282 
2284 2283 
2281 2289 

9 21
1333 1414 
1414 1494 
1494 1575 
1575 1649 
1649 1720 
1720 1785 
1785 1844 
1844 1896 
1896 1943 
1943 1985 
1985 2024 
2024 2061 
2061 2100 
2100 2134 
2134 2164 
2164 2191 
2191 2215 
2215 2237 
2237 2256 
2256 2270 
2270 2284 

10 11
2060 2023 
2099 2060 
2133 2099 
2162 2133 
2189 2162 
2212 2189 
2233 2212 
2251 2233 
2266 2251 
2280 2266 
2289 2280 

11 29
1023 933 
1108 1023 
1190 1108 
1268 1190 
1346 1268 
1424 1346 
1502 1424 
1581 1502 
1582 1581 
1656 1582 
1726 1656 
1790 1726 
1849 1790 
1900 1849 
1947 1900 
1950 1947 
1990 1950 
1995 1990 
2035 1995 
2075 2035 
2113 2075 
2146 2113 
2176 2146 
2203 2176 
2225 2203 
2245 2225 
2262 2245 
2277 2262 
2289 2277 

12 1
2023 1984 

13 73
327 385 
385 449 
449 517 
517 589 
589 594 
594 667 
667 668 
668 744 
744 745 
745 746 
746 759 
759 762 
762 849 
849 850 
850 854 
854 945 
945 946 
946 951 
951 1036 
1036 1037 
1037 1119 
1119 1123 
1123 1124 
1124 1126 
1126 1206 
1206 1209 
1209 1285 
1285 1287 
1287 1291 
1291 1364 
1364 1365 
1365 1366 
1366 1368 
1368 1375 
1375 1376 
1376 1377 
1377 1378 
1378 1446 
1446 1447 
1447 1448 
1448 1449 
1449 1450 
1450 1451 
1451 1461 
1461 1462 
1462 1464 
1464 1465 
1465 1543 
1543 1547 
1547 1620 
1620 1623 
1623 1624 
1624 1694 
1694 1703 
1703 1767 
1767 1769 
1769 1825 
1825 1832 
1832 1883 
1883 1884 
1884 1928 
1928 1932 
1932 1933 
1933 1964 
1964 1965 
1965 1966 
1966 1967 
1967 1978 
1978 1979 
1979 1980 
1980 1981 
1981 1982 
1982 2023 

14 11
1332 1252 
1413 1332 
1493 1413 
1574 1493 
1648 1574 
1719 1648 
1784 1719 
1843 1784 
1895 1843 
1942 1895 
1984 1942 

15 73
382 323 
448 382 
516 448 
522 516 
587 522 
588 587 
664 588 
665 664 
666 665 
679 666 
682 679 
760 682 
761 760 
765 761 
852 765 
853 852 
858 853 
949 858 
950 949 
1035 950 
1039 1035 
1040 1039 
1042 1040 
1125 1042 
1128 1125 
1208 1128 
1210 1208 
1214 1210 
1288 1214 
1289 1288 
1290 1289 
1292 1290 
1299 1292 
1300 1299 
1301 1300 
1302 1301 
1369 1302 
1370 1369 
1371 1370 
1372 1371 
1373 1372 
1374 1373 
1381 1374 
1382 1381 
1384 1382 
1385 1384 
1463 1385 
1467 1463 
1546 1467 
1549 1546 
1550 1549 
1622 1550 
1631 1622 
1702 1631 
1704 1702 
1766 1704 
1773 1766 
1830 1773 
1831 1830 
1882 1831 
1886 1882 
1887 1886 
1920 1887 
1921 1920 
1922 1921 
1923 1922 
1934 1923 
1935 1934 
1936 1935 
1937 1938 
1938 1936 
1940 1937 
1984 1940 

16 6
812 724 
907 812 
997 907 
1085 997 
1170 1085 
1252 1170 

17 39
115 133 
133 153 
153 178 
178 182 
182 210 
210 244 
244 286 
286 290 
290 338 
338 401 
401 403 
403 469 
469 471 
471 476 
476 477 
477 544 
544 545 
545 546 
546 547 
547 550 
550 560 
560 636 
636 716 
716 802 
802 894 
894 985 
985 1073 
1073 1077 
1077 1161 
1169 1174 
1161 1236 
1236 1237 
1237 1245 
1245 1246 
1247 1169 
1246 1248 
1248 1249 
1249 1247 
1174 1252 

18 4
496 429 
567 496 
644 567 
724 644 

19 26
95 80 
109 95 
125 109 
142 125 
161 142 
185 161 
189 185 
190 189 
217 190 
224 217 
263 224 
309 263 
358 309 
417 358 
483 417 
554 483 
629 554 
647 642 
648 647 
708 629 
709 708 
719 709 
642 720 
720 721 
721 719 
724 648 

20 19
85 71 
99 85 
113 99 
129 113 
148 129 
170 148 
194 170 
223 194 
258 223 
301 258 
350 301 
351 350 
361 351 
362 361 
363 362 
364 363 
365 364 
366 365 
429 366 

21 4
1333 1380 
1380 1459 
1459 1460 
1460 1540 

22 6
933 1013 
1013 1097 
1097 1179 
1179 1256 
1256 1257 
1257 1333 

23 11
441 510 
510 583 
583 662 
662 740 
740 826 
826 919 
919 1008 
1008 1093 
1093 1176 
1176 1255 
1255 1333 

24 11
327 387 
387 452 
452 454 
454 524 
524 595 
595 598 
598 678 
678 758 
758 843 
843 844 
844 933 

25 13
372 315 
436 372 
437 436 
505 437 
577 505 
578 577 
656 578 
663 656 
741 663 
743 741 
830 743 
840 830 
933 840 

26 1
323 327 

27 11
115 114 
114 130 
130 149 
149 171 
171 175 
175 202 
202 204 
204 238 
238 279 
279 280 
280 323 

28 6
79 78 
80 79 
78 90 
90 103 
103 102 
102 115 

29 13
4 9 
9 14 
14 19 
19 25 
25 31 
31 37 
37 43 
43 52 
52 61 
61 74 
74 87 
87 101 
101 115 

30 4
69 68 
70 69 
71 70 
68 80 

31 11
7 2 
12 7 
17 12 
23 17 
29 23 
35 29 
41 35 
49 41 
58 49 
67 58 
80 67 

32 3
315 374 
374 375 
375 441 

33 3
0 1 
2 0 
1 4 

