4525 
3 4 1 
 5 0 2 
 1 0 6 
 3 1 6 
 5 6 0 
 5 2 7 
 3 6 8 
 3 9 4 
 3 8 9 
 5 7 10 
 5 10 6 
 8 6 11 
 10 11 6 
 10 7 12 
 11 13 8 
 8 14 9 
 14 8 13 
 12 15 10 
 11 10 15 
 13 11 16 
 15 16 11 
 15 12 17 
 16 18 13 
 13 19 14 
 19 13 18 
 20 18 16 
 21 18 20 
 17 22 15 
 16 15 22 
 20 16 22 
 17 23 22 
 21 24 18 
 25 19 18 
 24 25 18 
 20 22 26 
 21 20 26 
 21 27 24 
 21 26 27 
 28 22 23 
 26 22 28 
 28 23 29 
 27 30 24 
 24 31 25 
 31 24 30 
 28 32 26 
 27 26 32 
 30 27 33 
 33 27 32 
 29 34 28 
 32 28 34 
 34 29 35 
 36 30 33 
 30 37 31 
 37 30 36 
 38 36 33 
 34 39 32 
 33 32 39 
 38 33 39 
 35 40 34 
 40 39 34 
 40 35 41 
 42 36 38 
 36 43 37 
 43 36 42 
 44 42 38 
 45 44 38 
 45 38 39 
 41 46 40 
 47 40 46 
 47 39 40 
 45 39 47 
 46 41 49 
 49 48 46 
 44 51 42 
 50 51 44 
 42 52 43 
 52 42 51 
 50 44 53 
 45 53 44 
 45 47 53 
 54 46 48 
 46 54 47 
 54 53 47 
 55 50 53 
 56 54 48 
 56 48 57 
 48 49 58 
 58 57 48 
 55 59 50 
 50 60 51 
 59 60 50 
 51 61 52 
 61 51 60 
 56 62 54 
 54 62 53 
 55 53 62 
 59 55 63 
 55 62 63 
 56 57 64 
 56 64 62 
 65 64 57 
 66 65 57 
 67 57 58 
 66 57 67 
 72 59 63 
 59 73 60 
 72 73 59 
 60 74 61 
 74 60 73 
 75 62 64 
 63 62 75 
 63 75 76 
 72 63 76 
 65 77 64 
 75 64 77 
 78 77 65 
 65 79 78 
 66 79 65 
 66 80 79 
 66 67 80 
 81 80 68 
 82 68 69 
 81 68 82 
 83 69 70 
 69 83 82 
 84 70 71 
 84 83 70 
 84 71 85 
 72 86 73 
 72 76 86 
 73 87 74 
 87 73 86 
 77 88 75 
 88 76 75 
 76 88 89 
 89 86 76 
 77 78 90 
 88 77 90 
 91 90 78 
 92 78 79 
 78 92 91 
 93 79 80 
 93 92 79 
 81 82 94 
 93 80 95 
 81 95 80 
 81 94 95 
 96 82 83 
 94 82 97 
 96 97 82 
 84 85 98 
 84 98 83 
 96 83 98 
 85 99 98 
 100 86 89 
 87 86 101 
 100 101 86 
 100 89 102 
 88 90 103 
 89 103 102 
 103 89 88 
 104 103 90 
 104 90 91 
 105 91 92 
 104 91 106 
 91 105 106 
 97 107 94 
 93 95 108 
 93 108 92 
 92 108 105 
 109 108 95 
 94 109 95 
 109 94 107 
 96 98 110 
 96 110 97 
 107 97 111 
 111 97 110 
 99 112 98 
 110 98 112 
 112 99 113 
 100 102 115 
 100 115 101 
 116 115 102 
 117 102 103 
 116 102 117 
 103 104 117 
 118 117 104 
 118 104 106 
 105 108 119 
 120 106 105 
 120 105 119 
 121 118 106 
 122 106 120 
 121 106 122 
 111 124 107 
 124 111 123 
 107 125 109 
 125 107 124 
 125 126 109 
 109 126 108 
 119 108 126 
 112 127 110 
 123 111 127 
 111 110 127 
 113 128 112 
 127 112 128 
 128 113 129 
 131 130 114 
 132 114 115 
 132 131 114 
 132 115 133 
 116 133 115 
 116 134 133 
 116 117 134 
 134 117 135 
 118 135 117 
 121 135 118 
 119 126 136 
 137 119 136 
 137 120 119 
 122 120 138 
 138 120 137 
 121 139 135 
 122 138 139 
 121 122 139 
 123 127 140 
 123 141 124 
 123 140 141 
 124 142 125 
 142 124 141 
 142 143 125 
 126 125 143 
 136 126 143 
 144 136 143 
 128 145 127 
 140 127 145 
 145 146 140 
 129 147 128 
 145 128 147 
 147 129 148 
 150 149 130 
 130 131 150 
 151 150 131 
 132 133 152 
 132 152 131 
 131 152 151 
 153 152 133 
 134 153 133 
 134 154 153 
 135 154 134 
 135 139 154 
 144 155 136 
 155 137 136 
 138 137 156 
 156 137 155 
 138 157 139 
 157 138 156 
 158 154 139 
 158 139 157 
 144 159 155 
 140 160 141 
 160 140 146 
 141 161 142 
 161 141 160 
 162 142 161 
 142 162 143 
 163 143 162 
 144 143 163 
 144 163 159 
 146 164 160 
 147 166 145 
 146 145 166 
 167 165 164 
 164 146 167 
 167 146 166 
 165 167 168 
 148 169 147 
 166 147 169 
 169 148 170 
 172 171 149 
 172 149 150 
 172 150 173 
 150 151 173 
 174 173 151 
 151 152 176 
 174 151 176 
 152 153 177 
 176 152 177 
 178 177 153 
 154 178 153 
 154 158 178 
 159 179 155 
 155 179 156 
 156 180 157 
 180 156 179 
 157 181 158 
 181 157 180 
 158 182 178 
 182 158 181 
 159 183 179 
 184 159 163 
 184 183 159 
 160 185 161 
 185 160 164 
 186 161 185 
 162 161 186 
 186 187 162 
 163 162 187 
 184 163 187 
 168 188 165 
 164 189 185 
 189 164 165 
 165 190 189 
 190 165 188 
 169 191 166 
 168 167 191 
 167 166 191 
 188 168 192 
 168 191 192 
 170 193 169 
 191 169 193 
 193 170 194 
 192 195 188 
 171 197 175 
 197 171 172 
 172 198 197 
 173 198 172 
 198 173 199 
 174 199 173 
 174 176 200 
 174 200 199 
 203 202 175 
 203 175 197 
 176 177 205 
 200 176 205 
 201 200 205 
 182 206 178 
 177 178 206 
 206 205 177 
 201 205 207 
 179 208 180 
 208 179 183 
 180 209 181 
 209 180 208 
 181 210 182 
 210 181 209 
 210 211 182 
 206 182 211 
 183 212 208 
 184 187 213 
 212 183 213 
 184 213 183 
 214 185 189 
 185 214 186 
 214 215 186 
 187 186 215 
 216 187 215 
 216 213 187 
 188 217 190 
 217 188 195 
 218 189 190 
 189 218 214 
 219 190 217 
 190 219 218 
 195 192 220 
 193 221 191 
 220 192 221 
 192 191 221 
 194 222 193 
 221 193 222 
 222 194 223 
 195 224 217 
 224 195 225 
 220 225 195 
 225 220 226 
 228 229 196 
 227 196 229 
 231 203 197 
 231 197 198 
 232 231 198 
 232 198 199 
 233 232 199 
 201 234 200 
 233 199 234 
 199 200 234 
 235 234 201 
 201 207 235 
 236 204 202 
 236 202 203 
 237 236 203 
 203 231 237 
 239 238 204 
 239 204 236 
 211 240 206 
 205 206 240 
 207 205 240 
 241 207 240 
 241 242 207 
 235 207 242 
 208 243 209 
 243 208 212 
 209 244 210 
 244 209 243 
 244 245 210 
 211 210 245 
 245 246 211 
 240 211 246 
 212 247 243 
 247 212 248 
 248 212 213 
 249 248 213 
 249 213 216 
 214 218 250 
 250 215 214 
 251 215 250 
 216 215 252 
 251 252 215 
 216 252 249 
 253 217 224 
 217 253 219 
 219 254 218 
 218 254 250 
 255 250 254 
 256 219 253 
 256 254 219 
 257 254 256 
 222 259 221 
 220 221 259 
 226 220 259 
 260 223 258 
 223 260 222 
 259 222 260 
 226 259 261 
 224 262 253 
 262 224 263 
 225 263 224 
 263 225 264 
 226 264 225 
 226 261 264 
 266 265 227 
 229 266 227 
 267 228 230 
 229 228 267 
 268 229 267 
 268 266 229 
 269 267 230 
 269 230 270 
 271 237 231 
 231 232 271 
 272 271 232 
 233 272 232 
 233 273 272 
 233 234 273 
 235 274 234 
 273 234 274 
 275 274 235 
 242 275 235 
 276 239 236 
 276 236 237 
 237 277 276 
 237 271 277 
 278 238 239 
 238 278 279 
 281 278 239 
 281 239 276 
 282 240 246 
 241 240 282 
 282 246 283 
 242 241 284 
 241 282 284 
 284 285 242 
 275 242 285 
 243 286 244 
 286 243 247 
 286 287 244 
 245 244 287 
 287 288 245 
 246 245 288 
 289 246 288 
 283 246 289 
 247 290 286 
 290 247 291 
 248 291 247 
 291 248 292 
 249 292 248 
 249 252 292 
 255 293 250 
 251 250 293 
 251 293 252 
 292 252 294 
 294 252 293 
 255 295 293 
 262 296 253 
 253 296 256 
 297 256 296 
 255 254 299 
 257 299 254 
 295 255 299 
 297 300 256 
 257 256 300 
 257 300 299 
 302 258 301 
 258 302 260 
 303 260 302 
 260 303 259 
 261 259 303 
 261 303 304 
 305 296 262 
 298 296 305 
 261 307 264 
 307 261 304 
 263 308 262 
 305 262 308 
 308 263 309 
 264 309 263 
 309 264 307 
 311 310 265 
 265 266 311 
 312 311 266 
 268 312 266 
 269 313 267 
 268 267 313 
 268 313 312 
 269 270 314 
 269 314 313 
 277 271 316 
 272 316 271 
 317 316 272 
 317 272 273 
 317 273 318 
 273 274 318 
 318 274 319 
 275 319 274 
 275 285 319 
 276 320 281 
 320 276 277 
 320 277 321 
 316 321 277 
 322 278 281 
 279 324 280 
 279 278 324 
 322 324 278 
 325 323 280 
 325 280 324 
 326 327 323 
 322 281 328 
 328 281 320 
 329 319 285 
 283 330 282 
 284 282 330 
 330 283 331 
 283 289 331 
 285 284 332 
 330 332 284 
 329 285 332 
 331 289 333 
 290 334 286 
 287 286 334 
 335 287 334 
 288 287 335 
 288 335 336 
 289 288 336 
 333 289 336 
 334 290 337 
 338 337 290 
 291 338 290 
 338 291 339 
 292 339 291 
 339 292 294 
 340 294 293 
 295 340 293 
 339 294 341 
 341 294 340 
 295 342 340 
 295 299 342 
 297 343 300 
 297 296 344 
 298 344 296 
 343 297 344 
 306 345 305 
 298 305 345 
 298 345 344 
 306 346 345 
 342 299 347 
 347 299 300 
 348 347 300 
 343 348 300 
 346 306 349 
 352 301 350 
 301 352 302 
 353 302 352 
 302 353 303 
 304 303 353 
 354 304 353 
 304 355 307 
 355 304 354 
 308 356 305 
 306 305 356 
 306 356 349 
 357 349 356 
 307 358 309 
 358 307 355 
 359 309 358 
 309 359 308 
 359 356 308 
 357 360 349 
 368 367 310 
 310 311 368 
 368 311 369 
 311 312 369 
 312 313 370 
 370 369 312 
 314 371 313 
 371 370 313 
 373 315 372 
 373 374 315 
 316 376 321 
 317 318 376 
 317 376 316 
 318 377 376 
 318 319 377 
 378 377 319 
 329 378 319 
 379 328 320 
 379 320 321 
 321 380 379 
 321 376 380 
 322 381 324 
 322 328 381 
 326 323 382 
 325 382 323 
 325 383 382 
 325 324 383 
 383 324 381 
 326 385 327 
 384 385 382 
 326 382 385 
 386 327 385 
 386 387 327 
 328 388 381 
 328 379 388 
 329 389 378 
 329 332 389 
 331 390 330 
 390 332 330 
 391 390 331 
 333 391 331 
 389 332 392 
 390 392 332 
 393 333 336 
 393 394 333 
 391 333 394 
 337 395 334 
 335 334 395 
 396 335 395 
 396 336 335 
 397 336 396 
 393 336 397 
 398 396 395 
 399 395 337 
 337 338 400 
 399 337 400 
 401 400 338 
 339 401 338 
 401 339 341 
 340 402 341 
 342 402 340 
 341 403 401 
 403 341 402 
 342 404 402 
 404 342 347 
 343 405 348 
 343 344 405 
 405 344 406 
 406 344 345 
 406 345 407 
 346 407 345 
 346 408 407 
 346 349 408 
 404 347 409 
 409 347 348 
 348 410 409 
 410 348 405 
 408 349 411 
 411 349 360 
 412 350 351 
 350 412 352 
 413 351 361 
 351 413 412 
 414 352 412 
 352 414 353 
 354 353 414 
 415 354 414 
 354 416 355 
 416 354 415 
 355 417 358 
 417 355 416 
 418 356 359 
 357 356 418 
 357 418 360 
 419 358 417 
 358 419 359 
 359 419 418 
 420 360 418 
 420 421 360 
 411 360 422 
 422 360 421 
 423 361 362 
 361 423 413 
 424 362 363 
 362 424 423 
 425 363 364 
 363 425 424 
 426 364 365 
 364 426 425 
 427 365 366 
 365 427 426 
 428 427 366 
 428 366 429 
 431 430 367 
 367 368 431 
 432 431 368 
 432 368 369 
 433 432 369 
 434 369 370 
 433 369 434 
 435 370 371 
 434 370 435 
 436 438 372 
 373 372 438 
 439 375 374 
 373 439 374 
 373 438 439 
 440 375 439 
 440 441 375 
 442 380 376 
 442 376 377 
 443 442 377 
 377 378 443 
 443 378 444 
 444 378 389 
 379 445 388 
 445 379 380 
 380 446 445 
 380 442 446 
 381 447 383 
 447 381 388 
 384 382 448 
 383 448 382 
 448 383 447 
 384 449 385 
 384 448 449 
 450 385 449 
 386 385 450 
 386 451 387 
 386 450 451 
 451 452 387 
 388 453 447 
 453 388 445 
 455 444 389 
 389 392 455 
 392 390 456 
 391 456 390 
 456 391 457 
 394 457 391 
 458 455 392 
 392 456 458 
 393 459 394 
 393 397 459 
 459 397 460 
 457 394 461 
 459 461 394 
 462 395 399 
 398 395 462 
 398 463 396 
 397 396 463 
 460 397 463 
 398 464 463 
 398 462 464 
 465 460 463 
 462 399 466 
 399 400 467 
 467 466 399 
 403 468 401 
 400 401 468 
 468 467 400 
 402 469 403 
 469 402 404 
 470 403 469 
 403 470 468 
 404 471 469 
 471 404 409 
 405 472 410 
 472 405 406 
 472 406 473 
 407 473 406 
 407 474 473 
 474 407 408 
 408 475 474 
 475 408 411 
 409 476 471 
 476 409 410 
 410 477 476 
 477 410 472 
 475 411 478 
 478 411 422 
 479 412 413 
 412 479 414 
 480 413 423 
 413 480 479 
 415 414 481 
 481 414 479 
 415 482 416 
 415 481 482 
 416 483 417 
 483 416 482 
 484 417 483 
 417 484 419 
 485 419 484 
 485 418 419 
 420 418 485 
 420 485 486 
 420 486 421 
 487 421 486 
 421 488 422 
 487 488 421 
 422 489 478 
 489 422 488 
 490 423 424 
 423 490 480 
 491 426 427 
 492 424 425 
 424 492 490 
 493 425 426 
 426 491 493 
 425 493 492 
 494 491 427 
 428 495 427 
 494 427 495 
 428 429 496 
 428 496 495 
 494 497 491 
 500 498 430 
 430 431 500 
 501 500 431 
 431 432 501 
 433 502 432 
 502 501 432 
 433 434 503 
 433 503 502 
 434 435 504 
 503 434 504 
 506 436 437 
 436 506 438 
 507 437 505 
 437 507 506 
 508 438 506 
 440 439 509 
 508 509 438 
 439 438 509 
 440 510 441 
 440 509 510 
 511 446 442 
 442 443 511 
 512 511 443 
 443 444 512 
 513 512 444 
 444 455 513 
 445 514 453 
 514 445 446 
 446 515 514 
 515 446 511 
 447 516 448 
 516 447 453 
 516 517 448 
 449 448 517 
 518 449 517 
 449 518 450 
 519 450 518 
 451 450 520 
 519 520 450 
 521 454 452 
 452 451 521 
 520 521 451 
 453 522 516 
 522 453 514 
 454 521 523 
 523 524 454 
 525 513 455 
 455 458 525 
 526 458 456 
 457 526 456 
 526 457 527 
 461 527 457 
 528 525 458 
 458 526 528 
 461 459 529 
 460 529 459 
 529 460 530 
 465 530 460 
 527 461 531 
 529 531 461 
 532 462 466 
 464 462 532 
 533 463 464 
 465 463 533 
 533 464 534 
 532 534 464 
 465 535 530 
 465 533 535 
 536 532 466 
 536 466 537 
 466 467 539 
 537 466 539 
 538 537 539 
 470 540 468 
 467 468 540 
 540 539 467 
 541 469 471 
 469 541 470 
 542 470 541 
 470 542 540 
 543 471 476 
 471 543 541 
 472 544 477 
 544 472 473 
 473 545 544 
 545 473 474 
 474 546 545 
 546 474 475 
 475 547 546 
 547 475 478 
 548 476 477 
 543 476 548 
 544 549 477 
 548 477 549 
 478 550 547 
 550 478 489 
 551 479 480 
 481 479 551 
 552 551 480 
 552 480 490 
 481 553 482 
 553 481 551 
 482 554 483 
 554 482 553 
 555 483 554 
 483 555 484 
 555 556 484 
 484 556 485 
 486 485 556 
 557 486 556 
 487 486 557 
 487 558 488 
 487 557 558 
 488 559 489 
 488 558 559 
 489 560 550 
 560 489 559 
 561 552 490 
 562 491 497 
 561 490 563 
 563 490 492 
 562 564 491 
 564 493 491 
 565 492 493 
 564 565 493 
 563 492 565 
 494 495 566 
 494 566 497 
 495 496 567 
 567 566 495 
 562 497 568 
 568 497 569 
 569 497 566 
 571 499 498 
 498 500 571 
 572 570 499 
 499 571 572 
 571 500 573 
 500 501 573 
 574 501 502 
 574 573 501 
 502 503 575 
 575 574 502 
 503 504 576 
 576 575 503 
 579 505 577 
 505 579 507 
 580 507 579 
 507 581 506 
 580 581 507 
 508 506 581 
 508 582 509 
 508 581 582 
 510 509 583 
 582 583 509 
 511 584 515 
 584 511 512 
 512 585 584 
 512 513 585 
 586 585 513 
 513 525 586 
 514 587 522 
 587 514 515 
 515 588 587 
 588 515 584 
 522 589 516 
 517 516 589 
 590 517 589 
 517 590 518 
 591 518 590 
 519 518 591 
 519 591 592 
 519 592 520 
 593 523 521 
 521 520 593 
 592 593 520 
 587 594 522 
 589 522 594 
 593 596 523 
 597 595 524 
 523 597 524 
 596 597 523 
 599 586 525 
 525 528 599 
 600 528 526 
 527 600 526 
 600 527 601 
 531 601 527 
 602 599 528 
 528 600 602 
 531 529 603 
 530 603 529 
 603 530 604 
 604 530 535 
 601 531 605 
 603 605 531 
 536 606 532 
 534 532 606 
 535 533 607 
 534 607 533 
 607 534 608 
 606 608 534 
 609 604 535 
 535 607 609 
 536 610 606 
 536 537 610 
 538 611 537 
 610 537 611 
 538 539 612 
 613 538 612 
 538 613 611 
 613 614 611 
 542 615 540 
 540 615 539 
 612 539 615 
 616 612 615 
 617 541 543 
 541 617 542 
 618 542 617 
 618 615 542 
 548 619 543 
 617 543 619 
 545 620 544 
 549 544 620 
 546 621 545 
 620 545 621 
 547 622 546 
 621 546 622 
 550 623 547 
 622 547 623 
 549 624 548 
 619 548 624 
 620 625 549 
 624 549 625 
 560 626 550 
 623 550 626 
 551 627 553 
 627 551 552 
 552 628 627 
 628 552 561 
 553 629 554 
 629 553 627 
 630 554 629 
 554 630 555 
 631 555 630 
 631 556 555 
 632 556 631 
 632 557 556 
 632 633 557 
 558 557 634 
 634 557 633 
 558 635 559 
 635 558 634 
 559 636 560 
 636 559 635 
 636 637 560 
 626 560 637 
 561 638 628 
 561 563 638 
 562 568 639 
 639 564 562 
 563 640 638 
 640 563 565 
 564 639 641 
 565 641 640 
 641 565 564 
 642 639 568 
 643 569 566 
 566 567 644 
 643 566 644 
 568 647 642 
 647 568 569 
 569 648 647 
 643 648 569 
 649 646 570 
 649 570 572 
 650 572 571 
 650 571 573 
 651 649 572 
 651 572 650 
 652 650 573 
 653 573 574 
 652 573 653 
 574 575 654 
 653 574 654 
 575 576 655 
 655 654 575 
 657 577 578 
 577 657 579 
 658 578 656 
 578 658 657 
 659 579 657 
 580 579 659 
 580 660 581 
 580 659 660 
 661 582 581 
 660 661 581 
 582 662 583 
 662 582 661 
 584 664 588 
 664 584 585 
 585 665 664 
 585 586 665 
 666 665 586 
 586 599 666 
 588 667 587 
 594 587 667 
 664 668 588 
 667 588 668 
 669 589 594 
 589 669 590 
 670 590 669 
 591 590 670 
 670 671 591 
 591 671 592 
 672 596 593 
 592 672 593 
 672 592 671 
 673 594 667 
 594 673 669 
 674 598 595 
 597 674 595 
 672 675 596 
 676 674 597 
 596 676 597 
 675 676 596 
 598 674 677 
 677 678 598 
 679 666 599 
 599 602 679 
 602 600 680 
 601 680 600 
 680 601 681 
 605 681 601 
 682 679 602 
 680 682 602 
 605 603 683 
 604 683 603 
 683 604 684 
 604 609 684 
 681 605 685 
 683 685 605 
 608 606 686 
 610 686 606 
 609 607 687 
 608 687 607 
 687 608 688 
 686 688 608 
 689 684 609 
 609 687 689 
 686 610 690 
 610 611 690 
 690 611 691 
 614 691 611 
 616 692 612 
 613 612 692 
 614 613 692 
 614 693 691 
 614 692 693 
 694 615 618 
 616 615 694 
 695 616 694 
 616 695 692 
 695 696 692 
 694 618 697 
 619 698 617 
 618 617 698 
 697 618 698 
 699 697 698 
 624 700 619 
 698 619 700 
 621 701 620 
 625 620 701 
 702 621 622 
 621 702 701 
 623 703 622 
 622 703 702 
 626 704 623 
 703 623 704 
 625 705 624 
 700 624 705 
 701 706 625 
 705 625 706 
 637 707 626 
 704 626 707 
 627 708 629 
 708 627 628 
 628 709 708 
 709 628 638 
 710 629 708 
 629 710 630 
 711 630 710 
 630 711 631 
 712 631 711 
 632 631 712 
 632 712 633 
 713 633 712 
 633 714 634 
 713 714 633 
 634 715 635 
 715 634 714 
 635 716 636 
 716 635 715 
 716 717 636 
 637 636 717 
 717 718 637 
 707 637 718 
 638 719 709 
 719 638 640 
 639 642 720 
 720 641 639 
 641 720 721 
 640 721 719 
 721 640 641 
 722 642 647 
 723 720 642 
 642 722 723 
 643 644 724 
 643 724 648 
 725 724 645 
 646 726 645 
 725 645 726 
 646 649 726 
 727 648 724 
 728 647 648 
 647 728 722 
 727 728 648 
 729 726 649 
 729 649 651 
 730 729 651 
 651 650 731 
 730 651 731 
 652 731 650 
 652 653 732 
 652 732 731 
 653 654 733 
 733 732 653 
 654 655 734 
 734 733 654 
 735 656 663 
 735 658 656 
 736 657 658 
 657 736 659 
 737 658 735 
 658 737 736 
 736 738 659 
 659 738 660 
 660 739 661 
 739 660 738 
 661 740 662 
 740 661 739 
 742 663 741 
 663 742 735 
 668 664 744 
 665 744 664 
 666 745 665 
 744 665 745 
 745 666 746 
 679 746 666 
 747 667 668 
 667 747 673 
 748 668 744 
 668 748 747 
 749 669 673 
 669 749 670 
 750 670 749 
 671 670 750 
 675 672 751 
 751 671 750 
 671 751 672 
 752 673 747 
 673 752 749 
 753 677 674 
 676 753 674 
 751 754 675 
 676 755 753 
 675 755 676 
 755 675 754 
 677 753 756 
 678 677 757 
 756 757 677 
 757 758 678 
 682 759 679 
 746 679 759 
 760 682 680 
 681 760 680 
 760 681 761 
 685 761 681 
 760 762 682 
 759 682 762 
 685 683 763 
 684 763 683 
 763 684 764 
 684 689 764 
 761 685 765 
 763 765 685 
 688 686 766 
 690 766 686 
 689 687 767 
 688 767 687 
 767 688 768 
 766 768 688 
 764 689 769 
 767 769 689 
 766 690 770 
 691 770 690 
 691 771 770 
 771 691 693 
 693 692 772 
 696 772 692 
 773 771 693 
 693 772 773 
 695 694 774 
 695 774 696 
 694 697 774 
 696 775 772 
 696 774 775 
 699 776 697 
 776 774 697 
 777 698 700 
 699 698 777 
 778 699 777 
 778 776 699 
 779 777 700 
 780 700 705 
 779 700 780 
 781 776 778 
 782 780 705 
 783 701 702 
 701 783 706 
 703 784 702 
 783 702 784 
 704 785 703 
 784 703 785 
 707 786 704 
 785 704 786 
 787 705 706 
 782 705 787 
 788 787 706 
 789 706 783 
 788 706 789 
 790 788 789 
 789 783 791 
 718 793 707 
 786 707 793 
 792 786 793 
 794 709 719 
 795 708 709 
 708 795 710 
 709 794 795 
 796 710 795 
 710 796 711 
 797 711 796 
 793 718 798 
 797 799 711 
 799 712 711 
 713 712 799 
 713 800 714 
 713 799 800 
 714 801 715 
 714 800 801 
 715 802 716 
 802 715 801 
 802 803 716 
 717 716 803 
 803 804 717 
 718 717 804 
 804 798 718 
 797 805 799 
 806 719 721 
 719 806 794 
 807 721 720 
 721 807 806 
 720 723 807 
 808 794 806 
 809 722 728 
 723 810 807 
 722 811 723 
 809 811 722 
 723 811 810 
 725 812 724 
 727 724 812 
 725 813 812 
 725 726 813 
 813 726 814 
 814 726 729 
 727 812 815 
 727 815 728 
 809 728 816 
 815 816 728 
 817 814 729 
 730 817 729 
 730 731 818 
 730 818 817 
 819 731 732 
 818 731 819 
 732 733 820 
 820 819 732 
 733 734 821 
 821 820 733 
 822 735 742 
 822 737 735 
 823 737 822 
 736 824 738 
 737 824 736 
 823 824 737 
 738 825 739 
 825 738 824 
 739 826 740 
 826 739 825 
 827 741 743 
 741 827 742 
 828 742 827 
 742 828 822 
 743 829 827 
 829 743 830 
 831 744 745 
 744 831 748 
 832 745 746 
 745 832 831 
 759 833 746 
 832 746 833 
 834 747 748 
 747 834 752 
 835 748 831 
 748 835 834 
 752 836 749 
 749 836 750 
 837 750 836 
 750 837 751 
 754 751 837 
 834 838 752 
 836 752 838 
 839 754 837 
 753 841 756 
 755 841 753 
 755 842 841 
 754 842 755 
 839 842 754 
 845 756 841 
 757 756 846 
 845 846 756 
 847 843 758 
 758 757 847 
 846 847 757 
 762 848 759 
 833 759 848 
 762 760 849 
 761 849 760 
 765 850 761 
 849 761 850 
 849 851 762 
 848 762 851 
 765 763 852 
 764 852 763 
 852 764 853 
 769 853 764 
 850 765 854 
 852 854 765 
 768 766 855 
 770 855 766 
 769 767 856 
 768 856 767 
 856 768 857 
 855 857 768 
 853 769 858 
 856 858 769 
 855 770 859 
 771 859 770 
 859 771 860 
 773 860 771 
 773 772 861 
 861 772 775 
 860 773 862 
 861 862 773 
 775 774 863 
 863 774 776 
 775 864 861 
 775 863 864 
 781 865 776 
 865 863 776 
 779 866 777 
 778 777 866 
 778 866 781 
 779 867 866 
 779 780 867 
 782 868 780 
 868 867 780 
 781 869 865 
 781 866 869 
 782 870 868 
 782 787 870 
 871 783 784 
 791 783 871 
 872 871 784 
 873 784 785 
 872 784 873 
 874 873 785 
 875 785 786 
 874 785 875 
 876 875 786 
 876 786 792 
 877 874 875 
 878 876 792 
 788 879 787 
 790 879 788 
 870 787 879 
 790 880 879 
 791 881 789 
 790 789 881 
 880 790 881 
 791 882 881 
 791 871 882 
 878 792 883 
 884 792 793 
 884 883 792 
 885 793 798 
 884 793 885 
 886 885 798 
 887 886 798 
 888 795 794 
 795 888 796 
 794 808 888 
 889 796 888 
 797 796 889 
 797 889 805 
 890 888 808 
 798 804 891 
 887 798 891 
 800 799 892 
 892 799 805 
 800 893 801 
 893 800 892 
 801 894 802 
 894 801 893 
 894 895 802 
 803 802 895 
 895 896 803 
 804 803 896 
 896 891 804 
 897 805 889 
 805 898 892 
 897 898 805 
 807 899 806 
 806 899 808 
 899 807 810 
 900 808 899 
 890 808 900 
 901 899 810 
 902 901 810 
 903 809 816 
 904 811 809 
 904 809 903 
 905 810 811 
 902 810 905 
 906 905 811 
 906 811 904 
 813 907 812 
 815 812 907 
 907 813 908 
 814 908 813 
 909 908 814 
 817 909 814 
 907 910 815 
 816 815 910 
 911 816 910 
 903 816 911 
 912 909 817 
 817 818 912 
 818 819 913 
 913 912 818 
 819 820 914 
 914 913 819 
 820 821 915 
 915 914 820 
 828 916 822 
 823 822 916 
 823 916 917 
 823 917 824 
 918 825 824 
 917 918 824 
 825 919 826 
 919 825 918 
 920 827 829 
 827 920 828 
 921 828 920 
 921 916 828 
 829 922 920 
 923 830 840 
 830 923 829 
 829 923 922 
 924 923 840 
 832 925 831 
 831 925 835 
 833 926 832 
 925 832 926 
 848 927 833 
 926 833 927 
 928 834 835 
 834 928 838 
 929 835 925 
 835 929 928 
 836 838 930 
 837 836 930 
 839 837 930 
 931 838 928 
 838 931 930 
 839 932 842 
 839 930 932 
 924 840 933 
 934 845 841 
 934 841 842 
 935 934 842 
 935 842 932 
 936 845 934 
 937 844 843 
 843 847 937 
 938 933 844 
 938 844 937 
 846 845 939 
 936 939 845 
 940 937 847 
 847 846 940 
 939 940 846 
 851 941 848 
 927 848 941 
 850 942 849 
 851 849 942 
 854 943 850 
 942 850 943 
 942 944 851 
 941 851 944 
 853 945 852 
 854 852 945 
 858 946 853 
 945 853 946 
 947 854 945 
 947 943 854 
 857 855 948 
 859 948 855 
 858 856 949 
 857 949 856 
 949 857 950 
 948 950 857 
 946 858 951 
 949 951 858 
 948 859 952 
 860 952 859 
 860 953 952 
 953 860 862 
 861 954 862 
 954 861 864 
 862 955 953 
 955 862 954 
 956 864 863 
 865 956 863 
 957 954 864 
 864 956 957 
 956 865 958 
 958 865 869 
 869 866 959 
 867 959 866 
 960 959 867 
 867 868 960 
 961 960 868 
 868 870 961 
 962 958 869 
 869 959 962 
 963 961 870 
 870 879 963 
 872 964 871 
 964 882 871 
 872 965 964 
 872 873 965 
 874 966 873 
 877 966 874 
 965 873 966 
 877 967 966 
 876 968 875 
 877 875 968 
 877 968 967 
 878 968 876 
 878 969 968 
 878 883 969 
 970 963 879 
 880 970 879 
 880 971 970 
 880 881 971 
 971 881 972 
 882 972 881 
 973 972 882 
 964 973 882 
 974 969 883 
 883 884 975 
 884 885 975 
 974 883 975 
 886 976 885 
 976 975 885 
 977 887 891 
 976 886 978 
 977 979 887 
 887 979 886 
 978 886 979 
 977 891 980 
 981 889 888 
 890 981 888 
 897 889 981 
 890 982 981 
 890 900 982 
 891 896 983 
 980 891 983 
 892 984 893 
 984 892 898 
 893 985 894 
 985 893 984 
 985 986 894 
 895 894 986 
 986 987 895 
 896 895 987 
 987 983 896 
 897 988 898 
 897 981 988 
 898 989 984 
 989 898 988 
 990 982 900 
 901 991 899 
 991 900 899 
 990 900 991 
 902 992 901 
 901 992 991 
 902 993 992 
 902 905 993 
 994 903 911 
 904 903 995 
 994 995 903 
 906 904 995 
 906 995 996 
 906 996 905 
 905 996 993 
 908 997 907 
 910 907 997 
 998 997 908 
 909 998 908 
 999 998 909 
 999 909 912 
 997 1000 910 
 911 910 1000 
 1001 911 1000 
 994 911 1001 
 913 1002 912 
 999 912 1002 
 913 914 1003 
 1002 913 1003 
 914 915 1004 
 1004 1003 914 
 1005 916 921 
 1006 917 916 
 1005 1006 916 
 917 1007 918 
 1007 917 1006 
 918 1008 919 
 1008 918 1007 
 1009 920 922 
 920 1009 921 
 1009 1010 921 
 1005 921 1010 
 1011 1009 922 
 924 1012 923 
 923 1012 922 
 1011 922 1012 
 924 933 1013 
 924 1013 1012 
 1014 1013 933 
 926 1015 925 
 929 925 1015 
 927 1016 926 
 1015 926 1016 
 941 1017 927 
 1016 927 1017 
 1018 928 929 
 1018 931 928 
 1019 931 1018 
 1015 1020 929 
 1018 929 1020 
 931 1021 930 
 932 930 1021 
 1019 1021 931 
 935 932 1022 
 1022 932 1021 
 1014 933 1023 
 938 1023 933 
 936 934 1024 
 935 1022 1024 
 935 1024 934 
 936 1025 939 
 936 1024 1025 
 938 1026 1023 
 938 937 1026 
 937 940 1026 
 940 1027 1026 
 940 939 1027 
 939 1025 1027 
 1028 941 944 
 1028 1017 941 
 943 1029 942 
 944 942 1029 
 947 1030 943 
 1029 943 1030 
 1029 1031 944 
 944 1031 1028 
 1032 945 946 
 945 1032 947 
 1033 946 951 
 946 1033 1032 
 947 1032 1034 
 1034 1030 947 
 948 1035 950 
 1035 948 952 
 950 1036 949 
 951 949 1036 
 1036 950 1037 
 1035 1037 950 
 1038 951 1036 
 951 1038 1033 
 952 1039 1035 
 1039 952 953 
 953 1040 1039 
 1040 953 955 
 954 1041 955 
 954 957 1041 
 955 1042 1040 
 1042 955 1041 
 1043 957 956 
 1043 956 958 
 1044 1041 957 
 957 1043 1044 
 958 1045 1043 
 1045 958 962 
 1046 962 959 
 959 960 1046 
 1047 1046 960 
 960 961 1047 
 1048 1047 961 
 963 1048 961 
 1049 1045 962 
 962 1046 1049 
 1050 1048 963 
 970 1050 963 
 973 964 1051 
 965 1051 964 
 1051 965 1052 
 1052 965 966 
 1053 1052 966 
 967 1053 966 
 967 1054 1053 
 967 968 1054 
 1054 968 1055 
 969 1055 968 
 969 1056 1055 
 974 1056 969 
 1050 970 1057 
 1057 970 971 
 971 1058 1057 
 971 972 1058 
 1059 1058 972 
 972 973 1059 
 1059 973 1060 
 1051 1060 973 
 974 1061 1056 
 974 975 1061 
 1061 975 1062 
 978 1062 976 
 976 1062 975 
 977 1063 979 
 977 980 1063 
 978 1064 1062 
 978 979 1064 
 1064 979 1065 
 1063 1065 979 
 1066 980 983 
 1066 1067 980 
 1063 980 1067 
 1066 983 1068 
 988 981 1070 
 1070 981 982 
 982 1071 1070 
 990 1071 982 
 983 987 1072 
 1068 983 1072 
 1069 1068 1072 
 984 1073 985 
 1073 984 989 
 1073 1074 985 
 986 985 1074 
 1074 1075 986 
 987 986 1075 
 1075 1072 987 
 988 1076 989 
 1076 988 1070 
 989 1077 1073 
 1077 989 1076 
 990 1078 1071 
 990 991 1078 
 1078 991 1079 
 992 1079 991 
 992 1081 1079 
 1081 992 993 
 993 1082 1081 
 1082 993 996 
 994 1083 995 
 1080 1083 1001 
 994 1001 1083 
 1084 995 1083 
 996 1084 1082 
 996 995 1084 
 998 1085 997 
 1000 997 1085 
 1085 998 1086 
 999 1086 998 
 999 1002 1086 
 1085 1087 1000 
 1000 1087 1001 
 1080 1001 1087 
 1002 1003 1088 
 1088 1086 1002 
 1003 1004 1089 
 1089 1088 1003 
 1080 1087 1090 
 1005 1091 1006 
 1005 1010 1091 
 1006 1092 1007 
 1091 1092 1006 
 1007 1093 1008 
 1093 1007 1092 
 1011 1094 1009 
 1009 1094 1010 
 1010 1094 1095 
 1095 1091 1010 
 1011 1012 1096 
 1011 1096 1094 
 1097 1012 1013 
 1097 1096 1012 
 1098 1097 1013 
 1014 1098 1013 
 1014 1023 1099 
 1014 1099 1098 
 1016 1100 1015 
 1020 1015 1100 
 1017 1101 1016 
 1100 1016 1101 
 1017 1028 1102 
 1102 1101 1017 
 1103 1018 1020 
 1019 1018 1103 
 1019 1104 1021 
 1104 1019 1103 
 1020 1100 1105 
 1103 1020 1105 
 1104 1106 1021 
 1022 1021 1106 
 1107 1024 1022 
 1107 1022 1106 
 1099 1023 1108 
 1026 1108 1023 
 1024 1109 1025 
 1107 1109 1024 
 1025 1110 1027 
 1025 1109 1110 
 1108 1026 1111 
 1027 1111 1026 
 1027 1110 1111 
 1112 1028 1031 
 1028 1112 1102 
 1030 1113 1029 
 1031 1029 1113 
 1030 1034 1114 
 1114 1113 1030 
 1113 1115 1031 
 1112 1031 1115 
 1116 1032 1033 
 1116 1034 1032 
 1117 1033 1038 
 1033 1117 1116 
 1118 1034 1116 
 1118 1114 1034 
 1039 1119 1035 
 1037 1035 1119 
 1120 1036 1037 
 1036 1120 1038 
 1121 1037 1119 
 1037 1121 1120 
 1122 1038 1120 
 1038 1122 1117 
 1040 1123 1039 
 1119 1039 1123 
 1123 1040 1124 
 1042 1124 1040 
 1041 1125 1042 
 1125 1041 1044 
 1125 1126 1042 
 1124 1042 1126 
 1127 1044 1043 
 1043 1045 1127 
 1128 1125 1044 
 1044 1127 1128 
 1129 1127 1045 
 1045 1049 1129 
 1130 1049 1046 
 1046 1047 1130 
 1131 1130 1047 
 1047 1048 1131 
 1132 1131 1048 
 1050 1132 1048 
 1133 1129 1049 
 1049 1130 1133 
 1132 1050 1134 
 1057 1134 1050 
 1060 1051 1135 
 1052 1135 1051 
 1135 1052 1136 
 1053 1136 1052 
 1053 1137 1136 
 1137 1053 1054 
 1138 1137 1054 
 1054 1055 1138 
 1138 1055 1139 
 1056 1139 1055 
 1056 1140 1139 
 1056 1061 1140 
 1134 1057 1141 
 1057 1058 1141 
 1142 1141 1058 
 1058 1059 1142 
 1142 1059 1143 
 1060 1143 1059 
 1143 1060 1144 
 1135 1144 1060 
 1145 1140 1061 
 1061 1062 1145 
 1145 1062 1146 
 1064 1146 1062 
 1147 1065 1063 
 1067 1147 1063 
 1064 1148 1146 
 1064 1065 1148 
 1149 1148 1065 
 1065 1147 1149 
 1066 1150 1067 
 1066 1068 1150 
 1147 1067 1151 
 1150 1151 1067 
 1069 1072 1152 
 1069 1153 1068 
 1150 1068 1153 
 1069 1152 1154 
 1069 1154 1153 
 1070 1155 1076 
 1155 1070 1071 
 1071 1156 1155 
 1156 1071 1078 
 1072 1075 1158 
 1152 1072 1158 
 1157 1152 1158 
 1077 1159 1073 
 1074 1073 1159 
 1159 1160 1074 
 1075 1074 1160 
 1160 1158 1075 
 1076 1161 1077 
 1161 1076 1155 
 1161 1162 1077 
 1159 1077 1162 
 1078 1163 1156 
 1078 1079 1163 
 1079 1164 1163 
 1164 1079 1081 
 1080 1090 1165 
 1080 1165 1083 
 1081 1166 1164 
 1166 1081 1082 
 1082 1167 1166 
 1167 1082 1084 
 1165 1168 1083 
 1084 1168 1167 
 1168 1084 1083 
 1169 1165 1090 
 1085 1086 1170 
 1087 1085 1170 
 1171 1170 1086 
 1171 1086 1088 
 1172 1087 1170 
 1172 1090 1087 
 1088 1089 1173 
 1171 1088 1173 
 1090 1174 1169 
 1172 1174 1090 
 1091 1175 1092 
 1095 1175 1091 
 1092 1176 1093 
 1176 1092 1175 
 1094 1096 1177 
 1094 1177 1095 
 1178 1095 1177 
 1178 1175 1095 
 1096 1097 1179 
 1096 1179 1177 
 1180 1179 1097 
 1097 1098 1180 
 1181 1180 1098 
 1182 1181 1098 
 1182 1098 1099 
 1099 1108 1183 
 1182 1099 1183 
 1101 1184 1100 
 1184 1105 1100 
 1102 1185 1101 
 1185 1184 1101 
 1186 1102 1112 
 1186 1185 1102 
 1104 1187 1106 
 1104 1103 1187 
 1103 1105 1187 
 1184 1188 1105 
 1105 1188 1187 
 1107 1189 1109 
 1106 1187 1189 
 1107 1106 1189 
 1183 1108 1190 
 1111 1190 1108 
 1109 1191 1110 
 1109 1189 1191 
 1111 1192 1190 
 1110 1192 1111 
 1110 1191 1192 
 1115 1193 1112 
 1186 1112 1193 
 1114 1194 1113 
 1115 1113 1194 
 1114 1118 1195 
 1195 1194 1114 
 1194 1196 1115 
 1193 1115 1196 
 1197 1116 1117 
 1116 1197 1118 
 1117 1122 1198 
 1197 1117 1198 
 1199 1118 1197 
 1199 1195 1118 
 1200 1119 1123 
 1119 1200 1121 
 1201 1120 1121 
 1120 1201 1122 
 1202 1121 1200 
 1121 1202 1201 
 1203 1122 1201 
 1203 1198 1122 
 1204 1123 1124 
 1123 1204 1200 
 1126 1205 1124 
 1204 1124 1205 
 1126 1125 1206 
 1128 1206 1125 
 1126 1206 1207 
 1205 1126 1207 
 1208 1128 1127 
 1127 1129 1208 
 1208 1209 1128 
 1206 1128 1209 
 1210 1208 1129 
 1129 1133 1210 
 1211 1133 1130 
 1130 1131 1211 
 1212 1211 1131 
 1131 1132 1212 
 1213 1212 1132 
 1134 1213 1132 
 1214 1210 1133 
 1133 1211 1214 
 1213 1134 1215 
 1134 1141 1215 
 1144 1135 1216 
 1136 1216 1135 
 1216 1136 1217 
 1137 1217 1136 
 1217 1137 1218 
 1138 1218 1137 
 1218 1138 1219 
 1139 1219 1138 
 1219 1139 1220 
 1220 1139 1140 
 1140 1221 1220 
 1140 1145 1221 
 1215 1141 1222 
 1141 1142 1222 
 1222 1142 1223 
 1142 1143 1223 
 1223 1143 1224 
 1144 1224 1143 
 1224 1144 1225 
 1216 1225 1144 
 1221 1145 1226 
 1146 1226 1145 
 1226 1146 1227 
 1148 1227 1146 
 1228 1149 1147 
 1151 1228 1147 
 1229 1227 1148 
 1148 1149 1229 
 1230 1229 1149 
 1228 1230 1149 
 1151 1150 1231 
 1153 1231 1150 
 1228 1151 1232 
 1231 1232 1151 
 1157 1233 1152 
 1154 1152 1233 
 1231 1153 1234 
 1234 1153 1154 
 1235 1234 1154 
 1233 1235 1154 
 1155 1236 1161 
 1236 1155 1156 
 1156 1237 1236 
 1237 1156 1163 
 1157 1158 1238 
 1157 1239 1233 
 1157 1238 1239 
 1158 1160 1241 
 1238 1158 1241 
 1240 1238 1241 
 1162 1242 1159 
 1160 1159 1242 
 1242 1241 1160 
 1236 1243 1161 
 1162 1161 1243 
 1243 1244 1162 
 1242 1162 1244 
 1163 1245 1237 
 1245 1163 1164 
 1164 1246 1245 
 1246 1164 1166 
 1165 1169 1247 
 1247 1168 1165 
 1166 1248 1246 
 1248 1166 1167 
 1168 1247 1249 
 1167 1249 1248 
 1249 1167 1168 
 1250 1247 1169 
 1251 1169 1174 
 1169 1251 1250 
 1171 1173 1252 
 1171 1252 1170 
 1172 1170 1252 
 1172 1252 1174 
 1253 1174 1252 
 1253 1251 1174 
 1254 1175 1178 
 1175 1255 1176 
 1254 1255 1175 
 1177 1179 1256 
 1177 1256 1178 
 1178 1256 1257 
 1254 1178 1257 
 1258 1256 1179 
 1180 1258 1179 
 1259 1258 1180 
 1181 1259 1180 
 1260 1259 1181 
 1182 1183 1261 
 1182 1261 1181 
 1260 1181 1261 
 1183 1190 1262 
 1183 1262 1261 
 1188 1184 1263 
 1185 1263 1184 
 1186 1193 1264 
 1185 1264 1263 
 1186 1264 1185 
 1189 1187 1265 
 1188 1265 1187 
 1263 1266 1188 
 1266 1265 1188 
 1191 1189 1267 
 1265 1267 1189 
 1262 1190 1268 
 1192 1268 1190 
 1192 1269 1268 
 1191 1269 1192 
 1267 1269 1191 
 1193 1270 1264 
 1196 1270 1193 
 1195 1271 1194 
 1271 1196 1194 
 1272 1195 1199 
 1272 1271 1195 
 1270 1196 1273 
 1271 1273 1196 
 1198 1274 1197 
 1199 1197 1274 
 1198 1203 1275 
 1275 1274 1198 
 1274 1276 1199 
 1272 1199 1276 
 1204 1277 1200 
 1200 1277 1202 
 1278 1201 1202 
 1201 1278 1203 
 1279 1202 1277 
 1202 1279 1278 
 1280 1203 1278 
 1280 1275 1203 
 1205 1281 1204 
 1277 1204 1281 
 1207 1282 1205 
 1281 1205 1282 
 1206 1209 1283 
 1283 1207 1206 
 1207 1283 1284 
 1284 1282 1207 
 1210 1285 1208 
 1209 1208 1285 
 1286 1209 1285 
 1286 1283 1209 
 1285 1210 1287 
 1214 1287 1210 
 1288 1214 1211 
 1211 1212 1288 
 1289 1288 1212 
 1212 1213 1289 
 1290 1289 1213 
 1213 1215 1290 
 1288 1291 1214 
 1287 1214 1291 
 1290 1215 1292 
 1215 1222 1292 
 1225 1216 1293 
 1217 1293 1216 
 1293 1217 1294 
 1218 1294 1217 
 1294 1218 1295 
 1219 1295 1218 
 1295 1219 1296 
 1220 1296 1219 
 1296 1220 1297 
 1221 1297 1220 
 1297 1221 1298 
 1226 1298 1221 
 1292 1222 1299 
 1223 1299 1222 
 1299 1223 1300 
 1224 1300 1223 
 1300 1224 1301 
 1225 1301 1224 
 1301 1225 1302 
 1293 1302 1225 
 1298 1226 1303 
 1227 1303 1226 
 1303 1227 1304 
 1229 1304 1227 
 1230 1228 1305 
 1232 1305 1228 
 1304 1229 1306 
 1230 1306 1229 
 1306 1230 1307 
 1305 1307 1230 
 1232 1231 1308 
 1234 1308 1231 
 1305 1232 1309 
 1308 1309 1232 
 1235 1233 1310 
 1233 1239 1310 
 1308 1234 1311 
 1235 1311 1234 
 1312 1311 1235 
 1310 1312 1235 
 1237 1313 1236 
 1243 1236 1313 
 1314 1237 1245 
 1237 1314 1313 
 1240 1241 1315 
 1240 1316 1238 
 1316 1239 1238 
 1310 1239 1317 
 1316 1317 1239 
 1240 1318 1316 
 1240 1315 1318 
 1244 1319 1242 
 1241 1242 1319 
 1315 1241 1319 
 1320 1315 1319 
 1319 1244 1321 
 1313 1322 1243 
 1244 1243 1322 
 1322 1321 1244 
 1246 1323 1245 
 1314 1245 1323 
 1324 1246 1248 
 1323 1246 1324 
 1325 1249 1247 
 1250 1325 1247 
 1326 1248 1249 
 1248 1326 1324 
 1325 1326 1249 
 1250 1251 1327 
 1325 1250 1328 
 1327 1328 1250 
 1330 1327 1251 
 1330 1329 1327 
 1253 1331 1251 
 1331 1330 1251 
 1253 1252 1332 
 1253 1332 1331 
 1254 1257 1333 
 1254 1333 1255 
 1334 1257 1256 
 1256 1258 1334 
 1335 1333 1257 
 1335 1257 1334 
 1336 1334 1258 
 1259 1336 1258 
 1337 1336 1259 
 1260 1337 1259 
 1260 1261 1338 
 1260 1338 1337 
 1262 1339 1261 
 1338 1261 1339 
 1268 1340 1262 
 1339 1262 1340 
 1266 1263 1341 
 1263 1264 1341 
 1270 1342 1264 
 1341 1264 1342 
 1267 1265 1343 
 1266 1343 1265 
 1341 1344 1266 
 1344 1343 1266 
 1267 1345 1269 
 1343 1345 1267 
 1340 1268 1346 
 1269 1346 1268 
 1346 1269 1345 
 1342 1270 1347 
 1273 1347 1270 
 1273 1271 1348 
 1272 1348 1271 
 1272 1276 1348 
 1347 1273 1349 
 1273 1348 1349 
 1275 1350 1274 
 1274 1350 1276 
 1351 1275 1280 
 1351 1350 1275 
 1350 1352 1276 
 1276 1352 1348 
 1281 1353 1277 
 1277 1353 1279 
 1354 1278 1279 
 1278 1354 1280 
 1355 1279 1353 
 1279 1355 1354 
 1280 1354 1356 
 1351 1280 1356 
 1282 1357 1281 
 1353 1281 1357 
 1282 1284 1358 
 1357 1282 1358 
 1283 1286 1359 
 1359 1284 1283 
 1284 1359 1360 
 1360 1358 1284 
 1285 1287 1361 
 1361 1286 1285 
 1286 1361 1362 
 1362 1359 1286 
 1287 1291 1363 
 1287 1363 1361 
 1291 1288 1364 
 1289 1364 1288 
 1290 1365 1289 
 1364 1289 1365 
 1292 1366 1290 
 1365 1290 1366 
 1291 1364 1367 
 1291 1367 1363 
 1366 1292 1368 
 1299 1368 1292 
 1302 1293 1369 
 1294 1369 1293 
 1294 1370 1369 
 1295 1370 1294 
 1295 1371 1370 
 1296 1371 1295 
 1371 1296 1372 
 1297 1372 1296 
 1372 1297 1373 
 1298 1373 1297 
 1373 1298 1374 
 1303 1374 1298 
 1300 1375 1299 
 1368 1299 1375 
 1375 1300 1376 
 1301 1376 1300 
 1302 1377 1301 
 1376 1301 1377 
 1369 1378 1302 
 1377 1302 1378 
 1379 1380 1333 
 1374 1303 1381 
 1304 1381 1303 
 1381 1304 1382 
 1306 1382 1304 
 1307 1305 1383 
 1309 1383 1305 
 1382 1306 1384 
 1307 1384 1306 
 1384 1307 1385 
 1383 1385 1307 
 1309 1308 1386 
 1311 1386 1308 
 1383 1309 1387 
 1386 1387 1309 
 1312 1310 1388 
 1317 1388 1310 
 1386 1311 1389 
 1312 1389 1311 
 1389 1312 1390 
 1388 1390 1312 
 1391 1313 1314 
 1322 1313 1391 
 1392 1314 1323 
 1314 1392 1391 
 1320 1393 1315 
 1318 1315 1393 
 1317 1316 1394 
 1316 1318 1394 
 1388 1317 1395 
 1394 1395 1317 
 1394 1318 1396 
 1318 1393 1396 
 1397 1319 1321 
 1320 1319 1397 
 1398 1397 1321 
 1399 1320 1397 
 1399 1393 1320 
 1399 1400 1393 
 1398 1321 1402 
 1401 1398 1402 
 1391 1403 1322 
 1321 1322 1403 
 1402 1321 1403 
 1324 1404 1323 
 1392 1323 1404 
 1405 1324 1326 
 1405 1404 1324 
 1406 1326 1325 
 1326 1406 1405 
 1328 1406 1325 
 1407 1328 1327 
 1329 1407 1327 
 1328 1408 1406 
 1407 1408 1328 
 1409 1407 1329 
 1409 1329 1410 
 1329 1330 1411 
 1410 1329 1411 
 1330 1331 1412 
 1412 1411 1330 
 1331 1332 1413 
 1413 1412 1331 
 1379 1333 1414 
 1335 1414 1333 
 1335 1415 1414 
 1335 1334 1415 
 1334 1336 1415 
 1336 1416 1415 
 1336 1337 1416 
 1417 1416 1337 
 1337 1338 1417 
 1339 1418 1338 
 1418 1417 1338 
 1340 1419 1339 
 1418 1339 1419 
 1340 1346 1420 
 1419 1340 1420 
 1344 1341 1421 
 1342 1421 1341 
 1422 1342 1347 
 1422 1421 1342 
 1343 1423 1345 
 1344 1421 1423 
 1344 1423 1343 
 1424 1420 1346 
 1345 1424 1346 
 1345 1423 1424 
 1422 1347 1425 
 1349 1425 1347 
 1349 1348 1426 
 1352 1426 1348 
 1426 1427 1349 
 1425 1349 1427 
 1350 1428 1352 
 1351 1356 1428 
 1351 1428 1350 
 1352 1428 1429 
 1426 1352 1429 
 1357 1430 1353 
 1355 1353 1430 
 1354 1355 1431 
 1431 1356 1354 
 1432 1355 1430 
 1432 1431 1355 
 1356 1433 1428 
 1356 1431 1433 
 1358 1434 1357 
 1430 1357 1434 
 1358 1360 1435 
 1435 1434 1358 
 1359 1362 1436 
 1436 1360 1359 
 1437 1360 1436 
 1437 1435 1360 
 1361 1363 1438 
 1438 1362 1361 
 1362 1438 1439 
 1439 1436 1362 
 1440 1363 1367 
 1363 1440 1438 
 1365 1441 1364 
 1364 1441 1367 
 1366 1442 1365 
 1441 1365 1442 
 1443 1366 1368 
 1443 1442 1366 
 1441 1444 1367 
 1367 1444 1440 
 1445 1368 1375 
 1368 1445 1443 
 1378 1369 1446 
 1370 1446 1369 
 1371 1447 1370 
 1446 1370 1447 
 1447 1371 1448 
 1372 1448 1371 
 1373 1449 1372 
 1448 1372 1449 
 1374 1450 1373 
 1449 1373 1450 
 1450 1374 1451 
 1381 1451 1374 
 1452 1375 1376 
 1375 1452 1445 
 1453 1376 1377 
 1376 1453 1452 
 1454 1377 1378 
 1377 1454 1453 
 1455 1378 1446 
 1378 1455 1454 
 1379 1414 1456 
 1379 1458 1380 
 1379 1456 1458 
 1456 1457 1458 
 1459 1380 1458 
 1382 1461 1381 
 1451 1381 1461 
 1461 1382 1462 
 1384 1462 1382 
 1385 1383 1463 
 1387 1463 1383 
 1385 1464 1384 
 1462 1384 1464 
 1463 1465 1385 
 1464 1385 1465 
 1387 1386 1466 
 1389 1466 1386 
 1463 1387 1467 
 1466 1467 1387 
 1390 1388 1468 
 1395 1468 1388 
 1466 1389 1469 
 1390 1469 1389 
 1469 1390 1470 
 1468 1470 1390 
 1392 1471 1391 
 1403 1391 1471 
 1472 1392 1404 
 1472 1471 1392 
 1473 1472 1404 
 1396 1393 1474 
 1400 1474 1393 
 1395 1394 1475 
 1396 1475 1394 
 1468 1395 1476 
 1475 1476 1395 
 1475 1396 1477 
 1474 1477 1396 
 1398 1478 1397 
 1399 1397 1478 
 1400 1399 1478 
 1401 1478 1398 
 1401 1479 1478 
 1400 1480 1474 
 1400 1478 1480 
 1401 1402 1481 
 1401 1481 1479 
 1402 1403 1482 
 1482 1481 1402 
 1483 1403 1471 
 1482 1403 1483 
 1484 1404 1405 
 1473 1404 1484 
 1406 1485 1405 
 1484 1405 1485 
 1408 1485 1406 
 1486 1485 1408 
 1487 1408 1407 
 1409 1487 1407 
 1488 1486 1408 
 1488 1408 1487 
 1409 1410 1489 
 1409 1489 1487 
 1489 1410 1490 
 1410 1411 1491 
 1491 1490 1410 
 1411 1412 1492 
 1492 1491 1411 
 1412 1413 1493 
 1493 1492 1412 
 1456 1414 1494 
 1415 1494 1414 
 1494 1415 1495 
 1416 1495 1415 
 1416 1496 1495 
 1417 1496 1416 
 1497 1496 1417 
 1497 1417 1418 
 1419 1498 1418 
 1497 1418 1498 
 1419 1420 1499 
 1498 1419 1499 
 1420 1424 1500 
 1499 1420 1500 
 1421 1501 1423 
 1422 1425 1501 
 1422 1501 1421 
 1502 1500 1424 
 1424 1423 1502 
 1501 1502 1423 
 1425 1503 1501 
 1427 1503 1425 
 1427 1426 1504 
 1429 1504 1426 
 1505 1427 1504 
 1505 1503 1427 
 1429 1428 1506 
 1433 1506 1428 
 1506 1507 1429 
 1504 1429 1507 
 1430 1434 1508 
 1432 1430 1508 
 1431 1509 1433 
 1432 1508 1509 
 1432 1509 1431 
 1506 1433 1510 
 1509 1510 1433 
 1435 1511 1434 
 1511 1508 1434 
 1512 1435 1437 
 1512 1511 1435 
 1436 1439 1513 
 1437 1436 1513 
 1514 1437 1513 
 1512 1437 1514 
 1511 1515 1508 
 1516 1438 1440 
 1438 1516 1439 
 1517 1439 1516 
 1517 1513 1439 
 1518 1440 1444 
 1440 1518 1516 
 1519 1513 1517 
 1442 1520 1441 
 1444 1441 1520 
 1442 1443 1521 
 1521 1520 1442 
 1522 1443 1445 
 1522 1521 1443 
 1520 1523 1444 
 1518 1444 1523 
 1524 1445 1452 
 1445 1524 1522 
 1525 1446 1447 
 1446 1525 1455 
 1448 1526 1447 
 1525 1447 1526 
 1449 1527 1448 
 1526 1448 1527 
 1528 1449 1450 
 1528 1527 1449 
 1529 1450 1451 
 1450 1529 1528 
 1530 1451 1461 
 1451 1530 1529 
 1452 1453 1531 
 1524 1452 1531 
 1532 1453 1454 
 1532 1531 1453 
 1533 1454 1455 
 1454 1533 1532 
 1534 1455 1525 
 1455 1534 1533 
 1494 1535 1456 
 1457 1456 1535 
 1457 1535 1536 
 1457 1537 1458 
 1457 1536 1537 
 1538 1460 1459 
 1458 1538 1459 
 1538 1458 1537 
 1539 1460 1538 
 1539 1540 1460 
 1541 1461 1462 
 1461 1541 1530 
 1542 1462 1464 
 1462 1542 1541 
 1465 1463 1543 
 1467 1543 1463 
 1544 1464 1465 
 1464 1544 1542 
 1545 1465 1543 
 1465 1545 1544 
 1467 1466 1546 
 1469 1546 1466 
 1546 1547 1467 
 1543 1467 1547 
 1470 1468 1548 
 1476 1548 1468 
 1546 1469 1549 
 1470 1549 1469 
 1549 1470 1550 
 1548 1550 1470 
 1483 1471 1551 
 1552 1471 1472 
 1552 1551 1471 
 1473 1553 1472 
 1552 1472 1553 
 1473 1554 1553 
 1473 1484 1554 
 1477 1474 1555 
 1555 1474 1480 
 1476 1475 1556 
 1477 1556 1475 
 1548 1476 1557 
 1556 1557 1476 
 1556 1477 1558 
 1555 1558 1477 
 1480 1478 1559 
 1479 1559 1478 
 1479 1560 1559 
 1479 1481 1560 
 1480 1561 1555 
 1480 1559 1561 
 1481 1482 1562 
 1482 1483 1562 
 1481 1562 1560 
 1551 1563 1483 
 1563 1562 1483 
 1563 1551 1564 
 1565 1484 1485 
 1565 1554 1484 
 1566 1565 1485 
 1566 1485 1486 
 1566 1486 1567 
 1488 1568 1486 
 1568 1567 1486 
 1488 1569 1568 
 1488 1487 1569 
 1489 1569 1487 
 1489 1490 1570 
 1570 1569 1489 
 1571 1570 1490 
 1490 1491 1572 
 1572 1571 1490 
 1491 1492 1573 
 1573 1572 1491 
 1492 1493 1574 
 1574 1573 1492 
 1535 1494 1575 
 1495 1575 1494 
 1575 1495 1576 
 1496 1576 1495 
 1496 1577 1576 
 1497 1577 1496 
 1497 1498 1577 
 1498 1578 1577 
 1499 1578 1498 
 1500 1579 1499 
 1578 1499 1579 
 1500 1502 1580 
 1580 1579 1500 
 1581 1580 1502 
 1502 1501 1581 
 1503 1581 1501 
 1503 1582 1581 
 1505 1582 1503 
 1583 1582 1505 
 1505 1504 1583 
 1507 1583 1504 
 1507 1506 1584 
 1510 1584 1506 
 1507 1584 1585 
 1585 1583 1507 
 1509 1586 1510 
 1509 1508 1586 
 1515 1586 1508 
 1510 1586 1587 
 1584 1510 1587 
 1511 1588 1515 
 1512 1514 1588 
 1512 1588 1511 
 1514 1589 1588 
 1514 1513 1589 
 1519 1589 1513 
 1515 1588 1590 
 1515 1590 1586 
 1591 1516 1518 
 1517 1516 1591 
 1592 1517 1591 
 1592 1519 1517 
 1518 1523 1593 
 1591 1518 1593 
 1519 1592 1594 
 1519 1594 1589 
 1521 1595 1520 
 1523 1520 1595 
 1521 1522 1596 
 1596 1595 1521 
 1597 1522 1524 
 1597 1596 1522 
 1595 1598 1523 
 1598 1593 1523 
 1531 1599 1524 
 1597 1524 1599 
 1526 1600 1525 
 1534 1525 1600 
 1527 1601 1526 
 1600 1526 1601 
 1527 1528 1602 
 1602 1601 1527 
 1603 1530 1541 
 1604 1528 1529 
 1604 1602 1528 
 1605 1529 1530 
 1529 1605 1604 
 1530 1603 1605 
 1531 1532 1606 
 1599 1531 1606 
 1607 1532 1533 
 1607 1606 1532 
 1608 1533 1534 
 1533 1608 1607 
 1600 1609 1534 
 1608 1534 1609 
 1575 1610 1535 
 1536 1535 1610 
 1610 1611 1536 
 1536 1611 1612 
 1536 1612 1537 
 1539 1538 1613 
 1537 1612 1613 
 1537 1613 1538 
 1539 1614 1540 
 1539 1613 1614 
 1615 1541 1542 
 1541 1615 1603 
 1616 1542 1544 
 1542 1616 1615 
 1617 1543 1547 
 1543 1617 1545 
 1618 1544 1545 
 1544 1618 1616 
 1619 1545 1617 
 1545 1619 1618 
 1547 1546 1620 
 1549 1620 1546 
 1621 1547 1620 
 1547 1621 1617 
 1550 1548 1622 
 1557 1622 1548 
 1550 1623 1549 
 1620 1549 1623 
 1622 1624 1550 
 1623 1550 1624 
 1552 1553 1625 
 1552 1625 1551 
 1564 1551 1625 
 1626 1625 1553 
 1627 1553 1554 
 1626 1553 1627 
 1628 1627 1554 
 1554 1565 1628 
 1558 1555 1629 
 1561 1629 1555 
 1557 1556 1630 
 1558 1630 1556 
 1622 1557 1631 
 1630 1631 1557 
 1630 1558 1632 
 1629 1632 1558 
 1633 1560 1562 
 1561 1559 1634 
 1559 1560 1634 
 1634 1560 1635 
 1633 1635 1560 
 1629 1561 1636 
 1561 1634 1636 
 1633 1562 1637 
 1564 1637 1563 
 1563 1637 1562 
 1564 1638 1637 
 1564 1625 1638 
 1566 1639 1565 
 1628 1565 1639 
 1567 1639 1566 
 1640 1639 1567 
 1641 1567 1568 
 1640 1567 1641 
 1642 1641 1568 
 1642 1568 1569 
 1643 1569 1570 
 1642 1569 1643 
 1571 1644 1570 
 1644 1643 1570 
 1644 1571 1645 
 1571 1572 1646 
 1646 1645 1571 
 1572 1573 1647 
 1647 1646 1572 
 1573 1574 1648 
 1648 1647 1573 
 1610 1575 1649 
 1576 1649 1575 
 1649 1576 1650 
 1576 1577 1650 
 1650 1577 1651 
 1578 1651 1577 
 1652 1651 1578 
 1579 1652 1578 
 1579 1580 1653 
 1652 1579 1653 
 1654 1581 1582 
 1580 1581 1654 
 1654 1653 1580 
 1582 1655 1654 
 1655 1582 1656 
 1583 1656 1582 
 1585 1656 1583 
 1657 1656 1585 
 1585 1584 1657 
 1584 1587 1657 
 1587 1586 1658 
 1590 1658 1586 
 1587 1658 1659 
 1659 1657 1587 
 1660 1590 1588 
 1588 1589 1660 
 1661 1660 1589 
 1594 1661 1589 
 1660 1662 1590 
 1658 1590 1662 
 1591 1593 1663 
 1592 1663 1594 
 1592 1591 1663 
 1593 1664 1663 
 1593 1598 1664 
 1594 1663 1665 
 1661 1594 1665 
 1596 1666 1595 
 1666 1598 1595 
 1667 1596 1597 
 1667 1666 1596 
 1597 1599 1668 
 1667 1597 1668 
 1666 1669 1598 
 1598 1669 1664 
 1606 1670 1599 
 1599 1670 1668 
 1601 1671 1600 
 1609 1600 1671 
 1602 1672 1601 
 1672 1671 1601 
 1602 1604 1673 
 1673 1672 1602 
 1603 1615 1674 
 1603 1675 1605 
 1674 1675 1603 
 1676 1604 1605 
 1676 1673 1604 
 1676 1605 1675 
 1607 1677 1606 
 1670 1606 1677 
 1678 1607 1608 
 1678 1677 1607 
 1609 1679 1608 
 1678 1608 1679 
 1671 1680 1609 
 1680 1679 1609 
 1649 1681 1610 
 1611 1610 1681 
 1682 1611 1681 
 1683 1612 1611 
 1683 1611 1682 
 1612 1684 1613 
 1683 1684 1612 
 1613 1685 1614 
 1685 1613 1684 
 1686 1615 1616 
 1615 1686 1674 
 1687 1616 1618 
 1616 1687 1686 
 1688 1674 1686 
 1689 1617 1621 
 1617 1689 1619 
 1690 1618 1619 
 1618 1690 1687 
 1691 1619 1689 
 1619 1691 1690 
 1692 1620 1623 
 1620 1692 1621 
 1693 1621 1692 
 1621 1693 1689 
 1624 1622 1694 
 1631 1694 1622 
 1624 1695 1623 
 1623 1695 1692 
 1694 1696 1624 
 1695 1624 1696 
 1638 1625 1697 
 1626 1697 1625 
 1626 1698 1697 
 1626 1627 1698 
 1699 1698 1627 
 1627 1628 1699 
 1700 1699 1628 
 1628 1639 1700 
 1632 1629 1701 
 1636 1701 1629 
 1630 1702 1631 
 1702 1630 1632 
 1702 1703 1631 
 1694 1631 1703 
 1632 1704 1702 
 1704 1632 1701 
 1633 1705 1635 
 1633 1637 1705 
 1636 1634 1706 
 1635 1706 1634 
 1635 1707 1706 
 1635 1705 1707 
 1701 1636 1708 
 1706 1708 1636 
 1705 1637 1709 
 1638 1709 1637 
 1710 1709 1638 
 1638 1697 1710 
 1640 1711 1639 
 1711 1700 1639 
 1640 1712 1711 
 1640 1641 1712 
 1641 1713 1712 
 1642 1713 1641 
 1642 1643 1713 
 1643 1714 1713 
 1714 1643 1644 
 1715 1644 1645 
 1644 1715 1714 
 1645 1716 1715 
 1645 1646 1717 
 1716 1645 1717 
 1646 1647 1718 
 1718 1717 1646 
 1647 1648 1719 
 1719 1718 1647 
 1681 1649 1720 
 1650 1720 1649 
 1720 1650 1721 
 1651 1721 1650 
 1721 1651 1722 
 1652 1653 1722 
 1652 1722 1651 
 1655 1723 1654 
 1654 1723 1653 
 1653 1723 1722 
 1724 1723 1655 
 1656 1725 1655 
 1724 1655 1725 
 1725 1656 1726 
 1657 1726 1656 
 1659 1726 1657 
 1727 1726 1659 
 1659 1658 1727 
 1662 1727 1658 
 1660 1728 1662 
 1661 1728 1660 
 1661 1665 1728 
 1662 1728 1729 
 1729 1727 1662 
 1665 1663 1730 
 1664 1730 1663 
 1731 1730 1664 
 1731 1664 1669 
 1730 1732 1665 
 1665 1732 1728 
 1667 1668 1733 
 1666 1733 1669 
 1667 1733 1666 
 1668 1734 1733 
 1668 1670 1734 
 1669 1733 1735 
 1731 1669 1735 
 1677 1736 1670 
 1670 1736 1734 
 1672 1737 1671 
 1680 1671 1737 
 1673 1738 1672 
 1737 1672 1738 
 1739 1673 1676 
 1739 1738 1673 
 1675 1674 1740 
 1688 1740 1674 
 1675 1741 1676 
 1739 1676 1741 
 1740 1741 1675 
 1678 1679 1742 
 1678 1742 1677 
 1677 1742 1736 
 1679 1743 1742 
 1679 1680 1743 
 1737 1744 1680 
 1680 1744 1743 
 1681 1720 1745 
 1681 1745 1682 
 1746 1682 1745 
 1746 1745 1747 
 1683 1748 1684 
 1746 1748 1682 
 1683 1682 1748 
 1684 1749 1685 
 1684 1748 1749 
 1750 1740 1688 
 1751 1686 1687 
 1686 1751 1688 
 1752 1687 1690 
 1752 1751 1687 
 1753 1688 1751 
 1688 1753 1750 
 1754 1689 1693 
 1689 1754 1691 
 1755 1690 1691 
 1755 1752 1690 
 1691 1754 1756 
 1755 1691 1756 
 1695 1757 1692 
 1692 1757 1693 
 1757 1758 1693 
 1693 1758 1754 
 1703 1759 1694 
 1696 1694 1759 
 1696 1760 1695 
 1757 1695 1760 
 1759 1761 1696 
 1760 1696 1761 
 1762 1710 1697 
 1698 1762 1697 
 1763 1762 1698 
 1698 1699 1763 
 1764 1763 1699 
 1699 1700 1764 
 1764 1700 1765 
 1711 1765 1700 
 1701 1766 1704 
 1766 1701 1708 
 1703 1702 1767 
 1704 1767 1702 
 1767 1768 1703 
 1759 1703 1768 
 1766 1769 1704 
 1767 1704 1769 
 1770 1707 1705 
 1705 1709 1770 
 1708 1706 1771 
 1771 1706 1707 
 1707 1772 1771 
 1707 1770 1772 
 1708 1773 1766 
 1773 1708 1771 
 1774 1770 1709 
 1709 1710 1774 
 1775 1774 1710 
 1710 1762 1775 
 1765 1711 1776 
 1712 1776 1711 
 1712 1777 1776 
 1777 1712 1713 
 1778 1777 1713 
 1778 1713 1714 
 1779 1715 1716 
 1715 1779 1780 
 1714 1780 1778 
 1780 1714 1715 
 1716 1781 1779 
 1716 1717 1782 
 1781 1716 1782 
 1717 1718 1783 
 1783 1782 1717 
 1718 1719 1784 
 1784 1783 1718 
 1720 1785 1745 
 1721 1785 1720 
 1785 1721 1786 
 1721 1722 1786 
 1786 1722 1787 
 1723 1787 1722 
 1724 1787 1723 
 1724 1725 1788 
 1724 1788 1787 
 1725 1726 1789 
 1788 1725 1789 
 1726 1790 1789 
 1727 1790 1726 
 1729 1790 1727 
 1729 1791 1790 
 1729 1728 1791 
 1732 1791 1728 
 1730 1792 1732 
 1731 1792 1730 
 1731 1735 1792 
 1732 1792 1793 
 1793 1791 1732 
 1735 1733 1794 
 1734 1794 1733 
 1795 1794 1734 
 1795 1734 1736 
 1794 1796 1735 
 1735 1796 1792 
 1736 1742 1797 
 1795 1736 1797 
 1744 1737 1798 
 1738 1798 1737 
 1739 1799 1738 
 1739 1741 1799 
 1738 1799 1798 
 1741 1800 1799 
 1741 1740 1800 
 1750 1800 1740 
 1797 1742 1801 
 1743 1801 1742 
 1802 1801 1743 
 1802 1743 1744 
 1744 1798 1803 
 1802 1744 1803 
 1785 1804 1745 
 1747 1745 1804 
 1747 1804 1805 
 1746 1806 1748 
 1747 1805 1806 
 1747 1806 1746 
 1748 1807 1749 
 1807 1748 1806 
 1750 1808 1800 
 1809 1808 1750 
 1809 1750 1753 
 1752 1810 1751 
 1753 1751 1810 
 1811 1752 1755 
 1811 1810 1752 
 1810 1812 1753 
 1809 1753 1812 
 1813 1754 1758 
 1754 1813 1756 
 1755 1756 1814 
 1811 1755 1814 
 1756 1813 1815 
 1815 1814 1756 
 1760 1816 1757 
 1758 1757 1816 
 1816 1817 1758 
 1813 1758 1817 
 1768 1818 1759 
 1761 1759 1818 
 1761 1819 1760 
 1816 1760 1819 
 1818 1820 1761 
 1819 1761 1820 
 1821 1775 1762 
 1762 1763 1821 
 1822 1821 1763 
 1763 1764 1822 
 1823 1822 1764 
 1765 1823 1764 
 1823 1765 1824 
 1776 1824 1765 
 1773 1825 1766 
 1769 1766 1825 
 1769 1826 1767 
 1768 1767 1826 
 1826 1827 1768 
 1818 1768 1827 
 1825 1828 1769 
 1826 1769 1828 
 1829 1772 1770 
 1770 1774 1829 
 1771 1830 1773 
 1830 1771 1772 
 1772 1831 1830 
 1772 1829 1831 
 1825 1773 1832 
 1830 1832 1773 
 1833 1829 1774 
 1774 1775 1833 
 1834 1833 1775 
 1775 1821 1834 
 1776 1835 1824 
 1835 1776 1777 
 1836 1835 1777 
 1778 1836 1777 
 1836 1778 1837 
 1837 1778 1780 
 1838 1779 1781 
 1780 1839 1837 
 1779 1838 1839 
 1839 1780 1779 
 1840 1838 1781 
 1781 1782 1841 
 1840 1781 1841 
 1782 1783 1842 
 1842 1841 1782 
 1783 1784 1843 
 1843 1842 1783 
 1804 1785 1844 
 1786 1844 1785 
 1844 1786 1845 
 1787 1845 1786 
 1846 1845 1787 
 1788 1789 1846 
 1788 1846 1787 
 1847 1846 1789 
 1848 1789 1790 
 1847 1789 1848 
 1848 1790 1849 
 1791 1849 1790 
 1793 1849 1791 
 1850 1849 1793 
 1793 1792 1850 
 1796 1850 1792 
 1794 1851 1796 
 1795 1851 1794 
 1795 1797 1851 
 1796 1851 1852 
 1852 1850 1796 
 1801 1853 1797 
 1797 1853 1851 
 1803 1798 1854 
 1798 1799 1854 
 1855 1854 1799 
 1800 1855 1799 
 1808 1855 1800 
 1808 1856 1855 
 1801 1857 1853 
 1802 1857 1801 
 1802 1803 1857 
 1854 1858 1803 
 1803 1858 1857 
 1844 1859 1804 
 1805 1804 1859 
 1860 1805 1859 
 1805 1861 1806 
 1860 1861 1805 
 1806 1862 1807 
 1862 1806 1861 
 1856 1808 1863 
 1809 1863 1808 
 1809 1812 1863 
 1810 1864 1812 
 1811 1814 1864 
 1811 1864 1810 
 1864 1865 1812 
 1812 1865 1863 
 1866 1813 1817 
 1813 1866 1815 
 1814 1867 1864 
 1814 1815 1867 
 1868 1815 1866 
 1868 1867 1815 
 1819 1869 1816 
 1817 1816 1869 
 1869 1870 1817 
 1866 1817 1870 
 1827 1871 1818 
 1820 1818 1871 
 1820 1872 1819 
 1869 1819 1872 
 1871 1873 1820 
 1872 1820 1873 
 1874 1834 1821 
 1821 1822 1874 
 1875 1874 1822 
 1822 1823 1875 
 1876 1875 1823 
 1824 1876 1823 
 1824 1877 1876 
 1877 1824 1835 
 1832 1878 1825 
 1828 1825 1878 
 1828 1879 1826 
 1827 1826 1879 
 1879 1880 1827 
 1871 1827 1880 
 1878 1881 1828 
 1879 1828 1881 
 1882 1831 1829 
 1829 1833 1882 
 1831 1883 1830 
 1832 1830 1883 
 1883 1831 1884 
 1882 1884 1831 
 1883 1885 1832 
 1878 1832 1885 
 1886 1882 1833 
 1833 1834 1886 
 1887 1886 1834 
 1834 1874 1887 
 1835 1888 1877 
 1888 1835 1836 
 1836 1889 1888 
 1889 1836 1837 
 1837 1890 1889 
 1890 1837 1839 
 1840 1891 1838 
 1838 1891 1892 
 1839 1892 1890 
 1838 1892 1839 
 1840 1893 1891 
 1840 1841 1893 
 1841 1842 1894 
 1894 1893 1841 
 1842 1843 1895 
 1895 1894 1842 
 1859 1844 1896 
 1845 1896 1844 
 1896 1845 1897 
 1846 1897 1845 
 1847 1897 1846 
 1847 1898 1897 
 1847 1848 1898 
 1849 1899 1848 
 1898 1848 1899 
 1899 1849 1900 
 1850 1900 1849 
 1852 1900 1850 
 1901 1900 1852 
 1852 1851 1901 
 1853 1901 1851 
 1902 1853 1857 
 1902 1901 1853 
 1854 1903 1858 
 1855 1903 1854 
 1856 1903 1855 
 1856 1863 1904 
 1856 1904 1903 
 1902 1857 1905 
 1858 1905 1857 
 1906 1858 1903 
 1906 1905 1858 
 1859 1896 1907 
 1860 1859 1907 
 1860 1908 1861 
 1860 1907 1908 
 1861 1909 1862 
 1909 1861 1908 
 1904 1863 1910 
 1865 1910 1863 
 1865 1864 1911 
 1867 1911 1864 
 1911 1912 1865 
 1910 1865 1912 
 1868 1866 1913 
 1870 1913 1866 
 1867 1914 1911 
 1868 1913 1914 
 1868 1914 1867 
 1872 1915 1869 
 1870 1869 1915 
 1915 1916 1870 
 1913 1870 1916 
 1880 1917 1871 
 1873 1871 1917 
 1873 1918 1872 
 1915 1872 1918 
 1917 1919 1873 
 1918 1873 1919 
 1920 1887 1874 
 1874 1875 1920 
 1921 1920 1875 
 1875 1876 1921 
 1922 1921 1876 
 1922 1876 1877 
 1877 1923 1922 
 1923 1877 1888 
 1885 1924 1878 
 1881 1878 1924 
 1881 1925 1879 
 1880 1879 1925 
 1925 1926 1880 
 1917 1880 1926 
 1924 1927 1881 
 1925 1881 1927 
 1886 1928 1882 
 1884 1882 1928 
 1884 1929 1883 
 1885 1883 1929 
 1928 1930 1884 
 1929 1884 1930 
 1929 1931 1885 
 1924 1885 1931 
 1887 1932 1886 
 1928 1886 1932 
 1932 1887 1933 
 1920 1933 1887 
 1888 1934 1923 
 1934 1888 1889 
 1889 1935 1934 
 1935 1889 1890 
 1890 1936 1935 
 1936 1890 1892 
 1937 1891 1893 
 1891 1937 1938 
 1892 1938 1936 
 1938 1892 1891 
 1939 1937 1940 
 1893 1940 1937 
 1941 1940 1893 
 1941 1893 1894 
 1894 1895 1942 
 1941 1894 1942 
 1907 1896 1943 
 1897 1943 1896 
 1943 1897 1944 
 1898 1944 1897 
 1945 1944 1898 
 1945 1898 1899 
 1899 1900 1946 
 1945 1899 1946 
 1947 1946 1900 
 1901 1947 1900 
 1905 1947 1902 
 1902 1947 1901 
 1906 1903 1948 
 1904 1948 1903 
 1910 1949 1904 
 1949 1948 1904 
 1905 1950 1947 
 1948 1950 1906 
 1906 1950 1905 
 1907 1943 1951 
 1907 1951 1908 
 1951 1952 1908 
 1908 1953 1909 
 1953 1908 1952 
 1949 1910 1954 
 1912 1954 1910 
 1912 1911 1955 
 1914 1955 1911 
 1956 1912 1955 
 1956 1954 1912 
 1913 1957 1914 
 1916 1957 1913 
 1957 1958 1914 
 1955 1914 1958 
 1916 1915 1959 
 1918 1959 1915 
 1959 1960 1916 
 1957 1916 1960 
 1926 1961 1917 
 1919 1917 1961 
 1959 1918 1962 
 1919 1962 1918 
 1963 1919 1961 
 1963 1962 1919 
 1921 1964 1920 
 1933 1920 1964 
 1964 1921 1965 
 1922 1965 1921 
 1923 1966 1922 
 1965 1922 1966 
 1934 1967 1923 
 1966 1923 1967 
 1931 1968 1924 
 1927 1924 1968 
 1927 1969 1925 
 1926 1925 1969 
 1969 1970 1926 
 1961 1926 1970 
 1968 1971 1927 
 1969 1927 1971 
 1932 1972 1928 
 1930 1928 1972 
 1930 1973 1929 
 1931 1929 1973 
 1972 1974 1930 
 1973 1930 1974 
 1973 1975 1931 
 1968 1931 1975 
 1933 1976 1932 
 1972 1932 1976 
 1964 1977 1933 
 1976 1933 1977 
 1967 1934 1978 
 1935 1978 1934 
 1978 1935 1979 
 1936 1979 1935 
 1979 1936 1980 
 1938 1980 1936 
 1980 1938 1981 
 1937 1981 1938 
 1939 1981 1937 
 1939 1982 1981 
 1982 1939 1983 
 1940 1983 1939 
 1983 1940 1984 
 1941 1942 1984 
 1941 1984 1940 
 1943 1985 1951 
 1944 1985 1943 
 1985 1944 1986 
 1945 1986 1944 
 1945 1946 1986 
 1987 1986 1946 
 1950 1988 1947 
 1946 1947 1988 
 1987 1946 1988 
 1989 1987 1988 
 1948 1990 1950 
 1954 1990 1949 
 1949 1990 1948 
 1990 1991 1950 
 1988 1950 1991 
 1985 1992 1951 
 1951 1992 1952 
 1992 1993 1952 
 1952 1994 1953 
 1994 1952 1993 
 1954 1995 1990 
 1956 1995 1954 
 1996 1995 1956 
 1956 1955 1996 
 1958 1996 1955 
 1958 1957 1997 
 1960 1997 1957 
 1998 1958 1997 
 1998 1996 1958 
 1960 1959 1999 
 1962 1999 1959 
 1999 2000 1960 
 1997 1960 2000 
 1963 1961 2001 
 1970 2001 1961 
 1999 1962 2002 
 1963 2001 2002 
 1963 2002 1962 
 1965 2003 1964 
 1977 1964 2003 
 1966 2004 1965 
 1965 2004 2003 
 2005 1966 1967 
 1966 2005 2004 
 2006 1967 1978 
 1967 2006 2005 
 1975 2007 1968 
 1971 1968 2007 
 1971 2008 1969 
 1970 1969 2008 
 2008 2009 1970 
 2001 1970 2009 
 2007 2010 1971 
 2008 1971 2010 
 1976 2011 1972 
 1974 1972 2011 
 1974 2012 1973 
 1975 1973 2012 
 2011 2013 1974 
 2012 1974 2013 
 2012 2014 1975 
 2007 1975 2014 
 1977 2015 1976 
 2011 1976 2015 
 2003 2016 1977 
 2015 1977 2016 
 2017 1978 1979 
 1978 2017 2006 
 2018 1979 1980 
 2018 2017 1979 
 2019 1980 1981 
 2019 2018 1980 
 2021 1981 1982 
 1981 2021 2019 
 2020 2019 2021 
 2022 2021 1982 
 2022 1982 2023 
 1983 1984 2023 
 1983 2023 1982 
 1992 1985 2024 
 1986 2024 1985 
 2025 2024 1986 
 1987 2025 1986 
 1989 2025 1987 
 2026 1988 1991 
 1989 1988 2026 
 1989 2026 2027 
 2027 2025 1989 
 2026 1991 2028 
 1995 2029 1990 
 1991 1990 2029 
 2028 1991 2029 
 2030 2029 1995 
 2024 2031 1992 
 1993 1992 2031 
 1993 2031 2032 
 1993 2034 1994 
 2032 2034 1993 
 2035 2030 1995 
 1996 2035 1995 
 1998 2035 1996 
 2036 2035 1998 
 1998 1997 2036 
 2000 2036 1997 
 2000 1999 2037 
 1999 2002 2037 
 2037 2038 2000 
 2038 2036 2000 
 2001 2039 2002 
 2009 2039 2001 
 2039 2040 2002 
 2037 2002 2040 
 2004 2041 2003 
 2016 2003 2041 
 2042 2004 2005 
 2004 2042 2041 
 2043 2005 2006 
 2005 2043 2042 
 2044 2006 2017 
 2006 2044 2043 
 2014 2045 2007 
 2010 2007 2045 
 2009 2008 2046 
 2010 2046 2008 
 2046 2047 2009 
 2039 2009 2047 
 2046 2010 2048 
 2045 2048 2010 
 2015 2049 2011 
 2013 2011 2049 
 2013 2050 2012 
 2014 2012 2050 
 2013 2049 2051 
 2051 2050 2013 
 2050 2052 2014 
 2045 2014 2052 
 2016 2053 2015 
 2049 2015 2053 
 2016 2041 2054 
 2054 2053 2016 
 2018 2055 2017 
 2044 2017 2055 
 2018 2019 2056 
 2020 2056 2019 
 2056 2055 2018 
 2057 2056 2020 
 2058 2057 2020 
 2022 2059 2021 
 2021 2059 2020 
 2058 2020 2059 
 2022 2023 2060 
 2022 2060 2059 
 2061 2031 2024 
 2025 2061 2024 
 2027 2061 2025 
 2062 2061 2027 
 2027 2026 2062 
 2028 2062 2026 
 2028 2029 2063 
 2063 2064 2028 
 2064 2062 2028 
 2030 2065 2029 
 2065 2063 2029 
 2066 2063 2065 
 2030 2035 2067 
 2067 2068 2030 
 2065 2030 2068 
 2031 2061 2069 
 2069 2032 2031 
 2033 2032 2069 
 2070 2033 2069 
 2033 2070 2072 
 2071 2072 2070 
 2073 2072 2071 
 2034 2032 2074 
 2072 2074 2033 
 2033 2074 2032 
 2075 2067 2035 
 2036 2075 2035 
 2038 2075 2036 
 2076 2075 2038 
 2038 2037 2076 
 2040 2076 2037 
 2040 2039 2077 
 2047 2077 2039 
 2077 2078 2040 
 2078 2076 2040 
 2079 2067 2075 
 2080 2041 2042 
 2080 2054 2041 
 2055 2081 2044 
 2043 2082 2042 
 2042 2082 2080 
 2083 2043 2044 
 2043 2083 2082 
 2044 2081 2083 
 2077 2047 2084 
 2048 2045 2085 
 2052 2085 2045 
 2086 2084 2047 
 2047 2046 2086 
 2048 2086 2046 
 2085 2087 2048 
 2087 2086 2048 
 2053 2088 2049 
 2049 2088 2051 
 2050 2051 2089 
 2052 2050 2089 
 2090 2051 2088 
 2090 2089 2051 
 2089 2091 2052 
 2085 2052 2091 
 2054 2092 2053 
 2088 2053 2092 
 2054 2080 2093 
 2093 2092 2054 
 2056 2094 2055 
 2081 2055 2094 
 2057 2094 2056 
 2095 2081 2094 
 2096 2094 2057 
 2058 2097 2057 
 2096 2057 2097 
 2058 2059 2098 
 2058 2098 2097 
 2099 2059 2060 
 2099 2098 2059 
 2100 2069 2061 
 2062 2100 2061 
 2064 2100 2062 
 2101 2100 2064 
 2064 2063 2101 
 2066 2101 2063 
 2065 2068 2102 
 2066 2065 2102 
 2066 2102 2103 
 2103 2101 2066 
 2079 2104 2067 
 2068 2067 2104 
 2068 2104 2105 
 2102 2068 2105 
 2106 2069 2100 
 2070 2069 2106 
 2070 2106 2071 
 2071 2107 2073 
 2071 2106 2107 
 2109 2104 2079 
 2108 2104 2109 
 2073 2107 2110 
 2072 2112 2074 
 2073 2110 2112 
 2073 2112 2072 
 2075 2113 2079 
 2076 2113 2075 
 2078 2113 2076 
 2114 2113 2078 
 2078 2077 2114 
 2084 2114 2077 
 2115 2079 2113 
 2109 2079 2115 
 2116 2080 2082 
 2116 2093 2080 
 2117 2083 2081 
 2095 2117 2081 
 2083 2118 2082 
 2082 2118 2116 
 2117 2118 2083 
 2119 2114 2084 
 2120 2119 2084 
 2120 2084 2086 
 2087 2085 2121 
 2091 2121 2085 
 2087 2121 2122 
 2120 2086 2122 
 2087 2122 2086 
 2092 2123 2088 
 2090 2088 2123 
 2091 2089 2124 
 2090 2123 2124 
 2090 2124 2089 
 2124 2125 2091 
 2121 2091 2125 
 2093 2126 2092 
 2126 2123 2092 
 2127 2093 2116 
 2127 2126 2093 
 2128 2123 2126 
 2095 2129 2117 
 2095 2094 2130 
 2096 2130 2094 
 2095 2130 2129 
 2096 2097 2131 
 2096 2131 2130 
 2097 2098 2132 
 2097 2132 2131 
 2098 2099 2133 
 2098 2133 2132 
 2134 2106 2100 
 2101 2134 2100 
 2103 2134 2101 
 2135 2134 2103 
 2103 2102 2135 
 2102 2105 2135 
 2136 2105 2104 
 2108 2136 2104 
 2136 2137 2105 
 2137 2135 2105 
 2111 2110 2138 
 2138 2110 2107 
 2139 2106 2134 
 2107 2106 2139 
 2107 2139 2138 
 2140 2136 2108 
 2108 2109 2141 
 2108 2141 2140 
 2115 2142 2109 
 2142 2141 2109 
 2111 2138 2143 
 2111 2143 2144 
 2110 2145 2112 
 2144 2145 2111 
 2111 2145 2110 
 2115 2113 2146 
 2114 2146 2113 
 2119 2146 2114 
 2147 2115 2146 
 2147 2142 2115 
 2148 2116 2118 
 2127 2116 2148 
 2149 2118 2117 
 2117 2129 2149 
 2150 2148 2118 
 2150 2118 2149 
 2119 2151 2146 
 2119 2120 2151 
 2120 2122 2151 
 2152 2151 2122 
 2122 2121 2152 
 2125 2152 2121 
 2153 2124 2123 
 2128 2153 2123 
 2125 2124 2154 
 2153 2154 2124 
 2154 2155 2125 
 2155 2152 2125 
 2127 2156 2126 
 2127 2148 2156 
 2128 2126 2156 
 2128 2156 2157 
 2128 2157 2153 
 2129 2158 2149 
 2129 2130 2159 
 2158 2129 2159 
 2131 2160 2130 
 2160 2159 2130 
 2161 2131 2132 
 2131 2161 2160 
 2132 2133 2162 
 2132 2162 2161 
 2163 2142 2147 
 2164 2139 2134 
 2135 2164 2134 
 2137 2164 2135 
 2165 2164 2137 
 2137 2136 2165 
 2140 2165 2136 
 2139 2164 2166 
 2138 2139 2166 
 2138 2166 2143 
 2167 2140 2141 
 2167 2168 2140 
 2168 2165 2140 
 2167 2141 2169 
 2163 2170 2142 
 2142 2170 2141 
 2169 2141 2170 
 2171 2170 2163 
 2143 2166 2172 
 2172 2173 2143 
 2144 2143 2173 
 2174 2173 2172 
 2144 2175 2145 
 2144 2173 2175 
 2147 2146 2176 
 2146 2151 2176 
 2177 2147 2176 
 2147 2177 2163 
 2148 2178 2156 
 2150 2178 2148 
 2179 2149 2158 
 2150 2149 2179 
 2150 2179 2178 
 2180 2176 2151 
 2152 2180 2151 
 2155 2180 2152 
 2154 2153 2181 
 2157 2181 2153 
 2155 2182 2180 
 2155 2154 2182 
 2181 2182 2154 
 2157 2156 2183 
 2178 2183 2156 
 2184 2157 2183 
 2184 2181 2157 
 2185 2179 2158 
 2158 2159 2186 
 2185 2158 2186 
 2159 2160 2187 
 2187 2186 2159 
 2188 2160 2161 
 2160 2188 2187 
 2161 2162 2189 
 2189 2188 2161 
 2190 2163 2177 
 2171 2163 2190 
 2191 2166 2164 
 2165 2191 2164 
 2168 2191 2165 
 2192 2166 2191 
 2172 2166 2192 
 2168 2193 2191 
 2168 2167 2193 
 2169 2193 2167 
 2194 2193 2169 
 2169 2170 2194 
 2194 2170 2195 
 2195 2170 2196 
 2171 2196 2170 
 2171 2190 2197 
 2171 2197 2196 
 2198 2172 2192 
 2174 2172 2198 
 2199 2174 2198 
 2173 2200 2175 
 2174 2200 2173 
 2174 2199 2200 
 2201 2175 2200 
 2177 2176 2203 
 2176 2180 2203 
 2204 2177 2203 
 2190 2177 2204 
 2185 2205 2179 
 2178 2205 2183 
 2179 2205 2178 
 2206 2203 2180 
 2182 2206 2180 
 2182 2207 2206 
 2181 2207 2182 
 2184 2207 2181 
 2184 2208 2207 
 2184 2183 2208 
 2208 2183 2205 
 2185 2186 2209 
 2185 2209 2205 
 2186 2187 2210 
 2186 2210 2209 
 2187 2188 2211 
 2187 2211 2210 
 2188 2189 2212 
 2212 2211 2188 
 2204 2213 2190 
 2197 2190 2213 
 2213 2214 2197 
 2215 2192 2191 
 2193 2215 2191 
 2216 2192 2215 
 2198 2192 2216 
 2217 2215 2193 
 2194 2217 2193 
 2194 2195 2217 
 2195 2218 2217 
 2195 2196 2218 
 2219 2218 2196 
 2197 2219 2196 
 2197 2214 2219 
 2198 2216 2220 
 2199 2198 2220 
 2199 2221 2200 
 2199 2220 2221 
 2202 2201 2222 
 2200 2222 2201 
 2221 2222 2200 
 2223 2202 2222 
 2223 2224 2202 
 2204 2203 2225 
 2203 2206 2225 
 2226 2204 2225 
 2213 2204 2226 
 2205 2227 2208 
 2209 2227 2205 
 2228 2225 2206 
 2206 2207 2228 
 2229 2228 2207 
 2208 2229 2207 
 2227 2229 2208 
 2230 2227 2209 
 2210 2231 2209 
 2230 2209 2231 
 2232 2210 2211 
 2210 2232 2231 
 2211 2212 2233 
 2211 2233 2232 
 2226 2234 2213 
 2214 2213 2234 
 2235 2214 2234 
 2214 2235 2236 
 2236 2219 2214 
 2216 2215 2237 
 2215 2217 2237 
 2237 2238 2216 
 2220 2216 2238 
 2239 2237 2217 
 2218 2239 2217 
 2240 2239 2218 
 2218 2219 2240 
 2219 2236 2240 
 2241 2220 2238 
 2220 2241 2221 
 2242 2222 2221 
 2242 2221 2241 
 2223 2222 2243 
 2242 2243 2222 
 2223 2244 2224 
 2223 2243 2244 
 2226 2225 2245 
 2225 2228 2245 
 2245 2246 2226 
 2234 2226 2246 
 2227 2247 2229 
 2230 2247 2227 
 2248 2245 2228 
 2229 2248 2228 
 2247 2248 2229 
 2230 2231 2249 
 2230 2249 2247 
 2231 2232 2250 
 2250 2249 2231 
 2232 2233 2251 
 2232 2251 2250 
 2246 2252 2234 
 2235 2234 2252 
 2253 2235 2252 
 2253 2254 2235 
 2254 2236 2235 
 2236 2254 2255 
 2255 2240 2236 
 2238 2237 2256 
 2239 2256 2237 
 2256 2257 2238 
 2238 2257 2241 
 2256 2239 2258 
 2240 2258 2239 
 2255 2258 2240 
 2242 2259 2243 
 2257 2259 2241 
 2241 2259 2242 
 2243 2260 2244 
 2260 2243 2259 
 2253 2261 2254 
 2246 2245 2262 
 2248 2262 2245 
 2262 2263 2246 
 2252 2246 2263 
 2262 2248 2264 
 2247 2264 2248 
 2249 2264 2247 
 2249 2250 2265 
 2265 2264 2249 
 2250 2251 2266 
 2266 2265 2250 
 2253 2267 2261 
 2263 2267 2252 
 2253 2252 2267 
 2254 2261 2268 
 2254 2268 2255 
 2269 2255 2268 
 2269 2258 2255 
 2257 2256 2270 
 2258 2270 2256 
 2271 2257 2270 
 2271 2259 2257 
 2272 2270 2258 
 2272 2258 2269 
 2260 2259 2273 
 2271 2273 2259 
 2274 2268 2261 
 2261 2275 2274 
 2275 2261 2267 
 2276 2274 2275 
 2263 2262 2277 
 2264 2277 2262 
 2278 2263 2277 
 2278 2267 2263 
 2279 2277 2264 
 2279 2264 2265 
 2265 2266 2280 
 2279 2265 2280 
 2267 2281 2275 
 2278 2281 2267 
 2268 2274 2282 
 2282 2269 2268 
 2269 2282 2283 
 2272 2269 2283 
 2271 2284 2273 
 2271 2270 2284 
 2272 2283 2284 
 2272 2284 2270 
 2285 2282 2274 
 2274 2276 2285 
 2286 2285 2276 
 2287 2286 2276 
 2288 2275 2281 
 2275 2288 2276 
 2276 2288 2287 
 2278 2289 2281 
 2278 2277 2289 
 2279 2280 2289 
 2279 2289 2277 
 2290 2281 2289 
 2290 2288 2281 
 2291 2283 2282 
 2282 2285 2291 
 2292 2284 2283 
 2292 2283 2291 
 2292 2293 2284 
 2294 2291 2285 
 2286 2294 2285 
 2295 2294 2286 
 2286 2287 2296 
 2295 2286 2296 
 2297 2296 2287 
 2290 2298 2288 
 2288 2298 2287 
 2297 2287 2298 
 2290 2289 2299 
 2290 2299 2298 
 2292 2300 2293 
 2292 2291 2300 
 2291 2294 2300 
 2293 2300 2301 
 2294 2302 2300 
 2295 2302 2294 
 2303 2302 2295 
 2295 2296 2303 
 2303 2296 2304 
 2297 2305 2296 
 2296 2305 2304 
 2297 2298 2306 
 2297 2306 2305 
 2307 2298 2299 
 2307 2306 2298 
 2301 2300 2308 
 2302 2308 2300 
 2309 2301 2308 
 2302 2310 2308 
 2303 2310 2302 
 2303 2304 2310 
 2304 2311 2310 
 2312 2304 2305 
 2304 2312 2311 
 2305 2306 2313 
 2305 2313 2312 
 2314 2306 2307 
 2306 2314 2313 
 2308 2315 2309 
 2308 2310 2315 
 2315 2316 2309 
 2317 2315 2310 
 2311 2317 2310 
 2318 2317 2311 
 2311 2312 2319 
 2319 2318 2311 
 2312 2313 2320 
 2312 2320 2319 
 2313 2314 2321 
 2313 2321 2320 
 2316 2315 2322 
 2317 2322 2315 
 2322 2323 2316 
 2322 2317 2324 
 2318 2324 2317 
 2325 2324 2318 
 2318 2319 2326 
 2325 2318 2326 
 2319 2320 2327 
 2327 2326 2319 
 2320 2321 2328 
 2320 2328 2327 
 2323 2322 2329 
 2324 2329 2322 
 2329 2330 2323 
 2329 2324 2331 
 2325 2331 2324 
 2325 2326 2332 
 2325 2332 2331 
 2326 2327 2333 
 2326 2333 2332 
 2327 2328 2334 
 2327 2334 2333 
 2330 2329 2335 
 2329 2331 2335 
 2335 2336 2330 
 2337 2335 2331 
 2337 2331 2338 
 2332 2338 2331 
 2332 2333 2339 
 2332 2339 2338 
 2333 2334 2340 
 2333 2340 2339 
 2336 2342 2341 
 2335 2342 2336 
 2337 2342 2335 
 2337 2343 2342 
 2337 2338 2343 
 2338 2339 2344 
 2344 2343 2338 
 2339 2340 2345 
 2339 2345 2344 
 2348 2346 2341 
 2341 2342 2348 
 2349 2348 2342 
 2343 2349 2342 
 2343 2344 2350 
 2343 2350 2349 
 2344 2345 2351 
 2351 2350 2344 
 2352 2353 2347 
 2347 2346 2354 
 2352 2347 2354 
 2348 2354 2346 
 2355 2354 2348 
 2355 2348 2349 
 2349 2350 2356 
 2355 2349 2356 
 2350 2351 2357 
 2357 2356 2350 
 2352 2354 2358 
 2352 2359 2353 
 2352 2358 2359 
 2355 2356 2360 
 2358 2354 2360 
 2355 2360 2354 
 2356 2357 2361 
 2356 2361 2360 
 2362 2358 2360 
 2358 2363 2359 
 2362 2363 2358 
 2364 2360 2361 
 2362 2360 2364 
 2362 2365 2363 
 2362 2364 2365 
 