2366 
1.5 0.775171 
1.5 0.720972 
1.5 0.833333 
1.4622 0.701692 
1.5 0.666667 
1.46045 0.794213 
1.4519 0.747937 
1.44087 0.833333 
1.4168 0.706219 
1.4423 0.666667 
1.4146 0.790876 
1.39275 0.747843 
1.3817 0.833333 
1.3639 0.707421 
1.38739 0.666667 
1.35966 0.790125 
1.339 0.748879 
1.32603 0.833333 
1.31087 0.708255 
1.33661 0.666667 
1.29989 0.745733 
1.27821 0.726845 
1.30387 0.786485 
1.27435 0.833333 
1.26882 0.69557 
1.28966 0.666667 
1.26748 0.758281 
1.24419 0.726991 
1.25101 0.796884 
1.2264 0.833333 
1.22616 0.696941 
1.24625 0.666667 
1.22111 0.76376 
1.20312 0.730557 
1.20345 0.798754 
1.18192 0.833333 
1.18734 0.69684 
1.20613 0.666667 
1.16738 0.726034 
1.17437 0.763793 
1.15954 0.80138 
1.14064 0.833333 
1.15213 0.694172 
1.1691 0.666667 
1.1334 0.717835 
1.14353 0.744295 
1.12107 0.804361 
1.13583 0.774554 
1.08517 0.805403 
1.10235 0.833333 
1.1044 0.714208 
1.11977 0.690898 
1.13495 0.666667 
1.1105 0.745387 
1.09959 0.776413 
1.08622 0.728985 
1.07182 0.781442 
1.04938 0.803535 
1.06679 0.833333 
1.07681 0.707455 
1.09025 0.688606 
1.10344 0.666667 
1.07589 0.754201 
1.06236 0.726529 
1.04827 0.770644 
1.02364 0.784961 
1.02119 0.811014 
1.03293 0.833333 
1 0.870071 
1 0.909915 
1 0.95313 
1 1 
1.05586 0.705189 
1.06285 0.686685 
1.07437 0.666667 
1.04592 0.743968 
1.03906 0.715212 
1.02294 0.755754 
1 0.768997 
1 0.799907 
1 0.833333 
0.975848 0.857077 
0.967353 0.890133 
0.965671 0.933258 
0.969024 0.968745 
0.951006 1 
1.03588 0.687796 
1.04755 0.666667 
1.02077 0.72856 
1.01705 0.702176 
1 0.740363 
0.97723 0.753711 
0.975511 0.783002 
0.97765 0.810117 
0.945634 0.859512 
0.965652 0.833333 
0.936584 0.918309 
0.923377 0.888568 
0.928443 0.957335 
0.90082 1 
1.01504 0.682457 
1.02282 0.666667 
1 0.689308 
1 0.713837 
0.979504 0.727546 
0.952106 0.7659 
0.956457 0.736784 
0.907306 0.860494 
0.947289 0.801334 
0.930267 0.833333 
0.899113 0.922207 
0.882348 0.888689 
0.875455 0.960535 
0.8492 1 
1 0.645844 
1 0.666667 
0.984596 0.681158 
0.979633 0.702663 
0.964177 0.717522 
0.922692 0.773764 
0.933787 0.747268 
0.949534 0.718638 
0.938236 0.727816 
0.849196 0.881761 
0.869072 0.859528 
0.89314 0.833333 
0.908986 0.80245 
0.848919 0.919108 
0.822579 0.962149 
0.795585 1 
1 0.626575 
0.984869 0.635389 
0.986062 0.652282 
0.978442 0.666667 
0.966078 0.682878 
0.955498 0.701969 
0.894239 0.773858 
0.907806 0.750314 
0.919593 0.728098 
0.933496 0.708035 
0.816511 0.89028 
0.833974 0.859074 
0.853975 0.833333 
0.870009 0.797663 
0.869598 0.767655 
0.797231 0.928135 
0.77221 0.892266 
0.769384 0.964032 
0.741864 1 
1 0.608703 
0.985522 0.617236 
0.970291 0.624912 
0.967 0.646846 
0.956214 0.666667 
0.944012 0.685354 
0.882121 0.750008 
0.894406 0.728891 
0.907341 0.70749 
0.92026 0.68688 
0.85724 0.749869 
0.79485 0.861557 
0.814644 0.833333 
0.830927 0.801919 
0.844334 0.774162 
0.753111 0.861862 
0.712247 0.859142 
0.743024 0.929158 
0.727742 0.89112 
0.693215 0.881762 
0.717477 0.962275 
0.688143 1 
1 0.592126 
0.986046 0.600556 
0.971923 0.607284 
0.959305 0.613788 
1 0.57675 
0.951694 0.627565 
0.941994 0.645864 
0.933083 0.666667 
0.868775 0.72897 
0.881448 0.708183 
0.894883 0.687216 
0.908749 0.666667 
0.842707 0.728715 
0.835907 0.749703 
0.775314 0.833333 
0.792752 0.801136 
0.810313 0.76852 
0.676323 0.858651 
0.735983 0.833333 
0.696653 0.833333 
0.691281 0.919859 
0.657979 0.888339 
0.662337 0.962151 
0.634422 1 
0.637107 0.860113 
-0.5 0.833333 
0.986713 0.58536 
0.972109 0.592632 
0.956211 0.597793 
0.945175 0.610162 
0.93158 0.605309 
1 0.562489 
0.988222 0.570169 
1 0.549262 
0.930127 0.623301 
0.918634 0.645318 
0.917725 0.607694 
0.854729 0.708154 
0.868768 0.687412 
0.882731 0.666667 
0.893262 0.644554 
0.828529 0.709193 
0.814887 0.733868 
0.754521 0.801525 
0.770793 0.768186 
0.791625 0.745192 
0.657322 0.833333 
0.71536 0.803046 
0.676337 0.801977 
0.614084 0.889713 
0.634329 0.927971 
0.608547 0.96219 
0.580701 1 
0.617992 0.833333 
0.596811 0.859363 
0.57854 0.88237 
-0.440868 0.833333 
-0.5 0.775171 
-0.454569 0.789098 
-0.5 0.720972 
0.975511 0.577225 
0.962826 0.583445 
0.950808 0.584626 
0.939814 0.592496 
0.924989 0.593158 
0.9894 0.556351 
0.977708 0.56284 
1 0.536993 
0.990316 0.543877 
0.905013 0.621377 
0.905398 0.602829 
0.912411 0.592042 
0.84249 0.687674 
0.856359 0.666667 
0.867436 0.644208 
0.878414 0.620354 
0.81644 0.687963 
0.803465 0.709327 
0.791662 0.726422 
0.736851 0.769991 
0.754113 0.752159 
0.769104 0.73653 
0.637098 0.802197 
0.693161 0.768689 
0.713615 0.745126 
0.658127 0.770136 
0.675294 0.752089 
0.52698 1 
0.579737 0.920124 
0.553965 0.96265 
0.545229 0.891611 
0.597399 0.801781 
0.578661 0.833333 
0.560303 0.858821 
-0.381695 0.833333 
-0.405235 0.793361 
-0.459551 0.743552 
-0.422296 0.758442 
-0.464 0.703287 
-0.5 0.666667 
0.965487 0.568904 
0.953495 0.572744 
0.941692 0.57665 
0.929605 0.57949 
0.918801 0.581916 
0.979742 0.549748 
0.967275 0.55512 
0.990834 0.532461 
1 0.525614 
1 0.51506 
0.981653 0.538046 
0.891643 0.605497 
0.877485 0.600238 
0.899481 0.589509 
0.908431 0.578028 
0.829962 0.666667 
0.841621 0.644338 
0.8525 0.622531 
0.861877 0.604292 
0.803565 0.666667 
0.7906 0.688252 
0.778357 0.710127 
0.736751 0.735172 
0.751981 0.711614 
0.712901 0.726527 
0.614265 0.768513 
0.634607 0.744996 
0.596474 0.752105 
0.690137 0.736373 
0.657558 0.734948 
0.473259 1 
0.49974 0.964799 
0.528086 0.928784 
0.500106 0.890942 
0.579566 0.770197 
0.555855 0.745044 
0.521027 0.860992 
0.557427 0.80218 
0.539331 0.833333 
-0.326028 0.833333 
-0.353011 0.793601 
-0.37897 0.752356 
-0.416444 0.714345 
-0.442298 0.666667 
1.5 0.333333 
0.954695 0.559484 
0.944873 0.565355 
0.932915 0.565231 
0.919661 0.567989 
0.969356 0.542967 
0.956662 0.546774 
0.982644 0.529138 
1 0.505 
0.990355 0.52098 
0.992759 0.511648 
0.994852 0.5 
1 0.495 
0.973193 0.531002 
0.906746 0.564698 
0.885021 0.58736 
0.869927 0.586482 
0.894025 0.57145 
0.854818 0.58508 
0.815228 0.643444 
0.828236 0.622511 
0.840878 0.599812 
0.78894 0.643807 
0.777168 0.666667 
0.764484 0.688681 
0.725163 0.710413 
0.738025 0.688759 
0.699545 0.710041 
0.633862 0.726348 
0.611173 0.736321 
0.578842 0.735309 
0.555079 0.726426 
0.67288 0.71131 
0.645981 0.709784 
0.531912 0.736079 
0.419538 1 
0.365817 1 
0.446255 0.962601 
0.471732 0.927118 
0.455464 0.890899 
0.479321 0.861449 
0.535531 0.76835 
0.517435 0.752171 
0.5 0.833333 
0.518958 0.801863 
0.499201 0.735356 
0.312096 1 
0.258375 1 
0.204654 1 
0.151029 1 
0.099266 1 
0.048994 1 
-0.274349 0.833333 
-0.299937 0.794643 
-0.319046 0.749816 
-0.358409 0.708553 
-0.387388 0.666667 
1.4423 0.333333 
1.46285 0.295879 
1.5 0.279028 
1.5 0.224829 
0.941576 0.552665 
0.926108 0.553479 
0.912814 0.553788 
0.961865 0.534799 
0.947425 0.537381 
0.978417 0.521251 
0.989705 0.505 
0.983735 0.512224 
0.984194 0.5 
0.989705 0.495 
0.993235 0.48806 
1 0.48494 
0.966688 0.523459 
0.897752 0.554266 
0.877559 0.571 
0.86279 0.570975 
0.883623 0.556187 
0.841239 0.581398 
0.848543 0.569848 
0.801125 0.619216 
0.818007 0.601275 
0.826834 0.584136 
0.799955 0.597503 
0.774103 0.622466 
0.76245 0.64438 
0.750771 0.666667 
0.71138 0.688517 
0.724374 0.666667 
0.685375 0.688615 
0.620265 0.709429 
0.593892 0.711412 
0.567084 0.709629 
0.54135 0.709784 
0.658885 0.688488 
0.632438 0.688181 
0.513972 0.711025 
0.393152 0.962774 
0.339407 0.964697 
0.420106 0.920913 
0.420213 0.882781 
0.438554 0.859389 
0.460669 0.833333 
0.500777 0.77041 
0.480683 0.803568 
0.475902 0.75041 
0.469324 0.727983 
0.485154 0.709029 
0.285883 0.962343 
0.232932 0.962364 
0.180104 0.963402 
0.128484 0.962302 
0.0730426 0.957576 
0.0308954 0.968709 
0 1 
-0.226402 0.833333 
-0.25161 0.797607 
-0.275545 0.760251 
-0.284233 0.727349 
-0.311995 0.701468 
-0.336613 0.666667 
1.38739 0.333333 
1.33661 0.333333 
1.4133 0.28313 
1.45868 0.250815 
1.4626 0.205369 
1.5 0.166667 
0.933439 0.540001 
0.919187 0.540979 
0.905142 0.541646 
0.95392 0.525244 
0.940147 0.527144 
0.972487 0.513721 
0.978665 0.505 
0.9787 0.495 
0.983948 0.485978 
0.992501 0.479381 
1 0.474386 
0.960094 0.514671 
1 0.463007 
0.890935 0.542436 
0.869984 0.556837 
0.855909 0.556602 
0.87696 0.543096 
0.834558 0.569108 
0.82061 0.56825 
0.841931 0.555982 
0.783458 0.603589 
0.808343 0.581232 
0.790233 0.584218 
0.80778 0.564343 
0.759182 0.599436 
0.747706 0.622179 
0.736093 0.644522 
0.697977 0.666667 
0.709784 0.644776 
0.67158 0.666667 
0.606269 0.688472 
0.579844 0.688473 
0.553442 0.688009 
0.526829 0.688301 
0.645183 0.666667 
0.618786 0.666667 
0.499418 0.687674 
0.368267 0.928615 
0.312125 0.926756 
0.385661 0.891605 
0.402008 0.859369 
0.421339 0.833333 
0.441141 0.805228 
0.462913 0.777327 
0.448969 0.747643 
0.445565 0.72447 
0.457039 0.706132 
0.472415 0.686951 
0.260304 0.920379 
0.106036 0.918445 
0.208602 0.928117 
0.154853 0.927557 
0.0641774 0.918406 
0.0336757 0.934294 
0 0.95313 
0.0757107 0.888241 
-0.181917 0.833333 
-0.140643 0.833333 
-0.205302 0.799779 
-0.228127 0.764302 
-0.249308 0.729171 
-0.271021 0.696665 
-0.289663 0.666667 
1.28966 0.333333 
1.35629 0.294222 
1.30895 0.297336 
1.37096 0.250803 
1.41351 0.218109 
1.44087 0.166667 
0.926188 0.528355 
0.912088 0.528897 
0.898077 0.529513 
0.946857 0.515564 
0.9331 0.51631 
0.966725 0.505 
0.966869 0.495 
0.972301 0.486188 
0.975583 0.478261 
0.983352 0.474187 
0.99106 0.468512 
0.95381 0.505 
0.99013 0.456579 
1 0.450738 
0.884056 0.529928 
0.863049 0.543219 
0.849108 0.542965 
0.8701 0.530113 
0.82817 0.555106 
0.814937 0.553687 
0.835222 0.542533 
0.773439 0.584562 
0.79521 0.56898 
0.781014 0.569483 
0.799999 0.553886 
0.759523 0.579247 
0.745881 0.583785 
0.732481 0.580653 
0.733164 0.599105 
0.721471 0.622462 
0.683664 0.644967 
0.695447 0.623507 
0.65751 0.644741 
0.592389 0.666667 
0.565992 0.666667 
0.539595 0.666667 
0.513198 0.666667 
0.631261 0.644405 
0.604865 0.644221 
0.486802 0.666667 
0.340863 0.89177 
0.29584 0.890341 
0.362409 0.861788 
0.382008 0.833333 
0.401262 0.804041 
0.41978 0.771083 
0.420331 0.734585 
0.431927 0.707381 
0.446512 0.686612 
0.460405 0.666667 
0.260149 0.882326 
0.106729 0.882049 
0.226759 0.890619 
0.140589 0.891497 
0.183863 0.891462 
0.0336064 0.890674 
0 0.909915 
0.0899757 0.858744 
0.0537891 0.858894 
-0.102348 0.833333 
-0.161318 0.801022 
-0.122479 0.803731 
-0.177602 0.763671 
-0.208341 0.72901 
-0.228501 0.697359 
-0.24625 0.666667 
1.24625 0.333333 
1.20613 0.333333 
1.26778 0.30284 
1.28182 0.272192 
1.32037 0.2515 
1.35455 0.206629 
1.3817 0.166667 
0.919171 0.516796 
0.90512 0.516986 
0.891124 0.517258 
0.940113 0.505 
0.926134 0.505 
0.954147 0.495 
0.960216 0.485455 
0.966166 0.47728 
0.973854 0.469087 
0.981355 0.462808 
0.940583 0.495 
1 0.437511 
0.979299 0.450665 
0.98918 0.443881 
1 0.42325 
0.877146 0.51739 
0.856173 0.53006 
0.842252 0.529876 
0.863191 0.517408 
0.82143 0.541987 
0.807459 0.54164 
0.82834 0.529654 
0.766937 0.568508 
0.787009 0.555178 
0.773259 0.555454 
0.793515 0.541976 
0.75184 0.568005 
0.737593 0.568177 
0.719037 0.58445 
0.724869 0.572832 
0.724087 0.562317 
0.706636 0.600684 
0.704797 0.581587 
0.669688 0.623442 
0.681884 0.604919 
0.643749 0.622274 
0.578386 0.644133 
0.55183 0.64416 
0.525201 0.644181 
0.498631 0.644175 
0.617461 0.6218 
0.59093 0.62156 
0.472212 0.644233 
0.321232 0.861315 
0.280364 0.8595 
0.342678 0.833333 
0.361511 0.804263 
0.382474 0.776869 
0.39662 0.751627 
0.390224 0.728475 
0.405413 0.707796 
0.419925 0.686981 
0.434008 0.666667 
0.445992 0.644212 
0.244594 0.858807 
0.124763 0.860148 
0.205716 0.861498 
0.164385 0.861879 
0.10686 0.833333 
0.023932 0.855979 
0 0.870071 
-0.0329312 0.833333 
-0.0667895 0.833333 
0.069733 0.833333 
0.0343485 0.833333 
-0.0867658 0.805355 
-0.139966 0.772284 
-0.104451 0.776751 
-0.148051 0.744336 
-0.171842 0.722116 
-0.189926 0.695966 
-0.206132 0.666667 
1.1691 0.333333 
1.22677 0.300753 
1.18807 0.302596 
1.24611 0.268138 
1.27444 0.234941 
1.30018 0.203998 
1.32603 0.166667 
1.13495 0.333333 
0.912155 0.505 
0.898176 0.505 
0.884196 0.505 
0.926605 0.495 
0.912626 0.495 
0.947335 0.484458 
0.954478 0.474803 
0.961532 0.465812 
0.970531 0.457867 
0.933723 0.483617 
0.988334 0.430213 
0.967332 0.445377 
0.977319 0.437578 
0.98755 0.415476 
1 0.407874 
0.870217 0.505 
0.849245 0.517356 
0.835297 0.517277 
0.856238 0.505 
0.814404 0.529478 
0.800444 0.529468 
0.821339 0.517205 
0.759103 0.555144 
0.779769 0.5423 
0.765859 0.542309 
0.786522 0.529575 
0.744916 0.554623 
0.731287 0.552926 
0.710811 0.568137 
0.716377 0.55317 
0.69044 0.586626 
0.697174 0.573863 
0.696466 0.563321 
0.672547 0.585807 
0.656279 0.600519 
0.657675 0.582572 
0.630413 0.598588 
0.564307 0.621514 
0.537501 0.621797 
0.510465 0.621624 
0.48392 0.621659 
0.603837 0.597993 
0.577063 0.598381 
0.457794 0.621664 
0.303347 0.833333 
0.264017 0.833333 
0.322116 0.804179 
0.340418 0.771805 
0.369681 0.748109 
0.366538 0.724929 
0.378059 0.706543 
0.393264 0.686919 
0.407611 0.666667 
0.419829 0.644161 
0.431838 0.621518 
0.224686 0.833333 
0.146025 0.833333 
0.185356 0.833333 
0.0889794 0.803558 
0.125528 0.802287 
0 0.833333 
-0.0214096 0.810861 
-0.0506922 0.803193 
0.0220699 0.811104 
0.0520008 0.80434 
-0.0739191 0.776886 
-0.0890459 0.756623 
-0.114532 0.745632 
-0.136311 0.717979 
-0.153698 0.693452 
-0.169104 0.666667 
1.15253 0.305421 
1.20583 0.269047 
1.16805 0.273688 
1.225 0.232394 
1.25034 0.198735 
1.27435 0.166667 
1.10344 0.333333 
1.11958 0.30803 
1.07437 0.333333 
0.898647 0.495 
0.884667 0.495 
0.870688 0.495 
0.919779 0.483192 
0.905667 0.483104 
0.940862 0.472871 
0.948671 0.46297 
0.957504 0.453768 
0.926971 0.471633 
0.975784 0.423468 
0.953904 0.441276 
0.964097 0.432 
0.974445 0.408406 
0.986739 0.399646 
1 0.391297 
0.856709 0.495 
0.842258 0.505 
0.828279 0.505 
0.842729 0.495 
0.807372 0.517172 
0.793406 0.517184 
0.8143 0.505 
0.751837 0.542041 
0.772612 0.529626 
0.758658 0.529547 
0.779449 0.517206 
0.737851 0.541507 
0.723756 0.54113 
0.703662 0.553491 
0.709772 0.541134 
0.683355 0.569642 
0.68828 0.553374 
0.664411 0.569069 
0.64364 0.584009 
0.651497 0.573455 
0.630868 0.580392 
0.617059 0.583129 
0.652021 0.563482 
0.603635 0.578644 
0.550135 0.599049 
0.522703 0.597793 
0.495684 0.598325 
0.469504 0.598735 
0.590457 0.583137 
0.576566 0.580976 
0.563107 0.583816 
0.57013 0.572515 
0.54991 0.578619 
0.456018 0.584883 
0.443588 0.598906 
0.242916 0.804622 
0.282529 0.804214 
0.302783 0.777352 
0.317617 0.752058 
0.41787 0.598696 
0.341813 0.734951 
0.352733 0.707628 
0.367364 0.68686 
0.381214 0.666667 
0.393635 0.644021 
0.405979 0.621308 
0.311476 0.728564 
0.202603 0.806133 
0.163625 0.80254 
0.223216 0.778706 
0.0745206 0.776097 
0.142478 0.769496 
0.105199 0.771464 
0 0.799907 
-0.0234246 0.78454 
-0.0463667 0.768764 
0.0239009 0.784672 
0.0467698 0.768596 
-0.0662011 0.750643 
-0.0861277 0.733206 
-0.105042 0.713558 
-0.120023 0.691362 
-0.134947 0.666667 
1.13485 0.280901 
1.14618 0.254306 
1.17825 0.236388 
1.20381 0.199821 
1.2264 0.166667 
1.08906 0.310303 
1.10265 0.284891 
1.0603 0.312156 
1.04755 0.333333 
0.891539 0.483033 
0.877469 0.483021 
0.863522 0.482902 
0.912841 0.471158 
0.898551 0.471057 
0.934305 0.460048 
0.943348 0.450532 
0.920317 0.45891 
0.942065 0.438968 
1.02282 0.333333 
0.962119 0.417671 
0.949015 0.426987 
1 0.373425 
1 0.354156 
0.961458 0.402752 
0.972713 0.392444 
0.985728 0.382435 
0.849574 0.482885 
0.82875 0.495 
0.814771 0.495 
0.835614 0.482898 
0.80032 0.505 
0.786341 0.505 
0.800791 0.495 
0.744671 0.529344 
0.765493 0.517191 
0.75152 0.517126 
0.772362 0.505 
0.730649 0.529121 
0.71661 0.529001 
0.695687 0.541096 
0.702558 0.528985 
0.674037 0.55532 
0.681277 0.541488 
0.6601 0.553622 
0.639739 0.568142 
0.624249 0.567973 
0.610391 0.567801 
0.644811 0.553421 
0.595758 0.567756 
0.535339 0.582639 
0.521929 0.578657 
0.507866 0.582456 
0.494354 0.580305 
0.481319 0.584126 
0.468269 0.581339 
0.486825 0.572607 
0.461279 0.574431 
0.581458 0.567842 
0.570022 0.562724 
0.558103 0.567666 
0.542318 0.568128 
0.450635 0.572559 
0.443639 0.58123 
0.429717 0.583853 
0.416693 0.579933 
0.404918 0.585178 
0.261511 0.771687 
0.290616 0.74832 
0.238333 0.751735 
0.392763 0.598441 
0.32665 0.708124 
0.340814 0.68716 
0.354817 0.666667 
0.367299 0.643801 
0.379943 0.620969 
0.287712 0.725164 
0.299192 0.706804 
0.179585 0.769861 
0.211019 0.747459 
0.160952 0.748554 
0.142237 0.742921 
0.063052 0.750894 
0.0841393 0.755255 
0.120843 0.747993 
0.0999056 0.745564 
0 0.768997 
-0.0220219 0.755673 
-0.0416934 0.742201 
0.0219694 0.755489 
0.0414816 0.741702 
-0.060054 0.726175 
-0.074451 0.708954 
-0.0898123 0.688299 
-0.103437 0.666667 
1.11327 0.253783 
1.1385 0.223643 
1.16092 0.198072 
1.18192 0.166667 
1.07405 0.290075 
1.0851 0.266256 
1.04798 0.294297 
1.0353 0.316589 
1.01589 0.318195 
0.88425 0.470965 
0.870267 0.470658 
0.85636 0.47058 
0.905679 0.459007 
0.891327 0.459073 
0.929384 0.44532 
0.912658 0.446501 
0.933478 0.429814 
1 0.333333 
0.949258 0.411176 
0.938389 0.417712 
0.949562 0.398484 
0.984722 0.364114 
0.986089 0.347255 
0.957832 0.387266 
0.969808 0.374559 
0.842464 0.470665 
0.821646 0.482877 
0.807703 0.482891 
0.82849 0.470724 
0.786812 0.495 
0.772833 0.495 
0.793777 0.482955 
0.737527 0.517037 
0.758382 0.505 
0.744403 0.505 
0.758853 0.495 
0.723517 0.516978 
0.7095 0.516962 
0.688435 0.529004 
0.695474 0.516963 
0.667098 0.541693 
0.674291 0.529223 
0.652753 0.541265 
0.631144 0.55428 
0.617574 0.554797 
0.60398 0.554822 
0.638375 0.541282 
0.590037 0.554443 
0.529191 0.567955 
0.514296 0.567639 
0.498574 0.567566 
0.486388 0.562557 
0.473491 0.568496 
0.458468 0.563672 
0.577248 0.5533 
0.562694 0.5533 
0.548773 0.554601 
0.535255 0.554939 
0.447495 0.562061 
0.437122 0.568729 
0.424652 0.570863 
0.393659 0.580973 
0.415393 0.565981 
0.403212 0.569931 
0.380399 0.583191 
0.262593 0.735097 
0.232973 0.729548 
0.366573 0.597546 
0.314228 0.687071 
0.32842 0.666667 
0.340783 0.643725 
0.353421 0.620647 
0.273749 0.707755 
0.288271 0.687004 
0.209323 0.725192 
0.184757 0.735101 
0.156186 0.726852 
0.131873 0.7264 
0.0584275 0.730363 
0.0815015 0.73234 
0.107566 0.727791 
0 0.740363 
-0.0206467 0.729172 
-0.0387189 0.720553 
0.0208279 0.728662 
0.0415257 0.718457 
-0.0496332 0.702619 
-0.061894 0.686462 
-0.0743689 0.666667 
1.08681 0.242422 
1.10308 0.222509 
1.12192 0.195297 
1.14064 0.166667 
1.05918 0.272547 
1.06519 0.247667 
1.03765 0.277672 
1.0214 0.296745 
1 0.310692 
0.984842 0.3185 
0.876971 0.458369 
0.863016 0.458053 
0.84931 0.45826 
0.898358 0.447271 
0.904477 0.437844 
0.883509 0.446114 
0.916628 0.431395 
0.925197 0.417058 
0.978512 0.333333 
0.935003 0.403452 
0.941385 0.386275 
0.96721 0.35134 
0.951972 0.369083 
0.83543 0.458603 
0.814543 0.47069 
0.800681 0.470737 
0.821241 0.458585 
0.779832 0.483009 
0.765864 0.483023 
0.786801 0.470901 
0.730424 0.505 
0.744874 0.495 
0.730895 0.495 
0.751891 0.483041 
0.716444 0.505 
0.702465 0.505 
0.681429 0.51698 
0.688486 0.505 
0.660132 0.529257 
0.66737 0.517068 
0.645971 0.529222 
0.624701 0.541838 
0.610982 0.542068 
0.597224 0.541969 
0.631965 0.529342 
0.583567 0.541632 
0.521288 0.554813 
0.506929 0.554389 
0.493365 0.553023 
0.478679 0.5532 
0.465835 0.553288 
0.45207 0.552247 
0.569776 0.541418 
0.55578 0.541683 
0.541917 0.542039 
0.528041 0.542097 
0.438405 0.553759 
0.425308 0.55678 
0.387768 0.568884 
0.409092 0.554739 
0.394629 0.555275 
0.36703 0.579764 
0.373859 0.568449 
0.353172 0.582085 
0.338958 0.57833 
0.247854 0.708968 
0.220513 0.707129 
0.339377 0.597048 
0.302023 0.666667 
0.31422 0.643689 
0.326626 0.620474 
0.261784 0.68738 
0.275626 0.666667 
0.194865 0.70778 
0.170393 0.708871 
0.0434427 0.698884 
0.144719 0.706505 
0.118879 0.706992 
0.064698 0.708555 
0.0928496 0.708236 
0 0.713837 
-0.021445 0.702405 
0.0202905 0.702604 
-0.0367601 0.68288 
-0.0475545 0.666667 
0.033672 0.682998 
1.07281 0.220501 
1.08605 0.194222 
1.10235 0.166667 
1.04075 0.256272 
1.04671 0.228435 
1.01905 0.26868 
1 0.286163 
0.979753 0.297629 
0.965943 0.317511 
0.869454 0.445335 
0.85573 0.445097 
0.84286 0.446556 
0.89128 0.434289 
0.902409 0.427431 
0.877535 0.430535 
0.909023 0.415646 
0.918821 0.404279 
0.956359 0.333333 
0.922433 0.389129 
0.931493 0.370216 
0.943401 0.350903 
0.828213 0.446801 
0.807487 0.458274 
0.793732 0.458537 
0.814383 0.44556 
0.772868 0.471 
0.758908 0.471017 
0.779907 0.45909 
0.716915 0.495 
0.737893 0.483083 
0.723846 0.48313 
0.744955 0.471096 
0.702936 0.495 
0.688957 0.495 
0.674506 0.505 
0.674977 0.495 
0.653308 0.517098 
0.660527 0.505 
0.639287 0.51711 
0.618118 0.529491 
0.604293 0.529497 
0.590474 0.529403 
0.625331 0.517149 
0.576636 0.529307 
0.514019 0.541904 
0.500037 0.541462 
0.486039 0.541102 
0.472231 0.541077 
0.458612 0.540906 
0.444763 0.541219 
0.562728 0.529326 
0.548793 0.529454 
0.534867 0.529536 
0.520909 0.529491 
0.430988 0.542249 
0.416618 0.542522 
0.380851 0.555487 
0.402071 0.54247 
0.387906 0.542551 
0.360115 0.568073 
0.366991 0.555312 
0.325071 0.581769 
0.346501 0.567757 
0.331556 0.567742 
0.235272 0.687268 
0.209385 0.68682 
0.31157 0.578699 
0.312132 0.597045 
0.287677 0.643814 
0.299833 0.62065 
0.249229 0.666667 
0.261213 0.644003 
0.183066 0.687313 
0.157159 0.687142 
0.0558081 0.684887 
0.131131 0.686832 
0.105118 0.687018 
0.0793346 0.686723 
0.0437862 0.666667 
0 0.689308 
-0.0162095 0.681542 
0.0151612 0.681566 
-0.0228185 0.666667 
0.0215584 0.666667 
1.0503 0.194863 
1.06679 0.166667 
1.02039 0.242825 
1.02331 0.214925 
1 0.259637 
0.978752 0.271439 
0.95879 0.281956 
0.956141 0.301352 
0.943839 0.314737 
0.862307 0.430718 
0.847247 0.432041 
0.835107 0.436793 
0.890327 0.416593 
0.869334 0.414524 
0.902087 0.395918 
0.93331 0.333333 
0.909207 0.373559 
0.920462 0.352551 
0.822071 0.432802 
0.800331 0.445482 
0.787183 0.446726 
0.806952 0.431407 
0.765895 0.458957 
0.751982 0.458827 
0.772992 0.447455 
0.709777 0.483139 
0.730896 0.471166 
0.716733 0.471198 
0.738059 0.459089 
0.695762 0.483048 
0.681875 0.482905 
0.660998 0.495 
0.668044 0.482875 
0.646548 0.505 
0.647019 0.495 
0.632568 0.505 
0.611415 0.51716 
0.59751 0.517078 
0.583596 0.517115 
0.618589 0.505 
0.569667 0.517111 
0.506927 0.52933 
0.492956 0.529134 
0.479033 0.529003 
0.465198 0.529005 
0.451351 0.529109 
0.437444 0.529446 
0.555718 0.517143 
0.541762 0.517178 
0.527797 0.517181 
0.513822 0.517138 
0.423395 0.529775 
0.409181 0.529872 
0.373952 0.542509 
0.394999 0.529863 
0.380954 0.529825 
0.353136 0.555113 
0.360035 0.54239 
0.318244 0.567494 
0.339083 0.554991 
0.325088 0.554906 
0.222832 0.666667 
0.196435 0.666667 
0.297479 0.582224 
0.304392 0.567693 
0.28423 0.578423 
0.285174 0.597765 
0.273181 0.621073 
0.234853 0.644207 
0.246731 0.621512 
0.170038 0.666667 
0.143641 0.666667 
0.0669171 0.666667 
0.117269 0.666667 
0.0912508 0.666667 
0.0563874 0.647297 
0.0327506 0.647936 
0 0.666667 
0.0138573 0.652561 
1.02131 0.188643 
1.03293 0.166667 
1 0.231003 
1 0.200093 
0.977322 0.244595 
0.956645 0.258654 
0.941433 0.270953 
0.935876 0.292324 
0.920842 0.312957 
0.852067 0.416163 
0.834602 0.420423 
0.87828 0.395491 
0.858372 0.397777 
0.886499 0.375274 
0.909072 0.333333 
0.896295 0.353971 
0.81428 0.417444 
0.792252 0.432388 
0.779753 0.437458 
0.796677 0.417065 
0.758751 0.446011 
0.745113 0.446742 
0.766413 0.433674 
0.702562 0.471107 
0.723828 0.459189 
0.709483 0.459342 
0.731051 0.447269 
0.688587 0.470883 
0.674929 0.470608 
0.654202 0.482929 
0.661331 0.470719 
0.633039 0.495 
0.640275 0.483052 
0.61906 0.495 
0.60461 0.505 
0.59063 0.505 
0.576651 0.505 
0.605081 0.495 
0.562672 0.505 
0.499848 0.517069 
0.485889 0.517009 
0.471951 0.516977 
0.458023 0.517003 
0.444076 0.517094 
0.43011 0.517263 
0.548692 0.505 
0.534713 0.505 
0.520734 0.505 
0.506754 0.505 
0.41606 0.517349 
0.401986 0.517361 
0.366991 0.529755 
0.387951 0.517334 
0.373965 0.517293 
0.34609 0.542291 
0.353045 0.529688 
0.311303 0.554866 
0.332125 0.542229 
0.318212 0.542188 
0.208558 0.644381 
0.182203 0.644544 
0.270915 0.583262 
0.291081 0.567521 
0.297528 0.554831 
0.276465 0.56772 
0.258464 0.598678 
0.257634 0.580552 
0.232132 0.59904 
0.220562 0.621987 
0.155419 0.644065 
0.129613 0.644808 
0.0794207 0.646439 
0.103823 0.645693 
0.047419 0.628981 
0.0680309 0.627092 
0.0409492 0.61148 
0.0293332 0.624759 
0.0149679 0.635812 
0 0.645844 
1 0.166667 
0.975885 0.215257 
0.97779 0.188984 
0.952651 0.231581 
0.934328 0.251877 
0.921607 0.271839 
0.908365 0.291676 
0.894775 0.311656 
0.840625 0.400187 
0.822549 0.401843 
0.863362 0.376927 
0.846567 0.383367 
0.869763 0.355777 
0.882927 0.333333 
0.802796 0.401094 
0.778937 0.420201 
0.784844 0.399854 
0.750875 0.433304 
0.73794 0.437626 
0.757139 0.418245 
0.695238 0.458924 
0.716747 0.447063 
0.70204 0.447509 
0.724589 0.43386 
0.681365 0.458194 
0.668397 0.458068 
0.64757 0.470882 
0.654856 0.458928 
0.626342 0.483001 
0.633707 0.470941 
0.612282 0.48297 
0.591101 0.495 
0.577122 0.495 
0.563142 0.495 
0.598161 0.482911 
0.549163 0.495 
0.492775 0.505 
0.478796 0.505 
0.464816 0.505 
0.450837 0.505 
0.436858 0.505 
0.422878 0.505 
0.535184 0.495 
0.521204 0.495 
0.507225 0.495 
0.493246 0.495 
0.97527 0.142937 
1 0.129929 
0.408899 0.505 
0.394919 0.505 
0.36 0.517257 
0.38094 0.505 
0.366961 0.505 
0.339095 0.529648 
0.346038 0.517236 
0.30434 0.542146 
0.325152 0.529623 
0.311225 0.529597 
0.194461 0.622213 
0.168409 0.622724 
0.262369 0.56817 
0.283604 0.554749 
0.290437 0.542071 
0.26961 0.554507 
0.244033 0.584088 
0.230586 0.581458 
0.250092 0.572914 
0.249007 0.562462 
0.224029 0.574123 
0.21801 0.585421 
0.206711 0.599764 
0.14124 0.620003 
0.114953 0.624271 
0.0904318 0.625307 
0.0572171 0.611088 
0.0761551 0.605643 
0.0487003 0.600385 
0.0374078 0.597103 
0.0260458 0.607147 
0.0138664 0.617199 
0 0.626575 
0.965675 0.166667 
0.948024 0.195509 
0.924591 0.223441 
0.910036 0.24586 
0.895088 0.268844 
0.880556 0.288491 
0.866808 0.30999 
0.829722 0.38137 
0.812203 0.386699 
0.842741 0.361133 
0.854658 0.333333 
0.793824 0.380674 
0.764724 0.400078 
0.772068 0.379945 
0.737443 0.421761 
0.744338 0.400739 
0.687608 0.446413 
0.709349 0.434729 
0.695933 0.436954 
0.717068 0.419215 
0.674524 0.445417 
0.662125 0.447122 
0.641054 0.458719 
0.648659 0.448058 
0.619689 0.471003 
0.627236 0.458697 
0.605365 0.470865 
0.584083 0.48283 
0.570071 0.482864 
0.556111 0.483 
0.591091 0.470652 
0.542126 0.483113 
0.479266 0.495 
0.465287 0.495 
0.451308 0.495 
0.437328 0.495 
0.423349 0.495 
0.40937 0.495 
0.528154 0.483083 
0.514265 0.483063 
0.500256 0.483146 
0.486095 0.483221 
0.94645 0.140564 
0.929751 0.117722 
0.965356 0.109906 
1 0.0900847 
1 0.0468699 
0.39539 0.495 
0.381411 0.495 
0.352981 0.505 
0.367432 0.495 
0.353452 0.495 
0.33208 0.517226 
0.339002 0.505 
0.297292 0.529552 
0.318125 0.517217 
0.304165 0.517201 
0.180365 0.599608 
0.157708 0.601926 
0.139757 0.597723 
0.256141 0.55306 
0.276492 0.541899 
0.283335 0.529462 
0.262588 0.541498 
0.236151 0.568505 
0.222338 0.564205 
0.241268 0.553175 
0.213123 0.571069 
0.206016 0.581459 
0.192101 0.584629 
0.122702 0.604417 
0.100213 0.602722 
0.0855045 0.589423 
0.0603459 0.595727 
0.071691 0.587973 
0.0479718 0.587376 
0.0357742 0.582185 
0.0245708 0.591221 
0.0128225 0.600225 
0 0.608703 
0.930315 0.166667 
0.909952 0.194569 
0.892849 0.22266 
0.886979 0.247225 
0.866804 0.263538 
0.851506 0.284774 
0.836419 0.308384 
0.811235 0.361869 
0.824092 0.333333 
0.7798 0.354583 
0.750967 0.381301 
0.760122 0.362751 
0.724597 0.402437 
0.731334 0.381226 
0.682602 0.430967 
0.698336 0.422876 
0.704086 0.40329 
0.66633 0.433542 
0.65503 0.438022 
0.634368 0.444821 
0.645062 0.436554 
0.669196 0.420687 
0.612714 0.458936 
0.619802 0.447452 
0.598303 0.458473 
0.623952 0.436918 
0.57695 0.470541 
0.56302 0.470807 
0.549142 0.471198 
0.583816 0.457955 
0.535089 0.471268 
0.472033 0.48309 
0.458184 0.482826 
0.44427 0.482805 
0.430346 0.483004 
0.416322 0.48317 
0.402369 0.483143 
0.52124 0.470931 
0.507543 0.471199 
0.493276 0.471302 
0.478911 0.471362 
0.912334 0.139487 
0.898882 0.107552 
0.930838 0.0847631 
0.96327 0.0674232 
0.968049 0.0317814 
1 0 
0.388385 0.483103 
0.374385 0.48313 
0.339473 0.495 
0.360411 0.48316 
0.346449 0.483186 
0.325023 0.505 
0.325494 0.495 
0.290194 0.517166 
0.311043 0.505 
0.297064 0.505 
0.177738 0.579281 
0.165103 0.58647 
0.148287 0.582534 
0.12976 0.585367 
0.248542 0.541214 
0.269369 0.529305 
0.276216 0.517105 
0.25538 0.529144 
0.22823 0.553819 
0.212696 0.55593 
0.234521 0.541369 
0.199369 0.567733 
0.185981 0.570533 
0.176686 0.566042 
0.113735 0.586622 
0.0987189 0.584026 
0.0903333 0.574672 
0.0766488 0.577343 
0.0616783 0.579095 
0.0471396 0.573269 
0.0342169 0.567874 
0.0233227 0.576257 
0.0120175 0.584383 
0 0.592126 
0.893115 0.166667 
0.873172 0.196556 
0.858611 0.230607 
0.837328 0.258551 
0.817438 0.282043 
0.804013 0.306832 
0.791042 0.333333 
0.755302 0.333333 
0.740552 0.357385 
0.710733 0.382927 
0.719681 0.364019 
0.683427 0.408557 
0.690356 0.383727 
0.652567 0.424606 
0.634808 0.427349 
0.661052 0.405763 
0.605862 0.446593 
0.614661 0.437771 
0.591725 0.44415 
0.61832 0.426082 
0.569616 0.458136 
0.556228 0.459101 
0.542377 0.459781 
0.576243 0.444457 
0.528185 0.458504 
0.465101 0.470604 
0.451162 0.470341 
0.437293 0.470653 
0.395381 0.471155 
0.423419 0.471168 
0.409399 0.471361 
0.514202 0.458471 
0.50062 0.459181 
0.48623 0.459702 
0.472448 0.458095 
0.875132 0.135991 
0.862014 0.102912 
0.889336 0.0744914 
0.924543 0.0411173 
0.951061 0 
0.381377 0.471184 
0.367376 0.471259 
0.332512 0.483155 
0.353448 0.471365 
0.339573 0.471357 
0.311514 0.495 
0.318495 0.483121 
0.283085 0.505 
0.297535 0.495 
0.283556 0.495 
0.163944 0.569919 
0.149318 0.565858 
0.136029 0.568696 
0.121162 0.570188 
0.241371 0.529129 
0.262232 0.517036 
0.269105 0.505 
0.248243 0.51701 
0.19904 0.552069 
0.220398 0.541768 
0.206377 0.540846 
0.227349 0.529224 
0.185771 0.556373 
0.170121 0.554276 
0.104566 0.56971 
0.0923193 0.563059 
0.0809278 0.564892 
0.0697167 0.567949 
0.0583266 0.563856 
0.0448672 0.559225 
0.0321974 0.554126 
0.0219932 0.562174 
0.0113244 0.569682 
0 0.57675 
0.852931 0.166667 
0.831794 0.198265 
0.813284 0.230577 
0.806118 0.258085 
0.78522 0.278189 
0.769866 0.305711 
0.734373 0.306305 
0.716653 0.333333 
0.700046 0.358914 
0.669234 0.385932 
0.678249 0.366429 
0.64131 0.40769 
0.62513 0.413186 
0.647464 0.386518 
0.602663 0.430457 
0.583888 0.429666 
0.608704 0.410813 
0.561437 0.445952 
0.549345 0.450094 
0.536839 0.445905 
0.566979 0.430884 
0.5212 0.445632 
0.458199 0.457478 
0.443926 0.457677 
0.430637 0.458925 
0.388457 0.458907 
0.402445 0.458832 
0.416453 0.459658 
0.506426 0.445377 
0.49375 0.449766 
0.480725 0.444962 
0.465881 0.444175 
0.832834 0.132509 
0.822965 0.093793 
0.853431 0.0729986 
0.868227 0.0354383 
0.900035 0 
0.374285 0.45921 
0.360353 0.459508 
0.381153 0.447073 
0.325602 0.471247 
0.346607 0.459685 
0.332826 0.4595 
0.304436 0.483097 
0.311459 0.471149 
0.269576 0.495 
0.290363 0.482948 
0.276273 0.482704 
0.156527 0.554812 
0.142514 0.554582 
0.128612 0.555618 
0.114578 0.555577 
0.234248 0.517048 
0.255126 0.505 
0.255597 0.495 
0.241147 0.505 
0.191458 0.54172 
0.213331 0.529077 
0.199028 0.528831 
0.220244 0.517039 
0.177744 0.542235 
0.163615 0.542104 
0.100986 0.553833 
0.0864385 0.552609 
0.0706667 0.554323 
0.0555737 0.550171 
0.0417486 0.546054 
0.0292041 0.541748 
0.0203248 0.549086 
0.0105542 0.556008 
0 0.562489 
0.809484 0.166667 
0.786773 0.200085 
0.771896 0.239103 
0.749246 0.276272 
0.717337 0.283056 
0.697892 0.306044 
0.674863 0.333333 
0.656806 0.3604 
0.622946 0.39225 
0.633439 0.367075 
0.591445 0.411346 
0.574188 0.416564 
0.598363 0.390329 
0.549396 0.434086 
0.530614 0.431798 
0.557153 0.414126 
0.512083 0.432026 
0.450675 0.443974 
0.435591 0.444694 
0.423207 0.449644 
0.395525 0.446363 
0.409744 0.446078 
0.494176 0.43264 
0.475674 0.430681 
0.457564 0.429859 
0.786266 0.124379 
0.787206 0.0840658 
0.754666 0.0968288 
0.816038 0.0458939 
0.845687 0 
0.387929 0.434901 
0.367018 0.447417 
0.353382 0.448112 
0.373607 0.435458 
0.318747 0.4592 
0.340032 0.448058 
0.326341 0.447262 
0.297289 0.470885 
0.304368 0.458808 
0.262193 0.482582 
0.283076 0.470392 
0.268862 0.470052 
0.14967 0.542164 
0.1357 0.542309 
0.121729 0.542378 
0.107779 0.541849 
0.227167 0.505 
0.241618 0.495 
0.248125 0.482515 
0.227638 0.495 
0.184701 0.529382 
0.206204 0.516932 
0.192017 0.516936 
0.213188 0.505 
0.170819 0.529597 
0.156833 0.529622 
0.093644 0.540877 
0.0788367 0.540919 
0.0648471 0.539867 
0.0378981 0.534 
0.0507512 0.537052 
0.0259322 0.530942 
0.0183505 0.537116 
0.00964936 0.543344 
0 0.549262 
0.762509 0.166667 
0.736948 0.203341 
0.7165 0.246329 
0.691047 0.274822 
0.657047 0.293286 
0.629677 0.333333 
0.6103 0.362875 
0.572094 0.394535 
0.58455 0.370053 
0.538918 0.412986 
0.521064 0.418977 
0.54662 0.392026 
0.504135 0.413909 
0.441437 0.42994 
0.422342 0.433616 
0.403423 0.432385 
0.484277 0.411929 
0.466424 0.41679 
0.449947 0.411806 
0.736529 0.129597 
0.713278 0.088776 
0.752554 0.0505333 
0.786817 0 
0.393077 0.420242 
0.380191 0.426079 
0.359333 0.435143 
0.346875 0.438991 
0.366019 0.422135 
0.311965 0.446977 
0.33416 0.434796 
0.320318 0.435041 
0.290011 0.458175 
0.297309 0.445861 
0.254676 0.469871 
0.275632 0.457378 
0.261257 0.457005 
0.142853 0.529643 
0.128872 0.529624 
0.114893 0.529465 
0.100874 0.529058 
0.213659 0.495 
0.234072 0.482466 
0.240545 0.469755 
0.220042 0.482419 
0.178001 0.517135 
0.199209 0.505 
0.185229 0.505 
0.19968 0.495 
0.164029 0.517182 
0.150049 0.517236 
0.0867197 0.528631 
0.0725579 0.528216 
0.0587882 0.527022 
0.0337316 0.522857 
0.045588 0.52517 
0.0240926 0.521717 
0.0163182 0.525976 
0.00865854 0.531596 
0 0.536993 
0.71172 0.166667 
0.68166 0.204172 
0.666543 0.245195 
0.629516 0.26365 
0.609643 0.296888 
0.580819 0.333333 
0.558857 0.362773 
0.520292 0.395888 
0.532493 0.371781 
0.49292 0.391996 
0.42984 0.410305 
0.409733 0.415017 
0.3951 0.404752 
0.465807 0.393832 
0.438612 0.39011 
0.681151 0.125608 
0.66839 0.0875038 
0.686378 0.0425842 
0.723038 0 
0.378618 0.407164 
0.347008 0.42316 
0.354568 0.404853 
0.305545 0.434711 
0.327636 0.421076 
0.313559 0.425214 
0.282653 0.444564 
0.290308 0.431955 
0.247026 0.456828 
0.267884 0.443788 
0.253439 0.443834 
0.136063 0.517204 
0.122088 0.517096 
0.108101 0.517069 
0.094081 0.516885 
0.20604 0.482375 
0.226467 0.469625 
0.232918 0.456601 
0.212418 0.469485 
0.17125 0.505 
0.1857 0.495 
0.171721 0.495 
0.192064 0.482351 
0.157271 0.505 
0.143291 0.505 
0.0800413 0.516652 
0.0661132 0.516209 
0.0525665 0.515541 
0.0277414 0.513783 
0.0397927 0.514547 
0.0161624 0.514087 
0.00757173 0.520594 
0 0.525614 
0.656808 0.166667 
0.625901 0.214081 
0.587637 0.253819 
0.554783 0.293261 
0.527989 0.333333 
0.506113 0.364 
0.477065 0.371178 
0.410668 0.391116 
0.386253 0.386766 
0.451405 0.363009 
0.424004 0.370591 
0.628512 0.118447 
0.619808 0.0520513 
0.653941 0 
0.363058 0.384186 
0.334799 0.404322 
0.342834 0.383257 
0.299857 0.419536 
0.313578 0.406442 
0.274748 0.430081 
0.282393 0.415799 
0.239325 0.44349 
0.259548 0.429749 
0.245382 0.430323 
0.129312 0.505 
0.115333 0.505 
0.101353 0.505 
0.0873741 0.505 
0.19839 0.469386 
0.218826 0.456292 
0.225303 0.442948 
0.204699 0.456027 
0.157742 0.495 
0.178113 0.482359 
0.164184 0.48241 
0.184407 0.469373 
0.143762 0.495 
0.129783 0.495 
0.0733948 0.505 
0.0594165 0.505 
0.0458529 0.505 
0.0212998 0.505 
0.0331308 0.505 
0.0142645 0.5 
0.0102952 0.505 
0.00677823 0.51194 
0 0.51506 
0.597436 0.166667 
0.563509 0.209699 
0.541232 0.250885 
0.499004 0.279597 
0.472011 0.333333 
0.398478 0.359878 
0.374091 0.366657 
0.419181 0.333333 
0.568872 0.109879 
0.538965 0.0539616 
0.579245 0 
0.352578 0.357504 
0.32111 0.383207 
0.330893 0.365469 
0.291307 0.400375 
0.300887 0.381524 
0.265704 0.414632 
0.272426 0.398164 
0.23186 0.429981 
0.250117 0.415718 
0.238003 0.419167 
0.115804 0.495 
0.101824 0.495 
0.0878451 0.495 
0.0738657 0.495 
0.190596 0.455933 
0.211081 0.44232 
0.217722 0.428458 
0.196749 0.442005 
0.150261 0.482507 
0.170493 0.469465 
0.156639 0.469673 
0.176608 0.456039 
0.136317 0.482629 
0.122376 0.482804 
0.0598865 0.495 
0.0461903 0.495 
0.0332755 0.495 
0.0213349 0.495 
0.0102952 0.495 
0.00697098 0.5 
0 0.505 
0.533252 0.166667 
0.501722 0.217211 
0.463246 0.243645 
0.437623 0.281126 
0.431725 0.237624 
0.370323 0.333333 
0.387965 0.287314 
0.501363 0.110054 
0.466061 0.05396 
0.5 0 
0.325137 0.333333 
0.310665 0.356585 
0.279739 0.379274 
0.289573 0.36419 
0.254968 0.398145 
0.261487 0.378285 
0.225371 0.415251 
0.237063 0.402104 
0.108417 0.482979 
0.094414 0.483122 
0.0803912 0.483264 
0.0663914 0.483479 
0.182535 0.442082 
0.202969 0.427529 
0.209752 0.412717 
0.188279 0.427428 
0.142771 0.469963 
0.162809 0.456367 
0.149165 0.456947 
0.168631 0.442489 
0.128842 0.470268 
0.114924 0.470624 
0.0527484 0.483753 
0.0398409 0.484338 
0.0276152 0.485591 
0.0214322 0.477506 
0.0160686 0.487467 
0.00717158 0.488296 
0 0.495 
0.466748 0.166667 
0.446334 0.202423 
0.400213 0.247974 
0.411209 0.212951 
0.363703 0.246112 
0.336801 0.281914 
0.29739 0.293917 
0.434176 0.109085 
0.401107 0.0506593 
0.352206 0.0581283 
0.420755 0 
0.283347 0.333333 
0.268859 0.354657 
0.243113 0.379118 
0.249955 0.360093 
0.217609 0.397678 
0.225172 0.378138 
0.101012 0.47107 
0.0869643 0.471374 
0.0727833 0.471595 
0.0586726 0.472265 
0.174109 0.428018 
0.194041 0.411818 
0.200636 0.395147 
0.179227 0.41293 
0.135301 0.457524 
0.155234 0.443357 
0.142208 0.444738 
0.160454 0.42879 
0.121298 0.457924 
0.107578 0.458643 
0.0455063 0.472436 
0.0337098 0.474249 
0.0258321 0.467423 
0.0167464 0.470064 
0.00954821 0.47882 
0 0.48494 
0.402564 0.166667 
0.379289 0.206033 
0.330347 0.234531 
0.347602 0.212664 
0.304094 0.255013 
0.305953 0.226037 
0.261094 0.297839 
0.273868 0.262069 
0.367167 0.106502 
0.328911 0.0801373 
0.301357 0.0730168 
0.316629 0.0397778 
0.282856 0.0474609 
0.346059 0 
0.244698 0.333333 
0.232065 0.354174 
0.207586 0.37699 
0.214145 0.359494 
0.227546 0.301054 
0.093738 0.459549 
0.0508834 0.461643 
0.0792153 0.459366 
0.0650618 0.459829 
0.191311 0.376722 
0.165535 0.414292 
0.182935 0.394311 
0.170276 0.401272 
0.127505 0.44527 
0.147587 0.42946 
0.134668 0.433523 
0.151627 0.41512 
0.113631 0.445197 
0.100865 0.447491 
0.0371025 0.461375 
0.0447446 0.451999 
0.026233 0.457583 
0.0175039 0.460994 
0.00819137 0.466632 
0 0.474386 
0.343192 0.166667 
0.321913 0.198714 
0.283989 0.230617 
0.294576 0.207075 
0.239711 0.263325 
0.257045 0.23159 
0.30801 0.11417 
0.270379 0.0835379 
0.213258 0.24934 
0.206307 0.276454 
0.249041 0.0392724 
0.216076 0.0456919 
0.276962 0 
0.208958 0.333333 
0.197467 0.354725 
0.192168 0.3049 
0.0872143 0.447813 
0.0560224 0.449526 
0.0708841 0.445602 
0.181092 0.362756 
0.178129 0.376336 
0.157395 0.399155 
0.16633 0.385226 
0.119814 0.429898 
0.134856 0.416512 
0.141606 0.398405 
0.105049 0.43429 
0.0938839 0.438395 
0.106579 0.422077 
0.045748 0.440768 
0.032678 0.446817 
0.0199347 0.450203 
0.00892465 0.45571 
0 0.463007 
0.28828 0.166667 
0.270457 0.198995 
0.231049 0.229274 
0.242728 0.204819 
0.232261 0.0788782 
0.257018 0.120554 
0.206629 0.226665 
0.18615 0.248858 
0.173437 0.278195 
0.195566 0.0700514 
0.188664 0.0331639 
0.213183 0 
0.175908 0.333333 
0.160525 0.307332 
0.0817496 0.434908 
0.0588126 0.437315 
0.0694372 0.432432 
0.160909 0.362225 
0.148581 0.37938 
0.116411 0.412418 
0.124919 0.396764 
0.133077 0.383 
0.0932975 0.424558 
0.0999443 0.409688 
0.0473304 0.427465 
0.0349182 0.43149 
0.0221225 0.437487 
0.00989574 0.443522 
0 0.450738 
0.144257 0.283892 
0.237491 0.166667 
0.217599 0.197569 
0.205689 0.113404 
0.184979 0.223366 
0.193485 0.205292 
0.167044 0.23 
0.149383 0.251811 
0.126813 0.269346 
0.167963 0.0886494 
0.160013 0.0529465 
0.143451 0.0769697 
0.154313 0 
0.145342 0.333333 
0.132041 0.310341 
0.0752985 0.421147 
0.0608 0.423149 
0.134244 0.362653 
0.107965 0.393401 
0.116037 0.3778 
0.0829833 0.408013 
0.0922374 0.397576 
0.050492 0.415171 
0.0371879 0.416568 
0.0241618 0.422845 
0.0111462 0.430045 
0 0.437511 
0.118124 0.290776 
0.190516 0.166667 
0.162552 0.129065 
0.166053 0.202551 
0.148652 0.223412 
0.130373 0.23056 
0.117952 0.249322 
0.104283 0.27063 
0.138202 0.103746 
0.120177 0.0849648 
0.121261 0.0480162 
0.0999651 0 
0.0489391 0 
0.117073 0.333333 
0.10504 0.312265 
0.0632253 0.405981 
0.1055 0.356422 
0.093528 0.377417 
0.0760969 0.391316 
0.0441324 0.40069 
0.0270239 0.406612 
0.012572 0.414867 
0 0.42325 
0.0922672 0.292444 
0.0787529 0.272786 
0.147069 0.166667 
0.125874 0.135256 
0.130352 0.202001 
0.105071 0.224482 
0.0917877 0.249104 
0.106268 0.107488 
0.092476 0.0764737 
0.0695511 0.0430813 
0.0306532 0.0310653 
0 0 
0.0909277 0.333333 
0.0798076 0.31336 
0.0559781 0.386897 
0.0811932 0.353994 
0.0686291 0.372009 
0.0412231 0.384908 
0.0282825 0.391837 
0.0136771 0.399171 
0 0.407874 
0.0675368 0.294621 
0.05463 0.277303 
0.0649883 0.252541 
0.106885 0.166667 
0.0891715 0.137353 
0.0904603 0.195626 
0.075005 0.223246 
0.0726847 0.108339 
0.0606156 0.0802317 
0.0329478 0.0657822 
0 0.0468699 
0.0666899 0.333333 
0.0557451 0.314593 
0.0481519 0.370225 
0.0568266 0.352204 
0.0298432 0.374359 
0.0145013 0.382359 
0 0.391297 
0.0439052 0.296842 
0.0358886 0.279778 
0.0400115 0.259461 
0.0476097 0.230919 
0.0696853 0.166667 
0.0536326 0.139704 
0.0522773 0.196023 
0.0337731 0.108574 
0 0.0900847 
0.0180223 0.270386 
0.043641 0.333333 
0.0329599 0.316145 
0.0326519 0.351746 
0.015205 0.364067 
0 0.373425 
0.0195005 0.296528 
0.0212037 0.244518 
0.0242374 0.215768 
0.0343254 0.166667 
0.0249828 0.143164 
0.0222379 0.189141 
0 0.129929 
0 0.259637 
0 0.286163 
-0.0202254 0.271263 
0.0214883 0.333333 
0.0151515 0.319045 
0.0138868 0.347361 
0 0.354156 
0 0.310692 
0 0.231003 
0 0.200093 
0 0.166667 
-0.0215678 0.244037 
-0.0415901 0.255925 
-0.0382226 0.281997 
-0.0168253 0.296687 
0 0.333333 
-0.0153055 0.317216 
-0.0227787 0.215214 
-0.0211011 0.189065 
-0.0329312 0.166667 
-0.0442076 0.230401 
-0.0592891 0.245565 
-0.0635411 0.268228 
-0.0566525 0.293074 
-0.0368838 0.312032 
-0.0228185 0.333333 
-0.0497956 0.196686 
-0.0667895 0.166667 
-0.0702242 0.224978 
-0.0776324 0.246908 
-0.0927828 0.262915 
-0.0786182 0.291211 
-0.0643729 0.31238 
-0.0475545 0.333333 
-0.0881109 0.19759 
-0.102348 0.166667 
-0.102309 0.232719 
-0.122464 0.257778 
-0.107503 0.286145 
-0.0920828 0.311157 
-0.0743689 0.333333 
-0.122867 0.197653 
-0.140643 0.166667 
-0.141359 0.226268 
-0.156869 0.25242 
-0.139408 0.281877 
-0.122155 0.309171 
-0.103437 0.333333 
-0.162405 0.196069 
-0.181917 0.166667 
-0.178737 0.226357 
-0.18725 0.252834 
-0.174379 0.278939 
-0.155031 0.306878 
-0.134947 0.333333 
-0.203805 0.197585 
-0.226402 0.166667 
-0.217704 0.233358 
-0.208562 0.273096 
-0.190192 0.304612 
-0.169104 0.333333 
-0.250287 0.199996 
-0.274349 0.166667 
-0.258415 0.23502 
-0.244798 0.266952 
-0.227324 0.301615 
-0.206132 0.333333 
-0.326028 0.166667 
-0.297917 0.212863 
-0.287222 0.259909 
-0.268007 0.298362 
-0.24625 0.333333 
-0.381695 0.166667 
-0.440868 0.166667 
-0.357175 0.208485 
-0.331943 0.253299 
-0.312788 0.295032 
-0.289663 0.333333 
-0.462105 0.205591 
-0.5 0.166667 
-0.415803 0.216975 
-0.373713 0.251544 
-0.362842 0.291961 
-0.336613 0.333333 
-0.45952 0.250673 
-0.5 0.224829 
-0.415705 0.281951 
-0.387388 0.333333 
-0.463504 0.295664 
-0.5 0.279028 
-0.442298 0.333333 
-0.5 0.333333 
