456 20
0 7
0
3
4
9
1129
1130
1131

1 13
1
0
5
10
15
23
37
1132
1133
1134
1135
1136
1137

2 13
9
14
19
27
41
56
72
1138
1139
1140
1141
1142
1143

3 49
21
20
22
29
36
43
52
37
59
63
69
79
81
95
96
107
106
134
146
147
148
152
153
154
155
1144
1145
1146
1147
1148
1149
1150
1151
1152
1153
1154
1155
1156
1157
1158
1159
1160
1161
1162
1163
1164
1165
1166
1167

4 29
84
64
85
72
101
111
112
113
114
115
137
138
139
140
141
1168
1169
1170
1171
1172
1173
1174
1175
1176
1177
1178
1179
1180
1181

5 39
72
99
143
193
233
260
263
271
272
274
275
281
282
283
284
285
286
287
288
301
1182
1183
1184
1185
1186
1187
1188
1189
1190
1191
1192
1193
1194
1195
1196
1197
1198
1199
1200

6 53
64
82
116
161
208
250
291
329
367
402
431
461
503
544
585
629
673
676
713
714
752
753
778
779
815
816
851
1201
1202
1203
1204
1205
1206
1207
1208
1209
1210
1211
1212
1213
1214
1215
1216
1217
1218
1219
1220
1221
1222
1223
1224
1225
1226

7 5
51
36
68
1227
1228

8 31
92
68
129
182
227
269
304
344
382
420
422
458
497
501
542
581
1229
1230
1231
1232
1233
1234
1235
1236
1237
1238
1239
1240
1241
1242
1243

9 5
261
218
301
1244
1245

10 27
218
175
221
264
303
342
379
417
454
494
533
571
612
657
1246
1247
1248
1249
1250
1251
1252
1253
1254
1255
1256
1257
1258

11 27
338
301
375
413
450
487
491
492
493
502
543
584
626
671
1259
1260
1261
1262
1263
1264
1265
1266
1267
1268
1269
1270
1271

12 5
582
581
583
1272
1273

13 47
625
583
670
710
748
788
825
861
893
923
950
973
993
1011
1027
1034
1048
1059
1070
1078
1085
1091
1095
1100
1274
1275
1276
1277
1278
1279
1280
1281
1282
1283
1284
1285
1286
1287
1288
1289
1290
1291
1292
1293
1294
1295
1296

14 5
657
656
671
1297
1298

15 39
671
711
749
789
826
862
894
924
951
974
994
1012
1028
1043
1055
1066
1075
1083
1088
1092
1299
1300
1301
1302
1303
1304
1305
1306
1307
1308
1309
1310
1311
1312
1313
1314
1315
1316
1317

16 13
1105
1100
1110
1116
1122
1126
1128
1318
1319
1320
1321
1322
1323

17 29
851
884
915
942
966
986
1004
1021
1036
1050
1061
1072
1080
1087
1092
1324
1325
1326
1327
1328
1329
1330
1331
1332
1333
1334
1335
1336
1337

18 13
1092
1096
1101
1106
1111
1114
1120
1338
1339
1340
1341
1342
1343

19 7
1120
1124
1127
1128
1344
1345
1346

