238 20
0 4
0
3
4
9

1 7
1
0
5
10
15
23
37

2 7
9
14
19
27
41
56
72

3 25
21
20
22
29
36
43
52
37
59
63
69
79
81
95
96
107
106
134
146
147
148
152
153
154
155

4 15
84
64
85
72
101
111
112
113
114
115
137
138
139
140
141

5 20
72
99
143
193
233
260
263
271
272
274
275
281
282
283
284
285
286
287
288
301

6 27
64
82
116
161
208
250
291
329
367
402
431
461
503
544
585
629
673
676
713
714
752
753
778
779
815
816
851

7 3
51
36
68

8 16
92
68
129
182
227
269
304
344
382
420
422
458
497
501
542
581

9 3
261
218
301

10 14
218
175
221
264
303
342
379
417
454
494
533
571
612
657

11 14
338
301
375
413
450
487
491
492
493
502
543
584
626
671

12 3
582
581
583

13 24
625
583
670
710
748
788
825
861
893
923
950
973
993
1011
1027
1034
1048
1059
1070
1078
1085
1091
1095
1100

14 3
657
656
671

15 20
671
711
749
789
826
862
894
924
951
974
994
1012
1028
1043
1055
1066
1075
1083
1088
1092

16 7
1105
1100
1110
1116
1122
1126
1128

17 15
851
884
915
942
966
986
1004
1021
1036
1050
1061
1072
1080
1087
1092

18 7
1092
1096
1101
1106
1111
1114
1120

19 4
1120
1124
1127
1128

