218 20
0 3
0 3 
3 4 
4 9 

1 6
1 0 
5 1 
10 5 
15 10 
23 15 
37 23 

2 6
9 14 
14 19 
19 27 
27 41 
41 56 
56 72 

3 24
21 20 
22 21 
20 29 
36 22 
29 43 
52 37 
43 59 
59 63 
69 52 
63 79 
79 81 
95 69 
96 95 
81 107 
107 106 
134 96 
146 134 
147 146 
148 147 
152 148 
153 152 
154 153 
106 155 
155 154 

4 14
84 64 
85 84 
72 101 
111 112 
112 113 
113 114 
114 115 
115 85 
137 111 
101 138 
139 137 
140 139 
138 141 
141 140 

5 19
72 99 
99 143 
143 193 
193 233 
260 263 
271 260 
272 271 
274 272 
233 275 
275 281 
281 282 
283 274 
284 283 
282 285 
285 286 
286 287 
287 288 
288 284 
263 301 

6 26
64 82 
82 116 
116 161 
161 208 
208 250 
250 291 
291 329 
329 367 
367 402 
402 431 
431 461 
461 503 
503 544 
544 585 
585 629 
629 673 
673 676 
676 713 
713 714 
714 752 
752 753 
753 778 
778 779 
779 815 
815 816 
816 851 

7 2
51 36 
68 51 

8 15
92 68 
129 92 
182 129 
227 182 
269 227 
304 269 
344 304 
382 344 
420 382 
422 420 
458 422 
497 458 
501 497 
542 501 
581 542 

9 2
261 218 
301 261 

10 13
218 175 
175 221 
221 264 
264 303 
303 342 
342 379 
379 417 
417 454 
454 494 
494 533 
533 571 
571 612 
612 657 

11 13
338 301 
375 338 
413 375 
450 413 
487 450 
491 487 
492 491 
493 492 
502 493 
543 502 
584 543 
626 584 
671 626 

12 2
582 581 
583 582 

13 23
625 583 
670 625 
710 670 
748 710 
788 748 
825 788 
861 825 
893 861 
923 893 
950 923 
973 950 
993 973 
1011 993 
1027 1011 
1034 1027 
1048 1034 
1059 1048 
1070 1059 
1078 1070 
1085 1078 
1091 1085 
1095 1091 
1100 1095 

14 2
657 656 
656 671 

15 19
671 711 
711 749 
749 789 
789 826 
826 862 
862 894 
894 924 
924 951 
951 974 
974 994 
994 1012 
1012 1028 
1028 1043 
1043 1055 
1055 1066 
1066 1075 
1075 1083 
1083 1088 
1088 1092 

16 6
1105 1100 
1110 1105 
1116 1110 
1122 1116 
1126 1122 
1128 1126 

17 14
851 884 
884 915 
915 942 
942 966 
966 986 
986 1004 
1004 1021 
1021 1036 
1036 1050 
1050 1061 
1061 1072 
1072 1080 
1080 1087 
1087 1092 

18 6
1092 1096 
1096 1101 
1101 1106 
1106 1111 
1111 1114 
1114 1120 

19 3
1120 1124 
1124 1127 
1127 1128 

