436 20
0 6
0 1129 
1129 3 
3 1130 
1130 4 
4 1131 
1131 9 

1 12
1 1132 
1132 0 
5 1133 
1133 1 
10 1134 
1134 5 
15 1135 
1135 10 
23 1136 
1136 15 
37 1137 
1137 23 

2 12
9 1138 
1138 14 
14 1139 
1139 19 
19 1140 
1140 27 
27 1141 
1141 41 
41 1142 
1142 56 
56 1143 
1143 72 

3 48
21 1144 
1144 20 
22 1145 
1145 21 
20 1146 
1146 29 
36 1147 
1147 22 
29 1148 
1148 43 
52 1149 
1149 37 
43 1150 
1150 59 
59 1151 
1151 63 
69 1152 
1152 52 
63 1153 
1153 79 
79 1154 
1154 81 
95 1155 
1155 69 
96 1156 
1156 95 
81 1157 
1157 107 
107 1158 
1158 106 
134 1159 
1159 96 
146 1160 
1160 134 
147 1161 
1161 146 
148 1162 
1162 147 
152 1163 
1163 148 
153 1164 
1164 152 
154 1165 
1165 153 
106 1166 
1166 155 
155 1167 
1167 154 

4 28
84 1168 
1168 64 
85 1169 
1169 84 
72 1170 
1170 101 
111 1171 
1171 112 
112 1172 
1172 113 
113 1173 
1173 114 
114 1174 
1174 115 
115 1175 
1175 85 
137 1176 
1176 111 
101 1177 
1177 138 
139 1178 
1178 137 
140 1179 
1179 139 
138 1180 
1180 141 
141 1181 
1181 140 

5 38
72 1182 
1182 99 
99 1183 
1183 143 
143 1184 
1184 193 
193 1185 
1185 233 
260 1186 
1186 263 
271 1187 
1187 260 
272 1188 
1188 271 
274 1189 
1189 272 
233 1190 
1190 275 
275 1191 
1191 281 
281 1192 
1192 282 
283 1193 
1193 274 
284 1194 
1194 283 
282 1195 
1195 285 
285 1196 
1196 286 
286 1197 
1197 287 
287 1198 
1198 288 
288 1199 
1199 284 
263 1200 
1200 301 

6 52
64 1201 
1201 82 
82 1202 
1202 116 
116 1203 
1203 161 
161 1204 
1204 208 
208 1205 
1205 250 
250 1206 
1206 291 
291 1207 
1207 329 
329 1208 
1208 367 
367 1209 
1209 402 
402 1210 
1210 431 
431 1211 
1211 461 
461 1212 
1212 503 
503 1213 
1213 544 
544 1214 
1214 585 
585 1215 
1215 629 
629 1216 
1216 673 
673 1217 
1217 676 
676 1218 
1218 713 
713 1219 
1219 714 
714 1220 
1220 752 
752 1221 
1221 753 
753 1222 
1222 778 
778 1223 
1223 779 
779 1224 
1224 815 
815 1225 
1225 816 
816 1226 
1226 851 

7 4
51 1227 
1227 36 
68 1228 
1228 51 

8 30
92 1229 
1229 68 
129 1230 
1230 92 
182 1231 
1231 129 
227 1232 
1232 182 
269 1233 
1233 227 
304 1234 
1234 269 
344 1235 
1235 304 
382 1236 
1236 344 
420 1237 
1237 382 
422 1238 
1238 420 
458 1239 
1239 422 
497 1240 
1240 458 
501 1241 
1241 497 
542 1242 
1242 501 
581 1243 
1243 542 

9 4
261 1244 
1244 218 
301 1245 
1245 261 

10 26
218 1246 
1246 175 
175 1247 
1247 221 
221 1248 
1248 264 
264 1249 
1249 303 
303 1250 
1250 342 
342 1251 
1251 379 
379 1252 
1252 417 
417 1253 
1253 454 
454 1254 
1254 494 
494 1255 
1255 533 
533 1256 
1256 571 
571 1257 
1257 612 
612 1258 
1258 657 

11 26
338 1259 
1259 301 
375 1260 
1260 338 
413 1261 
1261 375 
450 1262 
1262 413 
487 1263 
1263 450 
491 1264 
1264 487 
492 1265 
1265 491 
493 1266 
1266 492 
502 1267 
1267 493 
543 1268 
1268 502 
584 1269 
1269 543 
626 1270 
1270 584 
671 1271 
1271 626 

12 4
582 1272 
1272 581 
583 1273 
1273 582 

13 46
625 1274 
1274 583 
670 1275 
1275 625 
710 1276 
1276 670 
748 1277 
1277 710 
788 1278 
1278 748 
825 1279 
1279 788 
861 1280 
1280 825 
893 1281 
1281 861 
923 1282 
1282 893 
950 1283 
1283 923 
973 1284 
1284 950 
993 1285 
1285 973 
1011 1286 
1286 993 
1027 1287 
1287 1011 
1034 1288 
1288 1027 
1048 1289 
1289 1034 
1059 1290 
1290 1048 
1070 1291 
1291 1059 
1078 1292 
1292 1070 
1085 1293 
1293 1078 
1091 1294 
1294 1085 
1095 1295 
1295 1091 
1100 1296 
1296 1095 

14 4
657 1297 
1297 656 
656 1298 
1298 671 

15 38
671 1299 
1299 711 
711 1300 
1300 749 
749 1301 
1301 789 
789 1302 
1302 826 
826 1303 
1303 862 
862 1304 
1304 894 
894 1305 
1305 924 
924 1306 
1306 951 
951 1307 
1307 974 
974 1308 
1308 994 
994 1309 
1309 1012 
1012 1310 
1310 1028 
1028 1311 
1311 1043 
1043 1312 
1312 1055 
1055 1313 
1313 1066 
1066 1314 
1314 1075 
1075 1315 
1315 1083 
1083 1316 
1316 1088 
1088 1317 
1317 1092 

16 12
1105 1318 
1318 1100 
1110 1319 
1319 1105 
1116 1320 
1320 1110 
1122 1321 
1321 1116 
1126 1322 
1322 1122 
1128 1323 
1323 1126 

17 28
851 1324 
1324 884 
884 1325 
1325 915 
915 1326 
1326 942 
942 1327 
1327 966 
966 1328 
1328 986 
986 1329 
1329 1004 
1004 1330 
1330 1021 
1021 1331 
1331 1036 
1036 1332 
1332 1050 
1050 1333 
1333 1061 
1061 1334 
1334 1072 
1072 1335 
1335 1080 
1080 1336 
1336 1087 
1087 1337 
1337 1092 

18 12
1092 1338 
1338 1096 
1096 1339 
1339 1101 
1101 1340 
1340 1106 
1106 1341 
1341 1111 
1111 1342 
1342 1114 
1114 1343 
1343 1120 

19 6
1120 1344 
1344 1124 
1124 1345 
1345 1127 
1127 1346 
1346 1128 

