2078 
0 1 2 
 3 0 2 
 1 5 6 
 1 6 2 
 4 3 7 
 7 3 2 
 7 2 6 
 4 7 8 
 9 4 8 
 5 10 11 
 6 5 11 
 6 11 12 
 7 6 12 
 13 8 7 
 12 13 7 
 14 9 8 
 13 14 8 
 10 15 16 
 11 10 16 
 11 16 17 
 17 12 11 
 18 13 12 
 17 18 12 
 19 14 13 
 18 19 13 
 15 23 24 
 16 15 24 
 16 24 25 
 25 17 16 
 26 18 17 
 25 26 17 
 27 19 18 
 26 27 18 
 20 21 28 
 29 20 30 
 30 20 28 
 21 22 32 
 28 21 32 
 28 32 31 
 31 32 34 
 31 34 33 
 32 22 35 
 22 36 35 
 23 37 38 
 24 23 38 
 24 38 39 
 39 25 24 
 40 26 25 
 39 40 25 
 41 27 26 
 40 41 26 
 30 28 42 
 42 28 31 
 43 29 44 
 44 29 30 
 44 30 45 
 45 30 42 
 42 31 46 
 46 31 33 
 46 33 47 
 33 48 47 
 32 35 49 
 49 34 32 
 49 50 34 
 34 50 33 
 33 50 48 
 36 51 35 
 51 49 35 
 37 52 53 
 38 37 53 
 38 53 54 
 54 39 38 
 55 40 39 
 54 55 39 
 56 41 40 
 55 56 40 
 45 42 57 
 57 42 46 
 57 46 58 
 59 43 60 
 60 43 44 
 60 44 61 
 61 44 45 
 61 45 62 
 62 45 57 
 58 46 65 
 46 47 65 
 48 66 47 
 66 65 47 
 50 67 48 
 48 67 66 
 51 68 49 
 49 68 50 
 50 68 67 
 52 69 70 
 53 52 70 
 71 55 54 
 53 70 71 
 71 54 53 
 72 56 55 
 71 72 55 
 58 65 73 
 62 57 74 
 74 57 58 
 74 58 73 
 63 59 75 
 75 59 60 
 75 60 76 
 76 60 61 
 76 61 77 
 77 61 62 
 77 62 78 
 78 62 74 
 79 63 80 
 80 63 75 
 82 64 83 
 64 84 83 
 66 86 65 
 65 86 87 
 65 87 73 
 87 86 88 
 73 87 89 
 67 90 66 
 66 90 86 
 68 91 67 
 67 91 90 
 68 92 91 
 73 89 94 
 93 94 89 
 69 95 97 
 70 69 97 
 97 98 70 
 98 71 70 
 99 72 71 
 98 99 71 
 72 99 100 
 101 72 100 
 94 102 73 
 78 74 102 
 73 102 74 
 80 75 103 
 103 75 76 
 103 76 104 
 104 76 77 
 104 77 105 
 77 78 105 
 102 105 78 
 81 79 108 
 108 79 80 
 108 80 109 
 109 80 103 
 107 81 110 
 110 81 108 
 116 82 117 
 117 82 83 
 84 85 118 
 84 118 83 
 117 83 118 
 85 115 119 
 118 85 119 
 86 90 122 
 86 122 88 
 88 122 124 
 125 89 87 
 87 88 125 
 88 124 125 
 123 120 126 
 126 120 93 
 125 126 89 
 126 93 89 
 90 91 127 
 90 127 122 
 91 92 128 
 91 128 127 
 92 129 128 
 120 121 130 
 120 130 93 
 121 131 130 
 132 94 93 
 93 130 132 
 132 133 94 
 133 102 94 
 95 96 135 
 97 95 135 
 96 134 136 
 135 96 136 
 142 98 97 
 97 135 142 
 143 99 98 
 142 143 98 
 99 143 144 
 99 144 100 
 138 101 145 
 145 101 100 
 145 100 144 
 133 149 102 
 102 149 105 
 109 103 150 
 150 103 104 
 149 151 105 
 150 104 151 
 105 151 104 
 155 106 156 
 106 107 157 
 156 106 157 
 157 107 110 
 158 109 150 
 110 108 159 
 159 108 109 
 159 109 158 
 157 110 160 
 110 159 160 
 111 137 162 
 112 111 163 
 163 111 162 
 113 112 164 
 164 112 163 
 114 113 165 
 165 113 164 
 115 114 166 
 119 115 166 
 166 114 165 
 161 116 167 
 167 116 117 
 167 117 168 
 168 117 118 
 118 119 169 
 118 169 168 
 119 166 170 
 169 119 170 
 171 172 123 
 123 172 120 
 120 172 121 
 172 173 121 
 121 173 131 
 173 174 131 
 122 127 176 
 122 176 124 
 177 171 123 
 177 123 126 
 124 176 178 
 124 178 125 
 179 177 126 
 179 126 125 
 178 179 125 
 127 128 180 
 127 180 176 
 128 129 181 
 128 181 180 
 129 182 181 
 183 175 171 
 183 171 177 
 131 174 184 
 131 184 130 
 184 132 130 
 184 185 132 
 132 185 133 
 185 186 133 
 133 186 149 
 134 146 187 
 136 134 187 
 135 136 188 
 187 188 136 
 188 142 135 
 137 139 189 
 162 137 189 
 141 138 190 
 190 138 145 
 139 140 191 
 189 139 191 
 140 141 192 
 191 140 192 
 192 141 190 
 193 143 142 
 188 193 142 
 143 193 194 
 144 143 194 
 190 145 195 
 144 194 195 
 195 145 144 
 146 147 196 
 187 146 196 
 147 148 197 
 196 147 197 
 148 152 198 
 197 148 198 
 186 199 149 
 149 199 151 
 199 200 151 
 200 158 150 
 150 151 200 
 152 153 201 
 198 152 201 
 153 154 202 
 201 153 202 
 154 155 203 
 202 154 203 
 203 155 156 
 203 156 204 
 156 157 205 
 205 204 156 
 157 160 205 
 200 206 158 
 159 158 206 
 207 205 160 
 160 159 207 
 206 207 159 
 208 161 209 
 209 161 167 
 162 189 210 
 163 162 211 
 211 162 210 
 164 163 212 
 212 163 211 
 165 164 213 
 213 164 212 
 166 165 214 
 170 166 214 
 214 165 213 
 209 167 215 
 215 167 168 
 215 168 216 
 169 170 216 
 216 168 169 
 170 214 217 
 170 217 216 
 175 218 171 
 171 218 172 
 172 218 173 
 218 219 173 
 173 219 174 
 174 219 220 
 220 184 174 
 221 175 183 
 176 180 222 
 176 222 178 
 223 183 177 
 223 177 179 
 223 179 224 
 224 179 178 
 222 224 178 
 180 181 225 
 180 225 222 
 181 182 226 
 181 226 225 
 182 227 226 
 228 221 183 
 228 183 223 
 220 229 184 
 184 229 185 
 229 230 185 
 185 230 186 
 230 231 186 
 186 231 199 
 232 188 187 
 187 196 232 
 233 193 188 
 232 233 188 
 189 191 234 
 210 189 234 
 192 190 235 
 235 190 195 
 191 192 236 
 234 191 236 
 236 192 235 
 193 233 237 
 194 193 237 
 194 237 238 
 194 238 195 
 235 195 239 
 239 195 238 
 196 197 240 
 196 240 232 
 241 240 197 
 197 198 241 
 198 201 241 
 231 242 199 
 199 242 200 
 242 243 200 
 200 243 206 
 201 202 244 
 201 244 241 
 245 244 202 
 202 203 245 
 204 245 203 
 246 245 204 
 205 246 204 
 247 246 205 
 207 247 205 
 243 248 206 
 248 247 207 
 206 248 207 
 210 234 249 
 250 208 251 
 251 208 209 
 251 209 252 
 252 209 215 
 211 210 253 
 253 210 249 
 212 211 254 
 254 211 253 
 213 212 255 
 255 212 254 
 214 213 256 
 217 214 256 
 256 213 255 
 252 215 257 
 257 215 216 
 257 216 258 
 258 216 217 
 217 256 259 
 217 259 258 
 260 229 220 
 218 261 219 
 219 261 262 
 263 260 220 
 263 220 219 
 219 262 263 
 264 221 228 
 222 225 265 
 222 265 224 
 266 228 223 
 266 223 224 
 266 224 265 
 225 226 267 
 225 267 265 
 226 227 268 
 226 268 267 
 227 269 268 
 270 264 228 
 270 228 266 
 260 271 229 
 229 271 230 
 271 272 230 
 230 272 231 
 271 260 273 
 272 274 231 
 231 274 242 
 275 233 232 
 240 275 232 
 233 275 276 
 237 233 276 
 234 236 277 
 249 234 277 
 236 235 278 
 277 236 278 
 278 235 239 
 237 276 279 
 238 237 279 
 238 279 280 
 238 280 239 
 278 239 280 
 281 275 240 
 241 281 240 
 282 281 241 
 244 282 241 
 274 283 242 
 242 283 243 
 283 284 243 
 243 284 248 
 285 282 244 
 245 285 244 
 286 285 245 
 246 286 245 
 287 286 246 
 247 287 246 
 284 288 248 
 288 287 247 
 248 288 247 
 249 277 289 
 253 249 290 
 290 249 289 
 291 250 292 
 292 250 251 
 292 251 293 
 293 251 252 
 293 252 294 
 294 252 257 
 254 253 295 
 295 253 290 
 255 254 296 
 296 254 295 
 256 255 297 
 259 256 297 
 297 255 296 
 294 257 298 
 298 257 258 
 298 258 259 
 259 297 299 
 259 299 298 
 260 263 300 
 273 260 300 
 261 301 262 
 301 263 262 
 263 301 302 
 300 263 302 
 303 264 270 
 265 267 305 
 305 266 265 
 306 270 266 
 306 266 305 
 267 268 307 
 267 307 305 
 269 304 308 
 268 269 308 
 268 308 307 
 309 303 270 
 309 270 306 
 272 271 310 
 310 271 273 
 274 272 311 
 311 272 310 
 310 273 312 
 273 300 313 
 312 273 313 
 283 274 314 
 314 274 311 
 275 281 315 
 276 275 315 
 276 315 316 
 279 276 316 
 277 278 317 
 289 277 317 
 317 278 280 
 279 316 318 
 280 279 318 
 280 318 317 
 289 317 319 
 281 282 320 
 315 281 320 
 282 285 321 
 320 282 321 
 284 283 322 
 322 283 314 
 288 284 323 
 323 284 322 
 285 286 324 
 321 285 324 
 286 287 325 
 324 286 325 
 287 288 326 
 325 287 326 
 326 288 323 
 290 289 327 
 327 289 319 
 295 290 328 
 328 290 327 
 329 291 330 
 330 291 292 
 330 292 331 
 331 292 293 
 331 293 332 
 332 293 294 
 332 294 333 
 333 294 298 
 296 295 334 
 334 295 328 
 297 296 335 
 299 297 335 
 335 296 334 
 333 298 336 
 336 298 299 
 336 299 337 
 299 335 337 
 300 302 339 
 313 300 339 
 301 338 340 
 302 301 340 
 302 340 341 
 339 302 341 
 342 303 309 
 308 304 343 
 304 344 343 
 345 309 306 
 345 306 305 
 305 307 345 
 308 343 346 
 307 308 346 
 307 346 345 
 347 342 309 
 347 309 345 
 311 310 348 
 348 310 312 
 314 311 349 
 349 311 348 
 312 313 350 
 348 312 351 
 351 312 350 
 313 339 352 
 350 313 352 
 322 314 353 
 353 314 349 
 315 320 355 
 316 315 355 
 316 355 356 
 318 316 356 
 318 356 357 
 357 319 317 
 317 318 357 
 357 358 319 
 327 319 358 
 327 358 354 
 320 321 359 
 355 320 359 
 321 324 360 
 359 321 360 
 323 322 361 
 361 322 353 
 326 323 362 
 362 323 361 
 324 325 363 
 360 324 363 
 325 326 364 
 363 325 364 
 364 326 362 
 328 327 365 
 365 327 354 
 334 328 366 
 366 328 365 
 367 329 368 
 368 329 330 
 368 330 369 
 369 330 331 
 369 331 370 
 370 331 332 
 370 332 371 
 371 332 333 
 371 333 372 
 372 333 336 
 335 334 373 
 335 373 337 
 373 334 366 
 372 336 374 
 374 336 337 
 374 337 373 
 338 375 376 
 340 338 376 
 339 341 377 
 352 339 377 
 340 376 378 
 341 340 378 
 341 378 377 
 379 342 347 
 346 343 380 
 343 344 381 
 343 381 380 
 344 382 381 
 383 347 345 
 383 345 346 
 346 380 383 
 384 379 347 
 384 347 383 
 349 348 385 
 385 348 351 
 353 349 386 
 386 349 385 
 350 352 387 
 351 350 388 
 388 350 387 
 385 351 389 
 389 351 388 
 352 377 390 
 387 352 390 
 390 377 391 
 361 353 392 
 392 353 386 
 358 393 354 
 365 354 393 
 355 359 394 
 356 355 394 
 356 394 395 
 357 356 395 
 357 395 358 
 358 395 396 
 358 396 393 
 359 360 397 
 394 359 397 
 360 363 398 
 397 360 398 
 362 361 399 
 399 361 392 
 364 362 400 
 400 362 399 
 363 364 401 
 398 363 401 
 401 364 400 
 373 366 403 
 366 365 404 
 403 366 404 
 404 365 393 
 393 405 404 
 402 367 406 
 406 367 368 
 406 368 407 
 407 368 369 
 407 369 408 
 408 369 370 
 408 370 409 
 409 370 371 
 409 371 410 
 410 371 372 
 410 372 411 
 411 372 374 
 411 374 412 
 412 374 373 
 373 403 412 
 375 413 414 
 376 375 414 
 376 414 415 
 378 376 415 
 378 415 416 
 378 416 377 
 377 416 391 
 417 379 384 
 380 381 418 
 380 418 383 
 381 382 419 
 381 419 418 
 382 420 419 
 421 384 383 
 418 421 383 
 423 417 384 
 423 384 421 
 386 385 424 
 424 385 389 
 392 386 425 
 425 386 424 
 388 387 426 
 387 390 426 
 389 388 427 
 427 388 426 
 424 389 428 
 428 389 427 
 390 391 429 
 390 429 426 
 416 430 391 
 429 391 430 
 399 392 432 
 432 392 425 
 393 396 433 
 393 433 405 
 394 397 434 
 395 394 434 
 395 434 396 
 396 434 435 
 396 435 433 
 397 398 436 
 434 397 436 
 398 401 437 
 436 398 437 
 400 399 438 
 438 399 432 
 401 400 439 
 437 401 439 
 439 400 438 
 431 402 440 
 440 402 406 
 403 404 441 
 441 412 403 
 405 433 442 
 405 442 443 
 404 405 443 
 404 443 441 
 440 406 444 
 444 406 407 
 444 407 445 
 445 407 408 
 445 408 446 
 446 408 409 
 446 409 447 
 447 409 410 
 447 410 448 
 448 410 411 
 448 411 449 
 449 411 412 
 449 412 441 
 413 450 451 
 414 413 451 
 414 451 452 
 415 414 452 
 415 452 453 
 416 415 453 
 416 453 430 
 454 417 423 
 418 419 455 
 418 455 421 
 420 422 456 
 419 420 456 
 419 456 455 
 457 423 421 
 457 421 455 
 422 458 459 
 456 422 459 
 460 454 423 
 460 423 457 
 425 424 462 
 462 424 428 
 432 425 463 
 463 425 462 
 427 426 464 
 464 426 429 
 428 427 465 
 465 427 464 
 462 428 466 
 466 428 465 
 430 467 429 
 429 467 464 
 467 468 464 
 430 453 469 
 430 469 467 
 461 431 470 
 470 431 440 
 438 432 471 
 471 432 463 
 433 435 472 
 433 472 442 
 434 436 473 
 434 473 435 
 435 473 474 
 472 435 474 
 436 437 475 
 473 436 475 
 437 439 476 
 475 437 476 
 439 438 477 
 476 439 477 
 477 438 471 
 470 440 478 
 478 440 444 
 479 449 441 
 479 441 443 
 442 472 480 
 442 480 481 
 443 442 481 
 443 481 479 
 478 444 482 
 482 444 445 
 482 445 483 
 483 445 446 
 483 446 484 
 484 446 447 
 484 447 485 
 485 447 448 
 485 448 486 
 486 448 449 
 486 449 479 
 450 487 488 
 451 450 488 
 451 488 489 
 452 451 489 
 452 489 490 
 453 452 490 
 453 490 469 
 494 454 460 
 456 459 495 
 455 456 495 
 455 495 457 
 496 460 457 
 496 457 495 
 458 497 498 
 459 458 498 
 459 498 499 
 495 459 499 
 500 494 460 
 500 460 496 
 503 461 504 
 504 461 470 
 463 462 505 
 505 462 466 
 471 463 506 
 506 463 505 
 465 464 507 
 507 464 468 
 505 466 508 
 466 465 508 
 465 507 508 
 467 469 509 
 467 509 468 
 468 509 510 
 468 510 507 
 469 490 511 
 469 511 509 
 504 470 512 
 512 470 478 
 477 471 513 
 513 471 506 
 472 474 514 
 480 472 514 
 473 475 515 
 473 515 474 
 474 515 514 
 475 476 516 
 515 475 516 
 476 477 517 
 516 476 517 
 517 477 513 
 480 514 518 
 512 478 519 
 519 478 482 
 520 486 479 
 481 520 479 
 481 480 521 
 521 480 518 
 481 521 520 
 519 482 522 
 522 482 483 
 522 483 523 
 523 483 484 
 523 484 524 
 524 484 485 
 524 485 525 
 525 485 486 
 525 486 520 
 487 491 526 
 488 487 526 
 488 526 527 
 489 488 527 
 489 527 528 
 490 489 528 
 490 528 511 
 491 492 529 
 526 491 529 
 492 493 530 
 529 492 530 
 493 502 531 
 530 493 531 
 531 502 532 
 533 494 500 
 534 500 496 
 534 496 535 
 495 499 535 
 495 535 496 
 497 501 536 
 498 497 536 
 498 536 537 
 499 498 537 
 499 537 538 
 499 538 535 
 539 533 500 
 539 500 534 
 540 539 534 
 536 501 541 
 501 542 541 
 502 543 532 
 544 503 545 
 545 503 504 
 545 504 546 
 546 504 512 
 506 505 547 
 547 505 508 
 513 506 548 
 548 506 547 
 510 549 507 
 508 507 549 
 547 508 550 
 550 508 549 
 509 511 551 
 509 551 510 
 510 551 552 
 510 552 549 
 511 528 553 
 511 553 551 
 546 512 554 
 554 512 519 
 517 513 555 
 555 513 548 
 515 516 556 
 515 556 514 
 518 514 556 
 516 517 557 
 556 516 557 
 557 517 555 
 556 558 518 
 521 518 558 
 554 519 559 
 559 519 522 
 560 525 520 
 560 520 521 
 560 521 558 
 559 522 561 
 561 522 523 
 561 523 562 
 562 523 524 
 562 524 563 
 563 524 525 
 563 525 560 
 526 529 564 
 527 526 564 
 527 564 565 
 528 527 565 
 528 565 553 
 529 530 566 
 564 529 566 
 530 531 567 
 566 530 567 
 531 532 568 
 567 531 568 
 532 543 569 
 532 569 570 
 568 532 570 
 571 533 539 
 540 534 572 
 572 534 535 
 572 535 538 
 536 541 573 
 537 536 573 
 537 573 574 
 538 537 574 
 538 574 572 
 575 571 539 
 575 539 540 
 576 540 572 
 577 575 540 
 577 540 576 
 541 542 578 
 541 578 579 
 573 541 579 
 579 578 580 
 542 581 578 
 543 584 569 
 585 544 586 
 586 544 545 
 586 545 587 
 587 545 546 
 587 546 588 
 588 546 554 
 548 547 589 
 589 547 550 
 555 548 590 
 590 548 591 
 548 589 591 
 549 552 592 
 549 592 550 
 589 550 592 
 552 593 592 
 551 553 594 
 551 594 552 
 552 594 593 
 553 565 595 
 553 595 594 
 588 554 596 
 596 554 559 
 557 555 597 
 597 555 590 
 556 557 598 
 556 598 558 
 598 557 597 
 558 598 599 
 599 560 558 
 596 559 600 
 600 559 561 
 601 563 560 
 601 560 599 
 600 561 602 
 602 561 562 
 602 562 603 
 603 562 563 
 603 563 601 
 597 590 604 
 564 566 605 
 565 564 605 
 565 605 595 
 566 567 606 
 605 566 606 
 569 584 607 
 567 568 608 
 606 567 608 
 568 570 609 
 608 568 609 
 569 607 610 
 570 569 610 
 570 610 611 
 609 570 611 
 612 571 575 
 576 572 613 
 613 572 574 
 573 579 614 
 573 614 574 
 574 614 613 
 615 576 613 
 616 612 575 
 616 575 577 
 617 577 576 
 617 576 615 
 618 616 577 
 618 577 617 
 578 581 619 
 578 619 580 
 619 581 620 
 579 580 621 
 614 579 621 
 580 619 622 
 580 622 621 
 581 582 623 
 581 623 620 
 582 583 624 
 623 582 624 
 583 625 624 
 584 626 607 
 607 626 627 
 628 585 586 
 629 585 628 
 628 586 630 
 630 586 587 
 631 588 596 
 630 587 632 
 632 587 588 
 632 588 631 
 592 633 589 
 589 633 591 
 590 591 634 
 604 590 634 
 633 634 591 
 592 593 635 
 592 635 633 
 594 636 593 
 593 636 635 
 594 595 637 
 594 637 636 
 595 605 638 
 595 638 637 
 631 596 639 
 639 596 600 
 598 597 640 
 597 604 640 
 641 601 599 
 598 640 641 
 641 599 598 
 639 600 642 
 642 600 602 
 643 603 601 
 643 601 641 
 642 602 644 
 644 602 603 
 644 603 643 
 604 634 645 
 640 604 646 
 646 604 645 
 605 606 647 
 605 647 638 
 606 608 648 
 647 606 648 
 607 627 649 
 610 607 649 
 649 627 650 
 608 609 651 
 648 608 651 
 609 611 652 
 651 609 652 
 652 611 653 
 610 649 654 
 611 610 654 
 611 654 655 
 611 655 653 
 657 612 616 
 614 621 658 
 614 658 613 
 615 613 658 
 658 621 659 
 660 617 615 
 660 615 658 
 657 616 661 
 661 616 618 
 662 618 617 
 662 617 660 
 661 618 663 
 663 618 662 
 620 623 664 
 619 620 665 
 620 664 665 
 622 619 665 
 621 622 666 
 621 666 659 
 622 665 667 
 622 667 666 
 659 666 668 
 625 669 624 
 623 624 669 
 664 623 669 
 625 670 669 
 626 671 627 
 627 671 672 
 627 672 650 
 674 628 630 
 673 629 675 
 675 629 628 
 675 628 674 
 674 630 677 
 677 630 632 
 678 631 639 
 677 632 679 
 679 632 631 
 679 631 678 
 633 635 680 
 633 680 634 
 634 680 645 
 636 681 635 
 681 680 635 
 636 637 682 
 636 682 681 
 637 638 683 
 637 683 682 
 638 647 684 
 683 638 684 
 678 639 685 
 685 639 642 
 686 643 641 
 686 641 640 
 640 646 686 
 685 642 687 
 687 642 644 
 687 644 688 
 688 644 643 
 688 643 686 
 680 689 645 
 690 686 646 
 645 689 690 
 645 690 646 
 647 648 691 
 647 691 684 
 648 651 692 
 691 648 692 
 649 650 693 
 654 649 693 
 650 672 694 
 650 694 693 
 651 652 695 
 692 651 695 
 652 653 696 
 695 652 696 
 696 653 697 
 655 697 653 
 654 693 698 
 655 654 698 
 655 698 697 
 698 693 699 
 671 656 700 
 656 657 700 
 657 661 701 
 701 700 657 
 702 662 660 
 658 659 702 
 702 660 658 
 659 668 702 
 701 661 703 
 661 663 703 
 663 662 704 
 663 704 703 
 704 662 702 
 669 705 664 
 665 664 705 
 705 706 665 
 667 665 706 
 667 706 707 
 666 667 707 
 666 707 668 
 707 708 668 
 708 702 668 
 669 670 709 
 669 709 705 
 670 710 709 
 711 671 700 
 671 711 672 
 672 711 712 
 672 712 694 
 715 674 677 
 676 673 716 
 716 673 675 
 716 675 717 
 717 675 674 
 717 674 715 
 713 676 718 
 718 676 716 
 715 677 719 
 719 677 679 
 720 678 685 
 719 679 721 
 721 679 678 
 721 678 720 
 681 722 680 
 680 722 689 
 681 682 723 
 681 723 722 
 682 683 724 
 682 724 723 
 683 684 725 
 684 691 725 
 724 683 725 
 720 685 726 
 726 685 687 
 727 688 686 
 727 686 690 
 726 687 728 
 728 687 688 
 728 688 727 
 689 722 729 
 689 729 690 
 727 690 730 
 729 730 690 
 691 692 731 
 691 731 725 
 692 695 732 
 731 692 732 
 694 733 693 
 693 733 699 
 694 712 734 
 694 734 733 
 695 696 735 
 732 695 735 
 696 697 736 
 735 696 736 
 698 699 737 
 697 698 737 
 697 737 736 
 733 738 699 
 737 699 738 
 739 711 700 
 739 700 701 
 740 739 701 
 740 701 703 
 704 702 741 
 741 702 708 
 742 740 703 
 742 703 704 
 743 742 704 
 743 704 741 
 705 709 744 
 705 744 706 
 706 744 745 
 706 745 707 
 707 745 746 
 707 746 708 
 741 708 746 
 709 710 747 
 709 747 744 
 710 748 747 
 749 711 739 
 711 749 712 
 712 749 750 
 712 750 734 
 714 713 751 
 751 713 718 
 752 714 754 
 754 714 751 
 755 715 719 
 756 717 715 
 756 715 755 
 718 716 757 
 757 716 717 
 757 717 756 
 751 718 758 
 758 718 757 
 759 720 726 
 755 719 760 
 760 719 721 
 760 721 761 
 761 721 720 
 761 720 759 
 722 723 762 
 722 762 729 
 723 724 763 
 723 763 762 
 724 725 764 
 763 724 764 
 764 725 731 
 731 765 764 
 759 726 766 
 766 726 728 
 766 728 767 
 767 728 727 
 767 727 730 
 729 762 768 
 729 768 730 
 768 767 730 
 731 732 769 
 731 769 765 
 732 735 770 
 769 732 770 
 765 769 771 
 733 734 772 
 733 772 738 
 734 750 773 
 734 773 772 
 737 774 736 
 735 736 775 
 775 736 774 
 770 735 775 
 738 776 737 
 737 776 774 
 738 772 777 
 738 777 776 
 780 749 739 
 780 739 740 
 781 780 740 
 781 740 742 
 782 743 741 
 746 782 741 
 783 781 742 
 783 742 743 
 783 743 782 
 744 747 784 
 744 784 745 
 745 784 785 
 745 785 746 
 746 785 786 
 746 786 782 
 747 748 787 
 747 787 784 
 748 788 787 
 789 749 780 
 749 789 750 
 750 789 790 
 750 790 773 
 754 751 791 
 791 751 758 
 753 752 792 
 792 752 754 
 778 753 793 
 793 753 792 
 792 754 794 
 794 754 791 
 795 755 760 
 796 756 755 
 796 755 795 
 758 757 797 
 797 757 756 
 797 756 796 
 791 758 798 
 798 758 797 
 799 759 766 
 800 761 759 
 800 759 799 
 795 760 801 
 801 760 761 
 801 761 800 
 762 763 802 
 762 802 768 
 763 764 803 
 765 771 803 
 803 764 765 
 802 763 803 
 799 766 804 
 804 766 767 
 768 802 805 
 804 767 805 
 768 805 767 
 775 806 770 
 769 770 806 
 771 769 806 
 807 803 771 
 806 807 771 
 772 773 808 
 772 808 777 
 773 790 809 
 773 809 808 
 776 810 774 
 810 775 774 
 810 811 775 
 775 811 806 
 777 808 812 
 812 813 777 
 776 777 813 
 776 813 810 
 779 778 814 
 814 778 793 
 815 779 817 
 817 779 814 
 818 789 780 
 818 780 781 
 819 818 781 
 819 781 783 
 820 819 783 
 820 783 782 
 820 782 786 
 821 820 786 
 784 787 822 
 784 822 785 
 785 822 823 
 785 823 786 
 786 823 821 
 787 788 824 
 787 824 822 
 788 825 824 
 826 789 818 
 789 826 790 
 790 826 827 
 790 827 809 
 794 791 828 
 828 791 798 
 793 792 829 
 829 792 794 
 814 793 830 
 830 793 829 
 829 794 831 
 831 794 828 
 832 795 801 
 833 796 795 
 833 795 832 
 798 797 834 
 834 797 796 
 834 796 833 
 828 798 835 
 835 798 834 
 799 804 836 
 837 800 799 
 837 799 836 
 832 801 838 
 838 801 800 
 838 800 837 
 805 802 839 
 802 803 840 
 839 802 840 
 807 841 803 
 841 840 803 
 839 842 805 
 842 836 804 
 804 805 842 
 806 811 843 
 806 843 807 
 843 844 807 
 807 844 841 
 809 827 845 
 809 845 808 
 808 845 812 
 811 846 843 
 813 847 810 
 810 847 811 
 811 847 846 
 845 848 812 
 812 848 813 
 813 848 849 
 813 849 847 
 851 816 850 
 817 814 852 
 852 814 830 
 816 815 853 
 816 853 850 
 853 815 817 
 853 817 854 
 854 817 852 
 855 826 818 
 855 818 819 
 856 855 819 
 856 819 820 
 857 856 820 
 857 820 821 
 823 858 821 
 857 821 858 
 822 824 859 
 822 859 823 
 823 859 858 
 824 825 860 
 824 860 859 
 825 861 860 
 862 826 855 
 826 862 827 
 827 862 863 
 827 863 845 
 831 828 864 
 864 828 835 
 852 830 865 
 830 829 866 
 865 830 866 
 866 829 831 
 866 831 867 
 867 831 864 
 868 832 838 
 869 833 832 
 869 832 868 
 835 834 870 
 870 834 833 
 870 833 869 
 864 835 871 
 871 835 870 
 872 837 836 
 842 872 836 
 868 838 873 
 873 838 837 
 873 837 872 
 874 842 839 
 874 839 840 
 841 844 875 
 841 875 840 
 840 875 874 
 874 876 842 
 842 876 872 
 846 877 843 
 843 877 844 
 844 877 878 
 844 878 875 
 845 863 879 
 845 879 848 
 846 880 877 
 849 881 847 
 881 880 846 
 847 881 846 
 848 879 882 
 848 882 849 
 849 882 881 
 883 850 853 
 884 851 850 
 883 884 850 
 854 852 886 
 852 865 886 
 885 886 865 
 887 883 853 
 853 854 887 
 886 887 854 
 888 862 855 
 888 855 856 
 889 888 856 
 889 856 857 
 857 858 890 
 890 889 857 
 859 860 891 
 859 891 858 
 858 891 890 
 860 861 892 
 860 892 891 
 861 893 892 
 894 862 888 
 862 894 863 
 863 894 895 
 863 895 879 
 867 864 896 
 896 864 871 
 865 866 897 
 865 897 885 
 897 866 867 
 897 867 898 
 898 867 896 
 899 868 873 
 900 869 868 
 900 868 899 
 871 870 901 
 901 870 869 
 901 869 900 
 896 871 902 
 902 871 901 
 876 903 872 
 873 872 903 
 899 873 904 
 903 904 873 
 904 905 899 
 878 906 875 
 906 876 874 
 875 906 874 
 906 907 876 
 876 907 903 
 877 880 908 
 877 908 878 
 878 908 909 
 909 906 878 
 879 895 910 
 879 910 882 
 880 911 908 
 881 912 880 
 880 912 911 
 882 910 913 
 882 913 881 
 881 913 912 
 914 883 887 
 915 884 883 
 914 915 883 
 916 885 897 
 917 886 885 
 916 917 885 
 918 914 887 
 918 887 886 
 917 918 886 
 919 894 888 
 919 888 889 
 920 919 889 
 920 889 890 
 891 892 921 
 891 921 890 
 921 920 890 
 892 893 922 
 892 922 921 
 893 923 922 
 924 894 919 
 894 924 895 
 895 924 925 
 895 925 910 
 896 902 926 
 898 896 927 
 896 926 927 
 927 928 898 
 928 916 897 
 897 898 928 
 929 900 899 
 929 899 905 
 902 901 930 
 930 901 900 
 930 900 929 
 926 902 931 
 931 902 930 
 905 932 929 
 907 933 903 
 903 933 904 
 933 934 904 
 904 934 905 
 905 934 932 
 909 935 906 
 906 935 907 
 935 936 907 
 907 936 933 
 911 937 908 
 937 935 909 
 908 937 909 
 910 925 938 
 910 938 913 
 912 939 911 
 911 939 937 
 913 938 940 
 913 940 912 
 912 940 939 
 941 914 918 
 942 915 914 
 941 942 914 
 943 916 928 
 944 917 916 
 943 944 916 
 945 941 918 
 945 918 917 
 944 945 917 
 946 924 919 
 946 919 920 
 947 946 920 
 947 920 921 
 921 922 948 
 921 948 947 
 922 923 949 
 922 949 948 
 923 950 949 
 951 924 946 
 924 951 925 
 925 951 952 
 925 952 938 
 953 927 926 
 926 931 953 
 954 943 928 
 954 928 927 
 953 954 927 
 932 955 929 
 930 929 955 
 956 953 931 
 956 931 930 
 955 956 930 
 934 957 932 
 957 955 932 
 936 958 933 
 933 958 934 
 959 957 934 
 934 958 959 
 937 960 935 
 935 960 936 
 960 961 936 
 936 961 958 
 939 962 937 
 937 962 960 
 938 952 963 
 938 963 940 
 940 963 964 
 940 964 939 
 939 964 962 
 965 941 945 
 966 942 941 
 965 966 941 
 967 943 954 
 968 944 943 
 967 968 943 
 969 965 945 
 969 945 944 
 968 969 944 
 970 951 946 
 970 946 947 
 971 970 947 
 948 949 971 
 948 971 947 
 949 950 972 
 949 972 971 
 950 973 972 
 974 951 970 
 951 974 952 
 952 974 975 
 952 975 963 
 976 953 956 
 977 967 954 
 977 954 953 
 976 977 953 
 978 976 956 
 978 956 955 
 978 955 957 
 959 979 957 
 957 979 978 
 959 980 979 
 981 980 959 
 961 981 958 
 981 959 958 
 962 982 960 
 960 982 961 
 982 981 961 
 964 983 962 
 962 983 982 
 963 975 984 
 963 984 964 
 964 984 983 
 985 965 969 
 986 966 965 
 985 986 965 
 987 967 977 
 988 968 967 
 987 988 967 
 989 985 969 
 989 969 968 
 988 989 968 
 990 974 970 
 990 970 971 
 991 990 971 
 991 971 972 
 972 973 992 
 972 992 991 
 973 993 992 
 994 974 990 
 974 994 975 
 975 994 995 
 975 995 984 
 996 976 978 
 997 987 977 
 997 977 976 
 997 976 996 
 998 996 978 
 979 998 978 
 998 979 980 
 980 999 998 
 982 1000 981 
 981 1000 980 
 1000 999 980 
 983 1001 982 
 982 1001 1000 
 984 995 1002 
 984 1002 983 
 983 1002 1001 
 1003 985 989 
 1004 986 985 
 1003 1004 985 
 1005 987 997 
 1006 988 987 
 1005 1006 987 
 1007 1003 989 
 1007 989 988 
 1006 1007 988 
 1008 994 990 
 1008 990 991 
 992 1009 991 
 1008 991 1009 
 992 993 1010 
 992 1010 1009 
 993 1011 1010 
 1012 994 1008 
 994 1012 995 
 995 1012 1013 
 995 1013 1002 
 997 996 1014 
 998 1014 996 
 1005 997 1015 
 1015 997 1014 
 999 1016 998 
 998 1016 1014 
 1000 1017 999 
 999 1017 1016 
 1001 1018 1000 
 1000 1018 1017 
 1002 1013 1019 
 1002 1019 1001 
 1001 1019 1018 
 1020 1003 1007 
 1021 1004 1003 
 1020 1021 1003 
 1022 1005 1015 
 1023 1006 1005 
 1022 1023 1005 
 1024 1020 1007 
 1024 1007 1006 
 1023 1024 1006 
 1025 1012 1008 
 1009 1010 1025 
 1025 1008 1009 
 1010 1011 1026 
 1026 1025 1010 
 1011 1027 1026 
 1028 1012 1025 
 1012 1028 1013 
 1013 1028 1029 
 1013 1029 1019 
 1030 1022 1015 
 1016 1030 1014 
 1030 1015 1014 
 1017 1031 1016 
 1016 1031 1030 
 1018 1032 1017 
 1017 1032 1031 
 1019 1029 1033 
 1019 1033 1018 
 1018 1033 1032 
 1035 1020 1024 
 1036 1021 1020 
 1035 1036 1020 
 1037 1022 1030 
 1038 1023 1022 
 1037 1038 1022 
 1039 1035 1024 
 1039 1024 1023 
 1038 1039 1023 
 1040 1028 1025 
 1040 1025 1026 
 1027 1034 1041 
 1026 1027 1041 
 1026 1041 1040 
 1041 1034 1042 
 1043 1028 1040 
 1028 1043 1029 
 1029 1043 1044 
 1029 1044 1033 
 1031 1045 1030 
 1037 1030 1045 
 1032 1046 1031 
 1031 1046 1045 
 1033 1044 1047 
 1033 1047 1032 
 1032 1047 1046 
 1034 1048 1042 
 1049 1035 1039 
 1050 1036 1035 
 1049 1050 1035 
 1051 1038 1037 
 1051 1037 1045 
 1052 1049 1039 
 1052 1039 1038 
 1052 1038 1051 
 1053 1043 1040 
 1041 1042 1053 
 1053 1040 1041 
 1042 1048 1054 
 1054 1053 1042 
 1055 1043 1053 
 1043 1055 1044 
 1044 1055 1056 
 1044 1056 1047 
 1046 1057 1045 
 1045 1057 1051 
 1047 1056 1058 
 1047 1058 1046 
 1046 1058 1057 
 1048 1059 1054 
 1060 1049 1052 
 1061 1050 1049 
 1060 1061 1049 
 1052 1051 1062 
 1062 1051 1057 
 1063 1060 1052 
 1063 1052 1062 
 1054 1059 1064 
 1065 1055 1053 
 1065 1053 1054 
 1054 1064 1065 
 1066 1055 1065 
 1055 1066 1056 
 1056 1066 1067 
 1056 1067 1058 
 1058 1067 1068 
 1058 1068 1057 
 1057 1068 1062 
 1059 1070 1064 
 1064 1070 1069 
 1071 1060 1063 
 1072 1061 1060 
 1071 1072 1060 
 1073 1071 1063 
 1068 1073 1062 
 1073 1063 1062 
 1074 1066 1065 
 1064 1069 1074 
 1074 1065 1064 
 1075 1066 1074 
 1066 1075 1067 
 1067 1075 1076 
 1067 1076 1068 
 1068 1076 1073 
 1077 1074 1069 
 1070 1078 1069 
 1069 1078 1077 
 1079 1071 1073 
 1080 1072 1071 
 1079 1080 1071 
 1076 1081 1073 
 1079 1073 1081 
 1082 1075 1074 
 1082 1074 1077 
 1083 1075 1082 
 1075 1083 1076 
 1076 1083 1081 
 1077 1084 1082 
 1078 1085 1077 
 1077 1085 1084 
 1081 1086 1079 
 1087 1080 1079 
 1086 1087 1079 
 1083 1088 1081 
 1081 1088 1086 
 1088 1083 1089 
 1089 1083 1082 
 1089 1082 1084 
 1084 1090 1089 
 1085 1091 1084 
 1084 1091 1090 
 1092 1087 1086 
 1088 1092 1086 
 1092 1088 1093 
 1093 1088 1089 
 1093 1089 1094 
 1094 1089 1090 
 1091 1095 1090 
 1090 1095 1094 
 1096 1092 1097 
 1097 1092 1093 
 1097 1093 1098 
 1093 1094 1098 
 1094 1099 1098 
 1095 1100 1094 
 1094 1100 1099 
 1101 1096 1102 
 1096 1097 1102 
 1102 1097 1103 
 1103 1097 1098 
 1098 1099 1103 
 1099 1104 1103 
 1100 1105 1099 
 1099 1105 1104 
 1106 1101 1107 
 1107 1101 1102 
 1107 1102 1108 
 1108 1102 1103 
 1103 1104 1108 
 1104 1109 1108 
 1105 1110 1104 
 1104 1110 1109 
 1111 1106 1112 
 1112 1106 1107 
 1112 1107 1113 
 1113 1107 1108 
 1108 1109 1113 
 1109 1115 1113 
 1110 1116 1109 
 1109 1116 1115 
 1114 1111 1117 
 1117 1111 1112 
 1117 1112 1118 
 1112 1113 1118 
 1115 1118 1113 
 1114 1117 1119 
 1120 1114 1119 
 1115 1121 1118 
 1116 1122 1115 
 1115 1122 1121 
 1123 1119 1117 
 1118 1121 1123 
 1123 1117 1118 
 1124 1120 1119 
 1123 1124 1119 
 1121 1125 1123 
 1122 1126 1121 
 1121 1126 1125 
 1127 1124 1123 
 1127 1123 1125 
 1126 1128 1125 
 1128 1127 1125 
 