438 6
0 19
0
1
4
9
16
25
36
49
64
81
5293
5294
5295
5296
5297
5298
5299
5300
5301

1 145
3
0
8
15
24
35
48
63
80
99
120
143
168
195
224
255
288
323
360
399
440
483
528
575
624
675
728
783
840
899
960
1023
1088
1155
1224
1295
1368
1440
1512
1583
1654
1725
1794
1867
1938
2009
2080
2149
2220
2293
2364
2433
2506
2577
2648
2719
2790
2861
2932
3003
3072
3145
3216
3287
3358
3429
3500
3571
3642
3713
3784
3855
3927
5302
5303
5304
5305
5306
5307
5308
5309
5310
5311
5312
5313
5314
5315
5316
5317
5318
5319
5320
5321
5322
5323
5324
5325
5326
5327
5328
5329
5330
5331
5332
5333
5334
5335
5336
5337
5338
5339
5340
5341
5342
5343
5344
5345
5346
5347
5348
5349
5350
5351
5352
5353
5354
5355
5356
5357
5358
5359
5360
5361
5362
5363
5364
5365
5366
5367
5368
5369
5370
5371
5372
5373

2 37
81
100
121
144
169
196
225
256
289
324
361
400
441
484
529
576
625
676
729
5374
5375
5376
5377
5378
5379
5380
5381
5382
5383
5384
5385
5386
5387
5388
5389
5390
5391

3 19
729
784
841
900
961
1024
1089
1156
1225
1297
5392
5393
5394
5395
5396
5397
5398
5399
5400

4 145
1297
1369
1442
1515
1588
1661
1734
1807
1880
1953
2026
2099
2172
2245
2318
2391
2464
2537
2610
2683
2756
2829
2902
2975
3048
3121
3194
3267
3340
3413
3486
3559
3632
3705
3778
3851
3924
3997
4068
4137
4204
4269
4332
4393
4452
4509
4564
4617
4668
4717
4764
4809
4852
4893
4932
4969
5004
5037
5068
5097
5124
5149
5172
5193
5212
5229
5244
5257
5268
5277
5284
5289
5292
5401
5402
5403
5404
5405
5406
5407
5408
5409
5410
5411
5412
5413
5414
5415
5416
5417
5418
5419
5420
5421
5422
5423
5424
5425
5426
5427
5428
5429
5430
5431
5432
5433
5434
5435
5436
5437
5438
5439
5440
5441
5442
5443
5444
5445
5446
5447
5448
5449
5450
5451
5452
5453
5454
5455
5456
5457
5458
5459
5460
5461
5462
5463
5464
5465
5466
5467
5468
5469
5470
5471
5472

5 73
3999
3927
4070
4139
4206
4271
4334
4395
4454
4511
4566
4619
4670
4719
4766
4811
4854
4895
4934
4971
5006
5039
5070
5099
5126
5151
5174
5195
5214
5231
5246
5259
5270
5279
5286
5290
5292
5473
5474
5475
5476
5477
5478
5479
5480
5481
5482
5483
5484
5485
5486
5487
5488
5489
5490
5491
5492
5493
5494
5495
5496
5497
5498
5499
5500
5501
5502
5503
5504
5505
5506
5507
5508

