137 13
0 3
0
1
5

1 5
2
0
6
10
15

2 5
5
9
14
19
24

3 12
20
15
25
32
41
54
66
83
103
123
147
169

4 14
24
29
36
40
51
53
64
79
82
100
102
121
122
146

5 27
24
30
37
46
57
71
88
106
127
150
173
195
217
240
263
285
286
312
313
341
375
377
404
405
425
429
451

6 27
146
168
190
211
233
256
279
302
330
361
394
424
449
471
492
510
527
542
556
569
579
588
595
601
605
608
609

7 5
170
169
191
212
213

8 12
234
213
257
280
281
308
305
310
331
363
364
367

9 5
303
332
365
366
367

10 14
473
451
494
512
529
544
558
571
581
590
597
603
607
609

11 5
369
335
401
428
451

12 3
304
303
335

