124 13
0 2
0 1 
1 5 

1 4
2 0 
6 2 
10 6 
15 10 

2 4
5 9 
9 14 
14 19 
19 24 

3 11
20 15 
25 20 
32 25 
41 32 
54 41 
66 54 
83 66 
103 83 
123 103 
147 123 
169 147 

4 13
24 29 
29 36 
36 40 
40 51 
51 53 
53 64 
64 79 
79 82 
82 100 
100 102 
102 121 
121 122 
122 146 

5 26
24 30 
30 37 
37 46 
46 57 
57 71 
71 88 
88 106 
106 127 
127 150 
150 173 
173 195 
195 217 
217 240 
240 263 
263 285 
285 286 
286 312 
312 313 
313 341 
341 375 
375 377 
377 404 
404 405 
405 425 
425 429 
429 451 

6 26
146 168 
168 190 
190 211 
211 233 
233 256 
256 279 
279 302 
302 330 
330 361 
361 394 
394 424 
424 449 
449 471 
471 492 
492 510 
510 527 
527 542 
542 556 
556 569 
569 579 
579 588 
588 595 
595 601 
601 605 
605 608 
608 609 

7 4
170 169 
191 170 
212 191 
213 212 

8 11
234 213 
257 234 
280 257 
281 280 
308 281 
305 310 
310 308 
331 305 
363 331 
364 363 
367 364 

9 4
303 332 
332 365 
365 366 
366 367 

10 13
473 451 
494 473 
512 494 
529 512 
544 529 
558 544 
571 558 
581 571 
590 581 
597 590 
603 597 
607 603 
609 607 

11 4
369 335 
401 369 
428 401 
451 428 

12 2
304 303 
335 304 

