1120 
2 3 0 
 1 0 3 
 3 4 1 
 1 4 5 
 6 7 2 
 7 3 2 
 7 8 3 
 3 8 4 
 4 8 9 
 4 9 5 
 10 11 6 
 11 7 6 
 12 11 10 
 11 13 7 
 7 13 8 
 8 13 14 
 8 14 9 
 15 12 10 
 16 12 15 
 17 13 11 
 17 11 12 
 17 12 18 
 18 12 16 
 19 14 13 
 19 13 17 
 20 16 15 
 21 16 20 
 18 16 22 
 22 16 21 
 22 23 18 
 17 18 24 
 18 23 24 
 19 17 24 
 21 20 25 
 21 25 26 
 27 22 21 
 21 26 27 
 27 28 22 
 22 28 23 
 28 30 23 
 23 30 24 
 29 24 31 
 24 30 31 
 26 25 32 
 26 32 34 
 33 34 32 
 26 34 35 
 35 27 26 
 35 37 27 
 27 37 28 
 28 37 30 
 36 29 38 
 38 29 31 
 30 37 39 
 30 39 31 
 38 31 39 
 32 41 33 
 41 42 33 
 33 42 43 
 33 43 44 
 33 44 34 
 35 34 45 
 45 34 44 
 45 46 35 
 35 46 37 
 40 36 47 
 47 36 38 
 37 46 48 
 39 37 48 
 47 38 49 
 49 38 39 
 39 48 50 
 39 50 49 
 51 40 52 
 52 40 47 
 54 42 41 
 54 55 42 
 43 42 55 
 56 44 43 
 43 55 56 
 45 44 57 
 45 57 46 
 57 44 56 
 46 57 58 
 48 46 58 
 52 47 59 
 59 47 49 
 48 58 60 
 50 48 60 
 59 49 61 
 50 60 61 
 61 49 50 
 53 51 62 
 62 51 52 
 62 52 63 
 63 52 59 
 64 53 65 
 65 53 62 
 66 67 54 
 67 55 54 
 68 67 66 
 70 56 55 
 70 55 67 
 57 56 71 
 71 56 70 
 57 71 72 
 58 57 72 
 58 72 73 
 60 58 73 
 63 59 74 
 74 59 61 
 60 73 75 
 61 60 75 
 74 61 76 
 75 76 61 
 65 62 77 
 77 62 63 
 77 63 78 
 78 63 74 
 79 64 80 
 80 64 65 
 80 65 81 
 81 65 77 
 68 66 83 
 68 83 69 
 69 83 84 
 69 84 85 
 86 70 67 
 86 67 68 
 68 69 86 
 69 85 87 
 69 87 86 
 71 70 88 
 88 70 86 
 71 88 89 
 72 71 89 
 72 89 90 
 73 72 90 
 73 90 91 
 75 73 91 
 78 74 92 
 92 74 76 
 75 91 93 
 75 93 76 
 92 76 93 
 92 93 94 
 81 77 95 
 95 77 78 
 95 78 96 
 96 78 92 
 82 79 97 
 97 79 80 
 98 81 95 
 97 80 99 
 99 80 81 
 99 81 98 
 100 82 101 
 101 82 97 
 84 83 103 
 84 103 104 
 84 104 85 
 87 85 105 
 105 85 104 
 88 86 106 
 86 87 106 
 106 87 105 
 88 106 107 
 89 88 107 
 89 107 108 
 90 89 108 
 90 108 109 
 91 90 109 
 91 109 110 
 93 91 110 
 96 92 111 
 111 92 94 
 93 110 112 
 93 112 94 
 111 94 112 
 98 95 113 
 113 95 96 
 113 96 114 
 114 96 111 
 101 97 115 
 115 97 99 
 116 98 113 
 115 99 117 
 117 99 98 
 117 98 116 
 102 100 118 
 118 100 101 
 118 101 119 
 119 101 115 
 120 102 118 
 121 102 120 
 104 103 123 
 124 125 123 
 123 125 104 
 104 125 126 
 126 105 104 
 126 127 105 
 105 127 106 
 106 127 128 
 107 106 128 
 107 128 129 
 108 107 129 
 108 129 130 
 109 108 130 
 109 130 131 
 110 109 131 
 110 131 132 
 112 110 132 
 114 111 133 
 133 111 112 
 112 132 134 
 112 134 133 
 116 113 135 
 135 113 114 
 135 114 136 
 136 114 133 
 137 116 135 
 119 115 138 
 138 115 117 
 138 117 139 
 139 117 116 
 139 116 137 
 119 138 140 
 120 118 141 
 141 118 119 
 141 119 142 
 119 140 142 
 143 120 141 
 122 121 144 
 144 121 120 
 144 120 143 
 145 122 144 
 146 122 145 
 124 123 147 
 124 147 148 
 149 125 124 
 124 148 149 
 149 150 125 
 126 125 150 
 126 150 127 
 127 150 151 
 128 127 151 
 128 151 152 
 129 128 152 
 129 152 153 
 130 129 153 
 130 153 154 
 131 130 154 
 131 154 155 
 132 131 155 
 132 155 156 
 134 132 156 
 136 133 157 
 134 156 157 
 157 133 134 
 137 135 158 
 158 135 136 
 158 136 159 
 136 157 159 
 160 137 158 
 139 137 161 
 161 137 160 
 140 138 162 
 138 139 162 
 162 139 163 
 139 161 163 
 140 162 164 
 140 164 142 
 143 141 165 
 165 141 142 
 165 142 164 
 144 143 166 
 143 165 166 
 167 145 144 
 166 167 144 
 168 146 145 
 167 168 145 
 148 147 171 
 169 171 147 
 148 171 172 
 172 149 148 
 172 173 149 
 149 173 150 
 150 173 174 
 151 150 174 
 151 174 175 
 152 151 175 
 152 175 176 
 153 152 176 
 153 176 177 
 154 153 177 
 154 177 178 
 155 154 178 
 155 178 179 
 156 155 179 
 156 179 180 
 156 180 157 
 157 180 181 
 157 181 159 
 182 159 181 
 160 158 183 
 183 158 159 
 183 159 182 
 161 160 184 
 160 183 184 
 185 163 161 
 184 185 161 
 186 164 162 
 185 186 163 
 186 162 163 
 187 165 164 
 186 187 164 
 188 166 165 
 187 188 165 
 189 167 166 
 189 166 188 
 190 168 167 
 189 190 167 
 170 192 169 
 192 171 169 
 170 191 193 
 170 193 192 
 192 194 171 
 171 194 172 
 172 194 195 
 172 195 173 
 173 195 196 
 174 173 196 
 174 196 197 
 175 174 197 
 175 197 198 
 176 175 198 
 176 198 199 
 177 176 199 
 177 199 200 
 178 177 200 
 178 200 201 
 179 178 201 
 179 201 202 
 180 179 202 
 180 202 203 
 180 203 181 
 181 203 182 
 204 183 182 
 204 182 203 
 205 184 183 
 204 205 183 
 206 185 184 
 205 206 184 
 207 186 185 
 206 207 185 
 208 187 186 
 207 208 186 
 209 188 187 
 208 209 187 
 210 189 188 
 209 210 188 
 211 190 189 
 210 211 189 
 214 193 191 
 214 191 212 
 192 193 215 
 192 215 194 
 215 193 216 
 216 193 214 
 195 194 217 
 217 194 215 
 195 217 218 
 196 195 218 
 196 218 219 
 197 196 219 
 197 219 220 
 198 197 220 
 198 220 221 
 199 198 221 
 199 221 222 
 200 199 222 
 200 222 223 
 201 200 223 
 201 223 224 
 202 201 224 
 202 224 225 
 203 202 225 
 226 204 203 
 203 225 226 
 227 205 204 
 226 227 204 
 228 206 205 
 227 228 205 
 229 207 206 
 228 229 206 
 230 208 207 
 229 230 207 
 231 209 208 
 230 231 208 
 232 210 209 
 231 232 209 
 233 211 210 
 232 233 210 
 234 235 213 
 236 235 234 
 237 214 212 
 237 212 213 
 238 237 213 
 213 235 238 
 216 214 239 
 239 214 237 
 217 215 240 
 216 239 240 
 216 240 215 
 217 240 241 
 218 217 241 
 218 241 242 
 219 218 242 
 219 242 243 
 220 219 243 
 220 243 244 
 221 220 244 
 221 244 245 
 222 221 245 
 222 245 246 
 223 222 246 
 223 246 247 
 224 223 247 
 224 247 248 
 225 224 248 
 249 226 225 
 225 248 249 
 250 227 226 
 249 250 226 
 251 228 227 
 250 251 227 
 252 229 228 
 251 252 228 
 253 230 229 
 252 253 229 
 254 231 230 
 253 254 230 
 255 232 231 
 254 255 231 
 256 233 232 
 255 256 232 
 236 234 257 
 258 238 235 
 258 235 236 
 236 257 259 
 258 236 260 
 236 259 260 
 239 237 261 
 261 237 238 
 261 238 262 
 262 238 258 
 261 263 239 
 239 263 240 
 240 263 264 
 241 240 264 
 241 264 265 
 242 241 265 
 242 265 266 
 243 242 266 
 243 266 267 
 244 243 267 
 244 267 268 
 245 244 268 
 245 268 269 
 246 245 269 
 246 269 270 
 247 246 270 
 247 270 271 
 248 247 271 
 272 249 248 
 248 271 272 
 273 250 249 
 272 273 249 
 274 251 250 
 273 274 250 
 275 252 251 
 274 275 251 
 276 253 252 
 275 276 252 
 277 254 253 
 276 277 253 
 278 255 254 
 277 278 254 
 279 256 255 
 278 279 255 
 259 257 280 
 262 258 282 
 258 260 282 
 260 259 283 
 283 259 280 
 260 283 284 
 260 284 282 
 262 285 261 
 261 285 263 
 262 282 286 
 262 286 285 
 263 285 287 
 264 263 287 
 264 287 288 
 265 264 288 
 265 288 289 
 266 265 289 
 266 289 290 
 267 266 290 
 267 290 291 
 268 267 291 
 268 291 292 
 269 268 292 
 269 292 293 
 270 269 293 
 270 293 294 
 271 270 294 
 295 272 271 
 271 294 295 
 296 273 272 
 295 296 272 
 297 274 273 
 296 297 273 
 298 275 274 
 297 298 274 
 299 276 275 
 298 299 275 
 300 277 276 
 299 300 276 
 301 278 277 
 300 301 277 
 302 279 278 
 301 302 278 
 306 280 281 
 280 306 283 
 306 281 307 
 307 281 308 
 309 283 306 
 311 308 310 
 286 282 312 
 312 282 284 
 312 284 313 
 284 283 313 
 313 283 309 
 285 286 314 
 287 285 314 
 286 312 315 
 314 286 315 
 287 314 316 
 288 287 316 
 288 316 317 
 289 288 317 
 289 317 318 
 290 289 318 
 290 318 319 
 291 290 319 
 291 319 320 
 292 291 320 
 292 320 321 
 293 292 321 
 293 321 322 
 294 293 322 
 323 295 294 
 294 322 323 
 324 296 295 
 323 324 295 
 325 297 296 
 324 325 296 
 326 298 297 
 325 326 297 
 327 299 298 
 326 327 298 
 328 300 299 
 327 328 299 
 329 301 300 
 328 329 300 
 330 302 301 
 329 330 301 
 332 303 333 
 333 303 304 
 333 304 334 
 334 304 335 
 333 336 332 
 337 305 331 
 338 310 305 
 338 305 337 
 306 307 339 
 309 306 339 
 339 307 340 
 340 307 308 
 311 340 308 
 313 309 341 
 309 339 341 
 311 310 342 
 342 310 338 
 343 340 311 
 342 343 311 
 312 313 344 
 315 312 344 
 313 341 345 
 344 313 345 
 314 315 346 
 316 314 346 
 315 344 347 
 346 315 347 
 316 346 348 
 317 316 348 
 317 348 349 
 318 317 349 
 318 349 350 
 319 318 350 
 319 350 351 
 320 319 351 
 320 351 352 
 321 320 352 
 321 352 353 
 322 321 353 
 354 323 322 
 322 353 354 
 355 324 323 
 354 355 323 
 356 325 324 
 355 356 324 
 357 326 325 
 356 357 325 
 358 327 326 
 357 358 326 
 359 328 327 
 358 359 327 
 360 329 328 
 359 360 328 
 361 330 329 
 360 361 329 
 337 331 362 
 362 331 363 
 332 336 365 
 333 334 368 
 368 336 333 
 334 335 369 
 334 369 368 
 368 370 336 
 336 370 365 
 363 371 362 
 338 337 372 
 372 337 362 
 373 342 338 
 338 372 373 
 362 374 372 
 375 340 343 
 339 340 375 
 375 341 339 
 341 375 376 
 345 341 376 
 375 343 377 
 377 343 342 
 373 377 342 
 344 345 378 
 347 344 378 
 345 376 379 
 378 345 379 
 346 347 380 
 348 346 380 
 347 378 381 
 380 347 381 
 348 380 382 
 349 348 382 
 349 382 383 
 350 349 383 
 350 383 384 
 351 350 384 
 351 384 385 
 352 351 385 
 352 385 386 
 353 352 386 
 387 354 353 
 353 386 387 
 388 355 354 
 387 388 354 
 389 356 355 
 388 389 355 
 390 357 356 
 389 390 356 
 391 358 357 
 390 391 357 
 392 359 358 
 391 392 358 
 393 360 359 
 392 393 359 
 394 361 360 
 393 394 360 
 371 395 362 
 362 395 374 
 364 396 363 
 371 363 396 
 367 397 364 
 364 397 396 
 398 366 365 
 398 365 370 
 399 367 366 
 399 366 398 
 400 397 367 
 400 367 399 
 368 369 401 
 368 401 370 
 370 401 402 
 370 402 398 
 371 396 403 
 371 403 395 
 372 374 404 
 372 404 373 
 373 404 377 
 374 395 405 
 374 405 404 
 375 377 406 
 376 375 406 
 376 406 407 
 379 376 407 
 377 404 408 
 406 377 408 
 378 379 409 
 381 378 409 
 379 407 410 
 409 379 410 
 380 381 411 
 382 380 411 
 381 409 412 
 411 381 412 
 382 411 413 
 383 382 413 
 383 413 414 
 384 383 414 
 384 414 415 
 385 384 415 
 385 415 416 
 386 385 416 
 417 387 386 
 386 416 417 
 418 388 387 
 417 418 387 
 419 389 388 
 418 419 388 
 420 390 389 
 419 420 389 
 421 391 390 
 420 421 390 
 422 392 391 
 421 422 391 
 423 393 392 
 422 423 392 
 424 394 393 
 423 424 393 
 395 403 425 
 395 425 405 
 400 426 397 
 396 397 426 
 403 396 426 
 402 427 398 
 427 426 400 
 400 399 427 
 399 398 427 
 402 401 428 
 402 428 427 
 425 403 429 
 429 403 426 
 404 405 430 
 408 404 430 
 405 425 431 
 430 405 431 
 406 408 432 
 407 406 432 
 407 432 433 
 410 407 433 
 408 430 434 
 432 408 434 
 409 410 435 
 412 409 435 
 410 433 436 
 435 410 436 
 411 412 437 
 413 411 437 
 412 435 438 
 437 412 438 
 413 437 439 
 414 413 439 
 414 439 440 
 415 414 440 
 415 440 441 
 416 415 441 
 442 417 416 
 416 441 442 
 443 418 417 
 442 443 417 
 444 419 418 
 443 444 418 
 445 420 419 
 444 445 419 
 446 421 420 
 445 446 420 
 447 422 421 
 446 447 421 
 448 423 422 
 447 448 422 
 449 424 423 
 448 449 423 
 425 429 450 
 431 425 450 
 427 428 451 
 427 451 426 
 426 451 429 
 429 451 452 
 450 429 452 
 430 431 453 
 434 430 453 
 431 450 454 
 453 431 454 
 432 434 455 
 433 432 455 
 433 455 456 
 436 433 456 
 434 453 457 
 455 434 457 
 435 436 458 
 438 435 458 
 436 456 459 
 458 436 459 
 437 438 460 
 439 437 460 
 438 458 461 
 438 461 460 
 439 460 462 
 440 439 462 
 440 462 463 
 441 440 463 
 464 442 441 
 441 463 464 
 465 443 442 
 464 465 442 
 466 444 443 
 465 466 443 
 467 445 444 
 466 467 444 
 468 446 445 
 467 468 445 
 469 447 446 
 468 469 446 
 470 448 447 
 469 470 447 
 471 449 448 
 470 471 448 
 450 452 472 
 454 450 472 
 451 473 452 
 473 472 452 
 472 474 454 
 453 454 475 
 457 453 475 
 475 454 474 
 456 476 459 
 455 457 477 
 456 455 477 
 456 477 476 
 457 475 478 
 477 457 478 
 476 477 479 
 458 459 480 
 461 458 480 
 459 476 481 
 480 459 481 
 460 461 482 
 462 460 482 
 461 480 483 
 482 461 483 
 462 482 484 
 463 462 484 
 485 464 463 
 463 484 485 
 486 465 464 
 485 486 464 
 487 466 465 
 486 487 465 
 488 467 466 
 487 488 466 
 489 468 467 
 488 489 467 
 490 469 468 
 489 490 468 
 491 470 469 
 490 491 469 
 492 471 470 
 491 492 470 
 472 493 474 
 473 494 472 
 472 494 493 
 474 493 495 
 474 495 475 
 496 478 475 
 475 495 496 
 476 479 497 
 481 476 497 
 496 498 478 
 477 478 498 
 477 498 479 
 498 497 479 
 497 499 481 
 480 481 500 
 483 480 500 
 500 481 499 
 483 500 501 
 482 483 502 
 502 483 501 
 484 482 502 
 503 485 484 
 484 502 503 
 504 486 485 
 503 504 485 
 505 487 486 
 504 505 486 
 506 488 487 
 505 506 487 
 507 489 488 
 506 507 488 
 508 490 489 
 507 508 489 
 509 491 490 
 508 509 490 
 510 492 491 
 509 510 491 
 493 511 495 
 494 512 493 
 493 512 511 
 495 511 513 
 495 513 496 
 496 513 514 
 496 514 498 
 497 515 499 
 498 514 516 
 498 516 497 
 497 516 515 
 499 515 517 
 499 517 500 
 517 518 500 
 501 500 518 
 518 519 501 
 502 501 519 
 520 503 502 
 520 502 519 
 521 504 503 
 520 521 503 
 522 505 504 
 521 522 504 
 523 506 505 
 522 523 505 
 524 507 506 
 523 524 506 
 525 508 507 
 524 525 507 
 526 509 508 
 525 526 508 
 527 510 509 
 526 527 509 
 511 528 513 
 512 529 511 
 511 529 528 
 513 528 530 
 513 530 514 
 514 530 531 
 514 531 516 
 515 532 517 
 516 531 533 
 516 533 515 
 515 533 532 
 517 532 534 
 517 534 518 
 518 534 535 
 518 535 519 
 519 535 520 
 536 521 520 
 536 520 535 
 537 522 521 
 536 537 521 
 538 523 522 
 537 538 522 
 539 524 523 
 538 539 523 
 540 525 524 
 539 540 524 
 541 526 525 
 540 541 525 
 542 527 526 
 541 542 526 
 528 543 530 
 529 544 528 
 528 544 543 
 530 543 545 
 530 545 531 
 531 545 546 
 531 546 533 
 532 547 534 
 533 546 548 
 533 548 532 
 532 548 547 
 534 547 549 
 534 549 535 
 550 536 535 
 535 549 550 
 551 537 536 
 550 551 536 
 552 538 537 
 551 552 537 
 553 539 538 
 552 553 538 
 554 540 539 
 553 554 539 
 555 541 540 
 554 555 540 
 556 542 541 
 555 556 541 
 543 557 545 
 544 558 543 
 543 558 557 
 545 557 559 
 545 559 546 
 546 559 560 
 546 560 548 
 547 561 549 
 548 560 562 
 548 562 547 
 547 562 561 
 563 551 550 
 549 561 563 
 563 550 549 
 561 564 563 
 565 552 551 
 563 565 551 
 566 553 552 
 565 566 552 
 567 554 553 
 566 567 553 
 568 555 554 
 567 568 554 
 569 556 555 
 568 569 555 
 557 570 559 
 558 571 557 
 557 571 570 
 559 570 572 
 559 572 560 
 560 572 573 
 560 573 562 
 562 573 574 
 562 574 561 
 561 574 564 
 575 565 563 
 574 575 564 
 575 563 564 
 576 566 565 
 575 576 565 
 577 567 566 
 576 577 566 
 578 568 567 
 577 578 567 
 579 569 568 
 578 579 568 
 570 580 572 
 571 581 570 
 570 581 580 
 572 580 582 
 572 582 573 
 573 582 583 
 573 583 574 
 574 583 584 
 574 584 575 
 585 576 575 
 585 575 584 
 586 577 576 
 585 586 576 
 587 578 577 
 586 587 577 
 588 579 578 
 587 588 578 
 580 589 582 
 581 590 580 
 580 590 589 
 582 589 591 
 582 591 583 
 583 591 592 
 583 592 584 
 585 584 592 
 593 586 585 
 592 593 585 
 594 587 586 
 593 594 586 
 595 588 587 
 594 595 587 
 589 596 591 
 590 597 589 
 589 597 596 
 591 596 598 
 591 598 592 
 599 593 592 
 592 598 599 
 600 594 593 
 599 600 593 
 601 595 594 
 600 601 594 
 596 602 598 
 597 603 596 
 596 603 602 
 604 600 599 
 598 602 604 
 604 599 598 
 605 601 600 
 604 605 600 
 602 606 604 
 603 607 602 
 602 607 606 
 608 605 604 
 608 604 606 
 607 609 606 
 609 608 606 
 