4480
2	734	612	
3	735	734	
0	612	735	
734	735	612	
1	610	736	
0	735	610	
3	736	735	
610	735	736	
3	737	736	
4	738	737	
1	736	738	
737	738	736	
1	738	611	
4	739	738	
5	611	739	
738	739	611	
6	740	613	
7	741	740	
2	613	741	
740	741	613	
7	742	741	
3	734	742	
2	741	734	
742	734	741	
7	743	742	
8	744	743	
3	742	744	
743	744	742	
3	744	737	
8	745	744	
4	737	745	
744	745	737	
4	745	747	
8	746	745	
9	747	746	
745	746	747	
4	747	739	
9	616	747	
5	739	616	
747	616	739	
10	748	614	
11	749	748	
6	614	749	
748	749	614	
11	750	749	
7	740	750	
6	749	740	
750	740	749	
12	751	752	
11	748	751	
10	752	748	
751	748	752	
11	753	750	
13	754	753	
7	750	754	
753	754	750	
7	754	743	
13	755	754	
8	743	755	
754	755	743	
8	755	757	
13	756	755	
14	757	756	
755	756	757	
8	757	746	
14	617	757	
9	746	617	
757	617	746	
15	758	615	
12	752	758	
10	615	752	
758	752	615	
16	759	760	
12	758	759	
15	760	758	
759	758	760	
17	761	762	
13	753	761	
11	762	753	
761	753	762	
17	762	763	
11	751	762	
12	763	751	
762	751	763	
17	763	765	
12	764	763	
18	765	764	
763	764	765	
18	764	766	
12	759	764	
16	766	759	
764	759	766	
19	618	767	
14	756	618	
13	767	756	
618	756	767	
19	767	768	
13	761	767	
17	768	761	
767	761	768	
20	769	620	
16	760	769	
15	620	760	
769	760	620	
21	770	771	
16	769	770	
20	771	769	
770	769	771	
18	766	773	
16	772	766	
22	773	772	
766	772	773	
22	772	774	
16	770	772	
21	774	770	
772	770	774	
22	775	773	
23	776	775	
18	773	776	
775	776	773	
17	765	778	
18	777	765	
24	778	777	
765	777	778	
18	776	777	
23	779	776	
24	777	779	
776	779	777	
19	768	619	
17	778	768	
24	619	778	
768	778	619	
21	771	780	
20	621	771	
25	780	621	
771	621	780	
21	780	782	
25	781	780	
26	782	781	
780	781	782	
27	783	784	
22	774	783	
21	784	774	
783	774	784	
21	782	784	
26	785	782	
27	784	785	
782	785	784	
27	786	783	
28	787	786	
22	783	787	
786	787	783	
22	787	775	
28	788	787	
23	775	788	
787	788	775	
28	789	788	
30	790	789	
23	788	790	
789	790	788	
23	790	779	
30	644	790	
24	779	644	
790	644	779	
29	631	792	
24	791	631	
31	792	791	
631	791	792	
24	644	791	
30	793	644	
31	791	793	
644	793	791	
26	781	794	
25	622	781	
32	794	622	
781	622	794	
26	794	796	
32	795	794	
34	796	795	
794	795	796	
33	797	798	
34	795	797	
32	798	795	
797	795	798	
26	796	800	
34	799	796	
35	800	799	
796	799	800	
35	801	800	
27	785	801	
26	800	785	
801	785	800	
35	802	801	
37	803	802	
27	801	803	
802	803	801	
27	803	786	
37	804	803	
28	786	804	
803	804	786	
28	804	789	
37	645	804	
30	789	645	
804	645	789	
36	632	806	
29	805	632	
38	806	805	
632	805	806	
38	805	807	
29	792	805	
31	807	792	
805	792	807	
30	645	809	
37	808	645	
39	809	808	
645	808	809	
30	809	793	
39	810	809	
31	793	810	
809	810	793	
38	807	811	
31	810	807	
39	811	810	
807	810	811	
32	623	798	
41	812	623	
33	798	812	
623	812	798	
41	813	812	
42	814	813	
33	812	814	
813	814	812	
33	814	816	
42	815	814	
43	816	815	
814	815	816	
33	816	818	
43	817	816	
44	818	817	
816	817	818	
33	818	797	
44	819	818	
34	797	819	
818	819	797	
35	799	821	
34	820	799	
45	821	820	
799	820	821	
45	820	822	
34	819	820	
44	822	819	
820	819	822	
45	823	821	
46	824	823	
35	821	824	
823	824	821	
35	824	802	
46	646	824	
37	802	646	
824	646	802	
40	633	826	
36	825	633	
47	826	825	
633	825	826	
47	825	827	
36	806	825	
38	827	806	
825	806	827	
37	646	829	
46	828	646	
48	829	828	
646	828	829	
39	808	830	
37	829	808	
48	830	829	
808	829	830	
47	827	832	
38	831	827	
49	832	831	
827	831	832	
49	831	833	
38	811	831	
39	833	811	
831	811	833	
39	830	835	
48	834	830	
50	835	834	
830	834	835	
39	835	833	
50	836	835	
49	833	836	
835	836	833	
51	634	838	
40	837	634	
52	838	837	
634	837	838	
52	837	839	
40	826	837	
47	839	826	
837	826	839	
54	840	624	
42	813	840	
41	624	813	
840	813	624	
54	841	840	
55	842	841	
42	840	842	
841	842	840	
43	815	843	
42	842	815	
55	843	842	
815	842	843	
56	844	845	
44	817	844	
43	845	817	
844	817	845	
43	843	845	
55	846	843	
56	845	846	
843	846	845	
45	822	848	
44	847	822	
57	848	847	
822	847	848	
45	848	823	
57	647	848	
46	823	647	
848	647	823	
57	847	849	
44	844	847	
56	849	844	
847	844	849	
46	647	851	
57	850	647	
58	851	850	
647	850	851	
48	828	852	
46	851	828	
58	852	851	
828	851	852	
52	839	854	
47	853	839	
59	854	853	
839	853	854	
59	853	855	
47	832	853	
49	855	832	
853	832	855	
48	852	857	
58	856	852	
60	857	856	
852	856	857	
50	834	858	
48	857	834	
60	858	857	
834	857	858	
59	855	860	
49	859	855	
61	860	859	
855	859	860	
50	858	862	
60	861	858	
61	862	861	
858	861	862	
61	859	862	
49	836	859	
50	862	836	
859	836	862	
53	635	864	
51	863	635	
62	864	863	
635	863	864	
62	863	865	
51	838	863	
52	865	838	
863	838	865	
62	865	867	
52	866	865	
63	867	866	
865	866	867	
63	866	868	
52	854	866	
59	868	854	
866	854	868	
64	636	870	
53	869	636	
65	870	869	
636	869	870	
65	869	871	
53	864	869	
62	871	864	
869	864	871	
66	872	625	
67	873	872	
54	625	873	
872	873	625	
67	874	873	
55	841	874	
54	873	841	
874	841	873	
68	875	876	
67	872	875	
66	876	872	
875	872	876	
70	877	878	
56	846	877	
55	878	846	
877	846	878	
70	878	879	
55	874	878	
67	879	874	
878	874	879	
57	849	648	
56	880	849	
71	648	880	
849	880	648	
71	880	881	
56	877	880	
70	881	877	
880	877	881	
57	648	883	
71	882	648	
72	883	882	
648	882	883	
58	850	884	
57	883	850	
72	884	883	
850	883	884	
58	884	886	
72	885	884	
73	886	885	
884	885	886	
60	856	887	
58	886	856	
73	887	886	
856	886	887	
63	868	889	
59	888	868	
74	889	888	
868	888	889	
74	888	890	
59	860	888	
61	890	860	
888	860	890	
60	887	892	
73	891	887	
75	892	891	
887	891	892	
61	861	893	
60	892	861	
75	893	892	
861	892	893	
74	890	895	
61	894	890	
76	895	894	
890	894	895	
75	896	893	
76	894	896	
61	893	894	
896	894	893	
65	871	898	
62	897	871	
77	898	897	
871	897	898	
77	897	899	
62	867	897	
63	899	867	
897	867	899	
77	899	901	
63	900	899	
78	901	900	
899	900	901	
78	900	902	
63	889	900	
74	902	889	
900	889	902	
79	637	904	
64	903	637	
80	904	903	
637	903	904	
80	903	905	
64	870	903	
65	905	870	
903	870	905	
80	905	907	
65	906	905	
81	907	906	
905	906	907	
81	906	908	
65	898	906	
77	908	898	
906	898	908	
68	876	909	
66	626	876	
83	909	626	
876	626	909	
68	909	911	
83	910	909	
69	911	910	
909	910	911	
69	910	913	
83	912	910	
84	913	912	
910	912	913	
69	913	915	
84	914	913	
85	915	914	
913	914	915	
86	916	917	
70	879	916	
67	917	879	
916	879	917	
86	917	918	
67	875	917	
68	918	875	
917	875	918	
68	911	918	
69	919	911	
86	918	919	
911	919	918	
69	915	921	
85	920	915	
87	921	920	
915	920	921	
69	921	919	
87	922	921	
86	919	922	
921	922	919	
71	881	649	
70	923	881	
88	649	923	
881	923	649	
88	923	924	
70	916	923	
86	924	916	
923	916	924	
71	649	926	
88	925	649	
89	926	925	
649	925	926	
72	882	927	
71	926	882	
89	927	926	
882	926	927	
72	927	929	
89	928	927	
90	929	928	
927	928	929	
73	885	930	
72	929	885	
90	930	929	
885	929	930	
73	930	932	
90	931	930	
91	932	931	
930	931	932	
75	891	933	
73	932	891	
91	933	932	
891	932	933	
78	902	935	
74	934	902	
92	935	934	
902	934	935	
92	934	936	
74	895	934	
76	936	895	
934	895	936	
75	933	938	
91	937	933	
93	938	937	
933	937	938	
75	938	896	
93	939	938	
76	896	939	
938	939	896	
92	936	940	
76	939	936	
93	940	939	
936	939	940	
92	940	942	
93	941	940	
94	942	941	
940	941	942	
81	908	944	
77	943	908	
95	944	943	
908	943	944	
95	943	945	
77	901	943	
78	945	901	
943	901	945	
95	945	947	
78	946	945	
96	947	946	
945	946	947	
96	946	948	
78	935	946	
92	948	935	
946	935	948	
82	638	950	
79	949	638	
97	950	949	
638	949	950	
97	949	951	
79	904	949	
80	951	904	
949	904	951	
98	952	953	
81	944	952	
95	953	944	
952	944	953	
97	951	955	
80	954	951	
99	955	954	
951	954	955	
99	954	956	
80	907	954	
81	956	907	
954	907	956	
99	956	957	
81	952	956	
98	957	952	
956	952	957	
100	639	959	
82	958	639	
101	959	958	
639	958	959	
101	958	960	
82	950	958	
97	960	950	
958	950	960	
84	912	961	
83	627	912	
103	961	627	
912	627	961	
84	961	963	
103	962	961	
104	963	962	
961	962	963	
84	963	914	
104	964	963	
85	914	964	
963	964	914	
87	920	966	
85	965	920	
105	966	965	
920	965	966	
105	965	967	
85	964	965	
104	967	964	
965	964	967	
88	924	650	
86	968	924	
106	650	968	
924	968	650	
86	922	968	
87	969	922	
106	968	969	
922	969	968	
106	969	970	
87	966	969	
105	970	966	
969	966	970	
88	650	972	
106	971	650	
107	972	971	
650	971	972	
89	925	973	
88	972	925	
107	973	972	
925	972	973	
89	973	975	
107	974	973	
108	975	974	
973	974	975	
90	928	976	
89	975	928	
108	976	975	
928	975	976	
90	976	978	
108	977	976	
109	978	977	
976	977	978	
91	931	979	
90	978	931	
109	979	978	
931	978	979	
91	979	981	
109	980	979	
110	981	980	
979	980	981	
93	937	982	
91	981	937	
110	982	981	
937	981	982	
96	948	984	
92	983	948	
111	984	983	
948	983	984	
111	983	985	
92	942	983	
94	985	942	
983	942	985	
93	982	987	
110	986	982	
112	987	986	
982	986	987	
93	987	941	
112	988	987	
94	941	988	
987	988	941	
111	985	989	
94	988	985	
112	989	988	
985	988	989	
98	953	991	
95	990	953	
113	991	990	
953	990	991	
113	990	992	
95	947	990	
96	992	947	
990	947	992	
113	992	994	
96	993	992	
114	994	993	
992	993	994	
114	993	995	
96	984	993	
111	995	984	
993	984	995	
101	960	997	
97	996	960	
115	997	996	
960	996	997	
115	996	998	
97	955	996	
99	998	955	
996	955	998	
116	999	1000	
98	991	999	
113	1000	991	
999	991	1000	
115	998	1002	
99	1001	998	
117	1002	1001	
998	1001	1002	
117	1001	1003	
99	957	1001	
98	1003	957	
1001	957	1003	
117	1003	1004	
98	999	1003	
116	1004	999	
1003	999	1004	
102	640	1006	
100	1005	640	
118	1006	1005	
640	1005	1006	
118	1005	1007	
100	959	1005	
101	1007	959	
1005	959	1007	
118	1007	1009	
101	1008	1007	
119	1009	1008	
1007	1008	1009	
119	1008	1010	
101	997	1008	
115	1010	997	
1008	997	1010	
120	1011	1012	
102	1006	1011	
118	1012	1006	
1011	1006	1012	
121	641	1013	
102	1011	641	
120	1013	1011	
641	1011	1013	
104	962	1014	
103	628	962	
123	1014	628	
962	628	1014	
124	1015	1017	
125	1016	1015	
123	1017	1016	
1015	1016	1017	
123	1016	1014	
125	1018	1016	
104	1014	1018	
1016	1018	1014	
104	1018	1020	
125	1019	1018	
126	1020	1019	
1018	1019	1020	
126	1021	1020	
105	967	1021	
104	1020	967	
1021	967	1020	
126	1022	1021	
127	1023	1022	
105	1021	1023	
1022	1023	1021	
105	1023	970	
127	651	1023	
106	970	651	
1023	651	970	
106	651	1025	
127	1024	651	
128	1025	1024	
651	1024	1025	
107	971	1026	
106	1025	971	
128	1026	1025	
971	1025	1026	
107	1026	1028	
128	1027	1026	
129	1028	1027	
1026	1027	1028	
108	974	1029	
107	1028	974	
129	1029	1028	
974	1028	1029	
108	1029	1031	
129	1030	1029	
130	1031	1030	
1029	1030	1031	
109	977	1032	
108	1031	977	
130	1032	1031	
977	1031	1032	
109	1032	1034	
130	1033	1032	
131	1034	1033	
1032	1033	1034	
110	980	1035	
109	1034	980	
131	1035	1034	
980	1034	1035	
110	1035	1037	
131	1036	1035	
132	1037	1036	
1035	1036	1037	
112	986	1038	
110	1037	986	
132	1038	1037	
986	1037	1038	
114	995	1040	
111	1039	995	
133	1040	1039	
995	1039	1040	
133	1039	1041	
111	989	1039	
112	1041	989	
1039	989	1041	
112	1038	1043	
132	1042	1038	
134	1043	1042	
1038	1042	1043	
112	1043	1041	
134	1044	1043	
133	1041	1044	
1043	1044	1041	
116	1000	1046	
113	1045	1000	
135	1046	1045	
1000	1045	1046	
135	1045	1047	
113	994	1045	
114	1047	994	
1045	994	1047	
135	1047	1049	
114	1048	1047	
136	1049	1048	
1047	1048	1049	
136	1048	1050	
114	1040	1048	
133	1050	1040	
1048	1040	1050	
137	1051	1052	
116	1046	1051	
135	1052	1046	
1051	1046	1052	
119	1010	1054	
115	1053	1010	
138	1054	1053	
1010	1053	1054	
138	1053	1055	
115	1002	1053	
117	1055	1002	
1053	1002	1055	
138	1055	1057	
117	1056	1055	
139	1057	1056	
1055	1056	1057	
139	1056	1058	
117	1004	1056	
116	1058	1004	
1056	1004	1058	
139	1058	1059	
116	1051	1058	
137	1059	1051	
1058	1051	1059	
119	1054	1061	
138	1060	1054	
140	1061	1060	
1054	1060	1061	
120	1012	1063	
118	1062	1012	
141	1063	1062	
1012	1062	1063	
141	1062	1064	
118	1009	1062	
119	1064	1009	
1062	1009	1064	
141	1064	1066	
119	1065	1064	
142	1066	1065	
1064	1065	1066	
119	1061	1065	
140	1067	1061	
142	1065	1067	
1061	1067	1065	
143	1068	1069	
120	1063	1068	
141	1069	1063	
1068	1063	1069	
122	642	1071	
121	1070	642	
144	1071	1070	
642	1070	1071	
144	1070	1072	
121	1013	1070	
120	1072	1013	
1070	1013	1072	
144	1072	1073	
120	1068	1072	
143	1073	1068	
1072	1068	1073	
145	1074	1075	
122	1071	1074	
144	1075	1071	
1074	1071	1075	
146	643	1076	
122	1074	643	
145	1076	1074	
643	1074	1076	
124	1017	1077	
123	629	1017	
147	1077	629	
1017	629	1077	
124	1077	1079	
147	1078	1077	
148	1079	1078	
1077	1078	1079	
149	1080	1081	
125	1015	1080	
124	1081	1015	
1080	1015	1081	
124	1079	1081	
148	1082	1079	
149	1081	1082	
1079	1082	1081	
149	1083	1080	
150	1084	1083	
125	1080	1084	
1083	1084	1080	
126	1019	1085	
125	1084	1019	
150	1085	1084	
1019	1084	1085	
126	1085	1022	
150	652	1085	
127	1022	652	
1085	652	1022	
127	652	1087	
150	1086	652	
151	1087	1086	
652	1086	1087	
128	1024	1088	
127	1087	1024	
151	1088	1087	
1024	1087	1088	
128	1088	1090	
151	1089	1088	
152	1090	1089	
1088	1089	1090	
129	1027	1091	
128	1090	1027	
152	1091	1090	
1027	1090	1091	
129	1091	1093	
152	1092	1091	
153	1093	1092	
1091	1092	1093	
130	1030	1094	
129	1093	1030	
153	1094	1093	
1030	1093	1094	
130	1094	1096	
153	1095	1094	
154	1096	1095	
1094	1095	1096	
131	1033	1097	
130	1096	1033	
154	1097	1096	
1033	1096	1097	
131	1097	1099	
154	1098	1097	
155	1099	1098	
1097	1098	1099	
132	1036	1100	
131	1099	1036	
155	1100	1099	
1036	1099	1100	
132	1100	1102	
155	1101	1100	
156	1102	1101	
1100	1101	1102	
134	1042	1103	
132	1102	1042	
156	1103	1102	
1042	1102	1103	
136	1050	1105	
133	1104	1050	
157	1105	1104	
1050	1104	1105	
134	1103	1107	
156	1106	1103	
157	1107	1106	
1103	1106	1107	
157	1104	1107	
133	1044	1104	
134	1107	1044	
1104	1044	1107	
137	1052	1109	
135	1108	1052	
158	1109	1108	
1052	1108	1109	
158	1108	1110	
135	1049	1108	
136	1110	1049	
1108	1049	1110	
158	1110	1112	
136	1111	1110	
159	1112	1111	
1110	1111	1112	
136	1105	1111	
157	1113	1105	
159	1111	1113	
1105	1113	1111	
160	1114	1115	
137	1109	1114	
158	1115	1109	
1114	1109	1115	
139	1059	1117	
137	1116	1059	
161	1117	1116	
1059	1116	1117	
161	1116	1118	
137	1114	1116	
160	1118	1114	
1116	1114	1118	
140	1060	1120	
138	1119	1060	
162	1120	1119	
1060	1119	1120	
138	1057	1119	
139	1121	1057	
162	1119	1121	
1057	1121	1119	
162	1121	1123	
139	1122	1121	
163	1123	1122	
1121	1122	1123	
139	1117	1122	
161	1124	1117	
163	1122	1124	
1117	1124	1122	
140	1120	1126	
162	1125	1120	
164	1126	1125	
1120	1125	1126	
140	1126	1067	
164	1127	1126	
142	1067	1127	
1126	1127	1067	
143	1069	1129	
141	1128	1069	
165	1129	1128	
1069	1128	1129	
165	1128	1130	
141	1066	1128	
142	1130	1066	
1128	1066	1130	
165	1130	1131	
142	1127	1130	
164	1131	1127	
1130	1127	1131	
144	1073	1133	
143	1132	1073	
166	1133	1132	
1073	1132	1133	
143	1129	1132	
165	1134	1129	
166	1132	1134	
1129	1134	1132	
167	1135	1136	
145	1075	1135	
144	1136	1075	
1135	1075	1136	
166	1137	1133	
167	1136	1137	
144	1133	1136	
1137	1136	1133	
168	670	1138	
146	1076	670	
145	1138	1076	
670	1076	1138	
167	1139	1135	
168	1138	1139	
145	1135	1138	
1139	1138	1135	
148	1078	1141	
147	1140	1078	
171	1141	1140	
1078	1140	1141	
169	1142	630	
171	1140	1142	
147	630	1140	
1142	1140	630	
148	1141	1144	
171	1143	1141	
172	1144	1143	
1141	1143	1144	
172	1145	1144	
149	1082	1145	
148	1144	1082	
1145	1082	1144	
172	1146	1145	
173	1147	1146	
149	1145	1147	
1146	1147	1145	
149	1147	1083	
173	653	1147	
150	1083	653	
1147	653	1083	
150	653	1149	
173	1148	653	
174	1149	1148	
653	1148	1149	
151	1086	1150	
150	1149	1086	
174	1150	1149	
1086	1149	1150	
151	1150	1152	
174	1151	1150	
175	1152	1151	
1150	1151	1152	
152	1089	1153	
151	1152	1089	
175	1153	1152	
1089	1152	1153	
152	1153	1155	
175	1154	1153	
176	1155	1154	
1153	1154	1155	
153	1092	1156	
152	1155	1092	
176	1156	1155	
1092	1155	1156	
153	1156	1158	
176	1157	1156	
177	1158	1157	
1156	1157	1158	
154	1095	1159	
153	1158	1095	
177	1159	1158	
1095	1158	1159	
154	1159	1161	
177	1160	1159	
178	1161	1160	
1159	1160	1161	
155	1098	1162	
154	1161	1098	
178	1162	1161	
1098	1161	1162	
155	1162	1164	
178	1163	1162	
179	1164	1163	
1162	1163	1164	
156	1101	1165	
155	1164	1101	
179	1165	1164	
1101	1164	1165	
156	1165	1167	
179	1166	1165	
180	1167	1166	
1165	1166	1167	
156	1167	1106	
180	1168	1167	
157	1106	1168	
1167	1168	1106	
157	1168	1170	
180	1169	1168	
181	1170	1169	
1168	1169	1170	
157	1170	1113	
181	1171	1170	
159	1113	1171	
1170	1171	1113	
182	1172	1173	
159	1171	1172	
181	1173	1171	
1172	1171	1173	
160	1115	1175	
158	1174	1115	
183	1175	1174	
1115	1174	1175	
183	1174	1176	
158	1112	1174	
159	1176	1112	
1174	1112	1176	
183	1176	1177	
159	1172	1176	
182	1177	1172	
1176	1172	1177	
161	1118	1179	
160	1178	1118	
184	1179	1178	
1118	1178	1179	
160	1175	1178	
183	1180	1175	
184	1178	1180	
1175	1180	1178	
185	1181	1182	
163	1124	1181	
161	1182	1124	
1181	1124	1182	
184	1183	1179	
185	1182	1183	
161	1179	1182	
1183	1182	1179	
186	1184	1185	
164	1125	1184	
162	1185	1125	
1184	1125	1185	
185	1186	1181	
186	1187	1186	
163	1181	1187	
1186	1187	1181	
186	1185	1187	
162	1123	1185	
163	1187	1123	
1185	1123	1187	
187	1188	1189	
165	1131	1188	
164	1189	1131	
1188	1131	1189	
186	1190	1184	
187	1189	1190	
164	1184	1189	
1190	1189	1184	
188	1191	1192	
166	1134	1191	
165	1192	1134	
1191	1134	1192	
187	1193	1188	
188	1192	1193	
165	1188	1192	
1193	1192	1188	
189	1194	1195	
167	1137	1194	
166	1195	1137	
1194	1137	1195	
189	1195	1196	
166	1191	1195	
188	1196	1191	
1195	1191	1196	
190	671	1197	
168	1139	671	
167	1197	1139	
671	1139	1197	
189	1198	1194	
190	1197	1198	
167	1194	1197	
1198	1197	1194	
170	1199	696	
192	1200	1199	
169	696	1200	
1199	1200	696	
192	1201	1200	
171	1142	1201	
169	1200	1142	
1201	1142	1200	
170	697	1203	
191	1202	697	
193	1203	1202	
697	1202	1203	
170	1203	1199	
193	1204	1203	
192	1199	1204	
1203	1204	1199	
192	1205	1201	
194	1206	1205	
171	1201	1206	
1205	1206	1201	
171	1206	1143	
194	1207	1206	
172	1143	1207	
1206	1207	1143	
172	1207	1209	
194	1208	1207	
195	1209	1208	
1207	1208	1209	
172	1209	1146	
195	654	1209	
173	1146	654	
1209	654	1146	
173	654	1211	
195	1210	654	
196	1211	1210	
654	1210	1211	
174	1148	1212	
173	1211	1148	
196	1212	1211	
1148	1211	1212	
174	1212	1214	
196	1213	1212	
197	1214	1213	
1212	1213	1214	
175	1151	1215	
174	1214	1151	
197	1215	1214	
1151	1214	1215	
175	1215	1217	
197	1216	1215	
198	1217	1216	
1215	1216	1217	
176	1154	1218	
175	1217	1154	
198	1218	1217	
1154	1217	1218	
176	1218	1220	
198	1219	1218	
199	1220	1219	
1218	1219	1220	
177	1157	1221	
176	1220	1157	
199	1221	1220	
1157	1220	1221	
177	1221	1223	
199	1222	1221	
200	1223	1222	
1221	1222	1223	
178	1160	1224	
177	1223	1160	
200	1224	1223	
1160	1223	1224	
178	1224	1226	
200	1225	1224	
201	1226	1225	
1224	1225	1226	
179	1163	1227	
178	1226	1163	
201	1227	1226	
1163	1226	1227	
179	1227	1229	
201	1228	1227	
202	1229	1228	
1227	1228	1229	
180	1166	1230	
179	1229	1166	
202	1230	1229	
1166	1229	1230	
180	1230	1232	
202	1231	1230	
203	1232	1231	
1230	1231	1232	
180	1232	1169	
203	1233	1232	
181	1169	1233	
1232	1233	1169	
181	1233	1173	
203	1234	1233	
182	1173	1234	
1233	1234	1173	
204	1235	1236	
183	1177	1235	
182	1236	1177	
1235	1177	1236	
204	1236	1237	
182	1234	1236	
203	1237	1234	
1236	1234	1237	
205	1238	1239	
184	1180	1238	
183	1239	1180	
1238	1180	1239	
204	1240	1235	
205	1239	1240	
183	1235	1239	
1240	1239	1235	
206	1241	1242	
185	1183	1241	
184	1242	1183	
1241	1183	1242	
205	1243	1238	
206	1242	1243	
184	1238	1242	
1243	1242	1238	
207	1244	1245	
186	1186	1244	
185	1245	1186	
1244	1186	1245	
206	1246	1241	
207	1245	1246	
185	1241	1245	
1246	1245	1241	
208	1247	1248	
187	1190	1247	
186	1248	1190	
1247	1190	1248	
207	1249	1244	
208	1248	1249	
186	1244	1248	
1249	1248	1244	
209	1250	1251	
188	1193	1250	
187	1251	1193	
1250	1193	1251	
208	1252	1247	
209	1251	1252	
187	1247	1251	
1252	1251	1247	
210	1253	1254	
189	1196	1253	
188	1254	1196	
1253	1196	1254	
209	1255	1250	
210	1254	1255	
188	1250	1254	
1255	1254	1250	
211	672	1256	
190	1198	672	
189	1256	1198	
672	1198	1256	
210	1257	1253	
211	1256	1257	
189	1253	1256	
1257	1256	1253	
214	1258	1259	
193	1202	1258	
191	1259	1202	
1258	1202	1259	
214	1259	1260	
191	698	1259	
212	1260	698	
1259	698	1260	
192	1204	1262	
193	1261	1204	
215	1262	1261	
1204	1261	1262	
192	1262	1205	
215	1263	1262	
194	1205	1263	
1262	1263	1205	
215	1261	1265	
193	1264	1261	
216	1265	1264	
1261	1264	1265	
216	1264	1266	
193	1258	1264	
214	1266	1258	
1264	1258	1266	
195	1208	655	
194	1267	1208	
217	655	1267	
1208	1267	655	
217	1267	1268	
194	1263	1267	
215	1268	1263	
1267	1263	1268	
195	655	1270	
217	1269	655	
218	1270	1269	
655	1269	1270	
196	1210	1271	
195	1270	1210	
218	1271	1270	
1210	1270	1271	
196	1271	1273	
218	1272	1271	
219	1273	1272	
1271	1272	1273	
197	1213	1274	
196	1273	1213	
219	1274	1273	
1213	1273	1274	
197	1274	1276	
219	1275	1274	
220	1276	1275	
1274	1275	1276	
198	1216	1277	
197	1276	1216	
220	1277	1276	
1216	1276	1277	
198	1277	1279	
220	1278	1277	
221	1279	1278	
1277	1278	1279	
199	1219	1280	
198	1279	1219	
221	1280	1279	
1219	1279	1280	
199	1280	1282	
221	1281	1280	
222	1282	1281	
1280	1281	1282	
200	1222	1283	
199	1282	1222	
222	1283	1282	
1222	1282	1283	
200	1283	1285	
222	1284	1283	
223	1285	1284	
1283	1284	1285	
201	1225	1286	
200	1285	1225	
223	1286	1285	
1225	1285	1286	
201	1286	1288	
223	1287	1286	
224	1288	1287	
1286	1287	1288	
202	1228	1289	
201	1288	1228	
224	1289	1288	
1228	1288	1289	
202	1289	1291	
224	1290	1289	
225	1291	1290	
1289	1290	1291	
203	1231	1292	
202	1291	1231	
225	1292	1291	
1231	1291	1292	
226	1293	1294	
204	1237	1293	
203	1294	1237	
1293	1237	1294	
203	1292	1294	
225	1295	1292	
226	1294	1295	
1292	1295	1294	
227	1296	1297	
205	1240	1296	
204	1297	1240	
1296	1240	1297	
226	1298	1293	
227	1297	1298	
204	1293	1297	
1298	1297	1293	
228	1299	1300	
206	1243	1299	
205	1300	1243	
1299	1243	1300	
227	1301	1296	
228	1300	1301	
205	1296	1300	
1301	1300	1296	
229	1302	1303	
207	1246	1302	
206	1303	1246	
1302	1246	1303	
228	1304	1299	
229	1303	1304	
206	1299	1303	
1304	1303	1299	
230	1305	1306	
208	1249	1305	
207	1306	1249	
1305	1249	1306	
229	1307	1302	
230	1306	1307	
207	1302	1306	
1307	1306	1302	
231	1308	1309	
209	1252	1308	
208	1309	1252	
1308	1252	1309	
230	1310	1305	
231	1309	1310	
208	1305	1309	
1310	1309	1305	
232	1311	1312	
210	1255	1311	
209	1312	1255	
1311	1255	1312	
231	1313	1308	
232	1312	1313	
209	1308	1312	
1313	1312	1308	
233	673	1314	
211	1257	673	
210	1314	1257	
673	1257	1314	
232	1315	1311	
233	1314	1315	
210	1311	1314	
1315	1314	1311	
234	1316	700	
235	1317	1316	
213	700	1317	
1316	1317	700	
236	1318	1319	
235	1316	1318	
234	1319	1316	
1318	1316	1319	
237	1320	1321	
214	1260	1320	
212	1321	1260	
1320	1260	1321	
237	1321	1322	
212	699	1321	
213	1322	699	
1321	699	1322	
238	1323	1324	
237	1322	1323	
213	1324	1322	
1323	1322	1324	
213	1317	1324	
235	1325	1317	
238	1324	1325	
1317	1325	1324	
216	1266	1327	
214	1326	1266	
239	1327	1326	
1266	1326	1327	
239	1326	1328	
214	1320	1326	
237	1328	1320	
1326	1320	1328	
217	1268	656	
215	1329	1268	
240	656	1329	
1268	1329	656	
216	1327	1331	
239	1330	1327	
240	1331	1330	
1327	1330	1331	
216	1331	1265	
240	1329	1331	
215	1265	1329	
1331	1329	1265	
217	656	1333	
240	1332	656	
241	1333	1332	
656	1332	1333	
218	1269	1334	
217	1333	1269	
241	1334	1333	
1269	1333	1334	
218	1334	1336	
241	1335	1334	
242	1336	1335	
1334	1335	1336	
219	1272	1337	
218	1336	1272	
242	1337	1336	
1272	1336	1337	
219	1337	1339	
242	1338	1337	
243	1339	1338	
1337	1338	1339	
220	1275	1340	
219	1339	1275	
243	1340	1339	
1275	1339	1340	
220	1340	1342	
243	1341	1340	
244	1342	1341	
1340	1341	1342	
221	1278	1343	
220	1342	1278	
244	1343	1342	
1278	1342	1343	
221	1343	1345	
244	1344	1343	
245	1345	1344	
1343	1344	1345	
222	1281	1346	
221	1345	1281	
245	1346	1345	
1281	1345	1346	
222	1346	1348	
245	1347	1346	
246	1348	1347	
1346	1347	1348	
223	1284	1349	
222	1348	1284	
246	1349	1348	
1284	1348	1349	
223	1349	1351	
246	1350	1349	
247	1351	1350	
1349	1350	1351	
224	1287	1352	
223	1351	1287	
247	1352	1351	
1287	1351	1352	
224	1352	1354	
247	1353	1352	
248	1354	1353	
1352	1353	1354	
225	1290	1355	
224	1354	1290	
248	1355	1354	
1290	1354	1355	
249	1356	1357	
226	1295	1356	
225	1357	1295	
1356	1295	1357	
225	1355	1357	
248	1358	1355	
249	1357	1358	
1355	1358	1357	
250	1359	1360	
227	1298	1359	
226	1360	1298	
1359	1298	1360	
249	1361	1356	
250	1360	1361	
226	1356	1360	
1361	1360	1356	
251	1362	1363	
228	1301	1362	
227	1363	1301	
1362	1301	1363	
250	1364	1359	
251	1363	1364	
227	1359	1363	
1364	1363	1359	
252	1365	1366	
229	1304	1365	
228	1366	1304	
1365	1304	1366	
251	1367	1362	
252	1366	1367	
228	1362	1366	
1367	1366	1362	
253	1368	1369	
230	1307	1368	
229	1369	1307	
1368	1307	1369	
252	1370	1365	
253	1369	1370	
229	1365	1369	
1370	1369	1365	
254	1371	1372	
231	1310	1371	
230	1372	1310	
1371	1310	1372	
253	1373	1368	
254	1372	1373	
230	1368	1372	
1373	1372	1368	
255	1374	1375	
232	1313	1374	
231	1375	1313	
1374	1313	1375	
254	1376	1371	
255	1375	1376	
231	1371	1375	
1376	1375	1371	
256	674	1377	
233	1315	674	
232	1377	1315	
674	1315	1377	
255	1378	1374	
256	1377	1378	
232	1374	1377	
1378	1377	1374	
236	1319	1379	
234	701	1319	
257	1379	701	
1319	701	1379	
258	1380	1381	
238	1325	1380	
235	1381	1325	
1380	1325	1381	
258	1381	1382	
235	1318	1381	
236	1382	1318	
1381	1318	1382	
236	1379	1384	
257	1383	1379	
259	1384	1383	
1379	1383	1384	
258	1382	1386	
236	1385	1382	
260	1386	1385	
1382	1385	1386	
236	1384	1385	
259	1387	1384	
260	1385	1387	
1384	1387	1385	
239	1328	1389	
237	1388	1328	
261	1389	1388	
1328	1388	1389	
261	1388	1390	
237	1323	1388	
238	1390	1323	
1388	1323	1390	
261	1390	1392	
238	1391	1390	
262	1392	1391	
1390	1391	1392	
262	1391	1393	
238	1380	1391	
258	1393	1380	
1391	1380	1393	
261	1394	1389	
263	1395	1394	
239	1389	1395	
1394	1395	1389	
239	1395	1330	
263	657	1395	
240	1330	657	
1395	657	1330	
240	657	1397	
263	1396	657	
264	1397	1396	
657	1396	1397	
241	1332	1398	
240	1397	1332	
264	1398	1397	
1332	1397	1398	
241	1398	1400	
264	1399	1398	
265	1400	1399	
1398	1399	1400	
242	1335	1401	
241	1400	1335	
265	1401	1400	
1335	1400	1401	
242	1401	1403	
265	1402	1401	
266	1403	1402	
1401	1402	1403	
243	1338	1404	
242	1403	1338	
266	1404	1403	
1338	1403	1404	
243	1404	1406	
266	1405	1404	
267	1406	1405	
1404	1405	1406	
244	1341	1407	
243	1406	1341	
267	1407	1406	
1341	1406	1407	
244	1407	1409	
267	1408	1407	
268	1409	1408	
1407	1408	1409	
245	1344	1410	
244	1409	1344	
268	1410	1409	
1344	1409	1410	
245	1410	1412	
268	1411	1410	
269	1412	1411	
1410	1411	1412	
246	1347	1413	
245	1412	1347	
269	1413	1412	
1347	1412	1413	
246	1413	1415	
269	1414	1413	
270	1415	1414	
1413	1414	1415	
247	1350	1416	
246	1415	1350	
270	1416	1415	
1350	1415	1416	
247	1416	1418	
270	1417	1416	
271	1418	1417	
1416	1417	1418	
248	1353	1419	
247	1418	1353	
271	1419	1418	
1353	1418	1419	
272	1420	1421	
249	1358	1420	
248	1421	1358	
1420	1358	1421	
248	1419	1421	
271	1422	1419	
272	1421	1422	
1419	1422	1421	
273	1423	1424	
250	1361	1423	
249	1424	1361	
1423	1361	1424	
272	1425	1420	
273	1424	1425	
249	1420	1424	
1425	1424	1420	
274	1426	1427	
251	1364	1426	
250	1427	1364	
1426	1364	1427	
273	1428	1423	
274	1427	1428	
250	1423	1427	
1428	1427	1423	
275	1429	1430	
252	1367	1429	
251	1430	1367	
1429	1367	1430	
274	1431	1426	
275	1430	1431	
251	1426	1430	
1431	1430	1426	
276	1432	1433	
253	1370	1432	
252	1433	1370	
1432	1370	1433	
275	1434	1429	
276	1433	1434	
252	1429	1433	
1434	1433	1429	
277	1435	1436	
254	1373	1435	
253	1436	1373	
1435	1373	1436	
276	1437	1432	
277	1436	1437	
253	1432	1436	
1437	1436	1432	
278	1438	1439	
255	1376	1438	
254	1439	1376	
1438	1376	1439	
277	1440	1435	
278	1439	1440	
254	1435	1439	
1440	1439	1435	
279	675	1441	
256	1378	675	
255	1441	1378	
675	1378	1441	
278	1442	1438	
279	1441	1442	
255	1438	1441	
1442	1441	1438	
259	1383	1443	
257	702	1383	
280	1443	702	
1383	702	1443	
262	1393	1445	
258	1444	1393	
282	1445	1444	
1393	1444	1445	
258	1386	1444	
260	1446	1386	
282	1444	1446	
1386	1446	1444	
260	1387	1448	
259	1447	1387	
283	1448	1447	
1387	1447	1448	
283	1447	1449	
259	1443	1447	
280	1449	1443	
1447	1443	1449	
260	1448	1451	
283	1450	1448	
284	1451	1450	
1448	1450	1451	
260	1451	1446	
284	1452	1451	
282	1446	1452	
1451	1452	1446	
262	1453	1392	
285	1454	1453	
261	1392	1454	
1453	1454	1392	
261	1454	1394	
285	658	1454	
263	1394	658	
1454	658	1394	
262	1445	1456	
282	1455	1445	
286	1456	1455	
1445	1455	1456	
262	1456	1453	
286	659	1456	
285	1453	659	
1456	659	1453	
263	658	1458	
285	1457	658	
287	1458	1457	
658	1457	1458	
264	1396	1459	
263	1458	1396	
287	1459	1458	
1396	1458	1459	
264	1459	1461	
287	1460	1459	
288	1461	1460	
1459	1460	1461	
265	1399	1462	
264	1461	1399	
288	1462	1461	
1399	1461	1462	
265	1462	1464	
288	1463	1462	
289	1464	1463	
1462	1463	1464	
266	1402	1465	
265	1464	1402	
289	1465	1464	
1402	1464	1465	
266	1465	1467	
289	1466	1465	
290	1467	1466	
1465	1466	1467	
267	1405	1468	
266	1467	1405	
290	1468	1467	
1405	1467	1468	
267	1468	1470	
290	1469	1468	
291	1470	1469	
1468	1469	1470	
268	1408	1471	
267	1470	1408	
291	1471	1470	
1408	1470	1471	
268	1471	1473	
291	1472	1471	
292	1473	1472	
1471	1472	1473	
269	1411	1474	
268	1473	1411	
292	1474	1473	
1411	1473	1474	
269	1474	1476	
292	1475	1474	
293	1476	1475	
1474	1475	1476	
270	1414	1477	
269	1476	1414	
293	1477	1476	
1414	1476	1477	
270	1477	1479	
293	1478	1477	
294	1479	1478	
1477	1478	1479	
271	1417	1480	
270	1479	1417	
294	1480	1479	
1417	1479	1480	
295	1481	1482	
272	1422	1481	
271	1482	1422	
1481	1422	1482	
271	1480	1482	
294	1483	1480	
295	1482	1483	
1480	1483	1482	
296	1484	1485	
273	1425	1484	
272	1485	1425	
1484	1425	1485	
295	1486	1481	
296	1485	1486	
272	1481	1485	
1486	1485	1481	
297	1487	1488	
274	1428	1487	
273	1488	1428	
1487	1428	1488	
296	1489	1484	
297	1488	1489	
273	1484	1488	
1489	1488	1484	
298	1490	1491	
275	1431	1490	
274	1491	1431	
1490	1431	1491	
297	1492	1487	
298	1491	1492	
274	1487	1491	
1492	1491	1487	
299	1493	1494	
276	1434	1493	
275	1494	1434	
1493	1434	1494	
298	1495	1490	
299	1494	1495	
275	1490	1494	
1495	1494	1490	
300	1496	1497	
277	1437	1496	
276	1497	1437	
1496	1437	1497	
299	1498	1493	
300	1497	1498	
276	1493	1497	
1498	1497	1493	
301	1499	1500	
278	1440	1499	
277	1500	1440	
1499	1440	1500	
300	1501	1496	
301	1500	1501	
277	1496	1500	
1501	1500	1496	
302	676	1502	
279	1442	676	
278	1502	1442	
676	1442	1502	
301	1503	1499	
302	1502	1503	
278	1499	1502	
1503	1502	1499	
306	1504	1505	
280	703	1504	
281	1505	703	
1504	703	1505	
280	1504	1449	
306	1506	1504	
283	1449	1506	
1504	1506	1449	
306	1505	1508	
281	1507	1505	
307	1508	1507	
1505	1507	1508	
307	1507	1509	
281	704	1507	
308	1509	704	
1507	704	1509	
309	1510	1511	
283	1506	1510	
306	1511	1506	
1510	1506	1511	
311	1512	1513	
308	706	1512	
310	1513	706	
1512	706	1513	
286	1455	660	
282	1514	1455	
312	660	1514	
1455	1514	660	
312	1514	1515	
282	1452	1514	
284	1515	1452	
1514	1452	1515	
312	1515	661	
284	1516	1515	
313	661	1516	
1515	1516	661	
284	1450	1516	
283	1517	1450	
313	1516	1517	
1450	1517	1516	
313	1517	1518	
283	1510	1517	
309	1518	1510	
1517	1510	1518	
285	659	1520	
286	1519	659	
314	1520	1519	
659	1519	1520	
287	1457	1521	
285	1520	1457	
314	1521	1520	
1457	1520	1521	
286	660	1523	
312	1522	660	
315	1523	1522	
660	1522	1523	
314	1519	1524	
286	1523	1519	
315	1524	1523	
1519	1523	1524	
287	1521	1526	
314	1525	1521	
316	1526	1525	
1521	1525	1526	
288	1460	1527	
287	1526	1460	
316	1527	1526	
1460	1526	1527	
288	1527	1529	
316	1528	1527	
317	1529	1528	
1527	1528	1529	
289	1463	1530	
288	1529	1463	
317	1530	1529	
1463	1529	1530	
289	1530	1532	
317	1531	1530	
318	1532	1531	
1530	1531	1532	
290	1466	1533	
289	1532	1466	
318	1533	1532	
1466	1532	1533	
290	1533	1535	
318	1534	1533	
319	1535	1534	
1533	1534	1535	
291	1469	1536	
290	1535	1469	
319	1536	1535	
1469	1535	1536	
291	1536	1538	
319	1537	1536	
320	1538	1537	
1536	1537	1538	
292	1472	1539	
291	1538	1472	
320	1539	1538	
1472	1538	1539	
292	1539	1541	
320	1540	1539	
321	1541	1540	
1539	1540	1541	
293	1475	1542	
292	1541	1475	
321	1542	1541	
1475	1541	1542	
293	1542	1544	
321	1543	1542	
322	1544	1543	
1542	1543	1544	
294	1478	1545	
293	1544	1478	
322	1545	1544	
1478	1544	1545	
323	1546	1547	
295	1483	1546	
294	1547	1483	
1546	1483	1547	
294	1545	1547	
322	1548	1545	
323	1547	1548	
1545	1548	1547	
324	1549	1550	
296	1486	1549	
295	1550	1486	
1549	1486	1550	
323	1551	1546	
324	1550	1551	
295	1546	1550	
1551	1550	1546	
325	1552	1553	
297	1489	1552	
296	1553	1489	
1552	1489	1553	
324	1554	1549	
325	1553	1554	
296	1549	1553	
1554	1553	1549	
326	1555	1556	
298	1492	1555	
297	1556	1492	
1555	1492	1556	
325	1557	1552	
326	1556	1557	
297	1552	1556	
1557	1556	1552	
327	1558	1559	
299	1495	1558	
298	1559	1495	
1558	1495	1559	
326	1560	1555	
327	1559	1560	
298	1555	1559	
1560	1559	1555	
328	1561	1562	
300	1498	1561	
299	1562	1498	
1561	1498	1562	
327	1563	1558	
328	1562	1563	
299	1558	1562	
1563	1562	1558	
329	1564	1565	
301	1501	1564	
300	1565	1501	
1564	1501	1565	
328	1566	1561	
329	1565	1566	
300	1561	1565	
1566	1565	1561	
330	677	1567	
302	1503	677	
301	1567	1503	
677	1503	1567	
329	1568	1564	
330	1567	1568	
301	1564	1567	
1568	1567	1564	
332	711	1570	
303	1569	711	
333	1570	1569	
711	1569	1570	
333	1569	1571	
303	732	1569	
304	1571	732	
1569	732	1571	
333	1571	1573	
304	1572	1571	
334	1573	1572	
1571	1572	1573	
334	1572	1574	
304	733	1572	
335	1574	733	
1572	733	1574	
333	1575	1570	
336	1576	1575	
332	1570	1576	
1575	1576	1570	
337	1577	1578	
305	707	1577	
331	1578	707	
1577	707	1578	
338	1579	1580	
310	705	1579	
305	1580	705	
1579	705	1580	
338	1580	1581	
305	1577	1580	
337	1581	1577	
1580	1577	1581	
306	1508	1583	
307	1582	1508	
339	1583	1582	
1508	1582	1583	
309	1511	1584	
306	1583	1511	
339	1584	1583	
1511	1583	1584	
339	1582	1586	
307	1585	1582	
340	1586	1585	
1582	1585	1586	
340	1585	1587	
307	1509	1585	
308	1587	1509	
1585	1509	1587	
311	1588	1512	
340	1587	1588	
308	1512	1587	
1588	1587	1512	
313	1518	662	
309	1589	1518	
341	662	1589	
1518	1589	662	
309	1584	1589	
339	1590	1584	
341	1589	1590	
1584	1590	1589	
311	1513	1592	
310	1591	1513	
342	1592	1591	
1513	1591	1592	
342	1591	1593	
310	1579	1591	
338	1593	1579	
1591	1579	1593	
343	1594	1595	
340	1588	1594	
311	1595	1588	
1594	1588	1595	
342	1596	1592	
343	1595	1596	
311	1592	1595	
1596	1595	1592	
312	661	1598	
313	1597	661	
344	1598	1597	
661	1597	1598	
315	1522	1599	
312	1598	1522	
344	1599	1598	
1522	1598	1599	
313	662	1601	
341	1600	662	
345	1601	1600	
662	1600	1601	
344	1597	1602	
313	1601	1597	
345	1602	1601	
1597	1601	1602	
314	1524	1604	
315	1603	1524	
346	1604	1603	
1524	1603	1604	
316	1525	1605	
314	1604	1525	
346	1605	1604	
1525	1604	1605	
315	1599	1607	
344	1606	1599	
347	1607	1606	
1599	1606	1607	
346	1603	1608	
315	1607	1603	
347	1608	1607	
1603	1607	1608	
316	1605	1610	
346	1609	1605	
348	1610	1609	
1605	1609	1610	
317	1528	1611	
316	1610	1528	
348	1611	1610	
1528	1610	1611	
317	1611	1613	
348	1612	1611	
349	1613	1612	
1611	1612	1613	
318	1531	1614	
317	1613	1531	
349	1614	1613	
1531	1613	1614	
318	1614	1616	
349	1615	1614	
350	1616	1615	
1614	1615	1616	
319	1534	1617	
318	1616	1534	
350	1617	1616	
1534	1616	1617	
319	1617	1619	
350	1618	1617	
351	1619	1618	
1617	1618	1619	
320	1537	1620	
319	1619	1537	
351	1620	1619	
1537	1619	1620	
320	1620	1622	
351	1621	1620	
352	1622	1621	
1620	1621	1622	
321	1540	1623	
320	1622	1540	
352	1623	1622	
1540	1622	1623	
321	1623	1625	
352	1624	1623	
353	1625	1624	
1623	1624	1625	
322	1543	1626	
321	1625	1543	
353	1626	1625	
1543	1625	1626	
354	1627	1628	
323	1548	1627	
322	1628	1548	
1627	1548	1628	
322	1626	1628	
353	1629	1626	
354	1628	1629	
1626	1629	1628	
355	1630	1631	
324	1551	1630	
323	1631	1551	
1630	1551	1631	
354	1632	1627	
355	1631	1632	
323	1627	1631	
1632	1631	1627	
356	1633	1634	
325	1554	1633	
324	1634	1554	
1633	1554	1634	
355	1635	1630	
356	1634	1635	
324	1630	1634	
1635	1634	1630	
357	1636	1637	
326	1557	1636	
325	1637	1557	
1636	1557	1637	
356	1638	1633	
357	1637	1638	
325	1633	1637	
1638	1637	1633	
358	1639	1640	
327	1560	1639	
326	1640	1560	
1639	1560	1640	
357	1641	1636	
358	1640	1641	
326	1636	1640	
1641	1640	1636	
359	1642	1643	
328	1563	1642	
327	1643	1563	
1642	1563	1643	
358	1644	1639	
359	1643	1644	
327	1639	1643	
1644	1643	1639	
360	1645	1646	
329	1566	1645	
328	1646	1566	
1645	1566	1646	
359	1647	1642	
360	1646	1647	
328	1642	1646	
1647	1646	1642	
361	678	1648	
330	1568	678	
329	1648	1568	
678	1568	1648	
360	1649	1645	
361	1648	1649	
329	1645	1648	
1649	1648	1645	
337	1578	1651	
331	1650	1578	
362	1651	1650	
1578	1650	1651	
362	1650	1652	
331	708	1650	
363	1652	708	
1650	708	1652	
332	1576	712	
336	1653	1576	
365	712	1653	
1576	1653	712	
333	1573	1655	
334	1654	1573	
368	1655	1654	
1573	1654	1655	
368	1656	1655	
336	1575	1656	
333	1655	1575	
1656	1575	1655	
334	1574	1657	
335	728	1574	
369	1657	728	
1574	728	1657	
334	1657	1654	
369	1658	1657	
368	1654	1658	
1657	1658	1654	
368	1659	1656	
370	1660	1659	
336	1656	1660	
1659	1660	1656	
336	1660	1653	
370	1661	1660	
365	1653	1661	
1660	1661	1653	
363	1662	1652	
371	1663	1662	
362	1652	1663	
1662	1663	1652	
338	1581	1665	
337	1664	1581	
372	1665	1664	
1581	1664	1665	
372	1664	1666	
337	1651	1664	
362	1666	1651	
1664	1651	1666	
373	1667	1668	
342	1593	1667	
338	1668	1593	
1667	1593	1668	
338	1665	1668	
372	1669	1665	
373	1668	1669	
1665	1669	1668	
362	1670	1666	
374	1671	1670	
372	1666	1671	
1670	1671	1666	
375	1672	1673	
340	1594	1672	
343	1673	1594	
1672	1594	1673	
339	1586	1674	
340	1672	1586	
375	1674	1672	
1586	1672	1674	
375	663	1674	
341	1590	663	
339	1674	1590	
663	1590	1674	
341	663	1676	
375	1675	663	
376	1676	1675	
663	1675	1676	
345	1600	1677	
341	1676	1600	
376	1677	1676	
1600	1676	1677	
375	1673	664	
343	1678	1673	
377	664	1678	
1673	1678	664	
377	1678	1679	
343	1596	1678	
342	1679	1596	
1678	1596	1679	
373	1680	1667	
377	1679	1680	
342	1667	1679	
1680	1679	1667	
344	1602	1682	
345	1681	1602	
378	1682	1681	
1602	1681	1682	
347	1606	1683	
344	1682	1606	
378	1683	1682	
1606	1682	1683	
345	1677	1685	
376	1684	1677	
379	1685	1684	
1677	1684	1685	
378	1681	1686	
345	1685	1681	
379	1686	1685	
1681	1685	1686	
346	1608	1688	
347	1687	1608	
380	1688	1687	
1608	1687	1688	
348	1609	1689	
346	1688	1609	
380	1689	1688	
1609	1688	1689	
347	1683	1691	
378	1690	1683	
381	1691	1690	
1683	1690	1691	
380	1687	1692	
347	1691	1687	
381	1692	1691	
1687	1691	1692	
348	1689	1694	
380	1693	1689	
382	1694	1693	
1689	1693	1694	
349	1612	1695	
348	1694	1612	
382	1695	1694	
1612	1694	1695	
349	1695	1697	
382	1696	1695	
383	1697	1696	
1695	1696	1697	
350	1615	1698	
349	1697	1615	
383	1698	1697	
1615	1697	1698	
350	1698	1700	
383	1699	1698	
384	1700	1699	
1698	1699	1700	
351	1618	1701	
350	1700	1618	
384	1701	1700	
1618	1700	1701	
351	1701	1703	
384	1702	1701	
385	1703	1702	
1701	1702	1703	
352	1621	1704	
351	1703	1621	
385	1704	1703	
1621	1703	1704	
352	1704	1706	
385	1705	1704	
386	1706	1705	
1704	1705	1706	
353	1624	1707	
352	1706	1624	
386	1707	1706	
1624	1706	1707	
387	1708	1709	
354	1629	1708	
353	1709	1629	
1708	1629	1709	
353	1707	1709	
386	1710	1707	
387	1709	1710	
1707	1710	1709	
388	1711	1712	
355	1632	1711	
354	1712	1632	
1711	1632	1712	
387	1713	1708	
388	1712	1713	
354	1708	1712	
1713	1712	1708	
389	1714	1715	
356	1635	1714	
355	1715	1635	
1714	1635	1715	
388	1716	1711	
389	1715	1716	
355	1711	1715	
1716	1715	1711	
390	1717	1718	
357	1638	1717	
356	1718	1638	
1717	1638	1718	
389	1719	1714	
390	1718	1719	
356	1714	1718	
1719	1718	1714	
391	1720	1721	
358	1641	1720	
357	1721	1641	
1720	1641	1721	
390	1722	1717	
391	1721	1722	
357	1717	1721	
1722	1721	1717	
392	1723	1724	
359	1644	1723	
358	1724	1644	
1723	1644	1724	
391	1725	1720	
392	1724	1725	
358	1720	1724	
1725	1724	1720	
393	1726	1727	
360	1647	1726	
359	1727	1647	
1726	1647	1727	
392	1728	1723	
393	1727	1728	
359	1723	1727	
1728	1727	1723	
394	679	1729	
361	1649	679	
360	1729	1649	
679	1649	1729	
393	1730	1726	
394	1729	1730	
360	1726	1729	
1730	1729	1726	
371	1731	1663	
395	1732	1731	
362	1663	1732	
1731	1732	1663	
362	1732	1670	
395	1733	1732	
374	1670	1733	
1732	1733	1670	
364	1734	709	
396	1735	1734	
363	709	1735	
1734	1735	709	
371	1662	1736	
363	1735	1662	
396	1736	1735	
1662	1735	1736	
367	1737	710	
397	1738	1737	
364	710	1738	
1737	1738	710	
364	1738	1734	
397	1739	1738	
396	1734	1739	
1738	1739	1734	
398	1740	1741	
366	713	1740	
365	1741	713	
1740	713	1741	
398	1741	1742	
365	1661	1741	
370	1742	1661	
1741	1661	1742	
399	1743	1744	
367	714	1743	
366	1744	714	
1743	714	1744	
399	1744	1745	
366	1740	1744	
398	1745	1740	
1744	1740	1745	
400	1746	1747	
397	1737	1746	
367	1747	1737	
1746	1737	1747	
400	1747	1748	
367	1743	1747	
399	1748	1743	
1747	1743	1748	
368	1658	1749	
369	729	1658	
401	1749	729	
1658	729	1749	
368	1749	1659	
401	1750	1749	
370	1659	1750	
1749	1750	1659	
370	1750	1752	
401	1751	1750	
402	1752	1751	
1750	1751	1752	
370	1752	1742	
402	1753	1752	
398	1742	1753	
1752	1753	1742	
371	1736	1755	
396	1754	1736	
403	1755	1754	
1736	1754	1755	
371	1755	1731	
403	1756	1755	
395	1731	1756	
1755	1756	1731	
372	1671	1758	
374	1757	1671	
404	1758	1757	
1671	1757	1758	
372	1758	1669	
404	1759	1758	
373	1669	1759	
1758	1759	1669	
373	1759	1680	
404	665	1759	
377	1680	665	
1759	665	1680	
374	1733	1761	
395	1760	1733	
405	1761	1760	
1733	1760	1761	
374	1761	1757	
405	666	1761	
404	1757	666	
1761	666	1757	
375	664	1763	
377	1762	664	
406	1763	1762	
664	1762	1763	
376	1675	1764	
375	1763	1675	
406	1764	1763	
1675	1763	1764	
376	1764	1766	
406	1765	1764	
407	1766	1765	
1764	1765	1766	
379	1684	1767	
376	1766	1684	
407	1767	1766	
1684	1766	1767	
377	665	1769	
404	1768	665	
408	1769	1768	
665	1768	1769	
406	1762	1770	
377	1769	1762	
408	1770	1769	
1762	1769	1770	
378	1686	1772	
379	1771	1686	
409	1772	1771	
1686	1771	1772	
381	1690	1773	
378	1772	1690	
409	1773	1772	
1690	1772	1773	
379	1767	1775	
407	1774	1767	
410	1775	1774	
1767	1774	1775	
409	1771	1776	
379	1775	1771	
410	1776	1775	
1771	1775	1776	
380	1692	1778	
381	1777	1692	
411	1778	1777	
1692	1777	1778	
382	1693	1779	
380	1778	1693	
411	1779	1778	
1693	1778	1779	
381	1773	1781	
409	1780	1773	
412	1781	1780	
1773	1780	1781	
411	1777	1782	
381	1781	1777	
412	1782	1781	
1777	1781	1782	
382	1779	1784	
411	1783	1779	
413	1784	1783	
1779	1783	1784	
383	1696	1785	
382	1784	1696	
413	1785	1784	
1696	1784	1785	
383	1785	1787	
413	1786	1785	
414	1787	1786	
1785	1786	1787	
384	1699	1788	
383	1787	1699	
414	1788	1787	
1699	1787	1788	
384	1788	1790	
414	1789	1788	
415	1790	1789	
1788	1789	1790	
385	1702	1791	
384	1790	1702	
415	1791	1790	
1702	1790	1791	
385	1791	1793	
415	1792	1791	
416	1793	1792	
1791	1792	1793	
386	1705	1794	
385	1793	1705	
416	1794	1793	
1705	1793	1794	
417	1795	1796	
387	1710	1795	
386	1796	1710	
1795	1710	1796	
386	1794	1796	
416	1797	1794	
417	1796	1797	
1794	1797	1796	
418	1798	1799	
388	1713	1798	
387	1799	1713	
1798	1713	1799	
417	1800	1795	
418	1799	1800	
387	1795	1799	
1800	1799	1795	
419	1801	1802	
389	1716	1801	
388	1802	1716	
1801	1716	1802	
418	1803	1798	
419	1802	1803	
388	1798	1802	
1803	1802	1798	
420	1804	1805	
390	1719	1804	
389	1805	1719	
1804	1719	1805	
419	1806	1801	
420	1805	1806	
389	1801	1805	
1806	1805	1801	
421	1807	1808	
391	1722	1807	
390	1808	1722	
1807	1722	1808	
420	1809	1804	
421	1808	1809	
390	1804	1808	
1809	1808	1804	
422	1810	1811	
392	1725	1810	
391	1811	1725	
1810	1725	1811	
421	1812	1807	
422	1811	1812	
391	1807	1811	
1812	1811	1807	
423	1813	1814	
393	1728	1813	
392	1814	1728	
1813	1728	1814	
422	1815	1810	
423	1814	1815	
392	1810	1814	
1815	1814	1810	
424	680	1816	
394	1730	680	
393	1816	1730	
680	1730	1816	
423	1817	1813	
424	1816	1817	
393	1813	1816	
1817	1816	1813	
395	1756	1819	
403	1818	1756	
425	1819	1818	
1756	1818	1819	
395	1819	1760	
425	667	1819	
405	1760	667	
1819	667	1760	
400	1820	1746	
426	1821	1820	
397	1746	1821	
1820	1821	1746	
396	1739	1822	
397	1821	1739	
426	1822	1821	
1739	1821	1822	
403	1754	1823	
396	1822	1754	
426	1823	1822	
1754	1822	1823	
402	1824	1753	
427	1825	1824	
398	1753	1825	
1824	1825	1753	
427	1826	1827	
426	1820	1826	
400	1827	1820	
1826	1820	1827	
400	1748	1827	
399	1828	1748	
427	1827	1828	
1748	1828	1827	
399	1745	1828	
398	1825	1745	
427	1828	1825	
1745	1825	1828	
402	1751	1829	
401	730	1751	
428	1829	730	
1751	730	1829	
402	1829	1824	
428	1830	1829	
427	1824	1830	
1829	1830	1824	
425	1818	668	
403	1831	1818	
429	668	1831	
1818	1831	668	
429	1831	1832	
403	1823	1831	
426	1832	1823	
1831	1823	1832	
404	666	1834	
405	1833	666	
430	1834	1833	
666	1833	1834	
408	1768	1835	
404	1834	1768	
430	1835	1834	
1768	1834	1835	
405	667	1837	
425	1836	667	
431	1837	1836	
667	1836	1837	
430	1833	1838	
405	1837	1833	
431	1838	1837	
1833	1837	1838	
406	1770	1840	
408	1839	1770	
432	1840	1839	
1770	1839	1840	
407	1765	1841	
406	1840	1765	
432	1841	1840	
1765	1840	1841	
407	1841	1843	
432	1842	1841	
433	1843	1842	
1841	1842	1843	
410	1774	1844	
407	1843	1774	
433	1844	1843	
1774	1843	1844	
408	1835	1846	
430	1845	1835	
434	1846	1845	
1835	1845	1846	
432	1839	1847	
408	1846	1839	
434	1847	1846	
1839	1846	1847	
409	1776	1849	
410	1848	1776	
435	1849	1848	
1776	1848	1849	
412	1780	1850	
409	1849	1780	
435	1850	1849	
1780	1849	1850	
410	1844	1852	
433	1851	1844	
436	1852	1851	
1844	1851	1852	
435	1848	1853	
410	1852	1848	
436	1853	1852	
1848	1852	1853	
411	1782	1855	
412	1854	1782	
437	1855	1854	
1782	1854	1855	
413	1783	1856	
411	1855	1783	
437	1856	1855	
1783	1855	1856	
412	1850	1858	
435	1857	1850	
438	1858	1857	
1850	1857	1858	
437	1854	1859	
412	1858	1854	
438	1859	1858	
1854	1858	1859	
413	1856	1861	
437	1860	1856	
439	1861	1860	
1856	1860	1861	
414	1786	1862	
413	1861	1786	
439	1862	1861	
1786	1861	1862	
414	1862	1864	
439	1863	1862	
440	1864	1863	
1862	1863	1864	
415	1789	1865	
414	1864	1789	
440	1865	1864	
1789	1864	1865	
415	1865	1867	
440	1866	1865	
441	1867	1866	
1865	1866	1867	
416	1792	1868	
415	1867	1792	
441	1868	1867	
1792	1867	1868	
442	1869	1870	
417	1797	1869	
416	1870	1797	
1869	1797	1870	
416	1868	1870	
441	1871	1868	
442	1870	1871	
1868	1871	1870	
443	1872	1873	
418	1800	1872	
417	1873	1800	
1872	1800	1873	
442	1874	1869	
443	1873	1874	
417	1869	1873	
1874	1873	1869	
444	1875	1876	
419	1803	1875	
418	1876	1803	
1875	1803	1876	
443	1877	1872	
444	1876	1877	
418	1872	1876	
1877	1876	1872	
445	1878	1879	
420	1806	1878	
419	1879	1806	
1878	1806	1879	
444	1880	1875	
445	1879	1880	
419	1875	1879	
1880	1879	1875	
446	1881	1882	
421	1809	1881	
420	1882	1809	
1881	1809	1882	
445	1883	1878	
446	1882	1883	
420	1878	1882	
1883	1882	1878	
447	1884	1885	
422	1812	1884	
421	1885	1812	
1884	1812	1885	
446	1886	1881	
447	1885	1886	
421	1881	1885	
1886	1885	1881	
448	1887	1888	
423	1815	1887	
422	1888	1815	
1887	1815	1888	
447	1889	1884	
448	1888	1889	
422	1884	1888	
1889	1888	1884	
449	681	1890	
424	1817	681	
423	1890	1817	
681	1817	1890	
448	1891	1887	
449	1890	1891	
423	1887	1890	
1891	1890	1887	
425	668	1893	
429	1892	668	
450	1893	1892	
668	1892	1893	
431	1836	1894	
425	1893	1836	
450	1894	1893	
1836	1893	1894	
427	1830	1895	
428	731	1830	
451	1895	731	
1830	731	1895	
427	1895	1826	
451	1896	1895	
426	1826	1896	
1895	1896	1826	
426	1896	1832	
451	669	1896	
429	1832	669	
1896	669	1832	
429	669	1898	
451	1897	669	
452	1898	1897	
669	1897	1898	
450	1892	1899	
429	1898	1892	
452	1899	1898	
1892	1898	1899	
430	1838	1901	
431	1900	1838	
453	1901	1900	
1838	1900	1901	
434	1845	1902	
430	1901	1845	
453	1902	1901	
1845	1901	1902	
431	1894	1904	
450	1903	1894	
454	1904	1903	
1894	1903	1904	
453	1900	1905	
431	1904	1900	
454	1905	1904	
1900	1904	1905	
432	1847	1907	
434	1906	1847	
455	1907	1906	
1847	1906	1907	
433	1842	1908	
432	1907	1842	
455	1908	1907	
1842	1907	1908	
433	1908	1910	
455	1909	1908	
456	1910	1909	
1908	1909	1910	
436	1851	1911	
433	1910	1851	
456	1911	1910	
1851	1910	1911	
434	1902	1913	
453	1912	1902	
457	1913	1912	
1902	1912	1913	
455	1906	1914	
434	1913	1906	
457	1914	1913	
1906	1913	1914	
435	1853	1916	
436	1915	1853	
458	1916	1915	
1853	1915	1916	
438	1857	1917	
435	1916	1857	
458	1917	1916	
1857	1916	1917	
436	1911	1919	
456	1918	1911	
459	1919	1918	
1911	1918	1919	
458	1915	1920	
436	1919	1915	
459	1920	1919	
1915	1919	1920	
437	1859	1922	
438	1921	1859	
460	1922	1921	
1859	1921	1922	
439	1860	1923	
437	1922	1860	
460	1923	1922	
1860	1922	1923	
438	1917	1925	
458	1924	1917	
461	1925	1924	
1917	1924	1925	
438	1925	1921	
461	1926	1925	
460	1921	1926	
1925	1926	1921	
439	1923	1928	
460	1927	1923	
462	1928	1927	
1923	1927	1928	
440	1863	1929	
439	1928	1863	
462	1929	1928	
1863	1928	1929	
440	1929	1931	
462	1930	1929	
463	1931	1930	
1929	1930	1931	
441	1866	1932	
440	1931	1866	
463	1932	1931	
1866	1931	1932	
464	1933	1934	
442	1871	1933	
441	1934	1871	
1933	1871	1934	
441	1932	1934	
463	1935	1932	
464	1934	1935	
1932	1935	1934	
465	1936	1937	
443	1874	1936	
442	1937	1874	
1936	1874	1937	
464	1938	1933	
465	1937	1938	
442	1933	1937	
1938	1937	1933	
466	1939	1940	
444	1877	1939	
443	1940	1877	
1939	1877	1940	
465	1941	1936	
466	1940	1941	
443	1936	1940	
1941	1940	1936	
467	1942	1943	
445	1880	1942	
444	1943	1880	
1942	1880	1943	
466	1944	1939	
467	1943	1944	
444	1939	1943	
1944	1943	1939	
468	1945	1946	
446	1883	1945	
445	1946	1883	
1945	1883	1946	
467	1947	1942	
468	1946	1947	
445	1942	1946	
1947	1946	1942	
469	1948	1949	
447	1886	1948	
446	1949	1886	
1948	1886	1949	
468	1950	1945	
469	1949	1950	
446	1945	1949	
1950	1949	1945	
470	1951	1952	
448	1889	1951	
447	1952	1889	
1951	1889	1952	
469	1953	1948	
470	1952	1953	
447	1948	1952	
1953	1952	1948	
471	682	1954	
449	1891	682	
448	1954	1891	
682	1891	1954	
470	1955	1951	
471	1954	1955	
448	1951	1954	
1955	1954	1951	
450	1899	1957	
452	1956	1899	
472	1957	1956	
1899	1956	1957	
454	1903	1958	
450	1957	1903	
472	1958	1957	
1903	1957	1958	
451	715	1897	
473	1959	715	
452	1897	1959	
715	1959	1897	
473	1960	1959	
472	1956	1960	
452	1959	1956	
1960	1956	1959	
472	1961	1958	
474	1962	1961	
454	1958	1962	
1961	1962	1958	
453	1905	1964	
454	1963	1905	
475	1964	1963	
1905	1963	1964	
457	1912	1965	
453	1964	1912	
475	1965	1964	
1912	1964	1965	
475	1963	1966	
454	1962	1963	
474	1966	1962	
1963	1962	1966	
456	1967	1918	
476	1968	1967	
459	1918	1968	
1967	1968	1918	
455	1914	1970	
457	1969	1914	
477	1970	1969	
1914	1969	1970	
456	1909	1971	
455	1970	1909	
477	1971	1970	
1909	1970	1971	
456	1971	1967	
477	1972	1971	
476	1967	1972	
1971	1972	1967	
457	1965	1974	
475	1973	1965	
478	1974	1973	
1965	1973	1974	
477	1969	1975	
457	1974	1969	
478	1975	1974	
1969	1974	1975	
476	1972	1977	
477	1976	1972	
479	1977	1976	
1972	1976	1977	
458	1920	1979	
459	1978	1920	
480	1979	1978	
1920	1978	1979	
461	1924	1980	
458	1979	1924	
480	1980	1979	
1924	1979	1980	
459	1968	1982	
476	1981	1968	
481	1982	1981	
1968	1981	1982	
480	1978	1983	
459	1982	1978	
481	1983	1982	
1978	1982	1983	
460	1926	1985	
461	1984	1926	
482	1985	1984	
1926	1984	1985	
462	1927	1986	
460	1985	1927	
482	1986	1985	
1927	1985	1986	
461	1980	1988	
480	1987	1980	
483	1988	1987	
1980	1987	1988	
482	1984	1989	
461	1988	1984	
483	1989	1988	
1984	1988	1989	
462	1986	1991	
482	1990	1986	
484	1991	1990	
1986	1990	1991	
463	1930	1992	
462	1991	1930	
484	1992	1991	
1930	1991	1992	
485	1993	1994	
464	1935	1993	
463	1994	1935	
1993	1935	1994	
463	1992	1994	
484	1995	1992	
485	1994	1995	
1992	1995	1994	
486	1996	1997	
465	1938	1996	
464	1997	1938	
1996	1938	1997	
485	1998	1993	
486	1997	1998	
464	1993	1997	
1998	1997	1993	
487	1999	2000	
466	1941	1999	
465	2000	1941	
1999	1941	2000	
486	2001	1996	
487	2000	2001	
465	1996	2000	
2001	2000	1996	
488	2002	2003	
467	1944	2002	
466	2003	1944	
2002	1944	2003	
487	2004	1999	
488	2003	2004	
466	1999	2003	
2004	2003	1999	
489	2005	2006	
468	1947	2005	
467	2006	1947	
2005	1947	2006	
488	2007	2002	
489	2006	2007	
467	2002	2006	
2007	2006	2002	
490	2008	2009	
469	1950	2008	
468	2009	1950	
2008	1950	2009	
489	2010	2005	
490	2009	2010	
468	2005	2009	
2010	2009	2005	
491	2011	2012	
470	1953	2011	
469	2012	1953	
2011	1953	2012	
490	2013	2008	
491	2012	2013	
469	2008	2012	
2013	2012	2008	
492	683	2014	
471	1955	683	
470	2014	1955	
683	1955	2014	
491	2015	2011	
492	2014	2015	
470	2011	2014	
2015	2014	2011	
472	2016	1961	
493	2017	2016	
474	1961	2017	
2016	2017	1961	
473	716	1960	
494	2018	716	
472	1960	2018	
716	2018	1960	
472	2018	2016	
494	2019	2018	
493	2016	2019	
2018	2019	2016	
474	2017	2021	
493	2020	2017	
495	2021	2020	
2017	2020	2021	
474	2021	1966	
495	2022	2021	
475	1966	2022	
2021	2022	1966	
496	2023	2024	
478	1973	2023	
475	2024	1973	
2023	1973	2024	
475	2022	2024	
495	2025	2022	
496	2024	2025	
2022	2025	2024	
476	1977	2027	
479	2026	1977	
497	2027	2026	
1977	2026	2027	
481	1981	2028	
476	2027	1981	
497	2028	2027	
1981	2027	2028	
496	2029	2023	
498	2030	2029	
478	2023	2030	
2029	2030	2023	
477	1975	2031	
478	2030	1975	
498	2031	2030	
1975	2030	2031	
477	2031	1976	
498	2032	2031	
479	1976	2032	
2031	2032	1976	
498	2033	2032	
497	2026	2033	
479	2032	2026	
2033	2026	2032	
497	2034	2028	
499	2035	2034	
481	2028	2035	
2034	2035	2028	
480	1983	2037	
481	2036	1983	
500	2037	2036	
1983	2036	2037	
483	1987	2038	
480	2037	1987	
500	2038	2037	
1987	2037	2038	
500	2036	2039	
481	2035	2036	
499	2039	2035	
2036	2035	2039	
483	2038	2041	
500	2040	2038	
501	2041	2040	
2038	2040	2041	
482	1989	2043	
483	2042	1989	
502	2043	2042	
1989	2042	2043	
502	2042	2044	
483	2041	2042	
501	2044	2041	
2042	2041	2044	
484	1990	2045	
482	2043	1990	
502	2045	2043	
1990	2043	2045	
503	2046	2047	
485	1995	2046	
484	2047	1995	
2046	1995	2047	
484	2045	2047	
502	2048	2045	
503	2047	2048	
2045	2048	2047	
504	2049	2050	
486	1998	2049	
485	2050	1998	
2049	1998	2050	
503	2051	2046	
504	2050	2051	
485	2046	2050	
2051	2050	2046	
505	2052	2053	
487	2001	2052	
486	2053	2001	
2052	2001	2053	
504	2054	2049	
505	2053	2054	
486	2049	2053	
2054	2053	2049	
506	2055	2056	
488	2004	2055	
487	2056	2004	
2055	2004	2056	
505	2057	2052	
506	2056	2057	
487	2052	2056	
2057	2056	2052	
507	2058	2059	
489	2007	2058	
488	2059	2007	
2058	2007	2059	
506	2060	2055	
507	2059	2060	
488	2055	2059	
2060	2059	2055	
508	2061	2062	
490	2010	2061	
489	2062	2010	
2061	2010	2062	
507	2063	2058	
508	2062	2063	
489	2058	2062	
2063	2062	2058	
509	2064	2065	
491	2013	2064	
490	2065	2013	
2064	2013	2065	
508	2066	2061	
509	2065	2066	
490	2061	2065	
2066	2065	2061	
510	684	2067	
492	2015	684	
491	2067	2015	
684	2015	2067	
509	2068	2064	
510	2067	2068	
491	2064	2067	
2068	2067	2064	
493	2069	2020	
511	2070	2069	
495	2020	2070	
2069	2070	2020	
494	717	2019	
512	2071	717	
493	2019	2071	
717	2071	2019	
493	2071	2069	
512	2072	2071	
511	2069	2072	
2071	2072	2069	
495	2070	2074	
511	2073	2070	
513	2074	2073	
2070	2073	2074	
495	2074	2025	
513	2075	2074	
496	2025	2075	
2074	2075	2025	
496	2075	2077	
513	2076	2075	
514	2077	2076	
2075	2076	2077	
496	2077	2029	
514	2078	2077	
498	2029	2078	
2077	2078	2029	
497	2079	2034	
515	2080	2079	
499	2034	2080	
2079	2080	2034	
498	2078	2082	
514	2081	2078	
516	2082	2081	
2078	2081	2082	
498	2082	2033	
516	2083	2082	
497	2033	2083	
2082	2083	2033	
497	2083	2079	
516	2084	2083	
515	2079	2084	
2083	2084	2079	
499	2080	2086	
515	2085	2080	
517	2086	2085	
2080	2085	2086	
499	2086	2039	
517	2087	2086	
500	2039	2087	
2086	2087	2039	
517	2088	2087	
518	2089	2088	
500	2087	2089	
2088	2089	2087	
501	2040	2090	
500	2089	2040	
518	2090	2089	
2040	2089	2090	
518	2091	2090	
519	2092	2091	
501	2090	2092	
2091	2092	2090	
502	2044	2093	
501	2092	2044	
519	2093	2092	
2044	2092	2093	
520	2094	2095	
503	2048	2094	
502	2095	2048	
2094	2048	2095	
520	2095	2096	
502	2093	2095	
519	2096	2093	
2095	2093	2096	
521	2097	2098	
504	2051	2097	
503	2098	2051	
2097	2051	2098	
520	2099	2094	
521	2098	2099	
503	2094	2098	
2099	2098	2094	
522	2100	2101	
505	2054	2100	
504	2101	2054	
2100	2054	2101	
521	2102	2097	
522	2101	2102	
504	2097	2101	
2102	2101	2097	
523	2103	2104	
506	2057	2103	
505	2104	2057	
2103	2057	2104	
522	2105	2100	
523	2104	2105	
505	2100	2104	
2105	2104	2100	
524	2106	2107	
507	2060	2106	
506	2107	2060	
2106	2060	2107	
523	2108	2103	
524	2107	2108	
506	2103	2107	
2108	2107	2103	
525	2109	2110	
508	2063	2109	
507	2110	2063	
2109	2063	2110	
524	2111	2106	
525	2110	2111	
507	2106	2110	
2111	2110	2106	
526	2112	2113	
509	2066	2112	
508	2113	2066	
2112	2066	2113	
525	2114	2109	
526	2113	2114	
508	2109	2113	
2114	2113	2109	
527	685	2115	
510	2068	685	
509	2115	2068	
685	2068	2115	
526	2116	2112	
527	2115	2116	
509	2112	2115	
2116	2115	2112	
511	2117	2073	
528	2118	2117	
513	2073	2118	
2117	2118	2073	
512	718	2072	
529	2119	718	
511	2072	2119	
718	2119	2072	
511	2119	2117	
529	2120	2119	
528	2117	2120	
2119	2120	2117	
513	2118	2122	
528	2121	2118	
530	2122	2121	
2118	2121	2122	
513	2122	2076	
530	2123	2122	
514	2076	2123	
2122	2123	2076	
514	2123	2125	
530	2124	2123	
531	2125	2124	
2123	2124	2125	
514	2125	2081	
531	2126	2125	
516	2081	2126	
2125	2126	2081	
515	2127	2085	
532	2128	2127	
517	2085	2128	
2127	2128	2085	
516	2126	2130	
531	2129	2126	
533	2130	2129	
2126	2129	2130	
516	2130	2084	
533	2131	2130	
515	2084	2131	
2130	2131	2084	
515	2131	2127	
533	2132	2131	
532	2127	2132	
2131	2132	2127	
517	2128	2134	
532	2133	2128	
534	2134	2133	
2128	2133	2134	
517	2134	2088	
534	2135	2134	
518	2088	2135	
2134	2135	2088	
518	2135	2137	
534	2136	2135	
535	2137	2136	
2135	2136	2137	
518	2137	2091	
535	2138	2137	
519	2091	2138	
2137	2138	2091	
519	2138	2096	
535	2139	2138	
520	2096	2139	
2138	2139	2096	
536	2140	2141	
521	2099	2140	
520	2141	2099	
2140	2099	2141	
536	2141	2142	
520	2139	2141	
535	2142	2139	
2141	2139	2142	
537	2143	2144	
522	2102	2143	
521	2144	2102	
2143	2102	2144	
536	2145	2140	
537	2144	2145	
521	2140	2144	
2145	2144	2140	
538	2146	2147	
523	2105	2146	
522	2147	2105	
2146	2105	2147	
537	2148	2143	
538	2147	2148	
522	2143	2147	
2148	2147	2143	
539	2149	2150	
524	2108	2149	
523	2150	2108	
2149	2108	2150	
538	2151	2146	
539	2150	2151	
523	2146	2150	
2151	2150	2146	
540	2152	2153	
525	2111	2152	
524	2153	2111	
2152	2111	2153	
539	2154	2149	
540	2153	2154	
524	2149	2153	
2154	2153	2149	
541	2155	2156	
526	2114	2155	
525	2156	2114	
2155	2114	2156	
540	2157	2152	
541	2156	2157	
525	2152	2156	
2157	2156	2152	
542	686	2158	
527	2116	686	
526	2158	2116	
686	2116	2158	
541	2159	2155	
542	2158	2159	
526	2155	2158	
2159	2158	2155	
528	2160	2121	
543	2161	2160	
530	2121	2161	
2160	2161	2121	
529	719	2120	
544	2162	719	
528	2120	2162	
719	2162	2120	
528	2162	2160	
544	2163	2162	
543	2160	2163	
2162	2163	2160	
530	2161	2165	
543	2164	2161	
545	2165	2164	
2161	2164	2165	
530	2165	2124	
545	2166	2165	
531	2124	2166	
2165	2166	2124	
531	2166	2168	
545	2167	2166	
546	2168	2167	
2166	2167	2168	
531	2168	2129	
546	2169	2168	
533	2129	2169	
2168	2169	2129	
532	2170	2133	
547	2171	2170	
534	2133	2171	
2170	2171	2133	
533	2169	2173	
546	2172	2169	
548	2173	2172	
2169	2172	2173	
533	2173	2132	
548	2174	2173	
532	2132	2174	
2173	2174	2132	
532	2174	2170	
548	2175	2174	
547	2170	2175	
2174	2175	2170	
534	2171	2177	
547	2176	2171	
549	2177	2176	
2171	2176	2177	
534	2177	2136	
549	2178	2177	
535	2136	2178	
2177	2178	2136	
550	2179	2180	
536	2142	2179	
535	2180	2142	
2179	2142	2180	
535	2178	2180	
549	2181	2178	
550	2180	2181	
2178	2181	2180	
551	2182	2183	
537	2145	2182	
536	2183	2145	
2182	2145	2183	
550	2184	2179	
551	2183	2184	
536	2179	2183	
2184	2183	2179	
552	2185	2186	
538	2148	2185	
537	2186	2148	
2185	2148	2186	
551	2187	2182	
552	2186	2187	
537	2182	2186	
2187	2186	2182	
553	2188	2189	
539	2151	2188	
538	2189	2151	
2188	2151	2189	
552	2190	2185	
553	2189	2190	
538	2185	2189	
2190	2189	2185	
554	2191	2192	
540	2154	2191	
539	2192	2154	
2191	2154	2192	
553	2193	2188	
554	2192	2193	
539	2188	2192	
2193	2192	2188	
555	2194	2195	
541	2157	2194	
540	2195	2157	
2194	2157	2195	
554	2196	2191	
555	2195	2196	
540	2191	2195	
2196	2195	2191	
556	687	2197	
542	2159	687	
541	2197	2159	
687	2159	2197	
555	2198	2194	
556	2197	2198	
541	2194	2197	
2198	2197	2194	
543	2199	2164	
557	2200	2199	
545	2164	2200	
2199	2200	2164	
544	720	2163	
558	2201	720	
543	2163	2201	
720	2201	2163	
543	2201	2199	
558	2202	2201	
557	2199	2202	
2201	2202	2199	
545	2200	2204	
557	2203	2200	
559	2204	2203	
2200	2203	2204	
545	2204	2167	
559	2205	2204	
546	2167	2205	
2204	2205	2167	
546	2205	2207	
559	2206	2205	
560	2207	2206	
2205	2206	2207	
546	2207	2172	
560	2208	2207	
548	2172	2208	
2207	2208	2172	
547	2209	2176	
561	2210	2209	
549	2176	2210	
2209	2210	2176	
548	2208	2212	
560	2211	2208	
562	2212	2211	
2208	2211	2212	
548	2212	2175	
562	2213	2212	
547	2175	2213	
2212	2213	2175	
547	2213	2209	
562	2214	2213	
561	2209	2214	
2213	2214	2209	
563	2215	2216	
551	2184	2215	
550	2216	2184	
2215	2184	2216	
549	2210	2218	
561	2217	2210	
563	2218	2217	
2210	2217	2218	
563	2216	2218	
550	2181	2216	
549	2218	2181	
2216	2181	2218	
561	2219	2217	
564	2220	2219	
563	2217	2220	
2219	2220	2217	
565	2221	2222	
552	2187	2221	
551	2222	2187	
2221	2187	2222	
563	2223	2215	
565	2222	2223	
551	2215	2222	
2223	2222	2215	
566	2224	2225	
553	2190	2224	
552	2225	2190	
2224	2190	2225	
565	2226	2221	
566	2225	2226	
552	2221	2225	
2226	2225	2221	
567	2227	2228	
554	2193	2227	
553	2228	2193	
2227	2193	2228	
566	2229	2224	
567	2228	2229	
553	2224	2228	
2229	2228	2224	
568	2230	2231	
555	2196	2230	
554	2231	2196	
2230	2196	2231	
567	2232	2227	
568	2231	2232	
554	2227	2231	
2232	2231	2227	
569	688	2233	
556	2198	688	
555	2233	2198	
688	2198	2233	
568	2234	2230	
569	2233	2234	
555	2230	2233	
2234	2233	2230	
557	2235	2203	
570	2236	2235	
559	2203	2236	
2235	2236	2203	
558	721	2202	
571	2237	721	
557	2202	2237	
721	2237	2202	
557	2237	2235	
571	2238	2237	
570	2235	2238	
2237	2238	2235	
559	2236	2240	
570	2239	2236	
572	2240	2239	
2236	2239	2240	
559	2240	2206	
572	2241	2240	
560	2206	2241	
2240	2241	2206	
560	2241	2243	
572	2242	2241	
573	2243	2242	
2241	2242	2243	
560	2243	2211	
573	2244	2243	
562	2211	2244	
2243	2244	2211	
562	2244	2246	
573	2245	2244	
574	2246	2245	
2244	2245	2246	
562	2246	2214	
574	2247	2246	
561	2214	2247	
2246	2247	2214	
561	2247	2219	
574	2248	2247	
564	2219	2248	
2247	2248	2219	
575	2249	2250	
565	2223	2249	
563	2250	2223	
2249	2223	2250	
574	2251	2248	
575	2252	2251	
564	2248	2252	
2251	2252	2248	
575	2250	2252	
563	2220	2250	
564	2252	2220	
2250	2220	2252	
576	2253	2254	
566	2226	2253	
565	2254	2226	
2253	2226	2254	
575	2255	2249	
576	2254	2255	
565	2249	2254	
2255	2254	2249	
577	2256	2257	
567	2229	2256	
566	2257	2229	
2256	2229	2257	
576	2258	2253	
577	2257	2258	
566	2253	2257	
2258	2257	2253	
578	2259	2260	
568	2232	2259	
567	2260	2232	
2259	2232	2260	
577	2261	2256	
578	2260	2261	
567	2256	2260	
2261	2260	2256	
579	689	2262	
569	2234	689	
568	2262	2234	
689	2234	2262	
578	2263	2259	
579	2262	2263	
568	2259	2262	
2263	2262	2259	
570	2264	2239	
580	2265	2264	
572	2239	2265	
2264	2265	2239	
571	722	2238	
581	2266	722	
570	2238	2266	
722	2266	2238	
570	2266	2264	
581	2267	2266	
580	2264	2267	
2266	2267	2264	
572	2265	2269	
580	2268	2265	
582	2269	2268	
2265	2268	2269	
572	2269	2242	
582	2270	2269	
573	2242	2270	
2269	2270	2242	
573	2270	2272	
582	2271	2270	
583	2272	2271	
2270	2271	2272	
573	2272	2245	
583	2273	2272	
574	2245	2273	
2272	2273	2245	
574	2273	2275	
583	2274	2273	
584	2275	2274	
2273	2274	2275	
574	2275	2251	
584	2276	2275	
575	2251	2276	
2275	2276	2251	
585	2277	2278	
576	2255	2277	
575	2278	2255	
2277	2255	2278	
585	2278	2279	
575	2276	2278	
584	2279	2276	
2278	2276	2279	
586	2280	2281	
577	2258	2280	
576	2281	2258	
2280	2258	2281	
585	2282	2277	
586	2281	2282	
576	2277	2281	
2282	2281	2277	
587	2283	2284	
578	2261	2283	
577	2284	2261	
2283	2261	2284	
586	2285	2280	
587	2284	2285	
577	2280	2284	
2285	2284	2280	
588	690	2286	
579	2263	690	
578	2286	2263	
690	2263	2286	
587	2287	2283	
588	2286	2287	
578	2283	2286	
2287	2286	2283	
580	2288	2268	
589	2289	2288	
582	2268	2289	
2288	2289	2268	
581	723	2267	
590	2290	723	
580	2267	2290	
723	2290	2267	
580	2290	2288	
590	2291	2290	
589	2288	2291	
2290	2291	2288	
582	2289	2293	
589	2292	2289	
591	2293	2292	
2289	2292	2293	
582	2293	2271	
591	2294	2293	
583	2271	2294	
2293	2294	2271	
583	2294	2296	
591	2295	2294	
592	2296	2295	
2294	2295	2296	
583	2296	2274	
592	2297	2296	
584	2274	2297	
2296	2297	2274	
585	2279	2298	
584	2297	2279	
592	2298	2297	
2279	2297	2298	
593	2299	2300	
586	2282	2299	
585	2300	2282	
2299	2282	2300	
592	2301	2298	
593	2300	2301	
585	2298	2300	
2301	2300	2298	
594	2302	2303	
587	2285	2302	
586	2303	2285	
2302	2285	2303	
593	2304	2299	
594	2303	2304	
586	2299	2303	
2304	2303	2299	
595	691	2305	
588	2287	691	
587	2305	2287	
691	2287	2305	
594	2306	2302	
595	2305	2306	
587	2302	2305	
2306	2305	2302	
589	2307	2292	
596	2308	2307	
591	2292	2308	
2307	2308	2292	
590	724	2291	
597	2309	724	
589	2291	2309	
724	2309	2291	
589	2309	2307	
597	2310	2309	
596	2307	2310	
2309	2310	2307	
591	2308	2312	
596	2311	2308	
598	2312	2311	
2308	2311	2312	
591	2312	2295	
598	2313	2312	
592	2295	2313	
2312	2313	2295	
599	2314	2315	
593	2301	2314	
592	2315	2301	
2314	2301	2315	
592	2313	2315	
598	2316	2313	
599	2315	2316	
2313	2316	2315	
600	2317	2318	
594	2304	2317	
593	2318	2304	
2317	2304	2318	
599	2319	2314	
600	2318	2319	
593	2314	2318	
2319	2318	2314	
601	692	2320	
595	2306	692	
594	2320	2306	
692	2306	2320	
600	2321	2317	
601	2320	2321	
594	2317	2320	
2321	2320	2317	
596	2322	2311	
602	2323	2322	
598	2311	2323	
2322	2323	2311	
597	725	2310	
603	2324	725	
596	2310	2324	
725	2324	2310	
596	2324	2322	
603	2325	2324	
602	2322	2325	
2324	2325	2322	
604	2326	2327	
600	2319	2326	
599	2327	2319	
2326	2319	2327	
598	2323	2329	
602	2328	2323	
604	2329	2328	
2323	2328	2329	
604	2327	2329	
599	2316	2327	
598	2329	2316	
2327	2316	2329	
605	693	2330	
601	2321	693	
600	2330	2321	
693	2321	2330	
604	2331	2326	
605	2330	2331	
600	2326	2330	
2331	2330	2326	
602	2332	2328	
606	2333	2332	
604	2328	2333	
2332	2333	2328	
603	726	2325	
607	2334	726	
602	2325	2334	
726	2334	2325	
602	2334	2332	
607	2335	2334	
606	2332	2335	
2334	2335	2332	
608	694	2336	
605	2331	694	
604	2336	2331	
694	2331	2336	
608	2336	2337	
604	2333	2336	
606	2337	2333	
2336	2333	2337	
607	727	2335	
609	2338	727	
606	2335	2338	
727	2338	2335	
609	695	2338	
608	2337	695	
606	2338	2337	
695	2337	2338	
