201	6
1.48356	0	0	1.48356	0	0	
1.1044	0	0.104396	1	0	0	
1.17808	0	0.175467	1.00262	0	0	
1.21654	0	0.210161	1.00638	0	0	
1.23238	0	0.221949	1.01043	0	0	
1.25767	0	0.242971	1.0147	0	0	
1.27298	0	0.2533	1.01968	0	0	
1.25987	0	0.234667	1.0252	0	0	
1.26161	0	0.230785	1.03082	0	0	
1.2809	0	0.244543	1.03636	0	0	
1.29275	0	0.250799	1.04195	0	0	
1.29931	0	0.251476	1.04784	0	0	
1.3167	0	0.262224	1.05448	0	0	
1.33735	0	0.275676	1.06167	0	0	
1.33781	0	0.268507	1.0693	0	0	
1.33292	0	0.255683	1.07724	0	0	
1.34884	0	0.263734	1.08511	0	0	
1.35816	0	0.265432	1.09273	0	0	
1.36065	0	0.259875	1.10077	0	0	
1.36353	0	0.25428	1.10925	0	0	
1.37671	0	0.258715	1.11799	0	0	
1.39146	0	0.264339	1.12713	0	0	
1.38656	0	0.249922	1.13664	0	0	
1.3971	0	0.250816	1.14629	0	0	
1.41788	0	0.261644	1.15624	0	0	
1.43469	0	0.268495	1.1662	0	0	
1.44049	0	0.263971	1.17652	0	0	
1.44739	0	0.260068	1.18732	0	0	
1.46788	0	0.269253	1.19863	0	0	
1.48187	0	0.271596	1.21027	0	0	
1.48195	0	0.25973	1.22222	0	0	
1.4902	0	0.2562	1.234	0	0	
1.51707	0	0.271026	1.24605	0	0	
1.53569	0	0.27759	1.2581	0	0	
1.55004	0	0.279348	1.27069	0	0	
1.55656	0	0.273502	1.28306	0	0	
1.58024	0	0.284153	1.29609	0	0	
1.6032	0	0.293616	1.30958	0	0	
1.6052	0	0.281825	1.32338	0	0	
1.61831	0	0.280267	1.33804	0	0	
1.6381	0	0.285455	1.35265	0	0	
1.65576	0	0.288058	1.36771	0	0	
1.67548	0	0.291975	1.38351	0	0	
1.68544	0	0.286289	1.39916	0	0	
1.6998	0	0.284407	1.41539	0	0	
1.72405	0	0.291207	1.43284	0	0	
1.74465	0	0.293986	1.45066	0	0	
1.75747	0	0.289158	1.46831	0	0	
1.77901	0	0.292106	1.4869	0	0	
1.80872	0	0.302462	1.50625	0	0	
1.82822	0	0.302119	1.5261	0	0	
1.84701	0	0.301194	1.54581	0	0	
1.86978	0	0.304174	1.5656	0	0	
1.89339	0	0.307072	1.58632	0	0	
1.91532	0	0.307548	1.60777	0	0	
1.93678	0	0.306642	1.63014	0	0	
1.96686	0	0.313283	1.65358	0	0	
1.99468	0	0.316867	1.67781	0	0	
2.01957	0	0.316151	1.70342	0	0	
2.04658	0	0.315809	1.73077	0	0	
2.08057	0	0.321735	1.75883	0	0	
2.11131	0	0.323381	1.78793	0	0	
2.14215	0	0.323589	1.81856	0	0	
2.17936	0	0.329963	1.84939	0	0	
2.2237	0	0.343267	1.88044	0	0	
2.25975	0	0.347709	1.91204	0	0	
2.28845	0	0.343858	1.94459	0	0	
2.32308	0	0.344508	1.97857	0	0	
2.35862	0	0.343193	2.01542	0	0	
2.40136	0	0.345804	2.05556	0	0	
2.44464	0	0.347867	2.09677	0	0	
2.48957	0	0.350949	2.13862	0	0	
2.53814	0	0.355319	2.18282	0	0	
2.58833	0	0.360402	2.22793	0	0	
2.63477	0	0.359587	2.27519	0	0	
2.68063	0	0.355213	2.32541	0	0	
2.74729	0	0.370091	2.3772	0	0	
2.81356	0	0.382563	2.43099	0	0	
2.86788	0	0.379803	2.48808	0	0	
2.9242	0	0.378194	2.54601	0	0	
2.99114	0	0.386736	2.6044	0	0	
3.05952	0	0.395062	2.66446	0	0	
3.12963	0	0.400345	2.72929	0	0	
3.18612	0	0.390216	2.7959	0	0	
3.25214	0	0.386771	2.86537	0	0	
3.33908	0	0.402607	2.93647	0	0	
3.42688	0	0.416171	3.01071	0	0	
3.51071	0	0.420679	3.09004	0	0	
3.59157	0	0.42364	3.16793	0	0	
3.66749	0	0.421867	3.24562	0	0	
3.75174	0	0.425878	3.32587	0	0	
3.86091	0	0.448344	3.41257	0	0	
3.96004	0	0.456579	3.50346	0	0	
4.04902	0	0.454902	3.59412	0	0	
4.14192	0	0.453462	3.68846	0	0	
4.25713	0	0.46975	3.78738	0	0	
4.36498	0	0.476643	3.88833	0	0	
4.47083	0	0.481841	3.98899	0	0	
4.57299	0	0.481367	4.09162	0	0	
4.67645	0	0.479426	4.19703	0	0	
4.79053	0	0.486131	4.3044	0	0	
4.90612	0	0.489273	4.41685	0	0	
5.03665	0	0.494563	4.54209	0	0	
5.17904	0	0.502632	4.67641	0	0	
5.33473	0	0.527246	4.80748	0	0	
5.47065	0	0.535021	4.93563	0	0	
5.59702	0	0.533602	5.06342	0	0	
5.72447	0	0.534549	5.18992	0	0	
5.85674	0	0.536352	5.32039	0	0	
6.0021	0	0.543545	5.45856	0	0	
6.15814	0	0.556126	5.60201	0	0	
6.32642	0	0.574535	5.75188	0	0	
6.49053	0	0.579309	5.91123	0	0	
6.66782	0	0.587004	6.08081	0	0	
6.86433	0	0.604809	6.25952	0	0	
7.05484	0	0.620816	6.43402	0	0	
7.24706	0	0.641303	6.60575	0	0	
7.45127	0	0.665655	6.78561	0	0	
7.65744	0	0.681834	6.97561	0	0	
7.83891	0	0.684482	7.15443	0	0	
8.00692	0	0.684013	7.32291	0	0	
8.17687	0	0.682994	7.49388	0	0	
8.36833	0	0.687612	7.68072	0	0	
8.58782	0	0.705015	7.8828	0	0	
8.82707	0	0.739651	8.08742	0	0	
9.0563	0	0.764374	8.29192	0	0	
9.2729	0	0.766308	8.50659	0	0	
9.50127	0	0.768542	8.73273	0	0	
9.7547	0	0.796397	8.9583	0	0	
10.002	0	0.818918	9.18313	0	0	
10.2393	0	0.835648	9.40365	0	0	
10.4842	0	0.85639	9.62783	0	0	
10.7308	0	0.875245	9.85558	0	0	
10.9719	0	0.885845	10.0861	0	0	
10.9592	0	0.655798	10.3034	0	0	
10.9235	0	0.605014	10.3185	0	0	
10.8515	0	0.569977	10.2815	0	0	
10.8065	0	0.548511	10.258	0	0	
10.7924	0	0.538298	10.2541	0	0	
10.7942	0	0.534648	10.2595	0	0	
10.804	0	0.533806	10.2702	0	0	
10.8116	0	0.534304	10.2773	0	0	
10.826	0	0.536185	10.2898	0	0	
10.8296	0	0.535389	10.2942	0	0	
10.8408	0	0.535523	10.3052	0	0	
10.8406	0	0.53315	10.3074	0	0	
10.8527	0	0.532911	10.3198	0	0	
10.8443	0	0.529959	10.3143	0	0	
10.8478	0	0.528467	10.3193	0	0	
10.854	0	0.528178	10.3258	0	0	
10.8459	0	0.526274	10.3196	0	0	
10.8486	0	0.524774	10.3239	0	0	
10.8568	0	0.524707	10.3321	0	0	
10.8475	0	0.522764	10.3247	0	0	
10.8417	0	0.521298	10.3204	0	0	
10.8339	0	0.522057	10.3118	0	0	
10.8327	0	0.521088	10.3116	0	0	
10.8325	0	0.520526	10.312	0	0	
10.831	0	0.520244	10.3108	0	0	
10.8278	0	0.520091	10.3077	0	0	
10.8246	0	0.520533	10.3041	0	0	
10.8241	0	0.521045	10.3031	0	0	
10.8277	0	0.520418	10.3073	0	0	
10.8334	0	0.520509	10.3129	0	0	
10.8292	0	0.520032	10.3092	0	0	
10.8273	0	0.520239	10.3071	0	0	
10.8256	0	0.520413	10.3052	0	0	
10.8246	0	0.519314	10.3053	0	0	
10.8271	0	0.51905	10.3081	0	0	
10.8181	0	0.516581	10.3015	0	0	
10.8161	0	0.515515	10.3006	0	0	
10.8137	0	0.514438	10.2992	0	0	
10.8131	0	0.513333	10.2997	0	0	
10.8125	0	0.512845	10.2997	0	0	
10.8127	0	0.512229	10.3005	0	0	
10.8141	0	0.512824	10.3013	0	0	
10.8146	0	0.512124	10.3025	0	0	
10.815	0	0.512594	10.3024	0	0	
10.8161	0	0.511862	10.3042	0	0	
10.8153	0	0.511986	10.3033	0	0	
10.8188	0	0.511721	10.3071	0	0	
10.8169	0	0.511648	10.3053	0	0	
10.8215	0	0.511647	10.3099	0	0	
10.8191	0	0.511673	10.3074	0	0	
10.8221	0	0.511426	10.3107	0	0	
10.8196	0	0.511482	10.3081	0	0	
10.823	0	0.511368	10.3117	0	0	
10.8204	0	0.511407	10.309	0	0	
10.8238	0	0.511311	10.3125	0	0	
10.8205	0	0.511162	10.3094	0	0	
10.8237	0	0.511044	10.3126	0	0	
10.8198	0	0.51079	10.309	0	0	
10.8227	0	0.510647	10.312	0	0	
10.8186	0	0.510396	10.3082	0	0	
10.8214	0	0.510235	10.3112	0	0	
10.8168	0	0.509847	10.307	0	0	
10.8194	0	0.50955	10.3099	0	0	
10.8146	0	0.509029	10.3056	0	0	
10.8177	0	0.508711	10.309	0	0	
10.8134	0	0.508225	10.3052	0	0	
10.8179	0	0.508137	10.3097	0	0	
