  7.75050200946
  7.76251184392
  7.77509243911
  7.78742573778
  7.79986432275
  7.81753271959
  7.83846755725
  7.85790608693
  7.87663937502
  7.89534393075
  7.91315688468
  7.93129451520
  7.95299493159
  7.97789880548
  8.00229210445
  8.02537234662
  8.04884812155
  8.07196586982
  8.09512232797
  8.11944872162
  8.14743404522
  8.17697057414
  8.20506539584
  8.23312097143
  8.26129228756
  8.28966013181
  8.31813185340
  8.34816603440
  8.38174980502
  8.41610913070
  8.44952907531
  8.48233721096
  8.51556791194
  8.54849891672
  8.58241104466
  8.61703318549
  8.65470977921
  8.69456586315
  8.73301871942
  8.77176456714
  8.81129906614
  8.85001993926
  8.88942385166
  8.92944552669
  8.97105094837
  9.01448766422
  9.05926931842
  9.10365937524
  9.14860311871
  9.19486330424
  9.24037126383
  9.28645269731
  9.33488720138
  9.38545148069
  9.43631264958
  9.48683230898
  9.53820649778
  9.59042699537
  9.64367390641
  9.69843177841
  9.75575196716
  9.81406568600
  9.87116614126
  9.92817091632
  9.98703095641
 10.04727773694
 10.10868906626
 10.17264438259
 10.23753236025
 10.30338330356
 10.37024358909
 10.43906721627
 10.50985880089
 10.58323767069
 10.65730761261
 10.73056690738
 10.80690025514
 10.88685612750
 10.96613159828
 11.04272360316
 11.12018099569
 11.20126079325
 11.28513814833
 11.36889861179
 11.45330093352
 11.54107531415
 11.63189562424
 11.72256102201
 11.81283266719
 11.90149893479
 11.99112873722
 12.08501955142
 12.18028458595
 12.27611350284
 12.37149208438
 12.46822100420
 12.56568955364
 12.66516422100
 12.76533686636
 12.86545088659
 12.96925190302
 13.07734513533
 13.18627165882
 13.29221055356
 13.39948964877
 13.50779167694
 13.61591134126
 13.72533657276
 13.83559758627
 13.94627374283
 14.06031270410
 14.18024488392
 14.30324182073
 14.42542295679
 14.54450753739
 14.66148648722
 14.78031725379
 14.90347257669
 15.02684448356
 15.14860306982
 15.27018221829
 15.39282530511
 15.51689357397
 15.63996369140
 15.76482172904
 15.89448379740
 16.02723085316
 16.15820723853
 16.29098768435
 16.42332906512
 16.55419145888
 16.68520662058
 16.81658003742
 16.94350118645
 16.94145913253
 16.93324648097
 16.92356269834
 16.92076541430
 16.92156919588
 16.92488315866
 16.92498137691
 16.92681586669
 16.92620147585
 16.92881515788
 16.92839915344
 16.93140346264
 16.93004770633
 16.93184981151
 16.93414608346
 16.93362904300
 16.93586542849
 16.93925892184
 16.93842401947
 16.93843093538
 16.93506471433
 16.93638560275
 16.93782371152
 16.93936966034
 16.94040749963
 16.94125843039
 16.94186733155
 16.94249690795
 16.94243827542
 16.94217142637
 16.94185279576
 16.94098697172
 16.93939956458
 16.93651752667
 16.93506519857
 16.93555748937
 16.93606157699
 16.93711840077
 16.93777738656
 16.93850632435
 16.93882481502
 16.93950278228
 16.93941833025
 16.94044117874
 16.93986180925
 16.94143465757
 16.94029044420
 16.94204119285
 16.94060945341
 16.94208805099
 16.94075825096
 16.94233690396
 16.94101586177
 16.94262987588
 16.94127719623
 16.94287577290
 16.94142987402
 16.94298792606
 16.94157886574
 16.94315024143
 16.94174146963
 16.94334797861
 16.94203137741
 16.94380596473
 16.94261118588
 16.94441177977
