568 20
0 8
6029
6039
6048
6056
6062
6066
6069
6070

1 14
5891
5904
5917
5929
5941
5953
5964
5975
5986
5997
6007
6017
6018
6029

2 21
5880
5871
5892
5905
5918
5931
5943
5955
5966
5977
5988
5999
6009
6020
6031
6041
6050
6058
6064
6068
6070

3 62
3623
3717
3816
3909
3998
4086
4171
4252
4330
4406
4483
4558
4628
4697
4758
4821
4881
4882
4891
4949
5003
5006
5007
5062
5114
5117
5166
5168
5216
5218
5264
5300
5311
5353
5355
5395
5397
5435
5437
5474
5509
5512
5546
5570
5571
5581
5612
5629
5658
5685
5710
5733
5754
5773
5791
5808
5825
5841
5855
5868
5879
5891

4 35
4619
4548
4689
4755
4818
4878
4937
4993
5049
5103
5154
5203
5252
5297
5341
5383
5423
5462
5498
5534
5567
5600
5631
5660
5687
5712
5735
5756
5775
5793
5811
5829
5845
5859
5871

5 51
3262
3160
3360
3457
3553
3651
3747
3847
3942
4032
4121
4208
4290
4370
4447
4523
4598
4667
4734
4798
4858
4920
4977
5033
5089
5142
5192
5242
5288
5333
5376
5417
5457
5494
5531
5565
5598
5628
5656
5682
5707
5730
5751
5770
5788
5805
5822
5837
5851
5860
5871

6 64
346
323
372
400
431
464
516
571
627
699
782
896
1019
1138
1249
1351
1451
1556
1661
1765
1858
1952
2040
2127
2207
2291
2372
2448
2521
2592
2678
2763
2853
2949
3043
3141
3242
3341
3434
3455
3549
3551
3647
3649
3743
3745
3843
3845
3938
3940
4028
4030
4117
4118
4193
4271
4272
4332
4333
4394
4395
4470
4471
4548

7 3
3622
3623
3714

8 22
1931
2024
2112
2198
2281
2364
2441
2514
2585
2670
2754
2842
2930
3024
3119
3220
3317
3411
3506
3527
3621
3714

9 6
3160
3159
3213
3135
3214
3215

10 36
1083
963
1196
1301
1401
1501
1606
1711
1717
1813
1912
2008
2097
2184
2269
2353
2431
2505
2576
2586
2671
2755
2758
2846
2848
2849
2936
2937
2940
2941
2942
2943
2944
2945
3038
3135

11 36
1400
1500
1605
1710
1812
1911
2007
2096
2183
2268
2352
2430
2504
2575
2646
2648
2647
2649
2650
2651
2652
2653
2654
2655
2656
2657
2658
2659
2660
2661
2696
2781
2871
2967
3061
3160

12 3
1736
1834
1931

13 61
214
227
240
252
264
265
274
286
288
303
311
312
322
342
356
367
391
409
410
411
440
465
517
519
520
573
572
595
628
629
632
634
630
635
636
637
638
639
640
641
642
643
644
645
666
700
701
702
703
704
749
864
987
1106
1218
1321
1421
1525
1629
1632
1736

14 6
963
961
1082
1195
1300
1400

15 52
291
275
308
329
353
379
407
438
472
528
586
658
738
825
946
1066
1180
1284
1290
1289
1291
1292
1293
1294
1295
1296
1297
1298
1353
1376
1400
1452
1456
1475
1561
1563
1564
1565
1566
1567
1568
1569
1570
1571
1572
1573
1574
1575
1576
1577
1578
1579

16 21
0
3
12
24
37
46
58
69
79
91
103
115
127
139
151
163
170
182
188
201
214

17 35
289
275
305
324
323
344
347
368
369
393
395
422
425
452
456
484
489
490
491
492
493
494
495
496
497
498
499
500
501
502
503
504
505
506
507

18 21
38
25
51
63
75
87
99
111
123
135
147
159
172
185
198
211
224
237
249
261
275

19 11
1
0
4
5
6
7
8
9
13
14
25

