548 20
0 7
6029 6039 
6039 6048 
6048 6056 
6056 6062 
6062 6066 
6066 6069 
6069 6070 

1 13
5891 5904 
5904 5917 
5917 5929 
5929 5941 
5941 5953 
5953 5964 
5964 5975 
5975 5986 
5986 5997 
5997 6007 
6007 6017 
6017 6018 
6018 6029 

2 20
5880 5871 
5892 5880 
5905 5892 
5918 5905 
5931 5918 
5943 5931 
5955 5943 
5966 5955 
5977 5966 
5988 5977 
5999 5988 
6009 5999 
6020 6009 
6031 6020 
6041 6031 
6050 6041 
6058 6050 
6064 6058 
6068 6064 
6070 6068 

3 61
3623 3717 
3717 3816 
3816 3909 
3909 3998 
3998 4086 
4086 4171 
4171 4252 
4252 4330 
4330 4406 
4406 4483 
4483 4558 
4558 4628 
4628 4697 
4697 4758 
4758 4821 
4821 4881 
4881 4882 
4882 4891 
4891 4949 
4949 5003 
5003 5006 
5006 5007 
5007 5062 
5062 5114 
5114 5117 
5117 5166 
5166 5168 
5168 5216 
5216 5218 
5218 5264 
5264 5300 
5300 5311 
5311 5353 
5353 5355 
5355 5395 
5395 5397 
5397 5435 
5435 5437 
5437 5474 
5474 5509 
5509 5512 
5512 5546 
5546 5570 
5570 5571 
5571 5581 
5581 5612 
5612 5629 
5629 5658 
5658 5685 
5685 5710 
5710 5733 
5733 5754 
5754 5773 
5773 5791 
5791 5808 
5808 5825 
5825 5841 
5841 5855 
5855 5868 
5868 5879 
5879 5891 

4 34
4619 4548 
4689 4619 
4755 4689 
4818 4755 
4878 4818 
4937 4878 
4993 4937 
5049 4993 
5103 5049 
5154 5103 
5203 5154 
5252 5203 
5297 5252 
5341 5297 
5383 5341 
5423 5383 
5462 5423 
5498 5462 
5534 5498 
5567 5534 
5600 5567 
5631 5600 
5660 5631 
5687 5660 
5712 5687 
5735 5712 
5756 5735 
5775 5756 
5793 5775 
5811 5793 
5829 5811 
5845 5829 
5859 5845 
5871 5859 

5 50
3262 3160 
3360 3262 
3457 3360 
3553 3457 
3651 3553 
3747 3651 
3847 3747 
3942 3847 
4032 3942 
4121 4032 
4208 4121 
4290 4208 
4370 4290 
4447 4370 
4523 4447 
4598 4523 
4667 4598 
4734 4667 
4798 4734 
4858 4798 
4920 4858 
4977 4920 
5033 4977 
5089 5033 
5142 5089 
5192 5142 
5242 5192 
5288 5242 
5333 5288 
5376 5333 
5417 5376 
5457 5417 
5494 5457 
5531 5494 
5565 5531 
5598 5565 
5628 5598 
5656 5628 
5682 5656 
5707 5682 
5730 5707 
5751 5730 
5770 5751 
5788 5770 
5805 5788 
5822 5805 
5837 5822 
5851 5837 
5860 5851 
5871 5860 

6 63
346 323 
372 346 
400 372 
431 400 
464 431 
516 464 
571 516 
627 571 
699 627 
782 699 
896 782 
1019 896 
1138 1019 
1249 1138 
1351 1249 
1451 1351 
1556 1451 
1661 1556 
1765 1661 
1858 1765 
1952 1858 
2040 1952 
2127 2040 
2207 2127 
2291 2207 
2372 2291 
2448 2372 
2521 2448 
2592 2521 
2678 2592 
2763 2678 
2853 2763 
2949 2853 
3043 2949 
3141 3043 
3242 3141 
3341 3242 
3434 3341 
3455 3434 
3549 3455 
3551 3549 
3647 3551 
3649 3647 
3743 3649 
3745 3743 
3843 3745 
3845 3843 
3938 3845 
3940 3938 
4028 3940 
4030 4028 
4117 4030 
4118 4117 
4193 4118 
4271 4272 
4272 4193 
4332 4271 
4333 4332 
4394 4333 
4395 4394 
4470 4395 
4471 4470 
4548 4471 

7 2
3622 3623 
3714 3622 

8 21
1931 2024 
2024 2112 
2112 2198 
2198 2281 
2281 2364 
2364 2441 
2441 2514 
2514 2585 
2585 2670 
2670 2754 
2754 2842 
2842 2930 
2930 3024 
3024 3119 
3119 3220 
3220 3317 
3317 3411 
3411 3506 
3506 3527 
3527 3621 
3621 3714 

9 5
3160 3159 
3213 3135 
3214 3213 
3159 3215 
3215 3214 

10 35
1083 963 
1196 1083 
1301 1196 
1401 1301 
1501 1401 
1606 1501 
1711 1606 
1717 1711 
1813 1717 
1912 1813 
2008 1912 
2097 2008 
2184 2097 
2269 2184 
2353 2269 
2431 2353 
2505 2431 
2576 2505 
2586 2576 
2671 2586 
2755 2671 
2758 2755 
2846 2758 
2848 2846 
2849 2848 
2936 2849 
2937 2936 
2940 2937 
2941 2940 
2942 2941 
2943 2942 
2944 2943 
2945 2944 
3038 2945 
3135 3038 

11 35
1400 1500 
1500 1605 
1605 1710 
1710 1812 
1812 1911 
1911 2007 
2007 2096 
2096 2183 
2183 2268 
2268 2352 
2352 2430 
2430 2504 
2504 2575 
2575 2646 
2648 2647 
2649 2648 
2650 2649 
2651 2650 
2652 2651 
2653 2652 
2646 2654 
2655 2653 
2656 2655 
2657 2656 
2658 2657 
2659 2658 
2654 2660 
2660 2661 
2661 2659 
2647 2696 
2696 2781 
2781 2871 
2871 2967 
2967 3061 
3061 3160 

12 2
1736 1834 
1834 1931 

13 60
214 227 
227 240 
240 252 
252 264 
264 265 
265 274 
274 286 
286 288 
288 303 
303 311 
311 312 
312 322 
322 342 
342 356 
356 367 
367 391 
391 409 
409 410 
410 411 
411 440 
440 465 
465 517 
517 519 
519 520 
520 573 
572 595 
573 628 
628 629 
632 572 
634 632 
630 635 
635 636 
636 637 
637 638 
638 639 
639 640 
640 641 
641 642 
643 634 
644 643 
642 645 
645 644 
595 666 
700 630 
701 700 
702 701 
703 702 
629 704 
704 703 
666 749 
749 864 
864 987 
987 1106 
1106 1218 
1218 1321 
1321 1421 
1421 1525 
1525 1629 
1629 1632 
1632 1736 

14 5
963 961 
961 1082 
1082 1195 
1195 1300 
1300 1400 

15 51
291 275 
308 291 
329 308 
353 329 
379 353 
407 379 
438 407 
472 438 
528 472 
586 528 
658 586 
738 658 
825 738 
946 825 
1066 946 
1180 1066 
1284 1180 
1290 1289 
1291 1290 
1292 1291 
1293 1292 
1294 1293 
1295 1294 
1296 1295 
1297 1296 
1298 1297 
1289 1353 
1376 1284 
1400 1298 
1353 1452 
1452 1456 
1475 1376 
1456 1561 
1561 1563 
1563 1564 
1564 1565 
1565 1566 
1566 1567 
1567 1568 
1569 1475 
1568 1570 
1570 1571 
1572 1569 
1571 1573 
1573 1574 
1575 1572 
1576 1575 
1574 1577 
1577 1578 
1578 1579 
1579 1576 

16 20
0 3 
3 12 
12 24 
24 37 
37 46 
46 58 
58 69 
69 79 
79 91 
91 103 
103 115 
115 127 
127 139 
139 151 
151 163 
163 170 
170 182 
182 188 
188 201 
201 214 

17 34
289 275 
305 289 
324 305 
323 344 
347 324 
368 347 
344 369 
393 368 
369 395 
422 393 
395 425 
452 422 
425 456 
484 452 
489 484 
490 489 
491 490 
492 491 
456 493 
493 494 
494 495 
495 496 
496 497 
497 498 
498 499 
500 492 
499 501 
501 502 
502 503 
503 504 
504 505 
505 506 
506 507 
507 500 

18 20
38 25 
51 38 
63 51 
75 63 
87 75 
99 87 
111 99 
123 111 
135 123 
147 135 
159 147 
172 159 
185 172 
198 185 
211 198 
224 211 
237 224 
249 237 
261 249 
275 261 

19 10
1 0 
4 5 
5 6 
6 7 
7 8 
8 9 
9 1 
13 4 
14 13 
25 14 

