1096 20
0 14
6029 6071 
6071 6039 
6039 6072 
6072 6048 
6048 6073 
6073 6056 
6056 6074 
6074 6062 
6062 6075 
6075 6066 
6066 6076 
6076 6069 
6069 6077 
6077 6070 

1 26
5891 6078 
6078 5904 
5904 6079 
6079 5917 
5917 6080 
6080 5929 
5929 6081 
6081 5941 
5941 6082 
6082 5953 
5953 6083 
6083 5964 
5964 6084 
6084 5975 
5975 6085 
6085 5986 
5986 6086 
6086 5997 
5997 6087 
6087 6007 
6007 6088 
6088 6017 
6017 6089 
6089 6018 
6018 6090 
6090 6029 

2 40
5880 6091 
6091 5871 
5892 6092 
6092 5880 
5905 6093 
6093 5892 
5918 6094 
6094 5905 
5931 6095 
6095 5918 
5943 6096 
6096 5931 
5955 6097 
6097 5943 
5966 6098 
6098 5955 
5977 6099 
6099 5966 
5988 6100 
6100 5977 
5999 6101 
6101 5988 
6009 6102 
6102 5999 
6020 6103 
6103 6009 
6031 6104 
6104 6020 
6041 6105 
6105 6031 
6050 6106 
6106 6041 
6058 6107 
6107 6050 
6064 6108 
6108 6058 
6068 6109 
6109 6064 
6070 6110 
6110 6068 

3 122
3623 6111 
6111 3717 
3717 6112 
6112 3816 
3816 6113 
6113 3909 
3909 6114 
6114 3998 
3998 6115 
6115 4086 
4086 6116 
6116 4171 
4171 6117 
6117 4252 
4252 6118 
6118 4330 
4330 6119 
6119 4406 
4406 6120 
6120 4483 
4483 6121 
6121 4558 
4558 6122 
6122 4628 
4628 6123 
6123 4697 
4697 6124 
6124 4758 
4758 6125 
6125 4821 
4821 6126 
6126 4881 
4881 6127 
6127 4882 
4882 6128 
6128 4891 
4891 6129 
6129 4949 
4949 6130 
6130 5003 
5003 6131 
6131 5006 
5006 6132 
6132 5007 
5007 6133 
6133 5062 
5062 6134 
6134 5114 
5114 6135 
6135 5117 
5117 6136 
6136 5166 
5166 6137 
6137 5168 
5168 6138 
6138 5216 
5216 6139 
6139 5218 
5218 6140 
6140 5264 
5264 6141 
6141 5300 
5300 6142 
6142 5311 
5311 6143 
6143 5353 
5353 6144 
6144 5355 
5355 6145 
6145 5395 
5395 6146 
6146 5397 
5397 6147 
6147 5435 
5435 6148 
6148 5437 
5437 6149 
6149 5474 
5474 6150 
6150 5509 
5509 6151 
6151 5512 
5512 6152 
6152 5546 
5546 6153 
6153 5570 
5570 6154 
6154 5571 
5571 6155 
6155 5581 
5581 6156 
6156 5612 
5612 6157 
6157 5629 
5629 6158 
6158 5658 
5658 6159 
6159 5685 
5685 6160 
6160 5710 
5710 6161 
6161 5733 
5733 6162 
6162 5754 
5754 6163 
6163 5773 
5773 6164 
6164 5791 
5791 6165 
6165 5808 
5808 6166 
6166 5825 
5825 6167 
6167 5841 
5841 6168 
6168 5855 
5855 6169 
6169 5868 
5868 6170 
6170 5879 
5879 6171 
6171 5891 

4 68
4619 6172 
6172 4548 
4689 6173 
6173 4619 
4755 6174 
6174 4689 
4818 6175 
6175 4755 
4878 6176 
6176 4818 
4937 6177 
6177 4878 
4993 6178 
6178 4937 
5049 6179 
6179 4993 
5103 6180 
6180 5049 
5154 6181 
6181 5103 
5203 6182 
6182 5154 
5252 6183 
6183 5203 
5297 6184 
6184 5252 
5341 6185 
6185 5297 
5383 6186 
6186 5341 
5423 6187 
6187 5383 
5462 6188 
6188 5423 
5498 6189 
6189 5462 
5534 6190 
6190 5498 
5567 6191 
6191 5534 
5600 6192 
6192 5567 
5631 6193 
6193 5600 
5660 6194 
6194 5631 
5687 6195 
6195 5660 
5712 6196 
6196 5687 
5735 6197 
6197 5712 
5756 6198 
6198 5735 
5775 6199 
6199 5756 
5793 6200 
6200 5775 
5811 6201 
6201 5793 
5829 6202 
6202 5811 
5845 6203 
6203 5829 
5859 6204 
6204 5845 
5871 6205 
6205 5859 

5 100
3262 6206 
6206 3160 
3360 6207 
6207 3262 
3457 6208 
6208 3360 
3553 6209 
6209 3457 
3651 6210 
6210 3553 
3747 6211 
6211 3651 
3847 6212 
6212 3747 
3942 6213 
6213 3847 
4032 6214 
6214 3942 
4121 6215 
6215 4032 
4208 6216 
6216 4121 
4290 6217 
6217 4208 
4370 6218 
6218 4290 
4447 6219 
6219 4370 
4523 6220 
6220 4447 
4598 6221 
6221 4523 
4667 6222 
6222 4598 
4734 6223 
6223 4667 
4798 6224 
6224 4734 
4858 6225 
6225 4798 
4920 6226 
6226 4858 
4977 6227 
6227 4920 
5033 6228 
6228 4977 
5089 6229 
6229 5033 
5142 6230 
6230 5089 
5192 6231 
6231 5142 
5242 6232 
6232 5192 
5288 6233 
6233 5242 
5333 6234 
6234 5288 
5376 6235 
6235 5333 
5417 6236 
6236 5376 
5457 6237 
6237 5417 
5494 6238 
6238 5457 
5531 6239 
6239 5494 
5565 6240 
6240 5531 
5598 6241 
6241 5565 
5628 6242 
6242 5598 
5656 6243 
6243 5628 
5682 6244 
6244 5656 
5707 6245 
6245 5682 
5730 6246 
6246 5707 
5751 6247 
6247 5730 
5770 6248 
6248 5751 
5788 6249 
6249 5770 
5805 6250 
6250 5788 
5822 6251 
6251 5805 
5837 6252 
6252 5822 
5851 6253 
6253 5837 
5860 6254 
6254 5851 
5871 6255 
6255 5860 

6 126
346 6256 
6256 323 
372 6257 
6257 346 
400 6258 
6258 372 
431 6259 
6259 400 
464 6260 
6260 431 
516 6261 
6261 464 
571 6262 
6262 516 
627 6263 
6263 571 
699 6264 
6264 627 
782 6265 
6265 699 
896 6266 
6266 782 
1019 6267 
6267 896 
1138 6268 
6268 1019 
1249 6269 
6269 1138 
1351 6270 
6270 1249 
1451 6271 
6271 1351 
1556 6272 
6272 1451 
1661 6273 
6273 1556 
1765 6274 
6274 1661 
1858 6275 
6275 1765 
1952 6276 
6276 1858 
2040 6277 
6277 1952 
2127 6278 
6278 2040 
2207 6279 
6279 2127 
2291 6280 
6280 2207 
2372 6281 
6281 2291 
2448 6282 
6282 2372 
2521 6283 
6283 2448 
2592 6284 
6284 2521 
2678 6285 
6285 2592 
2763 6286 
6286 2678 
2853 6287 
6287 2763 
2949 6288 
6288 2853 
3043 6289 
6289 2949 
3141 6290 
6290 3043 
3242 6291 
6291 3141 
3341 6292 
6292 3242 
3434 6293 
6293 3341 
3455 6294 
6294 3434 
3549 6295 
6295 3455 
3551 6296 
6296 3549 
3647 6297 
6297 3551 
3649 6298 
6298 3647 
3743 6299 
6299 3649 
3745 6300 
6300 3743 
3843 6301 
6301 3745 
3845 6302 
6302 3843 
3938 6303 
6303 3845 
3940 6304 
6304 3938 
4028 6305 
6305 3940 
4030 6306 
6306 4028 
4117 6307 
6307 4030 
4118 6308 
6308 4117 
4193 6309 
6309 4118 
4271 6310 
6310 4272 
4272 6311 
6311 4193 
4332 6312 
6312 4271 
4333 6313 
6313 4332 
4394 6314 
6314 4333 
4395 6315 
6315 4394 
4470 6316 
6316 4395 
4471 6317 
6317 4470 
4548 6318 
6318 4471 

7 4
3622 6319 
6319 3623 
3714 6320 
6320 3622 

8 42
1931 6321 
6321 2024 
2024 6322 
6322 2112 
2112 6323 
6323 2198 
2198 6324 
6324 2281 
2281 6325 
6325 2364 
2364 6326 
6326 2441 
2441 6327 
6327 2514 
2514 6328 
6328 2585 
2585 6329 
6329 2670 
2670 6330 
6330 2754 
2754 6331 
6331 2842 
2842 6332 
6332 2930 
2930 6333 
6333 3024 
3024 6334 
6334 3119 
3119 6335 
6335 3220 
3220 6336 
6336 3317 
3317 6337 
6337 3411 
3411 6338 
6338 3506 
3506 6339 
6339 3527 
3527 6340 
6340 3621 
3621 6341 
6341 3714 

9 10
3160 6342 
6342 3159 
3213 6343 
6343 3135 
3214 6344 
6344 3213 
3159 6345 
6345 3215 
3215 6346 
6346 3214 

10 70
1083 6347 
6347 963 
1196 6348 
6348 1083 
1301 6349 
6349 1196 
1401 6350 
6350 1301 
1501 6351 
6351 1401 
1606 6352 
6352 1501 
1711 6353 
6353 1606 
1717 6354 
6354 1711 
1813 6355 
6355 1717 
1912 6356 
6356 1813 
2008 6357 
6357 1912 
2097 6358 
6358 2008 
2184 6359 
6359 2097 
2269 6360 
6360 2184 
2353 6361 
6361 2269 
2431 6362 
6362 2353 
2505 6363 
6363 2431 
2576 6364 
6364 2505 
2586 6365 
6365 2576 
2671 6366 
6366 2586 
2755 6367 
6367 2671 
2758 6368 
6368 2755 
2846 6369 
6369 2758 
2848 6370 
6370 2846 
2849 6371 
6371 2848 
2936 6372 
6372 2849 
2937 6373 
6373 2936 
2940 6374 
6374 2937 
2941 6375 
6375 2940 
2942 6376 
6376 2941 
2943 6377 
6377 2942 
2944 6378 
6378 2943 
2945 6379 
6379 2944 
3038 6380 
6380 2945 
3135 6381 
6381 3038 

11 70
1400 6382 
6382 1500 
1500 6383 
6383 1605 
1605 6384 
6384 1710 
1710 6385 
6385 1812 
1812 6386 
6386 1911 
1911 6387 
6387 2007 
2007 6388 
6388 2096 
2096 6389 
6389 2183 
2183 6390 
6390 2268 
2268 6391 
6391 2352 
2352 6392 
6392 2430 
2430 6393 
6393 2504 
2504 6394 
6394 2575 
2575 6395 
6395 2646 
2648 6396 
6396 2647 
2649 6397 
6397 2648 
2650 6398 
6398 2649 
2651 6399 
6399 2650 
2652 6400 
6400 2651 
2653 6401 
6401 2652 
2646 6402 
6402 2654 
2655 6403 
6403 2653 
2656 6404 
6404 2655 
2657 6405 
6405 2656 
2658 6406 
6406 2657 
2659 6407 
6407 2658 
2654 6408 
6408 2660 
2660 6409 
6409 2661 
2661 6410 
6410 2659 
2647 6411 
6411 2696 
2696 6412 
6412 2781 
2781 6413 
6413 2871 
2871 6414 
6414 2967 
2967 6415 
6415 3061 
3061 6416 
6416 3160 

12 4
1736 6417 
6417 1834 
1834 6418 
6418 1931 

13 120
214 6419 
6419 227 
227 6420 
6420 240 
240 6421 
6421 252 
252 6422 
6422 264 
264 6423 
6423 265 
265 6424 
6424 274 
274 6425 
6425 286 
286 6426 
6426 288 
288 6427 
6427 303 
303 6428 
6428 311 
311 6429 
6429 312 
312 6430 
6430 322 
322 6431 
6431 342 
342 6432 
6432 356 
356 6433 
6433 367 
367 6434 
6434 391 
391 6435 
6435 409 
409 6436 
6436 410 
410 6437 
6437 411 
411 6438 
6438 440 
440 6439 
6439 465 
465 6440 
6440 517 
517 6441 
6441 519 
519 6442 
6442 520 
520 6443 
6443 573 
572 6444 
6444 595 
573 6445 
6445 628 
628 6446 
6446 629 
632 6447 
6447 572 
634 6448 
6448 632 
630 6449 
6449 635 
635 6450 
6450 636 
636 6451 
6451 637 
637 6452 
6452 638 
638 6453 
6453 639 
639 6454 
6454 640 
640 6455 
6455 641 
641 6456 
6456 642 
643 6457 
6457 634 
644 6458 
6458 643 
642 6459 
6459 645 
645 6460 
6460 644 
595 6461 
6461 666 
700 6462 
6462 630 
701 6463 
6463 700 
702 6464 
6464 701 
703 6465 
6465 702 
629 6466 
6466 704 
704 6467 
6467 703 
666 6468 
6468 749 
749 6469 
6469 864 
864 6470 
6470 987 
987 6471 
6471 1106 
1106 6472 
6472 1218 
1218 6473 
6473 1321 
1321 6474 
6474 1421 
1421 6475 
6475 1525 
1525 6476 
6476 1629 
1629 6477 
6477 1632 
1632 6478 
6478 1736 

14 10
963 6479 
6479 961 
961 6480 
6480 1082 
1082 6481 
6481 1195 
1195 6482 
6482 1300 
1300 6483 
6483 1400 

15 102
291 6484 
6484 275 
308 6485 
6485 291 
329 6486 
6486 308 
353 6487 
6487 329 
379 6488 
6488 353 
407 6489 
6489 379 
438 6490 
6490 407 
472 6491 
6491 438 
528 6492 
6492 472 
586 6493 
6493 528 
658 6494 
6494 586 
738 6495 
6495 658 
825 6496 
6496 738 
946 6497 
6497 825 
1066 6498 
6498 946 
1180 6499 
6499 1066 
1284 6500 
6500 1180 
1290 6501 
6501 1289 
1291 6502 
6502 1290 
1292 6503 
6503 1291 
1293 6504 
6504 1292 
1294 6505 
6505 1293 
1295 6506 
6506 1294 
1296 6507 
6507 1295 
1297 6508 
6508 1296 
1298 6509 
6509 1297 
1289 6510 
6510 1353 
1376 6511 
6511 1284 
1400 6512 
6512 1298 
1353 6513 
6513 1452 
1452 6514 
6514 1456 
1475 6515 
6515 1376 
1456 6516 
6516 1561 
1561 6517 
6517 1563 
1563 6518 
6518 1564 
1564 6519 
6519 1565 
1565 6520 
6520 1566 
1566 6521 
6521 1567 
1567 6522 
6522 1568 
1569 6523 
6523 1475 
1568 6524 
6524 1570 
1570 6525 
6525 1571 
1572 6526 
6526 1569 
1571 6527 
6527 1573 
1573 6528 
6528 1574 
1575 6529 
6529 1572 
1576 6530 
6530 1575 
1574 6531 
6531 1577 
1577 6532 
6532 1578 
1578 6533 
6533 1579 
1579 6534 
6534 1576 

16 40
0 6535 
6535 3 
3 6536 
6536 12 
12 6537 
6537 24 
24 6538 
6538 37 
37 6539 
6539 46 
46 6540 
6540 58 
58 6541 
6541 69 
69 6542 
6542 79 
79 6543 
6543 91 
91 6544 
6544 103 
103 6545 
6545 115 
115 6546 
6546 127 
127 6547 
6547 139 
139 6548 
6548 151 
151 6549 
6549 163 
163 6550 
6550 170 
170 6551 
6551 182 
182 6552 
6552 188 
188 6553 
6553 201 
201 6554 
6554 214 

17 68
289 6555 
6555 275 
305 6556 
6556 289 
324 6557 
6557 305 
323 6558 
6558 344 
347 6559 
6559 324 
368 6560 
6560 347 
344 6561 
6561 369 
393 6562 
6562 368 
369 6563 
6563 395 
422 6564 
6564 393 
395 6565 
6565 425 
452 6566 
6566 422 
425 6567 
6567 456 
484 6568 
6568 452 
489 6569 
6569 484 
490 6570 
6570 489 
491 6571 
6571 490 
492 6572 
6572 491 
456 6573 
6573 493 
493 6574 
6574 494 
494 6575 
6575 495 
495 6576 
6576 496 
496 6577 
6577 497 
497 6578 
6578 498 
498 6579 
6579 499 
500 6580 
6580 492 
499 6581 
6581 501 
501 6582 
6582 502 
502 6583 
6583 503 
503 6584 
6584 504 
504 6585 
6585 505 
505 6586 
6586 506 
506 6587 
6587 507 
507 6588 
6588 500 

18 40
38 6589 
6589 25 
51 6590 
6590 38 
63 6591 
6591 51 
75 6592 
6592 63 
87 6593 
6593 75 
99 6594 
6594 87 
111 6595 
6595 99 
123 6596 
6596 111 
135 6597 
6597 123 
147 6598 
6598 135 
159 6599 
6599 147 
172 6600 
6600 159 
185 6601 
6601 172 
198 6602 
6602 185 
211 6603 
6603 198 
224 6604 
6604 211 
237 6605 
6605 224 
249 6606 
6606 237 
261 6607 
6607 249 
275 6608 
6608 261 

19 20
1 6609 
6609 0 
4 6610 
6610 5 
5 6611 
6611 6 
6 6612 
6612 7 
7 6613 
6613 8 
8 6614 
6614 9 
9 6615 
6615 1 
13 6616 
6616 4 
14 6617 
6617 13 
25 6618 
6618 14 

