1737 27
0 15
0
1
2
3
4
5
6
7
8149
8150
8151
8152
8153
8154
8155

1 53
12
2
20
29
38
47
56
65
75
83
94
105
116
126
147
149
150
151
152
153
165
166
167
208
212
213
261
8156
8157
8158
8159
8160
8161
8162
8163
8164
8165
8166
8167
8168
8169
8170
8171
8172
8173
8174
8175
8176
8177
8178
8179
8180
8181

2 53
1
10
19
28
33
42
51
61
71
79
89
99
110
121
122
125
143
145
146
185
186
187
188
229
230
278
332
8182
8183
8184
8185
8186
8187
8188
8189
8190
8191
8192
8193
8194
8195
8196
8197
8198
8199
8200
8201
8202
8203
8204
8205
8206
8207

3 21
140
123
168
169
170
172
174
175
176
177
178
8208
8209
8210
8211
8212
8213
8214
8215
8216
8217

4 15
214
168
262
313
369
427
480
528
8218
8219
8220
8221
8222
8223
8224

5 15
123
124
142
182
228
277
331
388
8225
8226
8227
8228
8229
8230
8231

6 35
388
387
444
443
493
494
529
528
530
531
532
533
534
535
536
537
538
539
8232
8233
8234
8235
8236
8237
8238
8239
8240
8241
8242
8243
8244
8245
8246
8247
8248

7 37
573
528
574
619
620
664
707
708
709
710
711
712
713
756
757
758
806
807
808
8249
8250
8251
8252
8253
8254
8255
8256
8257
8258
8259
8260
8261
8262
8263
8264
8265
8266

8 201
388
447
499
546
594
641
687
738
788
837
883
926
968
1006
1044
1080
1117
1151
1187
1222
1258
1295
1333
1370
1408
1446
1483
1520
1567
1629
1689
1749
1807
1861
1916
1968
2019
2069
2117
2164
2211
2258
2309
2359
2412
2470
2526
2584
2647
2712
2780
2849
2917
2982
3050
3117
3183
3250
3316
3382
3449
3514
3579
3645
3710
3777
3843
3909
3974
4040
4105
4171
4234
4298
4363
4423
4488
4548
4610
4677
4693
4759
4823
4876
4877
4945
4947
5016
5018
5087
5088
5152
5153
5223
5294
5295
5366
5367
5440
5441
5518
8267
8268
8269
8270
8271
8272
8273
8274
8275
8276
8277
8278
8279
8280
8281
8282
8283
8284
8285
8286
8287
8288
8289
8290
8291
8292
8293
8294
8295
8296
8297
8298
8299
8300
8301
8302
8303
8304
8305
8306
8307
8308
8309
8310
8311
8312
8313
8314
8315
8316
8317
8318
8319
8320
8321
8322
8323
8324
8325
8326
8327
8328
8329
8330
8331
8332
8333
8334
8335
8336
8337
8338
8339
8340
8341
8342
8343
8344
8345
8346
8347
8348
8349
8350
8351
8352
8353
8354
8355
8356
8357
8358
8359
8360
8361
8362
8363
8364
8365
8366

9 65
855
808
900
941
982
1020
1058
1094
1130
1165
1200
1236
1273
1311
1348
1386
1424
1461
1498
1545
1603
1662
1722
1781
1835
1890
1942
1993
2043
2091
2138
2185
2231
8367
8368
8369
8370
8371
8372
8373
8374
8375
8376
8377
8378
8379
8380
8381
8382
8383
8384
8385
8386
8387
8388
8389
8390
8391
8392
8393
8394
8395
8396
8397
8398

10 37
938
897
979
1017
1055
1091
1127
1162
1195
1231
1263
1270
1308
1345
1381
1419
1456
1493
1530
8399
8400
8401
8402
8403
8404
8405
8406
8407
8408
8409
8410
8411
8412
8413
8414
8415
8416

11 37
885
927
969
1007
1045
1081
1118
1152
1188
1223
1259
1269
1305
1340
1376
1411
1416
1452
1484
8417
8418
8419
8420
8421
8422
8423
8424
8425
8426
8427
8428
8429
8430
8431
8432
8433
8434

12 293
1785
1727
1839
1894
1946
1997
2047
2095
2142
2189
2235
2283
2334
2385
2443
2502
2560
2622
2687
2754
2823
2891
2958
3025
3092
3159
3225
3292
3359
3425
3491
3557
3622
3688
3754
3820
3885
3951
4017
4084
4150
4215
4279
4344
4411
4478
4542
4609
4676
4743
4808
4875
4943
5012
5081
5151
5222
5293
5365
5439
5515
5592
5665
5734
5803
5871
5936
6001
6062
6121
6179
6236
6293
6346
6398
6449
6498
6543
6587
6629
6670
6709
6746
6781
6813
6843
6870
6894
6917
6940
6962
6984
7006
7028
7050
7073
7095
7118
7140
7162
7184
7206
7228
7250
7272
7295
7317
7340
7363
7384
7405
7427
7449
7471
7493
7514
7535
7556
7578
7600
7621
7640
7660
7681
7703
7726
7747
7769
7790
7811
7831
7850
7867
7881
7899
7906
7887
7908
7919
7927
7932
7940
7943
7944
7945
7946
7947
8435
8436
8437
8438
8439
8440
8441
8442
8443
8444
8445
8446
8447
8448
8449
8450
8451
8452
8453
8454
8455
8456
8457
8458
8459
8460
8461
8462
8463
8464
8465
8466
8467
8468
8469
8470
8471
8472
8473
8474
8475
8476
8477
8478
8479
8480
8481
8482
8483
8484
8485
8486
8487
8488
8489
8490
8491
8492
8493
8494
8495
8496
8497
8498
8499
8500
8501
8502
8503
8504
8505
8506
8507
8508
8509
8510
8511
8512
8513
8514
8515
8516
8517
8518
8519
8520
8521
8522
8523
8524
8525
8526
8527
8528
8529
8530
8531
8532
8533
8534
8535
8536
8537
8538
8539
8540
8541
8542
8543
8544
8545
8546
8547
8548
8549
8550
8551
8552
8553
8554
8555
8556
8557
8558
8559
8560
8561
8562
8563
8564
8565
8566
8567
8568
8569
8570
8571
8572
8573
8574
8575
8576
8577
8578
8579
8580

13 71
1648
1690
1751
1810
1865
1921
1969
2020
2070
2075
2118
2119
2165
2166
2212
2213
2259
2260
2310
2311
2360
2361
2413
2414
2430
2431
2487
2490
2545
2547
2602
2603
2660
2666
2729
2732
8581
8582
8583
8584
8585
8586
8587
8588
8589
8590
8591
8592
8593
8594
8595
8596
8597
8598
8599
8600
8601
8602
8603
8604
8605
8606
8607
8608
8609
8610
8611
8612
8613
8614
8615

14 327
2797
2732
2800
2867
2869
2870
2872
2935
2939
3003
3005
3067
3072
3137
3139
3190
3191
3206
3208
3274
3277
3342
3345
3409
3412
3476
3479
3542
3544
3547
3548
3609
3610
3660
3661
3723
3724
3787
3788
3789
3851
3852
3914
3915
3916
3977
3978
4041
4042
4062
4064
4127
4189
4194
4255
4257
4311
4312
4321
4385
4388
4452
4456
4517
4518
4521
4587
4590
4655
4657
4709
4710
4726
4790
4793
4859
4861
4914
4915
4931
4999
5002
5003
5070
5074
5142
5146
5215
5216
5271
5272
5273
5343
5344
5417
5418
5490
5491
5492
5567
5568
5641
5642
5643
5710
5711
5779
5780
5846
5847
5848
5912
5913
5930
5932
5996
6040
6041
6100
6101
6157
6158
6159
6215
6216
6272
6273
6325
6326
6327
6377
6378
6427
6428
6429
6477
6478
6522
6523
6565
6566
6567
6608
6609
6649
6650
6688
6689
6690
6725
6726
6760
6761
6792
6793
6794
6822
6823
6848
6849
6850
6873
6874
6895
8616
8617
8618
8619
8620
8621
8622
8623
8624
8625
8626
8627
8628
8629
8630
8631
8632
8633
8634
8635
8636
8637
8638
8639
8640
8641
8642
8643
8644
8645
8646
8647
8648
8649
8650
8651
8652
8653
8654
8655
8656
8657
8658
8659
8660
8661
8662
8663
8664
8665
8666
8667
8668
8669
8670
8671
8672
8673
8674
8675
8676
8677
8678
8679
8680
8681
8682
8683
8684
8685
8686
8687
8688
8689
8690
8691
8692
8693
8694
8695
8696
8697
8698
8699
8700
8701
8702
8703
8704
8705
8706
8707
8708
8709
8710
8711
8712
8713
8714
8715
8716
8717
8718
8719
8720
8721
8722
8723
8724
8725
8726
8727
8728
8729
8730
8731
8732
8733
8734
8735
8736
8737
8738
8739
8740
8741
8742
8743
8744
8745
8746
8747
8748
8749
8750
8751
8752
8753
8754
8755
8756
8757
8758
8759
8760
8761
8762
8763
8764
8765
8766
8767
8768
8769
8770
8771
8772
8773
8774
8775
8776
8777
8778

15 55
5518
5595
5668
5737
5806
5874
5939
6004
6065
6124
6182
6239
6296
6349
6401
6452
6501
6546
6590
6632
6673
6712
6749
6784
6816
6845
6872
6895
8779
8780
8781
8782
8783
8784
8785
8786
8787
8788
8789
8790
8791
8792
8793
8794
8795
8796
8797
8798
8799
8800
8801
8802
8803
8804
8805

16 241
6895
6896
6897
6918
6919
6941
6942
6963
6964
6985
6986
6987
7007
7008
7029
7030
7031
7051
7052
7074
7075
7096
7097
7098
7119
7120
7141
7142
7163
7164
7165
7185
7186
7207
7208
7229
7230
7231
7251
7252
7273
7274
7275
7296
7297
7318
7319
7320
7341
7342
7364
7385
7386
7407
7406
7410
7411
7428
7429
7450
7451
7472
7473
7494
7495
7515
7516
7519
7520
7536
7537
7557
7558
7579
7580
7601
7602
7622
7623
7641
7642
7661
7663
7664
7662
7682
7683
7704
7705
7727
7728
7749
7748
7750
7751
7770
7791
7812
7833
7852
7870
7886
7904
7924
7951
7976
7999
8019
8038
8055
8071
8085
8098
8109
8119
8127
8134
8140
8144
8147
8148
8806
8807
8808
8809
8810
8811
8812
8813
8814
8815
8816
8817
8818
8819
8820
8821
8822
8823
8824
8825
8826
8827
8828
8829
8830
8831
8832
8833
8834
8835
8836
8837
8838
8839
8840
8841
8842
8843
8844
8845
8846
8847
8848
8849
8850
8851
8852
8853
8854
8855
8856
8857
8858
8859
8860
8861
8862
8863
8864
8865
8866
8867
8868
8869
8870
8871
8872
8873
8874
8875
8876
8877
8878
8879
8880
8881
8882
8883
8884
8885
8886
8887
8888
8889
8890
8891
8892
8893
8894
8895
8896
8897
8898
8899
8900
8901
8902
8903
8904
8905
8906
8907
8908
8909
8910
8911
8912
8913
8914
8915
8916
8917
8918
8919
8920
8921
8922
8923
8924
8925

17 35
7926
7906
7953
7978
8001
8021
8040
8057
8073
8087
8100
8111
8121
8129
8136
8142
8146
8148
8926
8927
8928
8929
8930
8931
8932
8933
8934
8935
8936
8937
8938
8939
8940
8941
8942

18 11
312
261
368
426
479
527
8943
8944
8945
8946
8947

19 11
332
333
389
393
453
504
8948
8949
8950
8951
8952

20 17
572
527
618
663
706
755
805
852
897
8953
8954
8955
8956
8957
8958
8959
8960

21 17
504
550
598
646
692
744
794
840
885
8961
8962
8963
8964
8965
8966
8967
8968

22 17
1568
1569
1570
1571
1579
1580
1581
1530
1604
8969
8970
8971
8972
8973
8974
8975
8976

23 17
1484
1522
1533
1537
1538
1539
1540
1542
1541
8977
8978
8979
8980
8981
8982
8983
8984

24 11
1605
1604
1606
1607
1667
1727
8985
8986
8987
8988
8989

25 11
1534
1535
1536
1541
1588
1648
8990
8991
8992
8993
8994

26 19
2279
2231
2330
2381
2436
2493
2550
2609
2667
2732
8995
8996
8997
8998
8999
9000
9001
9002
9003

