855 27
0 7
0 1 
2 3 
3 4 
4 5 
5 6 
6 7 
7 0 

1 26
12 2 
20 12 
29 20 
38 29 
47 38 
56 47 
65 56 
75 65 
83 75 
94 83 
105 94 
116 105 
126 116 
147 126 
149 147 
150 149 
151 150 
152 151 
153 152 
165 153 
166 165 
167 166 
208 167 
212 208 
213 212 
261 213 

2 26
1 10 
10 19 
19 28 
28 33 
33 42 
42 51 
51 61 
61 71 
71 79 
79 89 
89 99 
99 110 
110 121 
121 122 
122 125 
125 143 
143 145 
145 146 
146 185 
185 186 
186 187 
187 188 
188 229 
229 230 
230 278 
278 332 

3 10
140 123 
168 169 
169 170 
170 172 
172 174 
174 175 
175 176 
176 177 
177 178 
178 140 

4 7
214 168 
262 214 
313 262 
369 313 
427 369 
480 427 
528 480 

5 7
123 124 
124 142 
142 182 
182 228 
228 277 
277 331 
331 388 

6 17
388 387 
387 444 
444 443 
443 493 
493 494 
529 528 
530 529 
531 530 
532 531 
533 532 
534 533 
535 534 
536 535 
537 536 
538 537 
494 539 
539 538 

7 18
573 528 
574 573 
619 574 
620 619 
664 620 
707 708 
708 709 
709 710 
710 711 
711 712 
712 713 
713 664 
756 707 
757 758 
758 756 
806 757 
807 806 
808 807 

8 100
388 447 
447 499 
499 546 
546 594 
594 641 
641 687 
687 738 
738 788 
788 837 
837 883 
883 926 
926 968 
968 1006 
1006 1044 
1044 1080 
1080 1117 
1117 1151 
1151 1187 
1187 1222 
1222 1258 
1258 1295 
1295 1333 
1333 1370 
1370 1408 
1408 1446 
1446 1483 
1483 1520 
1520 1567 
1567 1629 
1629 1689 
1689 1749 
1749 1807 
1807 1861 
1861 1916 
1916 1968 
1968 2019 
2019 2069 
2069 2117 
2117 2164 
2164 2211 
2211 2258 
2258 2309 
2309 2359 
2359 2412 
2412 2470 
2470 2526 
2526 2584 
2584 2647 
2647 2712 
2712 2780 
2780 2849 
2849 2917 
2917 2982 
2982 3050 
3050 3117 
3117 3183 
3183 3250 
3250 3316 
3316 3382 
3382 3449 
3449 3514 
3514 3579 
3579 3645 
3645 3710 
3710 3777 
3777 3843 
3843 3909 
3909 3974 
3974 4040 
4040 4105 
4105 4171 
4171 4234 
4234 4298 
4298 4363 
4363 4423 
4423 4488 
4488 4548 
4548 4610 
4610 4677 
4677 4693 
4693 4759 
4759 4823 
4823 4876 
4876 4877 
4877 4945 
4945 4947 
4947 5016 
5016 5018 
5018 5087 
5087 5088 
5088 5152 
5152 5153 
5153 5223 
5223 5294 
5294 5295 
5295 5366 
5366 5367 
5367 5440 
5440 5441 
5441 5518 

9 32
855 808 
900 855 
941 900 
982 941 
1020 982 
1058 1020 
1094 1058 
1130 1094 
1165 1130 
1200 1165 
1236 1200 
1273 1236 
1311 1273 
1348 1311 
1386 1348 
1424 1386 
1461 1424 
1498 1461 
1545 1498 
1603 1545 
1662 1603 
1722 1662 
1781 1722 
1835 1781 
1890 1835 
1942 1890 
1993 1942 
2043 1993 
2091 2043 
2138 2091 
2185 2138 
2231 2185 

10 18
938 897 
979 938 
1017 979 
1055 1017 
1091 1055 
1127 1091 
1162 1127 
1195 1162 
1231 1195 
1263 1231 
1270 1263 
1308 1270 
1345 1308 
1381 1345 
1419 1381 
1456 1419 
1493 1456 
1530 1493 

11 18
885 927 
927 969 
969 1007 
1007 1045 
1045 1081 
1081 1118 
1118 1152 
1152 1188 
1188 1223 
1223 1259 
1259 1269 
1269 1305 
1305 1340 
1340 1376 
1376 1411 
1411 1416 
1416 1452 
1452 1484 

12 146
1785 1727 
1839 1785 
1894 1839 
1946 1894 
1997 1946 
2047 1997 
2095 2047 
2142 2095 
2189 2142 
2235 2189 
2283 2235 
2334 2283 
2385 2334 
2443 2385 
2502 2443 
2560 2502 
2622 2560 
2687 2622 
2754 2687 
2823 2754 
2891 2823 
2958 2891 
3025 2958 
3092 3025 
3159 3092 
3225 3159 
3292 3225 
3359 3292 
3425 3359 
3491 3425 
3557 3491 
3622 3557 
3688 3622 
3754 3688 
3820 3754 
3885 3820 
3951 3885 
4017 3951 
4084 4017 
4150 4084 
4215 4150 
4279 4215 
4344 4279 
4411 4344 
4478 4411 
4542 4478 
4609 4542 
4676 4609 
4743 4676 
4808 4743 
4875 4808 
4943 4875 
5012 4943 
5081 5012 
5151 5081 
5222 5151 
5293 5222 
5365 5293 
5439 5365 
5515 5439 
5592 5515 
5665 5592 
5734 5665 
5803 5734 
5871 5803 
5936 5871 
6001 5936 
6062 6001 
6121 6062 
6179 6121 
6236 6179 
6293 6236 
6346 6293 
6398 6346 
6449 6398 
6498 6449 
6543 6498 
6587 6543 
6629 6587 
6670 6629 
6709 6670 
6746 6709 
6781 6746 
6813 6781 
6843 6813 
6870 6843 
6894 6870 
6917 6894 
6940 6917 
6962 6940 
6984 6962 
7006 6984 
7028 7006 
7050 7028 
7073 7050 
7095 7073 
7118 7095 
7140 7118 
7162 7140 
7184 7162 
7206 7184 
7228 7206 
7250 7228 
7272 7250 
7295 7272 
7317 7295 
7340 7317 
7363 7340 
7384 7363 
7405 7384 
7427 7405 
7449 7427 
7471 7449 
7493 7471 
7514 7493 
7535 7514 
7556 7535 
7578 7556 
7600 7578 
7621 7600 
7640 7621 
7660 7640 
7681 7660 
7703 7681 
7726 7703 
7747 7726 
7769 7747 
7790 7769 
7811 7790 
7831 7811 
7850 7831 
7867 7850 
7881 7867 
7899 7881 
7906 7887 
7887 7908 
7919 7899 
7908 7927 
7927 7932 
7940 7919 
7943 7940 
7944 7943 
7945 7944 
7946 7945 
7932 7947 
7947 7946 

13 35
1648 1690 
1690 1751 
1751 1810 
1810 1865 
1865 1921 
1921 1969 
1969 2020 
2020 2070 
2070 2075 
2075 2118 
2118 2119 
2119 2165 
2165 2166 
2166 2212 
2212 2213 
2213 2259 
2259 2260 
2260 2310 
2310 2311 
2311 2360 
2360 2361 
2361 2413 
2413 2414 
2414 2430 
2430 2431 
2431 2487 
2487 2490 
2490 2545 
2545 2547 
2547 2602 
2602 2603 
2603 2660 
2660 2666 
2666 2729 
2729 2732 

14 163
2797 2732 
2800 2797 
2867 2800 
2869 2867 
2870 2869 
2872 2870 
2935 2872 
2939 2935 
3003 2939 
3005 3003 
3067 3005 
3072 3067 
3137 3072 
3139 3137 
3190 3139 
3191 3190 
3206 3191 
3208 3206 
3274 3208 
3277 3274 
3342 3277 
3345 3342 
3409 3345 
3412 3409 
3476 3412 
3479 3476 
3542 3479 
3544 3542 
3547 3544 
3548 3547 
3609 3548 
3610 3609 
3660 3610 
3661 3660 
3723 3661 
3724 3723 
3787 3724 
3788 3787 
3789 3788 
3851 3789 
3852 3851 
3914 3852 
3915 3914 
3916 3915 
3977 3916 
3978 3977 
4041 3978 
4042 4041 
4062 4042 
4064 4062 
4127 4064 
4189 4127 
4194 4189 
4255 4194 
4257 4255 
4311 4257 
4312 4311 
4321 4312 
4385 4321 
4388 4385 
4452 4388 
4456 4452 
4517 4456 
4518 4517 
4521 4518 
4587 4521 
4590 4587 
4655 4590 
4657 4655 
4709 4657 
4710 4709 
4726 4710 
4790 4726 
4793 4790 
4859 4793 
4861 4859 
4914 4861 
4915 4914 
4931 4915 
4999 4931 
5002 4999 
5003 5002 
5070 5003 
5074 5070 
5142 5074 
5146 5142 
5215 5146 
5216 5215 
5271 5216 
5272 5271 
5273 5272 
5343 5273 
5344 5343 
5417 5344 
5418 5417 
5490 5418 
5491 5490 
5492 5491 
5567 5492 
5568 5567 
5641 5568 
5642 5643 
5643 5641 
5710 5642 
5711 5710 
5779 5711 
5780 5779 
5846 5780 
5847 5846 
5848 5847 
5912 5848 
5913 5912 
5930 5913 
5932 5930 
5996 5932 
6040 5996 
6041 6040 
6100 6041 
6101 6100 
6157 6101 
6158 6157 
6159 6158 
6215 6159 
6216 6215 
6272 6216 
6273 6272 
6325 6273 
6326 6325 
6327 6326 
6377 6327 
6378 6377 
6427 6378 
6428 6427 
6429 6428 
6477 6429 
6478 6477 
6522 6478 
6523 6522 
6565 6523 
6566 6565 
6567 6566 
6608 6567 
6609 6608 
6649 6609 
6650 6649 
6688 6650 
6689 6688 
6690 6689 
6725 6690 
6726 6725 
6760 6726 
6761 6760 
6792 6761 
6793 6792 
6794 6793 
6822 6794 
6823 6822 
6848 6823 
6849 6848 
6850 6849 
6873 6850 
6874 6873 
6895 6874 

15 27
5518 5595 
5595 5668 
5668 5737 
5737 5806 
5806 5874 
5874 5939 
5939 6004 
6004 6065 
6065 6124 
6124 6182 
6182 6239 
6239 6296 
6296 6349 
6349 6401 
6401 6452 
6452 6501 
6501 6546 
6546 6590 
6590 6632 
6632 6673 
6673 6712 
6712 6749 
6749 6784 
6784 6816 
6816 6845 
6845 6872 
6872 6895 

16 120
6895 6896 
6896 6897 
6897 6918 
6918 6919 
6919 6941 
6941 6942 
6942 6963 
6963 6964 
6964 6985 
6985 6986 
6986 6987 
6987 7007 
7007 7008 
7008 7029 
7029 7030 
7030 7031 
7031 7051 
7051 7052 
7052 7074 
7074 7075 
7075 7096 
7096 7097 
7097 7098 
7098 7119 
7119 7120 
7120 7141 
7141 7142 
7142 7163 
7163 7164 
7164 7165 
7165 7185 
7185 7186 
7186 7207 
7207 7208 
7208 7229 
7229 7230 
7230 7231 
7231 7251 
7251 7252 
7252 7273 
7273 7274 
7274 7275 
7275 7296 
7296 7297 
7297 7318 
7318 7319 
7319 7320 
7320 7341 
7341 7342 
7342 7364 
7364 7385 
7385 7386 
7386 7407 
7407 7406 
7406 7410 
7410 7411 
7411 7428 
7428 7429 
7429 7450 
7450 7451 
7451 7472 
7472 7473 
7473 7494 
7494 7495 
7495 7515 
7515 7516 
7516 7519 
7519 7520 
7520 7536 
7536 7537 
7537 7557 
7557 7558 
7558 7579 
7579 7580 
7580 7601 
7601 7602 
7602 7622 
7622 7623 
7623 7641 
7641 7642 
7642 7661 
7661 7663 
7663 7664 
7664 7662 
7662 7682 
7682 7683 
7683 7704 
7704 7705 
7705 7727 
7727 7728 
7749 7748 
7728 7750 
7750 7751 
7751 7749 
7748 7770 
7770 7791 
7791 7812 
7812 7833 
7833 7852 
7852 7870 
7870 7886 
7886 7904 
7904 7924 
7924 7951 
7951 7976 
7976 7999 
7999 8019 
8019 8038 
8038 8055 
8055 8071 
8071 8085 
8085 8098 
8098 8109 
8109 8119 
8119 8127 
8127 8134 
8134 8140 
8140 8144 
8144 8147 
8147 8148 

17 17
7926 7906 
7953 7926 
7978 7953 
8001 7978 
8021 8001 
8040 8021 
8057 8040 
8073 8057 
8087 8073 
8100 8087 
8111 8100 
8121 8111 
8129 8121 
8136 8129 
8142 8136 
8146 8142 
8148 8146 

18 5
312 261 
368 312 
426 368 
479 426 
527 479 

19 5
332 333 
333 389 
389 393 
393 453 
453 504 

20 8
572 527 
618 572 
663 618 
706 663 
755 706 
805 755 
852 805 
897 852 

21 8
504 550 
550 598 
598 646 
646 692 
692 744 
744 794 
794 840 
840 885 

22 8
1568 1569 
1569 1570 
1570 1571 
1571 1579 
1579 1580 
1580 1581 
1581 1530 
1604 1568 

23 8
1484 1522 
1522 1533 
1533 1537 
1537 1538 
1538 1539 
1539 1540 
1540 1542 
1542 1541 

24 5
1605 1604 
1606 1605 
1607 1606 
1667 1607 
1727 1667 

25 5
1534 1535 
1536 1534 
1541 1536 
1535 1588 
1588 1648 

26 9
2279 2231 
2330 2279 
2381 2330 
2436 2381 
2493 2436 
2550 2493 
2609 2550 
2667 2609 
2732 2667 

