1710 27
0 14
0 8149 
8149 1 
2 8150 
8150 3 
3 8151 
8151 4 
4 8152 
8152 5 
5 8153 
8153 6 
6 8154 
8154 7 
7 8155 
8155 0 

1 52
12 8156 
8156 2 
20 8157 
8157 12 
29 8158 
8158 20 
38 8159 
8159 29 
47 8160 
8160 38 
56 8161 
8161 47 
65 8162 
8162 56 
75 8163 
8163 65 
83 8164 
8164 75 
94 8165 
8165 83 
105 8166 
8166 94 
116 8167 
8167 105 
126 8168 
8168 116 
147 8169 
8169 126 
149 8170 
8170 147 
150 8171 
8171 149 
151 8172 
8172 150 
152 8173 
8173 151 
153 8174 
8174 152 
165 8175 
8175 153 
166 8176 
8176 165 
167 8177 
8177 166 
208 8178 
8178 167 
212 8179 
8179 208 
213 8180 
8180 212 
261 8181 
8181 213 

2 52
1 8182 
8182 10 
10 8183 
8183 19 
19 8184 
8184 28 
28 8185 
8185 33 
33 8186 
8186 42 
42 8187 
8187 51 
51 8188 
8188 61 
61 8189 
8189 71 
71 8190 
8190 79 
79 8191 
8191 89 
89 8192 
8192 99 
99 8193 
8193 110 
110 8194 
8194 121 
121 8195 
8195 122 
122 8196 
8196 125 
125 8197 
8197 143 
143 8198 
8198 145 
145 8199 
8199 146 
146 8200 
8200 185 
185 8201 
8201 186 
186 8202 
8202 187 
187 8203 
8203 188 
188 8204 
8204 229 
229 8205 
8205 230 
230 8206 
8206 278 
278 8207 
8207 332 

3 20
140 8208 
8208 123 
168 8209 
8209 169 
169 8210 
8210 170 
170 8211 
8211 172 
172 8212 
8212 174 
174 8213 
8213 175 
175 8214 
8214 176 
176 8215 
8215 177 
177 8216 
8216 178 
178 8217 
8217 140 

4 14
214 8218 
8218 168 
262 8219 
8219 214 
313 8220 
8220 262 
369 8221 
8221 313 
427 8222 
8222 369 
480 8223 
8223 427 
528 8224 
8224 480 

5 14
123 8225 
8225 124 
124 8226 
8226 142 
142 8227 
8227 182 
182 8228 
8228 228 
228 8229 
8229 277 
277 8230 
8230 331 
331 8231 
8231 388 

6 34
388 8232 
8232 387 
387 8233 
8233 444 
444 8234 
8234 443 
443 8235 
8235 493 
493 8236 
8236 494 
529 8237 
8237 528 
530 8238 
8238 529 
531 8239 
8239 530 
532 8240 
8240 531 
533 8241 
8241 532 
534 8242 
8242 533 
535 8243 
8243 534 
536 8244 
8244 535 
537 8245 
8245 536 
538 8246 
8246 537 
494 8247 
8247 539 
539 8248 
8248 538 

7 36
573 8249 
8249 528 
574 8250 
8250 573 
619 8251 
8251 574 
620 8252 
8252 619 
664 8253 
8253 620 
707 8254 
8254 708 
708 8255 
8255 709 
709 8256 
8256 710 
710 8257 
8257 711 
711 8258 
8258 712 
712 8259 
8259 713 
713 8260 
8260 664 
756 8261 
8261 707 
757 8262 
8262 758 
758 8263 
8263 756 
806 8264 
8264 757 
807 8265 
8265 806 
808 8266 
8266 807 

8 200
388 8267 
8267 447 
447 8268 
8268 499 
499 8269 
8269 546 
546 8270 
8270 594 
594 8271 
8271 641 
641 8272 
8272 687 
687 8273 
8273 738 
738 8274 
8274 788 
788 8275 
8275 837 
837 8276 
8276 883 
883 8277 
8277 926 
926 8278 
8278 968 
968 8279 
8279 1006 
1006 8280 
8280 1044 
1044 8281 
8281 1080 
1080 8282 
8282 1117 
1117 8283 
8283 1151 
1151 8284 
8284 1187 
1187 8285 
8285 1222 
1222 8286 
8286 1258 
1258 8287 
8287 1295 
1295 8288 
8288 1333 
1333 8289 
8289 1370 
1370 8290 
8290 1408 
1408 8291 
8291 1446 
1446 8292 
8292 1483 
1483 8293 
8293 1520 
1520 8294 
8294 1567 
1567 8295 
8295 1629 
1629 8296 
8296 1689 
1689 8297 
8297 1749 
1749 8298 
8298 1807 
1807 8299 
8299 1861 
1861 8300 
8300 1916 
1916 8301 
8301 1968 
1968 8302 
8302 2019 
2019 8303 
8303 2069 
2069 8304 
8304 2117 
2117 8305 
8305 2164 
2164 8306 
8306 2211 
2211 8307 
8307 2258 
2258 8308 
8308 2309 
2309 8309 
8309 2359 
2359 8310 
8310 2412 
2412 8311 
8311 2470 
2470 8312 
8312 2526 
2526 8313 
8313 2584 
2584 8314 
8314 2647 
2647 8315 
8315 2712 
2712 8316 
8316 2780 
2780 8317 
8317 2849 
2849 8318 
8318 2917 
2917 8319 
8319 2982 
2982 8320 
8320 3050 
3050 8321 
8321 3117 
3117 8322 
8322 3183 
3183 8323 
8323 3250 
3250 8324 
8324 3316 
3316 8325 
8325 3382 
3382 8326 
8326 3449 
3449 8327 
8327 3514 
3514 8328 
8328 3579 
3579 8329 
8329 3645 
3645 8330 
8330 3710 
3710 8331 
8331 3777 
3777 8332 
8332 3843 
3843 8333 
8333 3909 
3909 8334 
8334 3974 
3974 8335 
8335 4040 
4040 8336 
8336 4105 
4105 8337 
8337 4171 
4171 8338 
8338 4234 
4234 8339 
8339 4298 
4298 8340 
8340 4363 
4363 8341 
8341 4423 
4423 8342 
8342 4488 
4488 8343 
8343 4548 
4548 8344 
8344 4610 
4610 8345 
8345 4677 
4677 8346 
8346 4693 
4693 8347 
8347 4759 
4759 8348 
8348 4823 
4823 8349 
8349 4876 
4876 8350 
8350 4877 
4877 8351 
8351 4945 
4945 8352 
8352 4947 
4947 8353 
8353 5016 
5016 8354 
8354 5018 
5018 8355 
8355 5087 
5087 8356 
8356 5088 
5088 8357 
8357 5152 
5152 8358 
8358 5153 
5153 8359 
8359 5223 
5223 8360 
8360 5294 
5294 8361 
8361 5295 
5295 8362 
8362 5366 
5366 8363 
8363 5367 
5367 8364 
8364 5440 
5440 8365 
8365 5441 
5441 8366 
8366 5518 

9 64
855 8367 
8367 808 
900 8368 
8368 855 
941 8369 
8369 900 
982 8370 
8370 941 
1020 8371 
8371 982 
1058 8372 
8372 1020 
1094 8373 
8373 1058 
1130 8374 
8374 1094 
1165 8375 
8375 1130 
1200 8376 
8376 1165 
1236 8377 
8377 1200 
1273 8378 
8378 1236 
1311 8379 
8379 1273 
1348 8380 
8380 1311 
1386 8381 
8381 1348 
1424 8382 
8382 1386 
1461 8383 
8383 1424 
1498 8384 
8384 1461 
1545 8385 
8385 1498 
1603 8386 
8386 1545 
1662 8387 
8387 1603 
1722 8388 
8388 1662 
1781 8389 
8389 1722 
1835 8390 
8390 1781 
1890 8391 
8391 1835 
1942 8392 
8392 1890 
1993 8393 
8393 1942 
2043 8394 
8394 1993 
2091 8395 
8395 2043 
2138 8396 
8396 2091 
2185 8397 
8397 2138 
2231 8398 
8398 2185 

10 36
938 8399 
8399 897 
979 8400 
8400 938 
1017 8401 
8401 979 
1055 8402 
8402 1017 
1091 8403 
8403 1055 
1127 8404 
8404 1091 
1162 8405 
8405 1127 
1195 8406 
8406 1162 
1231 8407 
8407 1195 
1263 8408 
8408 1231 
1270 8409 
8409 1263 
1308 8410 
8410 1270 
1345 8411 
8411 1308 
1381 8412 
8412 1345 
1419 8413 
8413 1381 
1456 8414 
8414 1419 
1493 8415 
8415 1456 
1530 8416 
8416 1493 

11 36
885 8417 
8417 927 
927 8418 
8418 969 
969 8419 
8419 1007 
1007 8420 
8420 1045 
1045 8421 
8421 1081 
1081 8422 
8422 1118 
1118 8423 
8423 1152 
1152 8424 
8424 1188 
1188 8425 
8425 1223 
1223 8426 
8426 1259 
1259 8427 
8427 1269 
1269 8428 
8428 1305 
1305 8429 
8429 1340 
1340 8430 
8430 1376 
1376 8431 
8431 1411 
1411 8432 
8432 1416 
1416 8433 
8433 1452 
1452 8434 
8434 1484 

12 292
1785 8435 
8435 1727 
1839 8436 
8436 1785 
1894 8437 
8437 1839 
1946 8438 
8438 1894 
1997 8439 
8439 1946 
2047 8440 
8440 1997 
2095 8441 
8441 2047 
2142 8442 
8442 2095 
2189 8443 
8443 2142 
2235 8444 
8444 2189 
2283 8445 
8445 2235 
2334 8446 
8446 2283 
2385 8447 
8447 2334 
2443 8448 
8448 2385 
2502 8449 
8449 2443 
2560 8450 
8450 2502 
2622 8451 
8451 2560 
2687 8452 
8452 2622 
2754 8453 
8453 2687 
2823 8454 
8454 2754 
2891 8455 
8455 2823 
2958 8456 
8456 2891 
3025 8457 
8457 2958 
3092 8458 
8458 3025 
3159 8459 
8459 3092 
3225 8460 
8460 3159 
3292 8461 
8461 3225 
3359 8462 
8462 3292 
3425 8463 
8463 3359 
3491 8464 
8464 3425 
3557 8465 
8465 3491 
3622 8466 
8466 3557 
3688 8467 
8467 3622 
3754 8468 
8468 3688 
3820 8469 
8469 3754 
3885 8470 
8470 3820 
3951 8471 
8471 3885 
4017 8472 
8472 3951 
4084 8473 
8473 4017 
4150 8474 
8474 4084 
4215 8475 
8475 4150 
4279 8476 
8476 4215 
4344 8477 
8477 4279 
4411 8478 
8478 4344 
4478 8479 
8479 4411 
4542 8480 
8480 4478 
4609 8481 
8481 4542 
4676 8482 
8482 4609 
4743 8483 
8483 4676 
4808 8484 
8484 4743 
4875 8485 
8485 4808 
4943 8486 
8486 4875 
5012 8487 
8487 4943 
5081 8488 
8488 5012 
5151 8489 
8489 5081 
5222 8490 
8490 5151 
5293 8491 
8491 5222 
5365 8492 
8492 5293 
5439 8493 
8493 5365 
5515 8494 
8494 5439 
5592 8495 
8495 5515 
5665 8496 
8496 5592 
5734 8497 
8497 5665 
5803 8498 
8498 5734 
5871 8499 
8499 5803 
5936 8500 
8500 5871 
6001 8501 
8501 5936 
6062 8502 
8502 6001 
6121 8503 
8503 6062 
6179 8504 
8504 6121 
6236 8505 
8505 6179 
6293 8506 
8506 6236 
6346 8507 
8507 6293 
6398 8508 
8508 6346 
6449 8509 
8509 6398 
6498 8510 
8510 6449 
6543 8511 
8511 6498 
6587 8512 
8512 6543 
6629 8513 
8513 6587 
6670 8514 
8514 6629 
6709 8515 
8515 6670 
6746 8516 
8516 6709 
6781 8517 
8517 6746 
6813 8518 
8518 6781 
6843 8519 
8519 6813 
6870 8520 
8520 6843 
6894 8521 
8521 6870 
6917 8522 
8522 6894 
6940 8523 
8523 6917 
6962 8524 
8524 6940 
6984 8525 
8525 6962 
7006 8526 
8526 6984 
7028 8527 
8527 7006 
7050 8528 
8528 7028 
7073 8529 
8529 7050 
7095 8530 
8530 7073 
7118 8531 
8531 7095 
7140 8532 
8532 7118 
7162 8533 
8533 7140 
7184 8534 
8534 7162 
7206 8535 
8535 7184 
7228 8536 
8536 7206 
7250 8537 
8537 7228 
7272 8538 
8538 7250 
7295 8539 
8539 7272 
7317 8540 
8540 7295 
7340 8541 
8541 7317 
7363 8542 
8542 7340 
7384 8543 
8543 7363 
7405 8544 
8544 7384 
7427 8545 
8545 7405 
7449 8546 
8546 7427 
7471 8547 
8547 7449 
7493 8548 
8548 7471 
7514 8549 
8549 7493 
7535 8550 
8550 7514 
7556 8551 
8551 7535 
7578 8552 
8552 7556 
7600 8553 
8553 7578 
7621 8554 
8554 7600 
7640 8555 
8555 7621 
7660 8556 
8556 7640 
7681 8557 
8557 7660 
7703 8558 
8558 7681 
7726 8559 
8559 7703 
7747 8560 
8560 7726 
7769 8561 
8561 7747 
7790 8562 
8562 7769 
7811 8563 
8563 7790 
7831 8564 
8564 7811 
7850 8565 
8565 7831 
7867 8566 
8566 7850 
7881 8567 
8567 7867 
7899 8568 
8568 7881 
7906 8569 
8569 7887 
7887 8570 
8570 7908 
7919 8571 
8571 7899 
7908 8572 
8572 7927 
7927 8573 
8573 7932 
7940 8574 
8574 7919 
7943 8575 
8575 7940 
7944 8576 
8576 7943 
7945 8577 
8577 7944 
7946 8578 
8578 7945 
7932 8579 
8579 7947 
7947 8580 
8580 7946 

13 70
1648 8581 
8581 1690 
1690 8582 
8582 1751 
1751 8583 
8583 1810 
1810 8584 
8584 1865 
1865 8585 
8585 1921 
1921 8586 
8586 1969 
1969 8587 
8587 2020 
2020 8588 
8588 2070 
2070 8589 
8589 2075 
2075 8590 
8590 2118 
2118 8591 
8591 2119 
2119 8592 
8592 2165 
2165 8593 
8593 2166 
2166 8594 
8594 2212 
2212 8595 
8595 2213 
2213 8596 
8596 2259 
2259 8597 
8597 2260 
2260 8598 
8598 2310 
2310 8599 
8599 2311 
2311 8600 
8600 2360 
2360 8601 
8601 2361 
2361 8602 
8602 2413 
2413 8603 
8603 2414 
2414 8604 
8604 2430 
2430 8605 
8605 2431 
2431 8606 
8606 2487 
2487 8607 
8607 2490 
2490 8608 
8608 2545 
2545 8609 
8609 2547 
2547 8610 
8610 2602 
2602 8611 
8611 2603 
2603 8612 
8612 2660 
2660 8613 
8613 2666 
2666 8614 
8614 2729 
2729 8615 
8615 2732 

14 326
2797 8616 
8616 2732 
2800 8617 
8617 2797 
2867 8618 
8618 2800 
2869 8619 
8619 2867 
2870 8620 
8620 2869 
2872 8621 
8621 2870 
2935 8622 
8622 2872 
2939 8623 
8623 2935 
3003 8624 
8624 2939 
3005 8625 
8625 3003 
3067 8626 
8626 3005 
3072 8627 
8627 3067 
3137 8628 
8628 3072 
3139 8629 
8629 3137 
3190 8630 
8630 3139 
3191 8631 
8631 3190 
3206 8632 
8632 3191 
3208 8633 
8633 3206 
3274 8634 
8634 3208 
3277 8635 
8635 3274 
3342 8636 
8636 3277 
3345 8637 
8637 3342 
3409 8638 
8638 3345 
3412 8639 
8639 3409 
3476 8640 
8640 3412 
3479 8641 
8641 3476 
3542 8642 
8642 3479 
3544 8643 
8643 3542 
3547 8644 
8644 3544 
3548 8645 
8645 3547 
3609 8646 
8646 3548 
3610 8647 
8647 3609 
3660 8648 
8648 3610 
3661 8649 
8649 3660 
3723 8650 
8650 3661 
3724 8651 
8651 3723 
3787 8652 
8652 3724 
3788 8653 
8653 3787 
3789 8654 
8654 3788 
3851 8655 
8655 3789 
3852 8656 
8656 3851 
3914 8657 
8657 3852 
3915 8658 
8658 3914 
3916 8659 
8659 3915 
3977 8660 
8660 3916 
3978 8661 
8661 3977 
4041 8662 
8662 3978 
4042 8663 
8663 4041 
4062 8664 
8664 4042 
4064 8665 
8665 4062 
4127 8666 
8666 4064 
4189 8667 
8667 4127 
4194 8668 
8668 4189 
4255 8669 
8669 4194 
4257 8670 
8670 4255 
4311 8671 
8671 4257 
4312 8672 
8672 4311 
4321 8673 
8673 4312 
4385 8674 
8674 4321 
4388 8675 
8675 4385 
4452 8676 
8676 4388 
4456 8677 
8677 4452 
4517 8678 
8678 4456 
4518 8679 
8679 4517 
4521 8680 
8680 4518 
4587 8681 
8681 4521 
4590 8682 
8682 4587 
4655 8683 
8683 4590 
4657 8684 
8684 4655 
4709 8685 
8685 4657 
4710 8686 
8686 4709 
4726 8687 
8687 4710 
4790 8688 
8688 4726 
4793 8689 
8689 4790 
4859 8690 
8690 4793 
4861 8691 
8691 4859 
4914 8692 
8692 4861 
4915 8693 
8693 4914 
4931 8694 
8694 4915 
4999 8695 
8695 4931 
5002 8696 
8696 4999 
5003 8697 
8697 5002 
5070 8698 
8698 5003 
5074 8699 
8699 5070 
5142 8700 
8700 5074 
5146 8701 
8701 5142 
5215 8702 
8702 5146 
5216 8703 
8703 5215 
5271 8704 
8704 5216 
5272 8705 
8705 5271 
5273 8706 
8706 5272 
5343 8707 
8707 5273 
5344 8708 
8708 5343 
5417 8709 
8709 5344 
5418 8710 
8710 5417 
5490 8711 
8711 5418 
5491 8712 
8712 5490 
5492 8713 
8713 5491 
5567 8714 
8714 5492 
5568 8715 
8715 5567 
5641 8716 
8716 5568 
5642 8717 
8717 5643 
5643 8718 
8718 5641 
5710 8719 
8719 5642 
5711 8720 
8720 5710 
5779 8721 
8721 5711 
5780 8722 
8722 5779 
5846 8723 
8723 5780 
5847 8724 
8724 5846 
5848 8725 
8725 5847 
5912 8726 
8726 5848 
5913 8727 
8727 5912 
5930 8728 
8728 5913 
5932 8729 
8729 5930 
5996 8730 
8730 5932 
6040 8731 
8731 5996 
6041 8732 
8732 6040 
6100 8733 
8733 6041 
6101 8734 
8734 6100 
6157 8735 
8735 6101 
6158 8736 
8736 6157 
6159 8737 
8737 6158 
6215 8738 
8738 6159 
6216 8739 
8739 6215 
6272 8740 
8740 6216 
6273 8741 
8741 6272 
6325 8742 
8742 6273 
6326 8743 
8743 6325 
6327 8744 
8744 6326 
6377 8745 
8745 6327 
6378 8746 
8746 6377 
6427 8747 
8747 6378 
6428 8748 
8748 6427 
6429 8749 
8749 6428 
6477 8750 
8750 6429 
6478 8751 
8751 6477 
6522 8752 
8752 6478 
6523 8753 
8753 6522 
6565 8754 
8754 6523 
6566 8755 
8755 6565 
6567 8756 
8756 6566 
6608 8757 
8757 6567 
6609 8758 
8758 6608 
6649 8759 
8759 6609 
6650 8760 
8760 6649 
6688 8761 
8761 6650 
6689 8762 
8762 6688 
6690 8763 
8763 6689 
6725 8764 
8764 6690 
6726 8765 
8765 6725 
6760 8766 
8766 6726 
6761 8767 
8767 6760 
6792 8768 
8768 6761 
6793 8769 
8769 6792 
6794 8770 
8770 6793 
6822 8771 
8771 6794 
6823 8772 
8772 6822 
6848 8773 
8773 6823 
6849 8774 
8774 6848 
6850 8775 
8775 6849 
6873 8776 
8776 6850 
6874 8777 
8777 6873 
6895 8778 
8778 6874 

15 54
5518 8779 
8779 5595 
5595 8780 
8780 5668 
5668 8781 
8781 5737 
5737 8782 
8782 5806 
5806 8783 
8783 5874 
5874 8784 
8784 5939 
5939 8785 
8785 6004 
6004 8786 
8786 6065 
6065 8787 
8787 6124 
6124 8788 
8788 6182 
6182 8789 
8789 6239 
6239 8790 
8790 6296 
6296 8791 
8791 6349 
6349 8792 
8792 6401 
6401 8793 
8793 6452 
6452 8794 
8794 6501 
6501 8795 
8795 6546 
6546 8796 
8796 6590 
6590 8797 
8797 6632 
6632 8798 
8798 6673 
6673 8799 
8799 6712 
6712 8800 
8800 6749 
6749 8801 
8801 6784 
6784 8802 
8802 6816 
6816 8803 
8803 6845 
6845 8804 
8804 6872 
6872 8805 
8805 6895 

16 240
6895 8806 
8806 6896 
6896 8807 
8807 6897 
6897 8808 
8808 6918 
6918 8809 
8809 6919 
6919 8810 
8810 6941 
6941 8811 
8811 6942 
6942 8812 
8812 6963 
6963 8813 
8813 6964 
6964 8814 
8814 6985 
6985 8815 
8815 6986 
6986 8816 
8816 6987 
6987 8817 
8817 7007 
7007 8818 
8818 7008 
7008 8819 
8819 7029 
7029 8820 
8820 7030 
7030 8821 
8821 7031 
7031 8822 
8822 7051 
7051 8823 
8823 7052 
7052 8824 
8824 7074 
7074 8825 
8825 7075 
7075 8826 
8826 7096 
7096 8827 
8827 7097 
7097 8828 
8828 7098 
7098 8829 
8829 7119 
7119 8830 
8830 7120 
7120 8831 
8831 7141 
7141 8832 
8832 7142 
7142 8833 
8833 7163 
7163 8834 
8834 7164 
7164 8835 
8835 7165 
7165 8836 
8836 7185 
7185 8837 
8837 7186 
7186 8838 
8838 7207 
7207 8839 
8839 7208 
7208 8840 
8840 7229 
7229 8841 
8841 7230 
7230 8842 
8842 7231 
7231 8843 
8843 7251 
7251 8844 
8844 7252 
7252 8845 
8845 7273 
7273 8846 
8846 7274 
7274 8847 
8847 7275 
7275 8848 
8848 7296 
7296 8849 
8849 7297 
7297 8850 
8850 7318 
7318 8851 
8851 7319 
7319 8852 
8852 7320 
7320 8853 
8853 7341 
7341 8854 
8854 7342 
7342 8855 
8855 7364 
7364 8856 
8856 7385 
7385 8857 
8857 7386 
7386 8858 
8858 7407 
7407 8859 
8859 7406 
7406 8860 
8860 7410 
7410 8861 
8861 7411 
7411 8862 
8862 7428 
7428 8863 
8863 7429 
7429 8864 
8864 7450 
7450 8865 
8865 7451 
7451 8866 
8866 7472 
7472 8867 
8867 7473 
7473 8868 
8868 7494 
7494 8869 
8869 7495 
7495 8870 
8870 7515 
7515 8871 
8871 7516 
7516 8872 
8872 7519 
7519 8873 
8873 7520 
7520 8874 
8874 7536 
7536 8875 
8875 7537 
7537 8876 
8876 7557 
7557 8877 
8877 7558 
7558 8878 
8878 7579 
7579 8879 
8879 7580 
7580 8880 
8880 7601 
7601 8881 
8881 7602 
7602 8882 
8882 7622 
7622 8883 
8883 7623 
7623 8884 
8884 7641 
7641 8885 
8885 7642 
7642 8886 
8886 7661 
7661 8887 
8887 7663 
7663 8888 
8888 7664 
7664 8889 
8889 7662 
7662 8890 
8890 7682 
7682 8891 
8891 7683 
7683 8892 
8892 7704 
7704 8893 
8893 7705 
7705 8894 
8894 7727 
7727 8895 
8895 7728 
7749 8896 
8896 7748 
7728 8897 
8897 7750 
7750 8898 
8898 7751 
7751 8899 
8899 7749 
7748 8900 
8900 7770 
7770 8901 
8901 7791 
7791 8902 
8902 7812 
7812 8903 
8903 7833 
7833 8904 
8904 7852 
7852 8905 
8905 7870 
7870 8906 
8906 7886 
7886 8907 
8907 7904 
7904 8908 
8908 7924 
7924 8909 
8909 7951 
7951 8910 
8910 7976 
7976 8911 
8911 7999 
7999 8912 
8912 8019 
8019 8913 
8913 8038 
8038 8914 
8914 8055 
8055 8915 
8915 8071 
8071 8916 
8916 8085 
8085 8917 
8917 8098 
8098 8918 
8918 8109 
8109 8919 
8919 8119 
8119 8920 
8920 8127 
8127 8921 
8921 8134 
8134 8922 
8922 8140 
8140 8923 
8923 8144 
8144 8924 
8924 8147 
8147 8925 
8925 8148 

17 34
7926 8926 
8926 7906 
7953 8927 
8927 7926 
7978 8928 
8928 7953 
8001 8929 
8929 7978 
8021 8930 
8930 8001 
8040 8931 
8931 8021 
8057 8932 
8932 8040 
8073 8933 
8933 8057 
8087 8934 
8934 8073 
8100 8935 
8935 8087 
8111 8936 
8936 8100 
8121 8937 
8937 8111 
8129 8938 
8938 8121 
8136 8939 
8939 8129 
8142 8940 
8940 8136 
8146 8941 
8941 8142 
8148 8942 
8942 8146 

18 10
312 8943 
8943 261 
368 8944 
8944 312 
426 8945 
8945 368 
479 8946 
8946 426 
527 8947 
8947 479 

19 10
332 8948 
8948 333 
333 8949 
8949 389 
389 8950 
8950 393 
393 8951 
8951 453 
453 8952 
8952 504 

20 16
572 8953 
8953 527 
618 8954 
8954 572 
663 8955 
8955 618 
706 8956 
8956 663 
755 8957 
8957 706 
805 8958 
8958 755 
852 8959 
8959 805 
897 8960 
8960 852 

21 16
504 8961 
8961 550 
550 8962 
8962 598 
598 8963 
8963 646 
646 8964 
8964 692 
692 8965 
8965 744 
744 8966 
8966 794 
794 8967 
8967 840 
840 8968 
8968 885 

22 16
1568 8969 
8969 1569 
1569 8970 
8970 1570 
1570 8971 
8971 1571 
1571 8972 
8972 1579 
1579 8973 
8973 1580 
1580 8974 
8974 1581 
1581 8975 
8975 1530 
1604 8976 
8976 1568 

23 16
1484 8977 
8977 1522 
1522 8978 
8978 1533 
1533 8979 
8979 1537 
1537 8980 
8980 1538 
1538 8981 
8981 1539 
1539 8982 
8982 1540 
1540 8983 
8983 1542 
1542 8984 
8984 1541 

24 10
1605 8985 
8985 1604 
1606 8986 
8986 1605 
1607 8987 
8987 1606 
1667 8988 
8988 1607 
1727 8989 
8989 1667 

25 10
1534 8990 
8990 1535 
1536 8991 
8991 1534 
1541 8992 
8992 1536 
1535 8993 
8993 1588 
1588 8994 
8994 1648 

26 18
2279 8995 
8995 2231 
2330 8996 
8996 2279 
2381 8997 
8997 2330 
2436 8998 
8998 2381 
2493 8999 
8999 2436 
2550 9000 
9000 2493 
2609 9001 
9001 2550 
2667 9002 
9002 2609 
2732 9003 
9003 2667 

