  0.26337443860
  0.32199913797
  0.15897082223
  0.02148054290
  0.02022465188
  0.01833226343
  0.01496222567
  0.01533063517
  0.01587401966
  0.01638800363
  0.01669781342
  0.01687856607
  0.01688252460
  0.01737351098
  0.01698344486
  0.01593616077
  0.01532187389
  0.01385307328
  0.01286593403
  0.01125399054
  0.01115696067
  0.01005782013
  0.00864924849
  0.00850280672
  0.00877787001
  0.00830697148
  0.00604349720
  0.00576322827
  0.00566197340
  0.00553009303
  0.00547743118
  0.00562841448
  0.00590072555
  0.00640862512
  0.00529847645
  0.00521002726
  0.00395134088
  0.00366769658
  0.00355794440
  0.00338433826
  0.00329434794
  0.00324818420
  0.00317633672
  0.00310401902
  0.00305038685
  0.00300474113
  0.00297873914
  0.00298986131
  0.00302273464
  0.00308093192
  0.00317098780
  0.00328815516
  0.00340493994
  0.00368491370
  0.00419483228
  0.00478863658
  0.00293194052
  0.00236063730
  0.00217886988
  0.00209602382
  0.00204601767
  0.00200154719
  0.00195913173
  0.00191788079
  0.00187779402
  0.00183744915
  0.00179517284
  0.00175092204
  0.00170492722
  0.00166141418
  0.00162443450
  0.00159456969
  0.00156925477
  0.00154707328
  0.00152735140
  0.00151039551
  0.00149873849
  0.00149397677
  0.00149630648
  0.00150475182
  0.00152001645
  0.00153968623
  0.00155667892
  0.00154264225
  0.00140801992
  0.00118145093
  0.00110745113
  0.00107719227
  0.00104840986
  0.00101983725
  0.00099214333
  0.00096631910
  0.00094291456
  0.00092203760
  0.00090256436
  0.00088392912
  0.00086524190
  0.00084623184
  0.00082672150
  0.00080609576
  0.00078543421
  0.00076438692
  0.00074327799
  0.00072264170
  0.00070297818
  0.00068472577
  0.00066805931
  0.00065329527
  0.00064098417
  0.00063114307
  0.00062430998
  0.00062095858
  0.00062176242
  0.00062777741
  0.00064053417
  0.00066227068
  0.00069622915
  0.00074688235
  0.00082011661
  0.00092299920
  0.00106594331
  0.00125580987
  0.00150687130
  0.00182226138
  0.00219277193
  0.00259031009
  0.00241283786
  0.00095080673
  0.00090399020
  0.00088334781
  0.00086489763
  0.00084706061
  0.00082854591
  0.00080960507
  0.00079009072
  0.00077060266
  0.00075169950
  0.00073421415
  0.00071670675
  0.00069902121
  0.00068105735
  0.00066343875
  0.00064614509
  0.00062957313
  0.00061387376
  0.00059928648
  0.00058614554
  0.00057448659
  0.00056408734
  0.00055471203
  0.00054609682
  0.00053800829
  0.00053026299
  0.00052275791
  0.00051543962
  0.00050829302
  0.00050142739
  0.00049474214
  0.00048821766
  0.00048189457
  0.00047573970
  0.00046981105
  0.00046395385
  0.00045819380
  0.00045253638
  0.00044691270
  0.00044137712
  0.00043603738
  0.00043097141
  0.00042633941
  0.00042200537
  0.00041797505
  0.00041416453
  0.00041042157
  0.00040686899
  0.00040346840
  0.00040021336
  0.00039707927
  0.00039392090
  0.00039085185
  0.00038743283
  0.00038473228
  0.00038221559
  0.00037983096
  0.00037759769
  0.00037552260
  0.00037336529
  0.00037144216
  0.00036971125
  0.00036817052
  0.00036665734
  0.00036547541
  0.00036445539
  0.00036357934
  0.00036285950
  0.00036258384
  0.00036182187
  0.00036110517
  0.00036043516
  0.00035980050
