  0.17670447774
  0.20146783068
  0.22781351028
  0.14470199485
  0.01684160924
  0.01311653122
  0.01113123863
  0.00686015959
  0.00334188256
  0.00339360369
  0.00331536437
  0.00332314784
  0.00339129125
  0.00348067334
  0.00352147517
  0.00361176655
  0.00372860025
  0.00379572195
  0.00403951522
  0.00424310990
  0.00432161868
  0.00441626331
  0.00458269808
  0.00468329943
  0.00484280570
  0.00493097814
  0.00489877501
  0.00483548204
  0.00476909134
  0.00488880460
  0.00452746191
  0.00446179610
  0.00452208058
  0.00446274048
  0.00446548109
  0.00448533563
  0.00458030619
  0.00457196345
  0.00492709522
  0.00470889322
  0.00470176407
  0.00474936651
  0.00508222992
  0.00494738441
  0.00485780603
  0.00442320458
  0.00437581957
  0.00437794970
  0.00367311729
  0.00421692649
  0.00389504371
  0.00381867384
  0.00348363940
  0.00326008150
  0.00373435909
  0.00334555042
  0.00306447625
  0.00288073772
  0.00302681858
  0.00285853321
  0.00284317380
  0.00259273742
  0.00263358500
  0.00258404550
  0.00258451417
  0.00261884767
  0.00241368641
  0.00256744146
  0.00264607431
  0.00232279504
  0.00234411370
  0.00255974199
  0.00237718674
  0.00239379656
  0.00221258351
  0.00206185793
  0.00215966273
  0.00209119768
  0.00235457769
  0.00236129514
  0.00202915379
  0.00202039359
  0.00190074889
  0.00188333564
  0.00205627385
  0.00204243731
  0.00201131878
  0.00191188949
  0.00181396655
  0.00170367745
  0.00159178296
  0.00159442531
  0.00155933419
  0.00154691950
  0.00164944359
  0.00166853947
  0.00158837488
  0.00144497562
  0.00139900289
  0.00137952616
  0.00130749897
  0.00123882435
  0.00137450753
  0.00137554665
  0.00139669763
  0.00129851953
  0.00118165679
  0.00110877003
  0.00128422242
  0.00129325219
  0.00131263736
  0.00130401558
  0.00125960835
  0.00131949074
  0.00135520622
  0.00115211444
  0.00125371523
  0.00133989445
  0.00135998788
  0.00133617460
  0.00135657946
  0.00127264748
  0.00120379225
  0.00143603374
  0.00119109558
  0.00112648252
  0.00117632428
  0.00112230055
  0.00107408212
  0.00120828459
  0.00123958774
  0.00116118553
  0.00111205314
  0.00098407012
  0.00095108200
  0.00094933185
  0.00122172612
  0.00114231333
  0.00109295786
  0.00106327764
  0.00126896806
  0.00108413144
  0.00101501649
  0.00104910070
  0.00095053454
  0.00114658798
  0.00098749209
  0.00103298973
  0.00100612762
  0.00097007483
  0.00092433032
  0.00090036700
  0.00085423368
  0.00078186782
  0.00079595403
  0.00079973967
  0.00101492264
  0.00106445622
  0.00089131041
  0.00087865277
  0.00105903742
  0.00091744344
  0.00099232138
  0.00099218332
  0.00098933545
  0.00103361811
  0.00094697650
  0.00092657709
  0.00088985757
  0.00091808191
  0.00091044093
  0.00109480421
  0.00088709440
  0.00082293846
  0.00080831424
  0.00092397071
  0.00085634905
  0.00097227284
  0.00091460595
  0.00083991859
  0.00083064137
  0.00080896108
  0.00082666135
  0.00071132974
  0.00070051724
  0.00120112927
  0.00080769389
  0.00083172246
  0.00085107828
  0.00085763548
  0.00083807926
  0.00097067079
  0.00091164466
  0.00079177065
  0.00075843615
  0.00088465016
  0.00084905849
  0.00083380848
  0.00097769359
  0.00096281558
  0.00101319948
  0.00095374015
  0.00088899138
  0.00089198631
  0.00088713213
  0.00092473482
  0.00092498005
  0.00095315773
  0.00095651539
  0.00095161612
  0.00098637472
  0.00090640733
  0.00100953547
  0.00098734109
  0.00098255296
  0.00090696207
  0.00086467460
  0.00096405814
  0.00088754974
  0.00078341301
  0.00069424437
  0.00070112109
  0.00063391363
  0.00058090023
  0.00056676401
  0.00063781651
  0.00060613410
  0.00062151626
  0.00054257791
  0.00059365271
  0.00055615971
  0.00050541337
  0.00049783685
  0.00054214969
  0.00071857316
  0.00053795248
  0.00050325697
  0.00052877707
  0.00051005408
  0.00056468344
  0.00051734705
  0.00049344412
  0.00049362958
  0.00046429211
  0.00044539268
  0.00046922636
  0.00059692364
  0.00051679372
  0.00045892142
  0.00046365356
  0.00040010084
  0.00053547157
  0.00034756733
  0.00051536436
  0.00057991371
  0.00031515283
  0.00030874944
  0.00032240371
  0.00052231088
  0.00039785696
  0.00038552222
  0.00032417175
  0.00036535713
  0.00041152923
  0.00054765676
  0.00035461749
  0.00032713342
  0.00044220765
  0.00038449696
  0.00037220206
  0.00036164040
  0.00052344705
  0.00040547818
  0.00050016415
  0.00045591624
  0.00035216763
  0.00038771507
  0.00034772303
  0.00047854683
  0.00055163396
  0.00044983705
  0.00045420302
  0.00042543648
  0.00040181089
  0.00038676416
  0.00041114634
  0.00049275100
  0.00037155169
  0.00039007634
  0.00035362123
  0.00036824643
  0.00030169933
  0.00040597571
  0.00029062334
  0.00031689937
  0.00042264257
  0.00040255172
  0.00040473972
  0.00039266980
  0.00042415043
