  0.24832585261
  0.29722603070
  0.12416676108
  0.06737514635
  0.06222469417
  0.05648004111
  0.05367368855
  0.05028391041
  0.04518619346
  0.04112444668
  0.03506904611
  0.02607526891
  0.01873040193
  0.01454672667
  0.01175265918
  0.00977822091
  0.00827927894
  0.00700943094
  0.00596698507
  0.00521407385
  0.00464514804
  0.00425465538
  0.00388697430
  0.00361540797
  0.00340863588
  0.00318021988
  0.00304345283
  0.00290270976
  0.00277725459
  0.00268273791
  0.00258790217
  0.00248637488
  0.00239365039
  0.00231556972
  0.00222474325
  0.00213566060
  0.00207731109
  0.00201356615
  0.00194022739
  0.00187175052
  0.00180190677
  0.00174683258
  0.00167109287
  0.00161079030
  0.00153838188
  0.00147220355
  0.00140943397
  0.00135977946
  0.00131345886
  0.00126119730
  0.00122085319
  0.00119165308
  0.00115035678
  0.00111811542
  0.00108691889
  0.00106875899
  0.00104601012
  0.00102586116
  0.00101128115
  0.00099774207
  0.00098941536
  0.00097929406
  0.00097361224
  0.00096871412
  0.00095426693
  0.00094887319
  0.00093911343
  0.00092432499
  0.00091949476
