  0.17396362746
  0.20080487857
  0.22714773377
  0.10797595341
  0.06925111763
  0.05677525809
  0.04981423580
  0.04037459462
  0.03742491868
  0.02896088814
  0.01687172347
  0.01351177691
  0.01236818221
  0.01254208039
  0.01133694730
  0.01135930205
  0.01094116057
  0.01021043900
  0.00938458443
  0.00817551398
  0.00840462771
  0.00720439445
  0.00740560118
  0.00696223923
  0.00686334726
  0.00682249752
  0.00610397688
  0.00610546236
  0.00662118214
  0.00613306713
  0.00587597896
  0.00559706642
  0.00552502753
  0.00528079315
  0.00501319799
  0.00430282170
  0.00489658181
  0.00482345927
  0.00456068316
  0.00442280718
  0.00445990864
  0.00399775153
  0.00376549515
  0.00398559738
  0.00384073209
  0.00344563630
  0.00330329757
  0.00322142249
  0.00327764536
  0.00311733238
  0.00303299500
  0.00297517708
  0.00287150829
  0.00275038333
  0.00264880074
  0.00260293131
  0.00257339583
  0.00251106290
  0.00242818042
  0.00240088175
  0.00243594090
  0.00248058850
  0.00244777123
  0.00233063715
  0.00222737341
  0.00223571920
  0.00222331252
  0.00223665864
  0.00218669961
  0.00225833456
  0.00231361611
  0.00224411170
  0.00218856588
  0.00223750771
  0.00208939719
  0.00190837278
  0.00186044839
  0.00187662225
  0.00192308310
  0.00173202237
  0.00169947316
  0.00173711537
  0.00180887156
  0.00183488432
  0.00182579815
  0.00169481464
  0.00168621679
  0.00169602448
  0.00170084676
  0.00154372910
  0.00150096615
  0.00147385646
  0.00151268066
  0.00138809434
  0.00125001579
  0.00120840388
  0.00120393054
  0.00121071199
  0.00119777098
  0.00116152428
  0.00116594643
  0.00116603272
  0.00120914141
  0.00117873084
  0.00121299257
  0.00120814720
  0.00120528480
  0.00097286583
  0.00100694011
  0.00094014135
  0.00094985165
  0.00092604867
  0.00095295733
  0.00094353288
  0.00093917578
  0.00089814793
  0.00095592553
  0.00095225264
  0.00095623521
  0.00096915912
  0.00090207599
  0.00095789758
  0.00105737551
  0.00123614326
  0.00151744301
  0.00185111304
  0.00218183580
  0.00113420666
  0.00117108777
  0.00124739588
  0.00127752346
  0.00112013711
  0.00109793772
  0.00101659489
  0.00087706482
  0.00085976904
  0.00087199013
  0.00086525335
  0.00086515013
  0.00090987114
  0.00092943612
  0.00095207775
  0.00097786594
  0.00103349814
  0.00109226598
  0.00108685784
  0.00091988632
  0.00094501260
  0.00096294382
  0.00101294041
  0.00107247550
  0.00114324113
  0.00108725711
  0.00085791426
  0.00085922584
  0.00084946284
  0.00082952833
  0.00092967272
  0.00081733769
  0.00082157864
  0.00079452094
  0.00081083608
  0.00081250281
  0.00091285927
  0.00080317828
  0.00082812481
  0.00084951612
  0.00086424764
  0.00090522822
  0.00094313234
  0.00098914238
  0.00103285554
  0.00099926079
  0.00095477086
  0.00082598677
  0.00084405059
  0.00084228248
  0.00084471017
  0.00097438683
  0.00084421708
  0.00074891297
  0.00068864852
  0.00068829305
  0.00067665858
  0.00067260047
  0.00067825596
  0.00068309110
  0.00068957843
  0.00068346742
  0.00069734720
  0.00069598207
  0.00069349378
  0.00073166449
  0.00074823643
  0.00076570018
  0.00079229085
  0.00082124476
  0.00088174303
  0.00091407543
  0.00098375211
  0.00100919589
  0.00097566925
  0.00104802717
  0.00099183559
  0.00102045355
  0.00098487497
  0.00099164020
  0.00104770346
  0.00110985543
  0.00119284763
  0.00127342955
  0.00127028795
  0.00125631415
  0.00130846371
  0.00144673071
  0.00159812809
  0.00141038403
  0.00125854449
  0.00118701228
  0.00116577946
  0.00118428933
  0.00123901947
  0.00110774803
  0.00106636014
  0.00111354737
  0.00110806677
  0.00113797960
  0.00122163986
  0.00119444914
  0.00097418740
  0.00097978844
  0.00096957650
  0.00096424725
  0.00094966637
  0.00095248684
  0.00092791274
  0.00094734696
  0.00095252119
  0.00098287409
  0.00103517559
  0.00109196402
  0.00100829933
  0.00075860956
  0.00073605032
  0.00071808440
  0.00071010198
  0.00070267738
  0.00068393100
  0.00067296492
  0.00067819256
  0.00066122252
  0.00065770380
  0.00062096857
  0.00062748364
  0.00061066952
  0.00060251909
  0.00060695788
  0.00058324883
  0.00057067703
  0.00055815231
  0.00055355043
  0.00055159054
  0.00052476959
  0.00052243605
  0.00063390403
  0.00053499219
  0.00053368503
  0.00052513264
  0.00053925275
  0.00056187875
  0.00057748090
  0.00061253302
  0.00063369557
  0.00066670271
  0.00071218163
  0.00075172675
  0.00076720288
  0.00058790096
  0.00045301831
  0.00045187454
  0.00043885658
  0.00043566994
  0.00042276925
  0.00040692055
  0.00042285230
  0.00042067496
  0.00041640334
  0.00042178456
  0.00041181245
  0.00043620180
  0.00045620622
  0.00048338414
  0.00049424374
  0.00051717166
  0.00055829266
  0.00049023441
  0.00040547927
  0.00034857372
  0.00035183793
  0.00034021392
