742 34
0 9
7225 7207 
7242 7225 
7257 7242 
7270 7257 
7281 7270 
7290 7281 
7297 7290 
7301 7297 
7303 7301 

1 25
6900 6919 
6919 6938 
6938 6957 
6957 6976 
6976 6995 
6995 7014 
7014 7033 
7033 7052 
7052 7071 
7071 7090 
7090 7109 
7109 7128 
7128 7147 
7147 7166 
7166 7185 
7185 7204 
7204 7223 
7223 7240 
7240 7255 
7255 7268 
7268 7279 
7279 7288 
7288 7295 
7295 7300 
7300 7303 

2 25
6710 6675 
6743 6710 
6774 6743 
6803 6774 
6830 6803 
6855 6830 
6878 6855 
6899 6878 
6918 6899 
6937 6918 
6956 6937 
6975 6956 
6994 6975 
7013 6994 
7032 7013 
7051 7032 
7069 7051 
7085 7069 
7104 7085 
7119 7104 
7138 7119 
7153 7138 
7172 7153 
7189 7172 
7207 7189 

3 9
2107 2016 
2202 2107 
2301 2202 
2404 2301 
2511 2404 
2622 2511 
2737 2622 
2856 2737 
2980 2856 

4 25
3105 2980 
3231 3105 
3357 3231 
3483 3357 
3609 3483 
3735 3609 
3863 3735 
3989 3863 
4113 3989 
4235 4113 
4355 4235 
4473 4355 
4589 4473 
4703 4589 
4815 4703 
4926 4815 
5033 4926 
5136 5033 
5235 5136 
5330 5235 
5421 5330 
5508 5421 
5591 5508 
5668 5591 
5742 5668 

5 25
2016 2109 
2109 2206 
2206 2307 
2307 2412 
2412 2521 
2521 2634 
2634 2751 
2751 2872 
2872 2997 
2997 3123 
3123 3249 
3249 3375 
3375 3501 
3501 3627 
3627 3753 
3753 3881 
3881 4006 
4006 4127 
4127 4249 
4249 4367 
4367 4483 
4483 4595 
4595 4709 
4709 4819 
4819 4923 

6 9
6643 6679 
6679 6714 
6714 6747 
6747 6778 
6778 6807 
6807 6834 
6834 6859 
6859 6880 
6880 6900 

7 50
2088 2183 
2183 2282 
2282 2385 
2385 2492 
2492 2603 
2603 2718 
2718 2837 
2837 2960 
2960 3086 
3086 3212 
3212 3338 
3338 3464 
3464 3590 
3590 3716 
3716 3842 
3842 3968 
3968 4092 
4092 4214 
4214 4334 
4334 4452 
4452 4568 
4568 4682 
4682 4794 
4794 4904 
4904 5011 
5011 5114 
5114 5213 
5213 5308 
5308 5399 
5399 5486 
5486 5569 
5569 5648 
5648 5723 
5723 5794 
5794 5863 
5863 5930 
5930 5995 
5995 6058 
6058 6119 
6119 6178 
6178 6235 
6235 6289 
6289 6341 
6341 6388 
6388 6435 
6435 6482 
6482 6523 
6523 6564 
6564 6605 
6605 6643 

8 9
6708 6675 
6739 6708 
6768 6739 
6795 6768 
6820 6795 
6843 6820 
6864 6843 
6883 6864 
6900 6883 

9 50
3067 3193 
3193 3319 
3319 3445 
3445 3571 
3571 3697 
3697 3823 
3823 3949 
3949 4073 
4073 4195 
4195 4315 
4315 4433 
4433 4549 
4549 4663 
4663 4775 
4775 4885 
4885 4992 
4992 5095 
5095 5194 
5194 5289 
5289 5380 
5380 5467 
5467 5550 
5550 5629 
5629 5704 
5704 5775 
5775 5844 
5844 5911 
5911 5976 
5976 6039 
6039 6100 
6100 6159 
6159 6216 
6216 6271 
6271 6324 
6324 6375 
6375 6424 
6424 6471 
6471 6516 
6516 6559 
6559 6600 
6600 6639 
6639 6676 
6676 6711 
6711 6744 
6744 6775 
6775 6804 
6804 6831 
6831 6856 
6856 6879 
6879 6900 

10 8
6362 6309 
6413 6362 
6462 6413 
6509 6462 
6554 6509 
6597 6554 
6637 6597 
6675 6637 

11 50
2200 2105 
2299 2200 
2402 2299 
2509 2402 
2620 2509 
2735 2620 
2854 2735 
2977 2854 
3103 2977 
3229 3103 
3355 3229 
3481 3355 
3607 3481 
3733 3607 
3859 3733 
3985 3859 
4109 3985 
4231 4109 
4351 4231 
4469 4351 
4585 4469 
4699 4585 
4811 4699 
4921 4811 
5028 4921 
5131 5028 
5230 5131 
5325 5230 
5416 5325 
5503 5416 
5586 5503 
5665 5586 
5740 5665 
5811 5740 
5880 5811 
5947 5880 
6012 5947 
6075 6012 
6136 6075 
6195 6136 
6252 6195 
6307 6252 
6360 6307 
6411 6360 
6460 6411 
6507 6460 
6552 6507 
6595 6552 
6636 6595 
6675 6636 

12 1
6309 6254 

13 50
1456 1532 
1532 1610 
1610 1690 
1690 1772 
1772 1856 
1856 1942 
1942 2031 
2031 2124 
2124 2221 
2221 2322 
2322 2427 
2427 2536 
2536 2649 
2649 2766 
2766 2887 
2887 3014 
3014 3142 
3142 3270 
3270 3398 
3398 3526 
3526 3654 
3654 3782 
3782 3910 
3910 4036 
4036 4160 
4160 4282 
4282 4402 
4402 4520 
4520 4636 
4636 4750 
4750 4862 
4862 4971 
4971 5076 
5076 5177 
5177 5274 
5274 5367 
5367 5456 
5456 5541 
5541 5622 
5622 5699 
5699 5772 
5772 5843 
5843 5908 
5908 5973 
5973 6034 
6034 6091 
6091 6150 
6150 6205 
6205 6256 
6256 6309 

14 8
5813 5742 
5882 5813 
5949 5882 
6014 5949 
6077 6014 
6138 6077 
6197 6138 
6254 6197 

15 50
1458 1384 
1534 1458 
1612 1534 
1692 1612 
1774 1692 
1858 1774 
1944 1858 
2033 1944 
2126 2033 
2223 2126 
2324 2223 
2429 2324 
2538 2429 
2651 2538 
2770 2651 
2893 2770 
3020 2893 
3148 3020 
3276 3148 
3404 3276 
3532 3404 
3660 3532 
3788 3660 
3916 3788 
4042 3916 
4166 4042 
4288 4166 
4408 4288 
4526 4408 
4642 4526 
4756 4642 
4868 4756 
4977 4868 
5082 4977 
5183 5082 
5280 5183 
5373 5280 
5462 5373 
5547 5462 
5627 5547 
5703 5627 
5773 5703 
5839 5773 
5906 5839 
5969 5906 
6028 5969 
6089 6028 
6146 6089 
6199 6146 
6254 6199 

16 9
5030 4923 
5133 5030 
5232 5133 
5327 5232 
5418 5327 
5505 5418 
5588 5505 
5667 5588 
5742 5667 

17 50
880 938 
938 998 
998 1060 
1060 1124 
1124 1190 
1190 1258 
1258 1328 
1328 1400 
1400 1474 
1474 1550 
1550 1628 
1628 1708 
1708 1790 
1790 1874 
1874 1962 
1962 2053 
2053 2148 
2148 2247 
2247 2350 
2350 2457 
2457 2568 
2568 2683 
2683 2802 
2802 2925 
2925 3052 
3052 3180 
3180 3308 
3308 3436 
3436 3564 
3564 3692 
3692 3820 
3820 3947 
3947 4072 
4072 4192 
4192 4312 
4312 4426 
4426 4542 
4542 4652 
4652 4762 
4762 4870 
4870 4975 
4975 5078 
5078 5173 
5173 5268 
5268 5357 
5357 5440 
5440 5523 
5523 5600 
5600 5671 
5671 5742 

18 9
3987 3862 
4111 3987 
4233 4111 
4353 4233 
4471 4353 
4587 4471 
4701 4587 
4813 4701 
4923 4813 

19 50
522 484 
562 522 
604 562 
648 604 
694 648 
742 694 
792 742 
844 792 
898 844 
956 898 
1016 956 
1078 1016 
1142 1078 
1208 1142 
1276 1208 
1348 1276 
1422 1348 
1498 1422 
1576 1498 
1656 1576 
1738 1656 
1822 1738 
1908 1822 
1996 1908 
2083 1996 
2174 2083 
2269 2174 
2368 2269 
2471 2368 
2578 2471 
2689 2578 
2806 2689 
2923 2806 
3046 2923 
3172 3046 
3294 3172 
3420 3294 
3542 3420 
3666 3542 
3790 3666 
3914 3790 
4038 3914 
4156 4038 
4276 4156 
4392 4276 
4504 4392 
4618 4504 
4728 4618 
4834 4728 
4923 4834 

20 50
255 233 
279 255 
305 279 
333 305 
363 333 
395 363 
429 395 
465 429 
502 465 
540 502 
580 540 
622 580 
666 622 
712 666 
760 712 
809 760 
860 809 
912 860 
966 912 
1026 966 
1086 1026 
1148 1086 
1212 1148 
1278 1212 
1344 1278 
1414 1344 
1486 1414 
1560 1486 
1636 1560 
1714 1636 
1794 1714 
1878 1794 
1960 1878 
2047 1960 
2140 2047 
2233 2140 
2334 2233 
2435 2334 
2542 2435 
2653 2542 
2768 2653 
2889 2768 
3010 2889 
3136 3010 
3260 3136 
3382 3260 
3508 3382 
3632 3508 
3754 3632 
3862 3754 

21 9
2181 2088 
2278 2181 
2379 2278 
2484 2379 
2593 2484 
2706 2593 
2823 2706 
2944 2823 
3067 2944 

22 9
2105 2198 
2198 2295 
2295 2396 
2396 2501 
2501 2610 
2610 2723 
2723 2840 
2840 2961 
2961 3067 

23 25
918 975 
975 1035 
1035 1097 
1097 1161 
1161 1227 
1227 1295 
1295 1365 
1365 1437 
1437 1511 
1511 1587 
1587 1665 
1665 1745 
1745 1827 
1827 1911 
1911 1997 
1997 2086 
2086 2179 
2179 2276 
2276 2377 
2377 2482 
2482 2591 
2591 2704 
2704 2821 
2821 2942 
2942 3067 

24 8
1456 1530 
1530 1606 
1606 1684 
1684 1764 
1764 1846 
1846 1930 
1930 2017 
2017 2105 

25 25
543 503 
585 543 
629 585 
675 629 
723 675 
773 723 
825 773 
879 825 
935 879 
993 935 
1053 993 
1115 1053 
1179 1115 
1245 1179 
1313 1245 
1383 1313 
1455 1383 
1529 1455 
1605 1529 
1683 1605 
1763 1683 
1845 1763 
1929 1845 
2015 1929 
2105 2015 

26 1
1384 1456 

27 8
880 936 
936 994 
994 1054 
1054 1116 
1116 1180 
1180 1246 
1246 1314 
1314 1384 

28 9
484 520 
520 558 
558 598 
598 640 
640 684 
684 730 
730 778 
778 828 
828 880 

29 25
82 100 
100 119 
119 138 
138 157 
157 176 
176 195 
195 214 
214 234 
234 256 
256 280 
280 306 
306 334 
334 364 
364 396 
396 430 
430 466 
466 504 
504 544 
544 586 
586 630 
630 676 
676 724 
724 774 
774 826 
826 880 

30 9
233 253 
253 275 
275 299 
299 325 
325 353 
353 383 
383 415 
415 449 
449 484 

31 25
3 0 
8 3 
15 8 
24 15 
35 24 
48 35 
63 48 
80 63 
99 80 
118 99 
137 118 
156 137 
175 156 
194 175 
213 194 
232 213 
252 232 
274 252 
298 274 
324 298 
352 324 
382 352 
414 382 
448 414 
484 448 

32 9
503 541 
541 581 
581 623 
623 667 
667 713 
713 761 
761 811 
811 863 
863 918 

33 9
0 1 
1 4 
4 9 
9 16 
16 25 
25 36 
36 49 
49 64 
64 82 

