1518 34
0 19
7225
7207
7242
7257
7270
7281
7290
7297
7301
7303
7304
7305
7306
7307
7308
7309
7310
7311
7312

1 51
6900
6919
6938
6957
6976
6995
7014
7033
7052
7071
7090
7109
7128
7147
7166
7185
7204
7223
7240
7255
7268
7279
7288
7295
7300
7303
7313
7314
7315
7316
7317
7318
7319
7320
7321
7322
7323
7324
7325
7326
7327
7328
7329
7330
7331
7332
7333
7334
7335
7336
7337

2 51
6710
6675
6743
6774
6803
6830
6855
6878
6899
6918
6937
6956
6975
6994
7013
7032
7051
7069
7085
7104
7119
7138
7153
7172
7189
7207
7338
7339
7340
7341
7342
7343
7344
7345
7346
7347
7348
7349
7350
7351
7352
7353
7354
7355
7356
7357
7358
7359
7360
7361
7362

3 19
2107
2016
2202
2301
2404
2511
2622
2737
2856
2980
7363
7364
7365
7366
7367
7368
7369
7370
7371

4 51
3105
2980
3231
3357
3483
3609
3735
3863
3989
4113
4235
4355
4473
4589
4703
4815
4926
5033
5136
5235
5330
5421
5508
5591
5668
5742
7372
7373
7374
7375
7376
7377
7378
7379
7380
7381
7382
7383
7384
7385
7386
7387
7388
7389
7390
7391
7392
7393
7394
7395
7396

5 51
2016
2109
2206
2307
2412
2521
2634
2751
2872
2997
3123
3249
3375
3501
3627
3753
3881
4006
4127
4249
4367
4483
4595
4709
4819
4923
7397
7398
7399
7400
7401
7402
7403
7404
7405
7406
7407
7408
7409
7410
7411
7412
7413
7414
7415
7416
7417
7418
7419
7420
7421

6 19
6643
6679
6714
6747
6778
6807
6834
6859
6880
6900
7422
7423
7424
7425
7426
7427
7428
7429
7430

7 101
2088
2183
2282
2385
2492
2603
2718
2837
2960
3086
3212
3338
3464
3590
3716
3842
3968
4092
4214
4334
4452
4568
4682
4794
4904
5011
5114
5213
5308
5399
5486
5569
5648
5723
5794
5863
5930
5995
6058
6119
6178
6235
6289
6341
6388
6435
6482
6523
6564
6605
6643
7431
7432
7433
7434
7435
7436
7437
7438
7439
7440
7441
7442
7443
7444
7445
7446
7447
7448
7449
7450
7451
7452
7453
7454
7455
7456
7457
7458
7459
7460
7461
7462
7463
7464
7465
7466
7467
7468
7469
7470
7471
7472
7473
7474
7475
7476
7477
7478
7479
7480

8 19
6708
6675
6739
6768
6795
6820
6843
6864
6883
6900
7481
7482
7483
7484
7485
7486
7487
7488
7489

9 101
3067
3193
3319
3445
3571
3697
3823
3949
4073
4195
4315
4433
4549
4663
4775
4885
4992
5095
5194
5289
5380
5467
5550
5629
5704
5775
5844
5911
5976
6039
6100
6159
6216
6271
6324
6375
6424
6471
6516
6559
6600
6639
6676
6711
6744
6775
6804
6831
6856
6879
6900
7490
7491
7492
7493
7494
7495
7496
7497
7498
7499
7500
7501
7502
7503
7504
7505
7506
7507
7508
7509
7510
7511
7512
7513
7514
7515
7516
7517
7518
7519
7520
7521
7522
7523
7524
7525
7526
7527
7528
7529
7530
7531
7532
7533
7534
7535
7536
7537
7538
7539

10 17
6362
6309
6413
6462
6509
6554
6597
6637
6675
7540
7541
7542
7543
7544
7545
7546
7547

11 101
2200
2105
2299
2402
2509
2620
2735
2854
2977
3103
3229
3355
3481
3607
3733
3859
3985
4109
4231
4351
4469
4585
4699
4811
4921
5028
5131
5230
5325
5416
5503
5586
5665
5740
5811
5880
5947
6012
6075
6136
6195
6252
6307
6360
6411
6460
6507
6552
6595
6636
6675
7548
7549
7550
7551
7552
7553
7554
7555
7556
7557
7558
7559
7560
7561
7562
7563
7564
7565
7566
7567
7568
7569
7570
7571
7572
7573
7574
7575
7576
7577
7578
7579
7580
7581
7582
7583
7584
7585
7586
7587
7588
7589
7590
7591
7592
7593
7594
7595
7596
7597

12 3
6309
6254
7598

13 101
1456
1532
1610
1690
1772
1856
1942
2031
2124
2221
2322
2427
2536
2649
2766
2887
3014
3142
3270
3398
3526
3654
3782
3910
4036
4160
4282
4402
4520
4636
4750
4862
4971
5076
5177
5274
5367
5456
5541
5622
5699
5772
5843
5908
5973
6034
6091
6150
6205
6256
6309
7599
7600
7601
7602
7603
7604
7605
7606
7607
7608
7609
7610
7611
7612
7613
7614
7615
7616
7617
7618
7619
7620
7621
7622
7623
7624
7625
7626
7627
7628
7629
7630
7631
7632
7633
7634
7635
7636
7637
7638
7639
7640
7641
7642
7643
7644
7645
7646
7647
7648

14 17
5813
5742
5882
5949
6014
6077
6138
6197
6254
7649
7650
7651
7652
7653
7654
7655
7656

15 101
1458
1384
1534
1612
1692
1774
1858
1944
2033
2126
2223
2324
2429
2538
2651
2770
2893
3020
3148
3276
3404
3532
3660
3788
3916
4042
4166
4288
4408
4526
4642
4756
4868
4977
5082
5183
5280
5373
5462
5547
5627
5703
5773
5839
5906
5969
6028
6089
6146
6199
6254
7657
7658
7659
7660
7661
7662
7663
7664
7665
7666
7667
7668
7669
7670
7671
7672
7673
7674
7675
7676
7677
7678
7679
7680
7681
7682
7683
7684
7685
7686
7687
7688
7689
7690
7691
7692
7693
7694
7695
7696
7697
7698
7699
7700
7701
7702
7703
7704
7705
7706

16 19
5030
4923
5133
5232
5327
5418
5505
5588
5667
5742
7707
7708
7709
7710
7711
7712
7713
7714
7715

17 101
880
938
998
1060
1124
1190
1258
1328
1400
1474
1550
1628
1708
1790
1874
1962
2053
2148
2247
2350
2457
2568
2683
2802
2925
3052
3180
3308
3436
3564
3692
3820
3947
4072
4192
4312
4426
4542
4652
4762
4870
4975
5078
5173
5268
5357
5440
5523
5600
5671
5742
7716
7717
7718
7719
7720
7721
7722
7723
7724
7725
7726
7727
7728
7729
7730
7731
7732
7733
7734
7735
7736
7737
7738
7739
7740
7741
7742
7743
7744
7745
7746
7747
7748
7749
7750
7751
7752
7753
7754
7755
7756
7757
7758
7759
7760
7761
7762
7763
7764
7765

18 19
3987
3862
4111
4233
4353
4471
4587
4701
4813
4923
7766
7767
7768
7769
7770
7771
7772
7773
7774

19 101
522
484
562
604
648
694
742
792
844
898
956
1016
1078
1142
1208
1276
1348
1422
1498
1576
1656
1738
1822
1908
1996
2083
2174
2269
2368
2471
2578
2689
2806
2923
3046
3172
3294
3420
3542
3666
3790
3914
4038
4156
4276
4392
4504
4618
4728
4834
4923
7775
7776
7777
7778
7779
7780
7781
7782
7783
7784
7785
7786
7787
7788
7789
7790
7791
7792
7793
7794
7795
7796
7797
7798
7799
7800
7801
7802
7803
7804
7805
7806
7807
7808
7809
7810
7811
7812
7813
7814
7815
7816
7817
7818
7819
7820
7821
7822
7823
7824

20 101
255
233
279
305
333
363
395
429
465
502
540
580
622
666
712
760
809
860
912
966
1026
1086
1148
1212
1278
1344
1414
1486
1560
1636
1714
1794
1878
1960
2047
2140
2233
2334
2435
2542
2653
2768
2889
3010
3136
3260
3382
3508
3632
3754
3862
7825
7826
7827
7828
7829
7830
7831
7832
7833
7834
7835
7836
7837
7838
7839
7840
7841
7842
7843
7844
7845
7846
7847
7848
7849
7850
7851
7852
7853
7854
7855
7856
7857
7858
7859
7860
7861
7862
7863
7864
7865
7866
7867
7868
7869
7870
7871
7872
7873
7874

21 19
2181
2088
2278
2379
2484
2593
2706
2823
2944
3067
7875
7876
7877
7878
7879
7880
7881
7882
7883

22 19
2105
2198
2295
2396
2501
2610
2723
2840
2961
3067
7884
7885
7886
7887
7888
7889
7890
7891
7892

23 51
918
975
1035
1097
1161
1227
1295
1365
1437
1511
1587
1665
1745
1827
1911
1997
2086
2179
2276
2377
2482
2591
2704
2821
2942
3067
7893
7894
7895
7896
7897
7898
7899
7900
7901
7902
7903
7904
7905
7906
7907
7908
7909
7910
7911
7912
7913
7914
7915
7916
7917

24 17
1456
1530
1606
1684
1764
1846
1930
2017
2105
7918
7919
7920
7921
7922
7923
7924
7925

25 51
543
503
585
629
675
723
773
825
879
935
993
1053
1115
1179
1245
1313
1383
1455
1529
1605
1683
1763
1845
1929
2015
2105
7926
7927
7928
7929
7930
7931
7932
7933
7934
7935
7936
7937
7938
7939
7940
7941
7942
7943
7944
7945
7946
7947
7948
7949
7950

26 3
1384
1456
7951

27 17
880
936
994
1054
1116
1180
1246
1314
1384
7952
7953
7954
7955
7956
7957
7958
7959

28 19
484
520
558
598
640
684
730
778
828
880
7960
7961
7962
7963
7964
7965
7966
7967
7968

29 51
82
100
119
138
157
176
195
214
234
256
280
306
334
364
396
430
466
504
544
586
630
676
724
774
826
880
7969
7970
7971
7972
7973
7974
7975
7976
7977
7978
7979
7980
7981
7982
7983
7984
7985
7986
7987
7988
7989
7990
7991
7992
7993

30 19
233
253
275
299
325
353
383
415
449
484
7994
7995
7996
7997
7998
7999
8000
8001
8002

31 51
3
0
8
15
24
35
48
63
80
99
118
137
156
175
194
213
232
252
274
298
324
352
382
414
448
484
8003
8004
8005
8006
8007
8008
8009
8010
8011
8012
8013
8014
8015
8016
8017
8018
8019
8020
8021
8022
8023
8024
8025
8026
8027

32 19
503
541
581
623
667
713
761
811
863
918
8028
8029
8030
8031
8032
8033
8034
8035
8036

33 19
0
1
4
9
16
25
36
49
64
82
8037
8038
8039
8040
8041
8042
8043
8044
8045

