1484 34
0 18
7225 7304 
7304 7207 
7242 7305 
7305 7225 
7257 7306 
7306 7242 
7270 7307 
7307 7257 
7281 7308 
7308 7270 
7290 7309 
7309 7281 
7297 7310 
7310 7290 
7301 7311 
7311 7297 
7303 7312 
7312 7301 

1 50
6900 7313 
7313 6919 
6919 7314 
7314 6938 
6938 7315 
7315 6957 
6957 7316 
7316 6976 
6976 7317 
7317 6995 
6995 7318 
7318 7014 
7014 7319 
7319 7033 
7033 7320 
7320 7052 
7052 7321 
7321 7071 
7071 7322 
7322 7090 
7090 7323 
7323 7109 
7109 7324 
7324 7128 
7128 7325 
7325 7147 
7147 7326 
7326 7166 
7166 7327 
7327 7185 
7185 7328 
7328 7204 
7204 7329 
7329 7223 
7223 7330 
7330 7240 
7240 7331 
7331 7255 
7255 7332 
7332 7268 
7268 7333 
7333 7279 
7279 7334 
7334 7288 
7288 7335 
7335 7295 
7295 7336 
7336 7300 
7300 7337 
7337 7303 

2 50
6710 7338 
7338 6675 
6743 7339 
7339 6710 
6774 7340 
7340 6743 
6803 7341 
7341 6774 
6830 7342 
7342 6803 
6855 7343 
7343 6830 
6878 7344 
7344 6855 
6899 7345 
7345 6878 
6918 7346 
7346 6899 
6937 7347 
7347 6918 
6956 7348 
7348 6937 
6975 7349 
7349 6956 
6994 7350 
7350 6975 
7013 7351 
7351 6994 
7032 7352 
7352 7013 
7051 7353 
7353 7032 
7069 7354 
7354 7051 
7085 7355 
7355 7069 
7104 7356 
7356 7085 
7119 7357 
7357 7104 
7138 7358 
7358 7119 
7153 7359 
7359 7138 
7172 7360 
7360 7153 
7189 7361 
7361 7172 
7207 7362 
7362 7189 

3 18
2107 7363 
7363 2016 
2202 7364 
7364 2107 
2301 7365 
7365 2202 
2404 7366 
7366 2301 
2511 7367 
7367 2404 
2622 7368 
7368 2511 
2737 7369 
7369 2622 
2856 7370 
7370 2737 
2980 7371 
7371 2856 

4 50
3105 7372 
7372 2980 
3231 7373 
7373 3105 
3357 7374 
7374 3231 
3483 7375 
7375 3357 
3609 7376 
7376 3483 
3735 7377 
7377 3609 
3863 7378 
7378 3735 
3989 7379 
7379 3863 
4113 7380 
7380 3989 
4235 7381 
7381 4113 
4355 7382 
7382 4235 
4473 7383 
7383 4355 
4589 7384 
7384 4473 
4703 7385 
7385 4589 
4815 7386 
7386 4703 
4926 7387 
7387 4815 
5033 7388 
7388 4926 
5136 7389 
7389 5033 
5235 7390 
7390 5136 
5330 7391 
7391 5235 
5421 7392 
7392 5330 
5508 7393 
7393 5421 
5591 7394 
7394 5508 
5668 7395 
7395 5591 
5742 7396 
7396 5668 

5 50
2016 7397 
7397 2109 
2109 7398 
7398 2206 
2206 7399 
7399 2307 
2307 7400 
7400 2412 
2412 7401 
7401 2521 
2521 7402 
7402 2634 
2634 7403 
7403 2751 
2751 7404 
7404 2872 
2872 7405 
7405 2997 
2997 7406 
7406 3123 
3123 7407 
7407 3249 
3249 7408 
7408 3375 
3375 7409 
7409 3501 
3501 7410 
7410 3627 
3627 7411 
7411 3753 
3753 7412 
7412 3881 
3881 7413 
7413 4006 
4006 7414 
7414 4127 
4127 7415 
7415 4249 
4249 7416 
7416 4367 
4367 7417 
7417 4483 
4483 7418 
7418 4595 
4595 7419 
7419 4709 
4709 7420 
7420 4819 
4819 7421 
7421 4923 

6 18
6643 7422 
7422 6679 
6679 7423 
7423 6714 
6714 7424 
7424 6747 
6747 7425 
7425 6778 
6778 7426 
7426 6807 
6807 7427 
7427 6834 
6834 7428 
7428 6859 
6859 7429 
7429 6880 
6880 7430 
7430 6900 

7 100
2088 7431 
7431 2183 
2183 7432 
7432 2282 
2282 7433 
7433 2385 
2385 7434 
7434 2492 
2492 7435 
7435 2603 
2603 7436 
7436 2718 
2718 7437 
7437 2837 
2837 7438 
7438 2960 
2960 7439 
7439 3086 
3086 7440 
7440 3212 
3212 7441 
7441 3338 
3338 7442 
7442 3464 
3464 7443 
7443 3590 
3590 7444 
7444 3716 
3716 7445 
7445 3842 
3842 7446 
7446 3968 
3968 7447 
7447 4092 
4092 7448 
7448 4214 
4214 7449 
7449 4334 
4334 7450 
7450 4452 
4452 7451 
7451 4568 
4568 7452 
7452 4682 
4682 7453 
7453 4794 
4794 7454 
7454 4904 
4904 7455 
7455 5011 
5011 7456 
7456 5114 
5114 7457 
7457 5213 
5213 7458 
7458 5308 
5308 7459 
7459 5399 
5399 7460 
7460 5486 
5486 7461 
7461 5569 
5569 7462 
7462 5648 
5648 7463 
7463 5723 
5723 7464 
7464 5794 
5794 7465 
7465 5863 
5863 7466 
7466 5930 
5930 7467 
7467 5995 
5995 7468 
7468 6058 
6058 7469 
7469 6119 
6119 7470 
7470 6178 
6178 7471 
7471 6235 
6235 7472 
7472 6289 
6289 7473 
7473 6341 
6341 7474 
7474 6388 
6388 7475 
7475 6435 
6435 7476 
7476 6482 
6482 7477 
7477 6523 
6523 7478 
7478 6564 
6564 7479 
7479 6605 
6605 7480 
7480 6643 

8 18
6708 7481 
7481 6675 
6739 7482 
7482 6708 
6768 7483 
7483 6739 
6795 7484 
7484 6768 
6820 7485 
7485 6795 
6843 7486 
7486 6820 
6864 7487 
7487 6843 
6883 7488 
7488 6864 
6900 7489 
7489 6883 

9 100
3067 7490 
7490 3193 
3193 7491 
7491 3319 
3319 7492 
7492 3445 
3445 7493 
7493 3571 
3571 7494 
7494 3697 
3697 7495 
7495 3823 
3823 7496 
7496 3949 
3949 7497 
7497 4073 
4073 7498 
7498 4195 
4195 7499 
7499 4315 
4315 7500 
7500 4433 
4433 7501 
7501 4549 
4549 7502 
7502 4663 
4663 7503 
7503 4775 
4775 7504 
7504 4885 
4885 7505 
7505 4992 
4992 7506 
7506 5095 
5095 7507 
7507 5194 
5194 7508 
7508 5289 
5289 7509 
7509 5380 
5380 7510 
7510 5467 
5467 7511 
7511 5550 
5550 7512 
7512 5629 
5629 7513 
7513 5704 
5704 7514 
7514 5775 
5775 7515 
7515 5844 
5844 7516 
7516 5911 
5911 7517 
7517 5976 
5976 7518 
7518 6039 
6039 7519 
7519 6100 
6100 7520 
7520 6159 
6159 7521 
7521 6216 
6216 7522 
7522 6271 
6271 7523 
7523 6324 
6324 7524 
7524 6375 
6375 7525 
7525 6424 
6424 7526 
7526 6471 
6471 7527 
7527 6516 
6516 7528 
7528 6559 
6559 7529 
7529 6600 
6600 7530 
7530 6639 
6639 7531 
7531 6676 
6676 7532 
7532 6711 
6711 7533 
7533 6744 
6744 7534 
7534 6775 
6775 7535 
7535 6804 
6804 7536 
7536 6831 
6831 7537 
7537 6856 
6856 7538 
7538 6879 
6879 7539 
7539 6900 

10 16
6362 7540 
7540 6309 
6413 7541 
7541 6362 
6462 7542 
7542 6413 
6509 7543 
7543 6462 
6554 7544 
7544 6509 
6597 7545 
7545 6554 
6637 7546 
7546 6597 
6675 7547 
7547 6637 

11 100
2200 7548 
7548 2105 
2299 7549 
7549 2200 
2402 7550 
7550 2299 
2509 7551 
7551 2402 
2620 7552 
7552 2509 
2735 7553 
7553 2620 
2854 7554 
7554 2735 
2977 7555 
7555 2854 
3103 7556 
7556 2977 
3229 7557 
7557 3103 
3355 7558 
7558 3229 
3481 7559 
7559 3355 
3607 7560 
7560 3481 
3733 7561 
7561 3607 
3859 7562 
7562 3733 
3985 7563 
7563 3859 
4109 7564 
7564 3985 
4231 7565 
7565 4109 
4351 7566 
7566 4231 
4469 7567 
7567 4351 
4585 7568 
7568 4469 
4699 7569 
7569 4585 
4811 7570 
7570 4699 
4921 7571 
7571 4811 
5028 7572 
7572 4921 
5131 7573 
7573 5028 
5230 7574 
7574 5131 
5325 7575 
7575 5230 
5416 7576 
7576 5325 
5503 7577 
7577 5416 
5586 7578 
7578 5503 
5665 7579 
7579 5586 
5740 7580 
7580 5665 
5811 7581 
7581 5740 
5880 7582 
7582 5811 
5947 7583 
7583 5880 
6012 7584 
7584 5947 
6075 7585 
7585 6012 
6136 7586 
7586 6075 
6195 7587 
7587 6136 
6252 7588 
7588 6195 
6307 7589 
7589 6252 
6360 7590 
7590 6307 
6411 7591 
7591 6360 
6460 7592 
7592 6411 
6507 7593 
7593 6460 
6552 7594 
7594 6507 
6595 7595 
7595 6552 
6636 7596 
7596 6595 
6675 7597 
7597 6636 

12 2
6309 7598 
7598 6254 

13 100
1456 7599 
7599 1532 
1532 7600 
7600 1610 
1610 7601 
7601 1690 
1690 7602 
7602 1772 
1772 7603 
7603 1856 
1856 7604 
7604 1942 
1942 7605 
7605 2031 
2031 7606 
7606 2124 
2124 7607 
7607 2221 
2221 7608 
7608 2322 
2322 7609 
7609 2427 
2427 7610 
7610 2536 
2536 7611 
7611 2649 
2649 7612 
7612 2766 
2766 7613 
7613 2887 
2887 7614 
7614 3014 
3014 7615 
7615 3142 
3142 7616 
7616 3270 
3270 7617 
7617 3398 
3398 7618 
7618 3526 
3526 7619 
7619 3654 
3654 7620 
7620 3782 
3782 7621 
7621 3910 
3910 7622 
7622 4036 
4036 7623 
7623 4160 
4160 7624 
7624 4282 
4282 7625 
7625 4402 
4402 7626 
7626 4520 
4520 7627 
7627 4636 
4636 7628 
7628 4750 
4750 7629 
7629 4862 
4862 7630 
7630 4971 
4971 7631 
7631 5076 
5076 7632 
7632 5177 
5177 7633 
7633 5274 
5274 7634 
7634 5367 
5367 7635 
7635 5456 
5456 7636 
7636 5541 
5541 7637 
7637 5622 
5622 7638 
7638 5699 
5699 7639 
7639 5772 
5772 7640 
7640 5843 
5843 7641 
7641 5908 
5908 7642 
7642 5973 
5973 7643 
7643 6034 
6034 7644 
7644 6091 
6091 7645 
7645 6150 
6150 7646 
7646 6205 
6205 7647 
7647 6256 
6256 7648 
7648 6309 

14 16
5813 7649 
7649 5742 
5882 7650 
7650 5813 
5949 7651 
7651 5882 
6014 7652 
7652 5949 
6077 7653 
7653 6014 
6138 7654 
7654 6077 
6197 7655 
7655 6138 
6254 7656 
7656 6197 

15 100
1458 7657 
7657 1384 
1534 7658 
7658 1458 
1612 7659 
7659 1534 
1692 7660 
7660 1612 
1774 7661 
7661 1692 
1858 7662 
7662 1774 
1944 7663 
7663 1858 
2033 7664 
7664 1944 
2126 7665 
7665 2033 
2223 7666 
7666 2126 
2324 7667 
7667 2223 
2429 7668 
7668 2324 
2538 7669 
7669 2429 
2651 7670 
7670 2538 
2770 7671 
7671 2651 
2893 7672 
7672 2770 
3020 7673 
7673 2893 
3148 7674 
7674 3020 
3276 7675 
7675 3148 
3404 7676 
7676 3276 
3532 7677 
7677 3404 
3660 7678 
7678 3532 
3788 7679 
7679 3660 
3916 7680 
7680 3788 
4042 7681 
7681 3916 
4166 7682 
7682 4042 
4288 7683 
7683 4166 
4408 7684 
7684 4288 
4526 7685 
7685 4408 
4642 7686 
7686 4526 
4756 7687 
7687 4642 
4868 7688 
7688 4756 
4977 7689 
7689 4868 
5082 7690 
7690 4977 
5183 7691 
7691 5082 
5280 7692 
7692 5183 
5373 7693 
7693 5280 
5462 7694 
7694 5373 
5547 7695 
7695 5462 
5627 7696 
7696 5547 
5703 7697 
7697 5627 
5773 7698 
7698 5703 
5839 7699 
7699 5773 
5906 7700 
7700 5839 
5969 7701 
7701 5906 
6028 7702 
7702 5969 
6089 7703 
7703 6028 
6146 7704 
7704 6089 
6199 7705 
7705 6146 
6254 7706 
7706 6199 

16 18
5030 7707 
7707 4923 
5133 7708 
7708 5030 
5232 7709 
7709 5133 
5327 7710 
7710 5232 
5418 7711 
7711 5327 
5505 7712 
7712 5418 
5588 7713 
7713 5505 
5667 7714 
7714 5588 
5742 7715 
7715 5667 

17 100
880 7716 
7716 938 
938 7717 
7717 998 
998 7718 
7718 1060 
1060 7719 
7719 1124 
1124 7720 
7720 1190 
1190 7721 
7721 1258 
1258 7722 
7722 1328 
1328 7723 
7723 1400 
1400 7724 
7724 1474 
1474 7725 
7725 1550 
1550 7726 
7726 1628 
1628 7727 
7727 1708 
1708 7728 
7728 1790 
1790 7729 
7729 1874 
1874 7730 
7730 1962 
1962 7731 
7731 2053 
2053 7732 
7732 2148 
2148 7733 
7733 2247 
2247 7734 
7734 2350 
2350 7735 
7735 2457 
2457 7736 
7736 2568 
2568 7737 
7737 2683 
2683 7738 
7738 2802 
2802 7739 
7739 2925 
2925 7740 
7740 3052 
3052 7741 
7741 3180 
3180 7742 
7742 3308 
3308 7743 
7743 3436 
3436 7744 
7744 3564 
3564 7745 
7745 3692 
3692 7746 
7746 3820 
3820 7747 
7747 3947 
3947 7748 
7748 4072 
4072 7749 
7749 4192 
4192 7750 
7750 4312 
4312 7751 
7751 4426 
4426 7752 
7752 4542 
4542 7753 
7753 4652 
4652 7754 
7754 4762 
4762 7755 
7755 4870 
4870 7756 
7756 4975 
4975 7757 
7757 5078 
5078 7758 
7758 5173 
5173 7759 
7759 5268 
5268 7760 
7760 5357 
5357 7761 
7761 5440 
5440 7762 
7762 5523 
5523 7763 
7763 5600 
5600 7764 
7764 5671 
5671 7765 
7765 5742 

18 18
3987 7766 
7766 3862 
4111 7767 
7767 3987 
4233 7768 
7768 4111 
4353 7769 
7769 4233 
4471 7770 
7770 4353 
4587 7771 
7771 4471 
4701 7772 
7772 4587 
4813 7773 
7773 4701 
4923 7774 
7774 4813 

19 100
522 7775 
7775 484 
562 7776 
7776 522 
604 7777 
7777 562 
648 7778 
7778 604 
694 7779 
7779 648 
742 7780 
7780 694 
792 7781 
7781 742 
844 7782 
7782 792 
898 7783 
7783 844 
956 7784 
7784 898 
1016 7785 
7785 956 
1078 7786 
7786 1016 
1142 7787 
7787 1078 
1208 7788 
7788 1142 
1276 7789 
7789 1208 
1348 7790 
7790 1276 
1422 7791 
7791 1348 
1498 7792 
7792 1422 
1576 7793 
7793 1498 
1656 7794 
7794 1576 
1738 7795 
7795 1656 
1822 7796 
7796 1738 
1908 7797 
7797 1822 
1996 7798 
7798 1908 
2083 7799 
7799 1996 
2174 7800 
7800 2083 
2269 7801 
7801 2174 
2368 7802 
7802 2269 
2471 7803 
7803 2368 
2578 7804 
7804 2471 
2689 7805 
7805 2578 
2806 7806 
7806 2689 
2923 7807 
7807 2806 
3046 7808 
7808 2923 
3172 7809 
7809 3046 
3294 7810 
7810 3172 
3420 7811 
7811 3294 
3542 7812 
7812 3420 
3666 7813 
7813 3542 
3790 7814 
7814 3666 
3914 7815 
7815 3790 
4038 7816 
7816 3914 
4156 7817 
7817 4038 
4276 7818 
7818 4156 
4392 7819 
7819 4276 
4504 7820 
7820 4392 
4618 7821 
7821 4504 
4728 7822 
7822 4618 
4834 7823 
7823 4728 
4923 7824 
7824 4834 

20 100
255 7825 
7825 233 
279 7826 
7826 255 
305 7827 
7827 279 
333 7828 
7828 305 
363 7829 
7829 333 
395 7830 
7830 363 
429 7831 
7831 395 
465 7832 
7832 429 
502 7833 
7833 465 
540 7834 
7834 502 
580 7835 
7835 540 
622 7836 
7836 580 
666 7837 
7837 622 
712 7838 
7838 666 
760 7839 
7839 712 
809 7840 
7840 760 
860 7841 
7841 809 
912 7842 
7842 860 
966 7843 
7843 912 
1026 7844 
7844 966 
1086 7845 
7845 1026 
1148 7846 
7846 1086 
1212 7847 
7847 1148 
1278 7848 
7848 1212 
1344 7849 
7849 1278 
1414 7850 
7850 1344 
1486 7851 
7851 1414 
1560 7852 
7852 1486 
1636 7853 
7853 1560 
1714 7854 
7854 1636 
1794 7855 
7855 1714 
1878 7856 
7856 1794 
1960 7857 
7857 1878 
2047 7858 
7858 1960 
2140 7859 
7859 2047 
2233 7860 
7860 2140 
2334 7861 
7861 2233 
2435 7862 
7862 2334 
2542 7863 
7863 2435 
2653 7864 
7864 2542 
2768 7865 
7865 2653 
2889 7866 
7866 2768 
3010 7867 
7867 2889 
3136 7868 
7868 3010 
3260 7869 
7869 3136 
3382 7870 
7870 3260 
3508 7871 
7871 3382 
3632 7872 
7872 3508 
3754 7873 
7873 3632 
3862 7874 
7874 3754 

21 18
2181 7875 
7875 2088 
2278 7876 
7876 2181 
2379 7877 
7877 2278 
2484 7878 
7878 2379 
2593 7879 
7879 2484 
2706 7880 
7880 2593 
2823 7881 
7881 2706 
2944 7882 
7882 2823 
3067 7883 
7883 2944 

22 18
2105 7884 
7884 2198 
2198 7885 
7885 2295 
2295 7886 
7886 2396 
2396 7887 
7887 2501 
2501 7888 
7888 2610 
2610 7889 
7889 2723 
2723 7890 
7890 2840 
2840 7891 
7891 2961 
2961 7892 
7892 3067 

23 50
918 7893 
7893 975 
975 7894 
7894 1035 
1035 7895 
7895 1097 
1097 7896 
7896 1161 
1161 7897 
7897 1227 
1227 7898 
7898 1295 
1295 7899 
7899 1365 
1365 7900 
7900 1437 
1437 7901 
7901 1511 
1511 7902 
7902 1587 
1587 7903 
7903 1665 
1665 7904 
7904 1745 
1745 7905 
7905 1827 
1827 7906 
7906 1911 
1911 7907 
7907 1997 
1997 7908 
7908 2086 
2086 7909 
7909 2179 
2179 7910 
7910 2276 
2276 7911 
7911 2377 
2377 7912 
7912 2482 
2482 7913 
7913 2591 
2591 7914 
7914 2704 
2704 7915 
7915 2821 
2821 7916 
7916 2942 
2942 7917 
7917 3067 

24 16
1456 7918 
7918 1530 
1530 7919 
7919 1606 
1606 7920 
7920 1684 
1684 7921 
7921 1764 
1764 7922 
7922 1846 
1846 7923 
7923 1930 
1930 7924 
7924 2017 
2017 7925 
7925 2105 

25 50
543 7926 
7926 503 
585 7927 
7927 543 
629 7928 
7928 585 
675 7929 
7929 629 
723 7930 
7930 675 
773 7931 
7931 723 
825 7932 
7932 773 
879 7933 
7933 825 
935 7934 
7934 879 
993 7935 
7935 935 
1053 7936 
7936 993 
1115 7937 
7937 1053 
1179 7938 
7938 1115 
1245 7939 
7939 1179 
1313 7940 
7940 1245 
1383 7941 
7941 1313 
1455 7942 
7942 1383 
1529 7943 
7943 1455 
1605 7944 
7944 1529 
1683 7945 
7945 1605 
1763 7946 
7946 1683 
1845 7947 
7947 1763 
1929 7948 
7948 1845 
2015 7949 
7949 1929 
2105 7950 
7950 2015 

26 2
1384 7951 
7951 1456 

27 16
880 7952 
7952 936 
936 7953 
7953 994 
994 7954 
7954 1054 
1054 7955 
7955 1116 
1116 7956 
7956 1180 
1180 7957 
7957 1246 
1246 7958 
7958 1314 
1314 7959 
7959 1384 

28 18
484 7960 
7960 520 
520 7961 
7961 558 
558 7962 
7962 598 
598 7963 
7963 640 
640 7964 
7964 684 
684 7965 
7965 730 
730 7966 
7966 778 
778 7967 
7967 828 
828 7968 
7968 880 

29 50
82 7969 
7969 100 
100 7970 
7970 119 
119 7971 
7971 138 
138 7972 
7972 157 
157 7973 
7973 176 
176 7974 
7974 195 
195 7975 
7975 214 
214 7976 
7976 234 
234 7977 
7977 256 
256 7978 
7978 280 
280 7979 
7979 306 
306 7980 
7980 334 
334 7981 
7981 364 
364 7982 
7982 396 
396 7983 
7983 430 
430 7984 
7984 466 
466 7985 
7985 504 
504 7986 
7986 544 
544 7987 
7987 586 
586 7988 
7988 630 
630 7989 
7989 676 
676 7990 
7990 724 
724 7991 
7991 774 
774 7992 
7992 826 
826 7993 
7993 880 

30 18
233 7994 
7994 253 
253 7995 
7995 275 
275 7996 
7996 299 
299 7997 
7997 325 
325 7998 
7998 353 
353 7999 
7999 383 
383 8000 
8000 415 
415 8001 
8001 449 
449 8002 
8002 484 

31 50
3 8003 
8003 0 
8 8004 
8004 3 
15 8005 
8005 8 
24 8006 
8006 15 
35 8007 
8007 24 
48 8008 
8008 35 
63 8009 
8009 48 
80 8010 
8010 63 
99 8011 
8011 80 
118 8012 
8012 99 
137 8013 
8013 118 
156 8014 
8014 137 
175 8015 
8015 156 
194 8016 
8016 175 
213 8017 
8017 194 
232 8018 
8018 213 
252 8019 
8019 232 
274 8020 
8020 252 
298 8021 
8021 274 
324 8022 
8022 298 
352 8023 
8023 324 
382 8024 
8024 352 
414 8025 
8025 382 
448 8026 
8026 414 
484 8027 
8027 448 

32 18
503 8028 
8028 541 
541 8029 
8029 581 
581 8030 
8030 623 
623 8031 
8031 667 
667 8032 
8032 713 
713 8033 
8033 761 
761 8034 
8034 811 
811 8035 
8035 863 
863 8036 
8036 918 

33 18
0 8037 
8037 1 
1 8038 
8038 4 
4 8039 
8039 9 
9 8040 
8040 16 
16 8041 
8041 25 
25 8042 
8042 36 
36 8043 
8043 49 
49 8044 
8044 64 
64 8045 
8045 82 

