1918 34
0 19
9900
9882
9917
9932
9945
9956
9965
9972
9976
9978
9979
9980
9981
9982
9983
9984
9985
9986
9987

1 51
9575
9594
9613
9632
9651
9670
9689
9708
9727
9746
9765
9784
9803
9822
9841
9860
9879
9898
9915
9930
9943
9954
9963
9970
9975
9978
9988
9989
9990
9991
9992
9993
9994
9995
9996
9997
9998
9999
10000
10001
10002
10003
10004
10005
10006
10007
10008
10009
10010
10011
10012

2 51
9385
9350
9418
9449
9478
9505
9530
9553
9574
9593
9612
9631
9650
9669
9688
9707
9726
9744
9762
9777
9796
9813
9828
9847
9864
9882
10013
10014
10015
10016
10017
10018
10019
10020
10021
10022
10023
10024
10025
10026
10027
10028
10029
10030
10031
10032
10033
10034
10035
10036
10037

3 19
4718
4610
4828
4940
5054
5170
5288
5408
5530
5655
10038
10039
10040
10041
10042
10043
10044
10045
10046

4 51
5780
5655
5906
6032
6158
6284
6410
6538
6664
6788
6910
7030
7148
7264
7378
7490
7601
7708
7811
7910
8005
8096
8183
8266
8343
8417
10047
10048
10049
10050
10051
10052
10053
10054
10055
10056
10057
10058
10059
10060
10061
10062
10063
10064
10065
10066
10067
10068
10069
10070
10071

5 51
4610
4720
4832
4946
5062
5180
5300
5422
5546
5672
5798
5924
6050
6176
6302
6428
6556
6681
6802
6922
7042
7158
7270
7382
7494
7598
10072
10073
10074
10075
10076
10077
10078
10079
10080
10081
10082
10083
10084
10085
10086
10087
10088
10089
10090
10091
10092
10093
10094
10095
10096

6 19
9318
9354
9389
9422
9453
9482
9509
9534
9555
9575
10097
10098
10099
10100
10101
10102
10103
10104
10105

7 151
2087
2179
2273
2369
2467
2567
2669
2773
2879
2986
3093
3200
3307
3414
3521
3628
3735
3842
3949
4056
4163
4270
4377
4484
4591
4699
4809
4921
5035
5151
5269
5389
5511
5635
5761
5887
6013
6139
6265
6391
6517
6643
6767
6889
7009
7127
7243
7357
7469
7579
7686
7789
7888
7983
8074
8161
8244
8323
8398
8469
8538
8605
8670
8733
8794
8853
8910
8964
9014
9063
9112
9157
9200
9241
9280
9318
10106
10107
10108
10109
10110
10111
10112
10113
10114
10115
10116
10117
10118
10119
10120
10121
10122
10123
10124
10125
10126
10127
10128
10129
10130
10131
10132
10133
10134
10135
10136
10137
10138
10139
10140
10141
10142
10143
10144
10145
10146
10147
10148
10149
10150
10151
10152
10153
10154
10155
10156
10157
10158
10159
10160
10161
10162
10163
10164
10165
10166
10167
10168
10169
10170
10171
10172
10173
10174
10175
10176
10177
10178
10179
10180

8 19
9383
9350
9414
9443
9470
9495
9518
9539
9558
9575
10181
10182
10183
10184
10185
10186
10187
10188
10189

9 151
2967
3074
3181
3288
3395
3502
3609
3716
3823
3930
4037
4144
4251
4358
4465
4572
4680
4790
4902
5016
5132
5250
5370
5492
5616
5742
5868
5994
6120
6246
6372
6498
6624
6748
6870
6990
7108
7224
7338
7450
7560
7667
7770
7869
7964
8055
8142
8225
8304
8379
8450
8519
8586
8651
8714
8775
8834
8891
8946
8999
9050
9099
9146
9191
9234
9275
9314
9351
9386
9419
9450
9479
9506
9531
9554
9575
10190
10191
10192
10193
10194
10195
10196
10197
10198
10199
10200
10201
10202
10203
10204
10205
10206
10207
10208
10209
10210
10211
10212
10213
10214
10215
10216
10217
10218
10219
10220
10221
10222
10223
10224
10225
10226
10227
10228
10229
10230
10231
10232
10233
10234
10235
10236
10237
10238
10239
10240
10241
10242
10243
10244
10245
10246
10247
10248
10249
10250
10251
10252
10253
10254
10255
10256
10257
10258
10259
10260
10261
10262
10263
10264

10 17
9037
8984
9088
9137
9184
9229
9272
9312
9350
10265
10266
10267
10268
10269
10270
10271
10272

11 151
2196
2104
2290
2386
2484
2584
2686
2790
2896
3003
3110
3217
3324
3431
3538
3645
3752
3859
3966
4073
4180
4287
4394
4501
4608
4716
4826
4938
5052
5168
5286
5406
5528
5652
5778
5904
6030
6156
6282
6408
6534
6660
6784
6906
7026
7144
7260
7374
7486
7596
7703
7806
7905
8000
8091
8178
8261
8340
8415
8486
8555
8622
8687
8750
8811
8870
8927
8982
9035
9086
9135
9182
9227
9270
9311
9350
10273
10274
10275
10276
10277
10278
10279
10280
10281
10282
10283
10284
10285
10286
10287
10288
10289
10290
10291
10292
10293
10294
10295
10296
10297
10298
10299
10300
10301
10302
10303
10304
10305
10306
10307
10308
10309
10310
10311
10312
10313
10314
10315
10316
10317
10318
10319
10320
10321
10322
10323
10324
10325
10326
10327
10328
10329
10330
10331
10332
10333
10334
10335
10336
10337
10338
10339
10340
10341
10342
10343
10344
10345
10346
10347

12 3
8984
8929
10348

13 151
1456
1532
1610
1690
1772
1856
1942
2030
2120
2212
2306
2402
2500
2600
2702
2806
2912
3019
3126
3233
3340
3447
3554
3661
3768
3875
3982
4089
4196
4303
4410
4517
4625
4735
4847
4961
5077
5195
5315
5437
5561
5689
5817
5945
6073
6201
6329
6457
6585
6711
6835
6957
7077
7195
7311
7425
7537
7646
7751
7852
7949
8042
8131
8216
8297
8374
8447
8518
8584
8648
8707
8766
8823
8878
8931
8984
10349
10350
10351
10352
10353
10354
10355
10356
10357
10358
10359
10360
10361
10362
10363
10364
10365
10366
10367
10368
10369
10370
10371
10372
10373
10374
10375
10376
10377
10378
10379
10380
10381
10382
10383
10384
10385
10386
10387
10388
10389
10390
10391
10392
10393
10394
10395
10396
10397
10398
10399
10400
10401
10402
10403
10404
10405
10406
10407
10408
10409
10410
10411
10412
10413
10414
10415
10416
10417
10418
10419
10420
10421
10422
10423

14 17
8488
8417
8557
8624
8689
8752
8813
8872
8929
10424
10425
10426
10427
10428
10429
10430
10431

15 151
1458
1384
1534
1612
1692
1774
1858
1944
2032
2122
2214
2308
2404
2502
2602
2704
2808
2914
3021
3128
3235
3342
3449
3556
3663
3770
3877
3984
4091
4198
4305
4412
4519
4627
4737
4849
4963
5079
5197
5317
5441
5567
5695
5823
5951
6079
6207
6335
6463
6591
6717
6841
6963
7083
7201
7317
7431
7543
7652
7757
7858
7955
8048
8137
8222
8302
8378
8448
8516
8581
8642
8703
8762
8819
8874
8929
10432
10433
10434
10435
10436
10437
10438
10439
10440
10441
10442
10443
10444
10445
10446
10447
10448
10449
10450
10451
10452
10453
10454
10455
10456
10457
10458
10459
10460
10461
10462
10463
10464
10465
10466
10467
10468
10469
10470
10471
10472
10473
10474
10475
10476
10477
10478
10479
10480
10481
10482
10483
10484
10485
10486
10487
10488
10489
10490
10491
10492
10493
10494
10495
10496
10497
10498
10499
10500
10501
10502
10503
10504
10505
10506

16 19
7705
7598
7808
7907
8002
8093
8180
8263
8342
8417
10507
10508
10509
10510
10511
10512
10513
10514
10515

17 151
880
938
998
1060
1124
1190
1258
1328
1400
1474
1550
1628
1708
1790
1874
1960
2048
2138
2230
2324
2420
2518
2618
2720
2824
2930
3037
3144
3251
3358
3465
3572
3679
3786
3893
4000
4107
4214
4321
4428
4537
4647
4759
4873
4989
5107
5227
5349
5473
5599
5727
5855
5983
6111
6239
6367
6495
6622
6747
6868
6987
7101
7215
7327
7437
7545
7650
7753
7850
7943
8030
8115
8196
8273
8346
8417
10516
10517
10518
10519
10520
10521
10522
10523
10524
10525
10526
10527
10528
10529
10530
10531
10532
10533
10534
10535
10536
10537
10538
10539
10540
10541
10542
10543
10544
10545
10546
10547
10548
10549
10550
10551
10552
10553
10554
10555
10556
10557
10558
10559
10560
10561
10562
10563
10564
10565
10566
10567
10568
10569
10570
10571
10572
10573
10574
10575
10576
10577
10578
10579
10580
10581
10582
10583
10584
10585
10586
10587
10588
10589
10590

18 19
6662
6537
6786
6908
7028
7146
7262
7376
7488
7598
10591
10592
10593
10594
10595
10596
10597
10598
10599

19 151
522
484
562
604
648
694
742
792
844
898
956
1016
1078
1142
1208
1276
1346
1418
1492
1568
1646
1726
1808
1892
1978
2066
2156
2248
2342
2438
2536
2636
2738
2842
2948
3055
3162
3269
3376
3483
3592
3701
3810
3919
4028
4137
4246
4355
4463
4571
4677
4785
4895
5007
5121
5237
5355
5475
5597
5723
5847
5969
6093
6217
6341
6465
6589
6713
6833
6951
7065
7179
7291
7401
7509
7598
10600
10601
10602
10603
10604
10605
10606
10607
10608
10609
10610
10611
10612
10613
10614
10615
10616
10617
10618
10619
10620
10621
10622
10623
10624
10625
10626
10627
10628
10629
10630
10631
10632
10633
10634
10635
10636
10637
10638
10639
10640
10641
10642
10643
10644
10645
10646
10647
10648
10649
10650
10651
10652
10653
10654
10655
10656
10657
10658
10659
10660
10661
10662
10663
10664
10665
10666
10667
10668
10669
10670
10671
10672
10673
10674

20 151
255
233
279
305
333
363
395
429
465
502
540
580
622
666
712
760
810
862
916
974
1034
1096
1160
1226
1294
1364
1436
1510
1586
1664
1744
1826
1910
1996
2084
2174
2266
2360
2456
2554
2654
2755
2856
2962
3065
3170
3275
3380
3487
3590
3695
3800
3905
4010
4115
4220
4325
4430
4535
4643
4751
4859
4971
5085
5201
5319
5439
5563
5687
5811
5933
6057
6181
6305
6429
6537
10675
10676
10677
10678
10679
10680
10681
10682
10683
10684
10685
10686
10687
10688
10689
10690
10691
10692
10693
10694
10695
10696
10697
10698
10699
10700
10701
10702
10703
10704
10705
10706
10707
10708
10709
10710
10711
10712
10713
10714
10715
10716
10717
10718
10719
10720
10721
10722
10723
10724
10725
10726
10727
10728
10729
10730
10731
10732
10733
10734
10735
10736
10737
10738
10739
10740
10741
10742
10743
10744
10745
10746
10747
10748
10749

21 19
2177
2087
2269
2363
2459
2557
2657
2759
2863
2967
10750
10751
10752
10753
10754
10755
10756
10757
10758

22 19
2104
2194
2286
2380
2476
2574
2674
2776
2880
2967
10759
10760
10761
10762
10763
10764
10765
10766
10767

23 51
918
975
1035
1097
1161
1227
1295
1365
1437
1511
1587
1665
1745
1827
1911
1997
2085
2175
2267
2361
2457
2555
2655
2757
2861
2967
10768
10769
10770
10771
10772
10773
10774
10775
10776
10777
10778
10779
10780
10781
10782
10783
10784
10785
10786
10787
10788
10789
10790
10791
10792

24 17
1456
1530
1606
1684
1764
1846
1930
2016
2104
10793
10794
10795
10796
10797
10798
10799
10800

25 51
543
503
585
629
675
723
773
825
879
935
993
1053
1115
1179
1245
1313
1383
1455
1529
1605
1683
1763
1845
1929
2015
2104
10801
10802
10803
10804
10805
10806
10807
10808
10809
10810
10811
10812
10813
10814
10815
10816
10817
10818
10819
10820
10821
10822
10823
10824
10825

26 3
1384
1456
10826

27 17
880
936
994
1054
1116
1180
1246
1314
1384
10827
10828
10829
10830
10831
10832
10833
10834

28 19
484
520
558
598
640
684
730
778
828
880
10835
10836
10837
10838
10839
10840
10841
10842
10843

29 51
82
100
119
138
157
176
195
214
234
256
280
306
334
364
396
430
466
504
544
586
630
676
724
774
826
880
10844
10845
10846
10847
10848
10849
10850
10851
10852
10853
10854
10855
10856
10857
10858
10859
10860
10861
10862
10863
10864
10865
10866
10867
10868

30 19
233
253
275
299
325
353
383
415
449
484
10869
10870
10871
10872
10873
10874
10875
10876
10877

31 51
3
0
8
15
24
35
48
63
80
99
118
137
156
175
194
213
232
252
274
298
324
352
382
414
448
484
10878
10879
10880
10881
10882
10883
10884
10885
10886
10887
10888
10889
10890
10891
10892
10893
10894
10895
10896
10897
10898
10899
10900
10901
10902

32 19
503
541
581
623
667
713
761
811
863
918
10903
10904
10905
10906
10907
10908
10909
10910
10911

33 19
0
1
4
9
16
25
36
49
64
82
10912
10913
10914
10915
10916
10917
10918
10919
10920

