175 11
0 5
233 254 
254 275 
275 276 
276 277 
277 303 

1 52
2 5 
5 14 
14 23 
23 32 
32 40 
40 48 
48 56 
56 69 
69 82 
82 95 
95 111 
111 129 
129 145 
145 160 
160 175 
175 191 
191 212 
212 232 
232 251 
252 233 
251 271 
272 252 
271 285 
296 272 
285 312 
322 296 
312 340 
350 322 
340 364 
377 350 
364 390 
404 377 
390 416 
430 404 
416 442 
455 430 
442 467 
467 477 
481 455 
477 503 
508 481 
503 529 
529 532 
533 508 
538 533 
532 539 
539 540 
541 538 
542 541 
543 542 
540 544 
544 543 

2 15
303 330 
330 356 
356 382 
382 408 
408 434 
434 459 
459 485 
485 512 
512 550 
550 588 
588 623 
623 658 
658 690 
690 717 
717 740 

3 5
989 981 
996 989 
1001 996 
1005 1001 
1007 1005 

4 15
894 905 
905 915 
915 924 
924 932 
932 940 
940 948 
948 956 
956 965 
965 975 
975 985 
985 993 
993 999 
999 1003 
1003 1006 
1006 1007 

5 12
896 884 
906 896 
916 906 
925 916 
933 925 
941 933 
949 941 
957 949 
959 957 
968 959 
970 968 
981 970 

6 9
740 761 
761 780 
780 797 
797 814 
814 831 
831 847 
847 864 
864 881 
881 894 

7 29
198 176 
218 198 
239 218 
259 239 
281 259 
307 281 
334 307 
360 334 
386 360 
412 386 
438 412 
463 438 
489 463 
516 489 
554 516 
592 554 
627 592 
662 627 
694 662 
721 694 
744 721 
765 744 
784 765 
801 784 
818 801 
835 818 
849 835 
868 849 
884 868 

8 13
96 84 
112 96 
130 112 
146 130 
161 146 
177 161 
178 177 
176 192 
193 178 
194 193 
195 194 
192 196 
196 195 

9 15
1 0 
6 1 
15 6 
24 15 
33 24 
41 33 
49 41 
57 49 
58 57 
59 58 
60 61 
61 59 
62 60 
70 62 
84 70 

10 5
0 4 
9 2 
4 10 
10 11 
11 9 

