350 11
0 10
233 1008 
1008 254 
254 1009 
1009 275 
275 1010 
1010 276 
276 1011 
1011 277 
277 1012 
1012 303 

1 104
2 1013 
1013 5 
5 1014 
1014 14 
14 1015 
1015 23 
23 1016 
1016 32 
32 1017 
1017 40 
40 1018 
1018 48 
48 1019 
1019 56 
56 1020 
1020 69 
69 1021 
1021 82 
82 1022 
1022 95 
95 1023 
1023 111 
111 1024 
1024 129 
129 1025 
1025 145 
145 1026 
1026 160 
160 1027 
1027 175 
175 1028 
1028 191 
191 1029 
1029 212 
212 1030 
1030 232 
232 1031 
1031 251 
252 1032 
1032 233 
251 1033 
1033 271 
272 1034 
1034 252 
271 1035 
1035 285 
296 1036 
1036 272 
285 1037 
1037 312 
322 1038 
1038 296 
312 1039 
1039 340 
350 1040 
1040 322 
340 1041 
1041 364 
377 1042 
1042 350 
364 1043 
1043 390 
404 1044 
1044 377 
390 1045 
1045 416 
430 1046 
1046 404 
416 1047 
1047 442 
455 1048 
1048 430 
442 1049 
1049 467 
467 1050 
1050 477 
481 1051 
1051 455 
477 1052 
1052 503 
508 1053 
1053 481 
503 1054 
1054 529 
529 1055 
1055 532 
533 1056 
1056 508 
538 1057 
1057 533 
532 1058 
1058 539 
539 1059 
1059 540 
541 1060 
1060 538 
542 1061 
1061 541 
543 1062 
1062 542 
540 1063 
1063 544 
544 1064 
1064 543 

2 30
303 1065 
1065 330 
330 1066 
1066 356 
356 1067 
1067 382 
382 1068 
1068 408 
408 1069 
1069 434 
434 1070 
1070 459 
459 1071 
1071 485 
485 1072 
1072 512 
512 1073 
1073 550 
550 1074 
1074 588 
588 1075 
1075 623 
623 1076 
1076 658 
658 1077 
1077 690 
690 1078 
1078 717 
717 1079 
1079 740 

3 10
989 1080 
1080 981 
996 1081 
1081 989 
1001 1082 
1082 996 
1005 1083 
1083 1001 
1007 1084 
1084 1005 

4 30
894 1085 
1085 905 
905 1086 
1086 915 
915 1087 
1087 924 
924 1088 
1088 932 
932 1089 
1089 940 
940 1090 
1090 948 
948 1091 
1091 956 
956 1092 
1092 965 
965 1093 
1093 975 
975 1094 
1094 985 
985 1095 
1095 993 
993 1096 
1096 999 
999 1097 
1097 1003 
1003 1098 
1098 1006 
1006 1099 
1099 1007 

5 24
896 1100 
1100 884 
906 1101 
1101 896 
916 1102 
1102 906 
925 1103 
1103 916 
933 1104 
1104 925 
941 1105 
1105 933 
949 1106 
1106 941 
957 1107 
1107 949 
959 1108 
1108 957 
968 1109 
1109 959 
970 1110 
1110 968 
981 1111 
1111 970 

6 18
740 1112 
1112 761 
761 1113 
1113 780 
780 1114 
1114 797 
797 1115 
1115 814 
814 1116 
1116 831 
831 1117 
1117 847 
847 1118 
1118 864 
864 1119 
1119 881 
881 1120 
1120 894 

7 58
198 1121 
1121 176 
218 1122 
1122 198 
239 1123 
1123 218 
259 1124 
1124 239 
281 1125 
1125 259 
307 1126 
1126 281 
334 1127 
1127 307 
360 1128 
1128 334 
386 1129 
1129 360 
412 1130 
1130 386 
438 1131 
1131 412 
463 1132 
1132 438 
489 1133 
1133 463 
516 1134 
1134 489 
554 1135 
1135 516 
592 1136 
1136 554 
627 1137 
1137 592 
662 1138 
1138 627 
694 1139 
1139 662 
721 1140 
1140 694 
744 1141 
1141 721 
765 1142 
1142 744 
784 1143 
1143 765 
801 1144 
1144 784 
818 1145 
1145 801 
835 1146 
1146 818 
849 1147 
1147 835 
868 1148 
1148 849 
884 1149 
1149 868 

8 26
96 1150 
1150 84 
112 1151 
1151 96 
130 1152 
1152 112 
146 1153 
1153 130 
161 1154 
1154 146 
177 1155 
1155 161 
178 1156 
1156 177 
176 1157 
1157 192 
193 1158 
1158 178 
194 1159 
1159 193 
195 1160 
1160 194 
192 1161 
1161 196 
196 1162 
1162 195 

9 30
1 1163 
1163 0 
6 1164 
1164 1 
15 1165 
1165 6 
24 1166 
1166 15 
33 1167 
1167 24 
41 1168 
1168 33 
49 1169 
1169 41 
57 1170 
1170 49 
58 1171 
1171 57 
59 1172 
1172 58 
60 1173 
1173 61 
61 1174 
1174 59 
62 1175 
1175 60 
70 1176 
1176 62 
84 1177 
1177 70 

10 10
0 1178 
1178 4 
9 1179 
1179 2 
4 1180 
1180 10 
10 1181 
1181 11 
11 1182 
1182 9 

