186 11
0 6
233
254
275
276
277
303

1 53
2
5
14
23
32
40
48
56
69
82
95
111
129
145
160
175
191
212
232
251
252
233
271
272
285
296
312
322
340
350
364
377
390
404
416
430
442
455
467
477
481
503
508
529
532
533
538
539
540
541
542
543
544

2 16
303
330
356
382
408
434
459
485
512
550
588
623
658
690
717
740

3 6
989
981
996
1001
1005
1007

4 16
894
905
915
924
932
940
948
956
965
975
985
993
999
1003
1006
1007

5 13
896
884
906
916
925
933
941
949
957
959
968
970
981

6 10
740
761
780
797
814
831
847
864
881
894

7 30
198
176
218
239
259
281
307
334
360
386
412
438
463
489
516
554
592
627
662
694
721
744
765
784
801
818
835
849
868
884

8 14
96
84
112
130
146
161
177
178
176
192
193
194
195
196

9 16
1
0
6
15
24
33
41
49
57
58
59
60
61
62
70
84

10 6
0
4
9
2
10
11

