3854
0.0175	0	
0.0170691	0	
0.0175	-0.0025	
0.0171864	-0.000292009	
0.0175	-0.000455433	
0.0170673	-0.0025	
0.0166382	0	
0.0168279	-0.000331474	
0.0171696	-0.00221726	
0.0175	-0.00204457	
0.0175	-0.000973791	
0.0175	-0.00152621	
0.0170862	-0.000724824	
0.0168048	-0.00220154	
0.0166346	-0.0025	
0.0162073	0	
0.0164051	-0.000329655	
0.0165667	-0.000664156	
0.0170209	-0.00181293	
0.0170441	-0.00127269	
0.0166543	-0.00105159	
0.0165779	-0.00192656	
0.0163931	-0.00219698	
0.0162019	-0.0025	
0.0157764	0	
0.0159944	-0.000335279	
0.0161921	-0.00065023	
0.0163561	-0.000904017	
0.0165498	-0.00150171	
0.0163256	-0.00115992	
0.0162063	-0.001833	
0.0159831	-0.00217742	
0.0157692	-0.0025	
0.0153455	0	
0.0155663	-0.000347996	
0.0157968	-0.000689723	
0.0160419	-0.000994195	
0.0160242	-0.00144069	
0.0157446	-0.00183897	
0.0155463	-0.0021681	
0.0153365	-0.0025	
0.0149146	0	
0.0151281	-0.000356752	
0.0153497	-0.000723527	
0.0156362	-0.00108711	
0.015496	-0.00148509	
0.015324	-0.0018376	
0.0151217	-0.00216227	
0.0149038	-0.0025	
0.0144838	0	
0.014691	-0.000348485	
0.0149016	-0.000720501	
0.0151305	-0.00115242	
0.0151165	-0.00155375	
0.0149193	-0.0018181	
0.0147002	-0.00214983	
0.0144712	-0.0025	
0.0140647	0	
0.0136951	0	
0.0133895	0	
0.0129299	0	
0.0131376	0	
0.0127587	0	
0.0142611	-0.000332112	
0.0144565	-0.000681547	
0.014654	-0.00106027	
0.0147595	-0.00143671	
0.0145132	-0.00178299	
0.0142718	-0.0021356	
0.0140385	-0.0025	
0.0126176	0	
0.0138759	-0.000288223	
0.0128507	-0.000164818	
0.0135482	-0.000260248	
0.0132696	-0.00022665	
0.0130386	-0.000193277	
0.0126943	-0.000145198	
0.0140367	-0.000648467	
0.0141914	-0.00102177	
0.0143475	-0.00140297	
0.0140812	-0.00175471	
0.0138371	-0.00212193	
0.0136058	-0.0025	
0.0125609	-0.000135082	
0.0125	0	
0.0127624	-0.000301211	
0.0136708	-0.00058121	
0.0129204	-0.000349266	
0.0133793	-0.000501316	
0.0131234	-0.000419311	
0.0126154	-0.000270078	
0.0137691	-0.000976264	
0.0138858	-0.00136138	
0.0136321	-0.00172343	
0.0133989	-0.00211042	
0.0131731	-0.0025	
0.0125	0.000114532	
0.0123909	6.47692e-05	
0.0124423	-0.000137566	
0.0124915	-0.000257645	
0.0123617	-5.43954e-05	
0.0123421	-0.000153627	
0.0126623	-0.000412342	
0.0127999	-0.000479511	
0.0134168	-0.000832046	
0.0129581	-0.000559079	
0.0131745	-0.000686281	
0.0125337	-0.000386749	
0.0134156	-0.00127072	
0.0131836	-0.00170982	
0.0129617	-0.00210736	
0.0127404	-0.0025	
0.0125	0.000249456	
0.0123822	0.000191208	
0.0122928	0.000117656	
0.0122736	9.65702e-06	
0.0123813	-0.000242237	
0.012415	-0.000374156	
0.0122587	-0.000108461	
0.0122666	-0.000225476	
0.0126867	-0.000538815	
0.0125776	-0.000500598	
0.0127827	-0.000663657	
0.0130916	-0.000976481	
0.0129494	-0.000766298	
0.0124582	-0.000514496	
0.0129511	-0.00132381	
0.0127463	-0.0017146	
0.0125286	-0.00210885	
0.0123077	-0.0025	
0.0125	0.000411981	
0.0123569	0.000333623	
0.01224	0.000230666	
0.0121697	9.28659e-05	
0.0121451	-4.93875e-05	
0.0122944	-0.000353903	
0.0123336	-0.00049363	
0.012139	-0.000187342	
0.0121566	-0.000328518	
0.0125622	-0.000692241	
0.0127402	-0.000945997	
0.0123963	-0.000625497	
0.0125328	-0.00131894	
0.0123207	-0.0017188	
0.0120982	-0.00211205	
0.011875	-0.0025	
0.0125	0.000607756	
0.0123251	0.000510552	
0.0121787	0.000385147	
0.0120371	0.000221577	
0.0120241	2.99526e-05	
0.0120056	-0.000132997	
0.0121872	-0.000483871	
0.01225	-0.000617425	
0.0119967	-0.00028393	
0.0120461	-0.000431632	
0.0123138	-0.000882203	
0.0121249	-0.00132813	
0.0118947	-0.00172992	
0.0116649	-0.00211451	
0.0114423	-0.0025	
0.0125	0.00084358	
0.0122891	0.000736934	
0.0121065	0.000596808	
0.0120054	0.000414422	
0.0118115	0.000306462	
0.0118306	9.15263e-05	
0.011884	-6.44312e-05	
0.011845	-0.000228295	
0.0120392	-0.000672334	
0.0118505	-0.000455317	
0.0119091	-0.000994162	
0.0116839	-0.00136434	
0.0114494	-0.00173131	
0.0112283	-0.00211234	
0.0110096	-0.0025	
0.0125	0.004	
0.0125	0.00112765	
0.0125	0.00146906	
0.0122573	0.000988621	
0.0120217	0.000822695	
0.0118292	0.000594231	
0.0115601	0.000388651	
0.0116059	0.000127237	
0.011704	-8.95913e-05	
0.0116331	-0.000343922	
0.0116963	-0.000656907	
0.0114525	-0.000961714	
0.0112257	-0.00133451	
0.0110104	-0.00171914	
0.0107931	-0.00210845	
0.0105769	-0.0025	
0.0125	0.00357326	
0.0125	0.00186681	
0.0125	0.00229302	
0.0125	0.00271977	
0.0125	0.00314651	
0.0122184	0.00370393	
0.012069	0.004	
0.0122222	0.0013092	
0.0121912	0.00166919	
0.011945	0.00111702	
0.0116764	0.000892703	
0.0114937	0.000652995	
0.0112706	0.000417567	
0.0113176	0.000151104	
0.0114281	-0.00012156	
0.0112968	-0.000514383	
0.0110134	-0.00091361	
0.0107929	-0.00131276	
0.0105751	-0.00171038	
0.010359	-0.00210604	
0.0101442	-0.0025	
0.0121918	0.00333979	
0.0121512	0.00207217	
0.0121512	0.00250189	
0.0121658	0.00292965	
0.0118314	0.00360663	
0.0116379	0.004	
0.0118627	0.00146237	
0.011806	0.00185335	
0.0115619	0.00122788	
0.0113062	0.000949288	
0.0112199	0.000666037	
0.0110199	0.000506096	
0.0109874	0.000215274	
0.0110762	-0.000130772	
0.0108105	-0.000491618	
0.0105773	-0.000894981	
0.0103567	-0.00130254	
0.0101403	-0.00170557	
0.00992541	-0.00210523	
0.00971154	-0.0025	
-0.005	-0.0025	
0.0118474	0.00315359	
0.0117856	0.00228041	
0.0118047	0.00271635	
0.0115333	0.00331431	
0.0113886	0.00363557	
0.0112069	0.004	
0.0114497	0.00159757	
0.0113969	0.00203897	
0.011123	0.0012656	
0.0109173	0.000857571	
0.0106844	0.000462459	
0.0106216	-2.3031e-05	
0.0103536	-0.000463865	
0.0101366	-0.000885494	
0.00992086	-0.00129717	
0.00970614	-0.00170415	
0.00949233	-0.00210524	
0.00927885	-0.0025	
-0.00456731	-0.0025	
-0.00469171	-0.00220469	
-0.005	-0.00204457	
0.0114701	0.0029318	
0.011408	0.00250076	
0.0111691	0.00326182	
0.0109623	0.00362729	
0.0107759	0.004	
0.0110138	0.0022841	
0.0109485	0.00174082	
0.0106933	0.0013027	
0.0103744	0.000850826	
0.010276	0.000349898	
0.0101252	-6.83523e-05	
0.00991212	-0.000469752	
0.00970017	-0.000881811	
0.00948671	-0.00129493	
0.00927309	-0.0017039	
0.00905982	-0.00210539	
0.00884615	-0.0025	
-0.00413462	-0.0025	
-0.00432484	-0.00216731	
-0.0046002	-0.00177521	
-0.005	-0.00152621	
-0.005	-0.000973791	
-0.005	-0.000455433	
0.0109949	0.00276388	
0.0107395	0.00322489	
0.0105434	0.00361547	
0.0103448	0.004	
0.0106872	0.00247202	
0.0106089	0.00208345	
0.0105236	0.00169267	
0.00841346	-0.0025	
0.0101752	0.00137498	
0.00994794	0.000986206	
0.00994291	0.00061529	
0.00990953	0.000255244	
0.00967843	-5.86083e-05	
0.00947882	-0.000460141	
0.00926755	-0.000876392	
0.00905431	-0.00129329	
0.00884105	-0.00170393	
0.00862771	-0.00210556	
-0.00370192	-0.0025	
-0.00388973	-0.00216198	
-0.00405734	-0.00184359	
-0.00415735	-0.00142571	
-0.00456361	-0.00123573	
-0.00454476	-0.00072368	
-0.00467955	-0.000290001	
-0.005	0	
0.0105248	0.00282039	
0.0103224	0.0032142	
0.0101191	0.00360795	
0.00991379	0.004	
0.0103284	0.00241273	
0.010156	0.00190902	
0.00982295	0.00162495	
0.00819566	-0.00210576	
0.00798077	-0.0025	
0.00961895	0.000837687	
0.00970793	0.00125852	
0.00953066	0.000411879	
0.00931614	0.000720472	
0.00926884	-2.1696e-05	
0.00905043	-0.000445942	
0.00883649	-0.000871471	
0.00862295	-0.00129263	
0.00840961	-0.00170425	
-0.00326923	-0.0025	
-0.00346812	-0.00215509	
-0.00365154	-0.00180587	
-0.00383897	-0.00155597	
-0.00383761	-0.00127983	
-0.00407935	-0.000989811	
-0.00409277	-0.000589059	
-0.00432416	-0.000320219	
-0.0045691	0	
0.0101088	0.0028061	
0.0098992	0.00320712	
0.00969138	0.00360533	
0.00948276	0.004	
0.00989568	0.00238174	
0.00967477	0.00197811	
0.0094615	0.00158213	
0.00797814	-0.00170486	
0.00776336	-0.00210596	
0.00754808	-0.0025	
0.00929086	0.00108759	
0.00907707	0.000813053	
0.00906315	0.000452153	
0.00884587	0.00072693	
0.0088362	1.58033e-06	
0.00861964	-0.00043723	
0.0084055	-0.000870078	
0.00819198	-0.00129337	
-0.00304678	-0.00215556	
-0.00283654	-0.0025	
-0.0032476	-0.00180188	
-0.00349101	-0.00142484	
-0.0036228	-0.0010055	
-0.00375438	-0.000673886	
-0.00392054	-0.00031857	
-0.00413821	0	
0.00968249	0.00279816	
0.00947193	0.00320449	
0.0092621	0.00360479	
0.00905172	0.004	
0.0094658	0.00238635	
0.00924968	0.00197321	
0.00903459	0.00154589	
0.00711538	-0.0025	
0.00776084	-0.00129527	
0.00754608	-0.00170556	
0.0073307	-0.00210608	
0.00883999	0.00108212	
0.00862055	0.0008119	
0.00861713	0.000459577	
0.0084009	0.000721426	
0.00840212	7.80355e-06	
0.00818801	-0.000437161	
0.00797464	-0.000872569	
-0.00283344	-0.00181998	
-0.00262573	-0.0021564	
-0.00240385	-0.0025	
-0.00299437	-0.00143438	
-0.00314054	-0.00105768	
-0.00332787	-0.000685819	
-0.00350987	-0.00033679	
-0.00370731	0	
0.00925447	0.00279743	
0.00904331	0.00320428	
0.00883224	0.00360498	
0.00862069	0.004	
0.0090382	0.00238383	
0.00882331	0.00195974	
0.00861205	0.00151991	
0.00668269	-0.0025	
0.00689774	-0.00210615	
0.00754393	-0.000878009	
0.0073288	-0.00129751	
0.00711326	-0.00170606	
0.00839873	0.00106924	
0.00818277	0.000804241	
0.00818295	0.000458593	
0.00796534	0.000715587	
0.0079691	3.47505e-06	
0.00775714	-0.000444674	
-0.00263371	-0.00153744	
-0.00243037	-0.00181435	
-0.00220392	-0.00214914	
-0.00197115	-0.0025	
-0.00263239	-0.00113633	
-0.0028677	-0.000697162	
-0.00307271	-0.000342467	
-0.00327642	0	
0.00882615	0.00279666	
0.00861416	0.00320445	
0.00840212	0.00360525	
0.00818966	0.004	
0.00861012	0.00237935	
0.00839516	0.00195025	
0.00818046	0.00150985	
0.00625	-0.0025	
0.00646477	-0.00210626	
0.00668001	-0.0017062	
0.00732938	-0.000458922	
0.0071116	-0.000883719	
0.00689557	-0.0012988	
0.00796592	0.00105636	
0.00774499	0.000802631	
0.00774759	0.000453817	
0.00753681	-1.50768e-05	
0.0075147	0.000710944	
-0.00226757	-0.00143702	
-0.00201794	-0.00178613	
-0.0017749	-0.00213826	
-0.00153846	-0.0025	
-0.0021527	-0.00106652	
-0.00240759	-0.000714631	
-0.00263385	-0.000344493	
-0.00284552	0	
0.00839718	0.00279569	
0.00818451	0.00320458	
0.00797177	0.00360546	
0.00775862	0.004	
0.00818074	0.0023766	
0.0079642	0.00194806	
0.00774693	0.00151357	
0.00581731	-0.0025	
0.00603205	-0.00210641	
0.00624693	-0.00170611	
0.006462	-0.0012984	
0.00713185	-5.41301e-05	
0.00689385	-0.000471004	
0.00667699	-0.00088543	
0.00753123	0.00107654	
0.00728524	0.000412858	
0.00726446	0.000808875	
-0.00184931	-0.00141216	
-0.0015832	-0.00176616	
-0.00133958	-0.00213125	
-0.00110577	-0.0025	
-0.00168956	-0.0010361	
-0.00196086	-0.000694301	
-0.00219807	-0.000348979	
-0.00241462	0	
0.00796742	0.00279529	
0.00775443	0.00320475	
0.00754124	0.00360562	
0.00732759	0.004	
0.00775027	0.00237704	
0.00753202	0.00195358	
0.00730777	0.00153706	
0.00538462	-0.0025	
0.00689694	0.000279706	
0.00559956	-0.00210655	
0.00581438	-0.00170608	
0.00602919	-0.001297	
0.00624341	-0.000881856	
0.00665787	-7.19313e-05	
0.00645507	-0.000468125	
0.00708705	0.00113807	
0.00690393	0.000706054	
0.00495192	-0.0025	
-0.00138491	-0.00138101	
-0.00113423	-0.00174875	
-0.000900858	-0.00213335	
-0.000673077	-0.0025	
-0.00126752	-0.00100813	
-0.00154482	-0.000664675	
-0.0017724	-0.000334905	
-0.0019838	0	
0.00753729	0.00279589	
0.00732417	0.0032051	
0.00711063	0.00360578	
0.00689655	0.004	
0.00732013	0.00237978	
0.00710332	0.00196024	
0.00689216	0.001543	
0.00516708	-0.00210659	
0.00650542	0.000406022	
0.00538218	-0.00170619	
0.00559713	-0.00129603	
0.00581186	-0.00087689	
0.00602536	-0.000454314	
0.00623281	-4.13707e-05	
0.00671002	0.00113198	
0.00652867	0.000803706	
0.00627345	0.000702057	
0.00451923	-0.0025	
0.00473444	-0.00210651	
-0.000912676	-0.00131291	
-0.000684127	-0.00176776	
-0.000459998	-0.0021324	
-0.000240385	-0.0025	
-0.000914852	-0.000867845	
-0.00117437	-0.000604979	
-0.00138213	-0.00030144	
-0.00156473	0	
0.00710734	0.00279704	
0.00689389	0.00320556	
0.00667997	0.00360595	
0.00646552	0.004	
0.00689104	0.00238164	
0.00667706	0.00195937	
0.0064679	0.00152855	
0.00494982	-0.00170631	
0.00604449	0.000433581	
0.00516515	-0.00129609	
0.00538041	-0.000874545	
0.00559586	-0.000444067	
0.00581317	-8.97715e-06	
0.00625053	0.00107242	
0.00603813	0.000794558	
0.00581354	0.000710114	
0.00408654	-0.0025	
0.00430163	-0.00210643	
0.00451704	-0.00170632	
0.00365385	-0.0025	
0.000192308	-0.0025	
-0.000567104	-0.00100303	
-0.000435999	-0.00141383	
-0.000237119	-0.00176491	
-2.43795e-05	-0.00212836	
0.000625	-0.0025	
0.00322115	-0.0025	
0.00278846	-0.0025	
0.00105769	-0.0025	
0.00149038	-0.0025	
0.00192308	-0.0025	
0.00235577	-0.0025	
-0.00034061	-0.000871751	
-0.000466753	-0.000748619	
-0.000678235	-0.000706386	
-0.000888221	-0.00051567	
-0.00105044	-0.000275689	
-0.00119512	0	
0.00667736	0.00279767	
0.0064634	0.00320584	
0.00624916	0.00360606	
0.00603448	0.004	
0.00646151	0.00238044	
0.00624692	0.00195196	
0.00603082	0.00150957	
0.00473271	-0.00129671	
0.0056002	0.000451656	
0.00494835	-0.00087535	
0.00516405	-0.000442259	
0.0053803	6.52044e-07	
0.00580865	0.00105462	
0.00559691	0.000795981	
0.00538129	0.000709909	
0.00386877	-0.00210643	
0.00408394	-0.00170634	
0.00429961	-0.00129733	
0.00343606	-0.00210663	
0.00040737	-0.00212323	
-0.000220562	-0.001099	
-0.00016275	-0.000839154	
1.85489e-05	-0.000718846	
-1.36748e-05	-0.00137292	
0.000192208	-0.00174945	
0.000838856	-0.0021196	
0.00300355	-0.00210709	
0.00257109	-0.0021079	
0.00127244	-0.00211484	
0.00170564	-0.0021114	
0.00213849	-0.00210924	
2.95408e-05	-0.000586938	
-0.000298007	-0.000683806	
-0.00011591	-0.000625117	
-0.000467285	-0.000555695	
-0.000631486	-0.000427622	
-0.000773289	-0.000232045	
-0.000889525	0	
0.00624679	0.00279721	
0.00603248	0.00320578	
0.00581812	0.00360608	
0.00560345	0.004	
0.00603053	0.00237734	
0.00581423	0.00194496	
0.00559663	0.00150193	
0.00451557	-0.000877546	
0.00516088	0.0004526	
0.0047316	-0.000446623	
0.00494764	-3.19685e-06	
0.00538087	0.0010536	
0.00516539	0.000798755	
0.00494496	0.000708982	
0.00365084	-0.0017067	
0.00386604	-0.00129804	
0.00408186	-0.000879605	
0.00321806	-0.00170773	
0.000620691	-0.00174178	
0.000188348	-0.000652121	
0.000165756	-0.000955143	
0.000400361	-0.00136552	
0.00105407	-0.00173222	
0.00278555	-0.00170962	
0.0023531	-0.00171252	
0.00148779	-0.00172279	
0.00192056	-0.00171667	
0.000274735	-0.000498877	
0.000320307	-0.000339595	
0.000117098	-0.000488722	
-4.05095e-05	-0.000477339	
-0.000239523	-0.000467804	
-0.000411742	-0.00034168	
-0.000538152	-0.00018692	
-0.000637595	0	
0.00581562	0.00279615	
0.00560129	0.00320554	
0.00538698	0.00360607	
0.00517241	0.004	
0.000433483	-0.000440776	
0.00559888	0.00237484	
0.00538165	0.00194259	
0.00516325	0.00150328	
0.00429844	-0.000451719	
0.00473367	0.000437153	
0.00451529	-1.80791e-05	
0.00494317	0.00106224	
0.00472109	0.000793051	
0.00448504	0.000689824	
0.00343244	-0.00129956	
0.00364747	-0.000881848	
0.00386344	-0.000455711	
0.0029991	-0.00130271	
0.000833757	-0.00135791	
0.000450685	-0.00068585	
0.000609483	-0.00101307	
0.00127071	-0.0013353	
0.00256614	-0.00130789	
0.00213372	-0.00131485	
0.00170211	-0.00132341	
0.000472118	-0.000295336	
0.000465659	-0.000164467	
0.00034297	-0.000208751	
0.000179479	-0.000358887	
0.000219056	-0.000234945	
4.03536e-05	-0.000353886	
-0.000102811	-0.000335007	
-0.000241521	-0.000267787	
-0.000345346	-0.000150776	
-0.000429909	0	
0.00538434	0.0027954	
0.00517017	0.0032054	
0.00495592	0.00360609	
0.00474138	0.004	
0.000617562	-0.00045882	
0.00516722	0.00237449	
0.00494891	0.00194508	
0.00472783	0.00151073	
0.00408359	-2.02885e-05	
0.00429672	0.000379152	
0.00449849	0.00106683	
0.00418552	0.000773538	
0.0032128	-0.00088578	
0.00342788	-0.000460229	
0.00364877	-2.13056e-05	
0.00277804	-0.000893251	
0.00104734	-0.000959058	
0.000813472	-0.000683632	
0.00148512	-0.000930227	
0.00234455	-0.000904805	
0.00191298	-0.000917665	
0.000629903	-0.000198946	
0.00053083	-7.09087e-05	
0.000442607	-5.3332e-05	
0.000351337	-9.94705e-05	
0.000235398	-0.000123044	
0.000103473	-0.000242292	
0.000149279	-0.000158974	
-1.54703e-05	-0.000232475	
-0.000120195	-0.000210752	
-0.000198335	-0.000122642	
-0.000258696	0	
0.0049532	0.00279553	
0.0047392	0.00320553	
0.00452494	0.00360614	
0.00431034	0.004	
0.000877242	-0.000342332	
0.00473568	0.00237667	
0.00451684	0.00195256	
0.00429615	0.00153117	
0.0038789	0.000448967	
0.00407241	0.00114231	
0.00387534	0.000862745	
0.00342954	0.000398499	
0.00299105	-0.000467239	
0.00321024	-3.52828e-05	
0.00255284	-0.000482979	
0.0012313	-0.000526281	
0.00168952	-0.000523423	
0.00212136	-0.000507062	
0.000836981	-8.75336e-05	
0.000641699	-1.49384e-05	
0.000499176	4.16577e-05	
0.000372713	2.30077e-05	
0.000253003	-1.10142e-05	
0.000137177	-5.95606e-05	
5.12907e-05	-0.000135027	
-6.67315e-05	-0.000116832	
-0.000117552	0	
0.00452218	0.00279659	
0.00430825	0.00320584	
0.00409394	0.00360618	
0.00387931	0.004	
0.0011257	-0.000123707	
0.00430468	0.00238054	
0.00408732	0.00196205	
0.00387411	0.00155039	
0.00356078	0.000771659	
0.00368148	0.00115716	
0.0032607	0.000690387	
0.002996	0.000414162	
0.00276432	-4.32546e-05	
0.00231671	-7.94373e-05	
0.00147406	-0.000139858	
0.00189065	-0.000123149	
0.000975519	8.18687e-05	
0.000771129	0.000117441	
0.000580655	0.000146283	
0.000420232	0.00014894	
0.000270012	0.000111218	
0.000134093	5.99743e-05	
0	0	
0.0040912	0.00279794	
0.00387718	0.00320615	
0.00366286	0.0036062	
0.00344828	0.004	
0.00122956	0.000230759	
0.00387395	0.00238378	
0.00365816	0.00196597	
0.00344911	0.00154166	
0.00325715	0.00107418	
0.0030138	0.000790573	
0.00275959	0.000699875	
0.00251596	0.00039605	
0.00205448	0.000283827	
0.00165853	0.000213751	
0.000913809	0.000282534	
0.0010199	0.000468263	
0.000678231	0.000296887	
0.000473466	0.000287712	
0.000298268	0.000251941	
0.000141127	0.000193267	
0	0.000118111	
0.00365982	0.00279899	
0.0034458	0.00320651	
0.00323167	0.00360631	
0.00301724	0.004	
0.00149364	0.000497062	
0.00124152	0.000588328	
0.00344151	0.00238573	
0.00322262	0.00196637	
0.00300117	0.00153529	
0.00277726	0.00109127	
0.00249495	0.000807315	
0.00216002	0.000695915	
0.00178864	0.000581313	
0.000786919	0.000485355	
0.000954935	0.000691517	
0.000545193	0.000463918	
0.000334274	0.000418469	
0.000151881	0.000348336	
0	0.000258944	
0.00322714	0.00280063	
0.00301378	0.00320758	
0.00280025	0.00360676	
0.00258621	0.004	
0.0014727	0.000827288	
0.00110674	0.000876254	
0.00300559	0.00239022	
0.0027793	0.00197663	
0.00254249	0.00156222	
0.00226162	0.00115349	
0.00184448	0.000953494	
0.000980761	0.00107768	
0.000836113	0.000919385	
0.000637351	0.000720242	
0.000374173	0.000622786	
0.000162662	0.000536124	
0	0.000429688	
0.0027929	0.00280496	
0.00258111	0.00321019	
0.00236862	0.00360778	
0.00215517	0.004	
0.00156877	0.00113572	
0.0012303	0.00115235	
0.00097215	0.00129035	
0.00256705	0.0024019	
0.00233593	0.00200283	
0.00209967	0.00161379	
0.00181479	0.00132726	
0.000718294	0.001365	
0.000758503	0.00115006	
0.000578389	0.00100056	
0.000385743	0.000858177	
0.000179709	0.000745889	
0	0.000636684	
0.00235726	0.00281327	
0.00214767	0.00321459	
0.00193677	0.00360942	
0.00172414	0.004	
0.000669486	0.00153142	
0.00145585	0.00140547	
0.00115499	0.00140336	
0.000905905	0.00153357	
0.00212863	0.00242084	
0.00189819	0.00204128	
0.00165587	0.00170011	
0.000513749	0.0014424	
0.000533445	0.00160456	
0.000489973	0.00124221	
0.000337087	0.00107523	
0.000154721	0.000952676	
0	0.000863316	
0.00192175	0.00282412	
0.00171501	0.00321998	
0.00150557	0.00361153	
0.0012931	0.004	
0.000718227	0.00169558	
0.000535361	0.00175523	
0.00121274	0.00170875	
0.000886219	0.00177262	
0.00168941	0.00244095	
0.00144565	0.00207018	
0.000350593	0.00138785	
0.000379662	0.00153092	
0.000385074	0.00167149	
0.000270734	0.00125006	
0.000142961	0.00114768	
0	0.00107031	
0.000247531	0.00172038	
0.000862069	0.004	
0.00148801	0.00283435	
0.00128688	0.00322532	
0.00107591	0.00361371	
0.000371614	0.00180898	
0.000225466	0.00184364	
0.000693902	0.00188811	
0.000498132	0.00189117	
0.00097339	0.00207536	
0.00124432	0.0024546	
5.06488e-05	0.00194399	
0.000221166	0.00137	
0.000243885	0.0014782	
0.000251226	0.001601	
0.000125577	0.00129935	
0	0.00124106	
0.000164797	0.00164954	
0.000126905	0.00173925	
0.000100637	0.0018497	
0.000431034	0.004	
0.000648795	0.0036153	
0.00105745	0.00284157	
0.000858963	0.00322976	
0.000338121	0.00197198	
0.000182572	0.00197035	
0.000556955	0.00214127	
0.000811649	0.00246517	
7.81805e-05	0.00204408	
-3.20937e-05	0.00200008	
-2.26058e-05	0.00187378	
0.000121537	0.00142992	
0.000139941	0.00154941	
0	0.00138189	
5.98914e-05	0.00163741	
1.51088e-05	0.00175278	
0	0.004	
0.000225841	0.0036154	
0.000438804	0.0032322	
0.000636904	0.00285081	
0.000215452	0.00216841	
0.000420476	0.00248496	
-1.1227e-05	0.00216187	
-0.000144619	0.00205877	
-0.00014294	0.00191802	
-0.000108055	0.00177118	
0	0.0015	
-5.85438e-05	0.00163659	
-0.000416667	0.004	
-0.000191944	0.00361382	
2.82795e-05	0.00323041	
0.000234091	0.00285107	
3.64649e-05	0.00246236	
-0.000245217	0.00223233	
-0.000297102	0.00199405	
-0.000253166	0.00181025	
-0.000191309	0.00164719	
-0.000117552	0.0015	
-0.000833333	0.004	
-0.000608382	0.00361269	
-0.000380972	0.00322401	
-0.000156382	0.00284567	
-0.00034526	0.00252531	
-0.000480069	0.00229409	
-0.000464416	0.00208406	
-0.000427081	0.00186379	
-0.000352513	0.00166724	
-0.000258696	0.0015	
-0.00125	0.004	
-0.00103248	0.00360596	
-0.000800399	0.00320432	
-0.000557185	0.00283713	
-0.000670199	0.00248223	
-0.000686978	0.0021841	
-0.00062885	0.00191168	
-0.000537456	0.0016883	
-0.000429909	0.0015	
-0.00166667	0.004	
-0.00146142	0.00361229	
-0.00124154	0.00320585	
-0.000989955	0.00274134	
-0.000961744	0.00231138	
-0.000882517	0.00198916	
-0.000774985	0.0017194	
-0.000637595	0.0015	
-0.00208333	0.004	
-0.00188451	0.0036267	
-0.00168388	0.00323689	
-0.00148174	0.00283224	
-0.00131937	0.0024316	
-0.00119038	0.00206208	
-0.00105373	0.00175168	
-0.000889525	0.0015	
-0.0025	0.004	
-0.00230788	0.00363547	
-0.00211462	0.00326119	
-0.00192089	0.00287913	
-0.00173532	0.00249718	
-0.00156177	0.00212778	
-0.00138545	0.00178511	
-0.00119512	0.0015	
-0.00291667	0.004	
-0.00272885	0.00364263	
-0.0025412	0.00327776	
-0.00235059	0.00290854	
-0.00215916	0.00253875	
-0.00196975	0.00217086	
-0.00177642	0.00182089	
-0.00156473	0.0015	
-0.00333333	0.004	
-0.00314446	0.00364985	
-0.00375	0.004	
-0.00296476	0.00329166	
-0.00278139	0.0029261	
-0.00258929	0.00255912	
-0.0023928	0.00219927	
-0.00219306	0.00184129	
-0.0019838	0.0015	
-0.00355509	0.00366208	
-0.00337937	0.00330851	
-0.00416667	0.004	
-0.00394825	0.00368339	
-0.00458333	0.004	
-0.00321485	0.00294518	
-0.00302809	0.00257305	
-0.00282374	0.00220904	
-0.00262109	0.00185293	
-0.00241462	0.0015	
-0.00363538	0.00298595	
-0.00377899	0.0033341	
-0.00433766	0.00368977	
-0.00410519	0.00341571	
-0.00468539	0.00372199	
-0.005	0.004	
-0.00350048	0.00258522	
-0.00325884	0.00221321	
-0.00305246	0.00185536	
-0.00284552	0.0015	
-0.00384789	0.00272432	
-0.00409077	0.0030184	
-0.00454075	0.00331285	
-0.005	0.00354457	
-0.00384849	0.00244843	
-0.00366806	0.00220355	
-0.00348018	0.00185153	
-0.00327642	0.0015	
-0.00416432	0.0025836	
-0.0045665	0.00277339	
-0.005	0.00302621	
-0.00407201	0.00215864	
-0.00389916	0.00184177	
-0.00370731	0.0015	
-0.0046033	0.00222549	
-0.005	0.00247379	
-0.00432922	0.0018369	
-0.00413821	0.0015	
-0.00469355	0.00179553	
-0.005	0.00195543	
-0.0045691	0.0015	
-0.005	0.0015	
-0.005	-0.00227228	
-0.005	-0.00178539	
-0.005	-0.00125	
-0.005	-0.000714612	
-0.005	-0.000227716	
0.0172837	-0.0025	
0.016851	-0.0025	
0.0164183	-0.0025	
0.0159856	-0.0025	
0.0155529	-0.0025	
0.0151202	-0.0025	
0.0146875	-0.0025	
0.0142548	-0.0025	
0.0138221	-0.0025	
0.0133894	-0.0025	
0.0129567	-0.0025	
0.012524	-0.0025	
0.0120913	-0.0025	
0.0116587	-0.0025	
0.011226	-0.0025	
0.0107933	-0.0025	
0.0103606	-0.0025	
0.00992788	-0.0025	
0.00949519	-0.0025	
-0.00478365	-0.0025	
0.0090625	-0.0025	
-0.00435096	-0.0025	
0.00862981	-0.0025	
-0.00391827	-0.0025	
0.00819712	-0.0025	
-0.00348558	-0.0025	
0.00776442	-0.0025	
-0.00305288	-0.0025	
0.00733173	-0.0025	
-0.00262019	-0.0025	
0.00689904	-0.0025	
-0.0021875	-0.0025	
0.00646635	-0.0025	
-0.00175481	-0.0025	
0.00603365	-0.0025	
-0.00132212	-0.0025	
0.00560096	-0.0025	
0.00516827	-0.0025	
-0.000889423	-0.0025	
0.00473558	-0.0025	
-0.000456731	-0.0025	
0.00430288	-0.0025	
0.00387019	-0.0025	
-2.40385e-05	-0.0025	
0.000408654	-0.0025	
0.0034375	-0.0025	
0.00300481	-0.0025	
0.000841346	-0.0025	
0.00127404	-0.0025	
0.00170673	-0.0025	
0.00257212	-0.0025	
0.00213942	-0.0025	
-0.00478455	0	
-0.00435366	0	
-0.00392276	0	
-0.00349186	0	
-0.00306097	0	
-0.00263007	0	
-0.00219921	0	
-0.00177426	0	
-0.00137993	0	
-0.00104232	0	
-0.00076356	0	
-0.000533752	0	
-0.000344303	0	
-0.000188124	0	
-5.8776e-05	0	
-0.005	0.00377228	
-0.005	0.00328539	
-0.005	0.00275	
-0.005	0.00221461	
-0.005	0.00172772	
-5.8776e-05	0.0015	
-0.000188124	0.0015	
-0.000344303	0.0015	
-0.000533752	0.0015	
-0.00076356	0.0015	
-0.00104232	0.0015	
-0.00137993	0.0015	
-0.00177426	0.0015	
-0.00219921	0.0015	
-0.00263007	0.0015	
-0.00306097	0.0015	
-0.00349186	0.0015	
-0.00392276	0.0015	
-0.00435366	0.0015	
-0.00478455	0.0015	
-0.000208333	0.004	
-0.000625	0.004	
-0.00104167	0.004	
-0.00145833	0.004	
-0.001875	0.004	
-0.00229167	0.004	
-0.00270833	0.004	
-0.003125	0.004	
-0.00354167	0.004	
-0.00395833	0.004	
-0.004375	0.004	
-0.00479167	0.004	
0	5.90556e-05	
0	0.000188528	
0	0.000344316	
0	0.000533186	
0	0.00075	
0	0.000966814	
0	0.00115568	
0	0.00131147	
0	0.00144094	
0.0122845	0.004	
0.0118534	0.004	
0.0114224	0.004	
0.0109914	0.004	
0.0105603	0.004	
0.0101293	0.004	
0.00969828	0.004	
0.00926724	0.004	
0.00883621	0.004	
0.00840517	0.004	
0.00797414	0.004	
0.0075431	0.004	
0.00711207	0.004	
0.00668103	0.004	
0.00625	0.004	
0.00581897	0.004	
0.00538793	0.004	
0.0049569	0.004	
0.00452586	0.004	
0.00409483	0.004	
0.00366379	0.004	
0.00323276	0.004	
0.00280172	0.004	
0.00237069	0.004	
0.00193966	0.004	
0.00150862	0.004	
0.00107759	0.004	
0.000646552	0.004	
0.000215517	0.004	
0.0125	5.72659e-05	
0.0125	0.000181994	
0.0125	0.000330718	
0.0125	0.000509869	
0.0125	0.000725668	
0.0125	0.000985614	
0.0125	0.00129836	
0.0125	0.00378663	
0.0125	0.00166794	
0.0125	0.00207992	
0.0125	0.0025064	
0.0125	0.00335988	
0.0125	0.00293314	
0.0172846	0	
0.0168537	0	
0.0164228	0	
0.0159919	0	
0.015561	0	
0.0151301	0	
0.0146992	0	
0.0142743	0	
0.0138799	0	
0.0135423	0	
0.0130338	0	
0.0132636	0	
0.0128443	0	
0.0126881	0	
0.0125588	0	
0.0175	-0.000227716	
0.0175	-0.00227228	
0.0175	-0.000714612	
0.0175	-0.00125	
0.0175	-0.00178539	
0.0171278	-0.000146005	
0.0173432	-0.000146005	
0.0173432	-0.000373721	
0.016733	-0.000165737	
0.0169485	-0.000165737	
0.0170071	-0.000311742	
0.0173348	-0.00235863	
0.0171185	-0.00235863	
0.0173348	-0.00213091	
0.0172931	-0.000590128	
0.0172931	-0.000849308	
0.0171363	-0.000508417	
0.0169571	-0.000528149	
0.0169361	-0.00235077	
0.0169872	-0.0022094	
0.0167197	-0.00235077	
0.0163062	-0.000164827	
0.0165217	-0.000164827	
0.0166165	-0.000330564	
0.0164859	-0.000496905	
0.0166973	-0.000497815	
0.0168265	-0.00069449	
0.0172604	-0.00166957	
0.0172604	-0.00192875	
0.0170952	-0.0020151	
0.0169129	-0.00200724	
0.0172721	-0.00112324	
0.0172721	-0.00139945	
0.0170325	-0.00154281	
0.0170652	-0.000998757	
0.0168703	-0.000888205	
0.0168492	-0.00116214	
0.0166105	-0.000857871	
0.0166913	-0.00206405	
0.0167994	-0.00186975	
0.0165139	-0.00234849	
0.016599	-0.00219926	
0.0164855	-0.00206177	
0.0162975	-0.00234849	
0.0158854	-0.00016764	
0.0161008	-0.00016764	
0.0161998	-0.000332467	
0.0160932	-0.000492755	
0.0162986	-0.000489942	
0.0163794	-0.000657193	
0.0164614	-0.000784087	
0.0165052	-0.000977801	
0.0162741	-0.000777123	
0.016797	-0.0013872	
0.0167853	-0.00165732	
0.0165638	-0.00171414	
0.0166021	-0.00127665	
0.0164899	-0.00110575	
0.0164377	-0.00133082	
0.0163408	-0.00103197	
0.0162997	-0.00201499	
0.0163921	-0.00187978	
0.016378	-0.00166736	
0.0160925	-0.00233871	
0.0161881	-0.0021872	
0.0160947	-0.00200521	
0.0158762	-0.00233871	
0.0154559	-0.000173998	
0.0156714	-0.000173998	
0.0157803	-0.000341638	
0.0156816	-0.000518859	
0.0158956	-0.000512501	
0.0159944	-0.000669976	
0.0159194	-0.000841959	
0.016117	-0.000822213	
0.016199	-0.000949106	
0.0161838	-0.00107706	
0.0161152	-0.00163685	
0.016287	-0.0014712	
0.0161749	-0.00130031	
0.0160331	-0.00121744	
0.0158639	-0.0020082	
0.0159754	-0.00183598	
0.0158844	-0.00163983	
0.0156578	-0.00233405	
0.0157647	-0.00217276	
0.0156455	-0.00200354	
0.0154414	-0.00233405	
0.0150214	-0.000178376	
0.0152368	-0.000178376	
0.0153472	-0.000352374	
0.0152389	-0.00054014	
0.015458	-0.000535762	
0.0155732	-0.000706625	
0.0154929	-0.000905318	
0.0157165	-0.000888415	
0.0158391	-0.00104065	
0.0158302	-0.0012639	
0.0156203	-0.00166203	
0.0157601	-0.00146289	
0.0155661	-0.0012861	
0.0154351	-0.00200285	
0.0155343	-0.00183829	
0.01541	-0.00166135	
0.0152291	-0.00233114	
0.015334	-0.00216519	
0.0152228	-0.00199994	
0.0150128	-0.00233114	
0.0145874	-0.000174243	
0.0148028	-0.000174243	
0.0149095	-0.000352619	
0.0147963	-0.000534493	
0.0150149	-0.000538627	
0.0151256	-0.000722014	
0.0150161	-0.000936463	
0.0152401	-0.000937976	
0.0153833	-0.00111977	
0.0153132	-0.00131876	
0.0152202	-0.00169568	
0.0153063	-0.00151942	
0.0151235	-0.00135309	
0.0150205	-0.00199019	
0.0151216	-0.00182785	
0.0150179	-0.00168593	
0.014802	-0.00232491	
0.0149109	-0.00215605	
0.0148098	-0.00198396	
0.0145857	-0.00232491	
0.0141629	-0.000166056	
0.0143724	-0.000166056	
0.014476	-0.000340299	
0.0143588	-0.000506829	
0.0145737	-0.000515016	
0.0146791	-0.000701024	
0.0145553	-0.00087091	
0.0147778	-0.000890387	
0.0148922	-0.00110635	
0.0148394	-0.00162741	
0.014938	-0.00149523	
0.0147067	-0.00124849	
0.014945	-0.00129457	
0.0146067	-0.00196641	
0.0147163	-0.00180055	
0.0146364	-0.00160985	
0.0143715	-0.0023178	
0.014486	-0.00214271	
0.0143925	-0.00195929	
0.0141551	-0.0023178	
0.0137855	-0.000144111	
0.0139703	-0.000144111	
0.0140685	-0.000310167	
0.0128047	-8.2409e-05	
0.0128903	-8.2409e-05	
0.0134689	-0.000130124	
0.0136217	-0.000130124	
0.0137121	-0.000274235	
0.0132036	-0.000113325	
0.0133296	-0.000113325	
0.0134089	-0.000243449	
0.0129843	-9.66383e-05	
0.0130881	-9.66383e-05	
0.0131541	-0.000209963	
0.0129447	-0.000179047	
0.0126559	-7.25991e-05	
0.0127265	-7.25991e-05	
0.0127725	-0.000155008	
0.0139563	-0.000468345	
0.0141489	-0.000490289	
0.0142466	-0.000665007	
0.0141141	-0.000835119	
0.0143239	-0.00085166	
0.0144227	-0.00104102	
0.0144304	-0.00159298	
0.0145535	-0.00141984	
0.0145007	-0.00123162	
0.0142694	-0.00121237	
0.0141765	-0.00194516	
0.0142972	-0.00176885	
0.0142144	-0.00157884	
0.0139378	-0.00231096	
0.0140544	-0.00212876	
0.0139592	-0.00193832	
0.0137214	-0.00231096	
0.0125892	-6.7541e-05	
0.0126276	-0.00014014	
0.0125305	-6.7541e-05	
0.0127283	-0.000223205	
0.0128066	-0.000233015	
0.0136095	-0.000420729	
0.0137734	-0.000434716	
0.0138538	-0.000614838	
0.0128856	-0.000257042	
0.0129795	-0.000271271	
0.0128414	-0.000325239	
0.0133245	-0.000363983	
0.0134637	-0.000380782	
0.013525	-0.000541263	
0.013081	-0.000306294	
0.0131965	-0.000322981	
0.0130219	-0.000384289	
0.0132513	-0.000460314	
0.0125881	-0.00020258	
0.0126548	-0.000207638	
0.0126889	-0.000285645	
0.01372	-0.000778737	
0.0139029	-0.000812365	
0.0139803	-0.000999018	
0.0139835	-0.00155805	
0.0141166	-0.00138217	
0.0138275	-0.00116882	
0.0140386	-0.00119157	
0.0137346	-0.00192268	
0.0138567	-0.00173907	
0.013759	-0.0015424	
0.0135023	-0.00230521	
0.013618	-0.00211618	
0.0135155	-0.00191693	
0.013286	-0.00230521	
0.0124455	8.96505e-05	
0.0124455	3.23846e-05	
0.0124712	-6.87829e-05	
0.0125016	-0.000136324	
0.0124669	-0.000197605	
0.0125262	-0.000196363	
0.0125534	-0.000263861	
0.0123763	5.18686e-06	
0.0124309	-2.71977e-05	
0.012402	-9.59806e-05	
0.0123519	-0.000104011	
0.0123922	-0.000145596	
0.0126389	-0.00034121	
0.0127124	-0.000356777	
0.0127811	-0.000390361	
0.0128602	-0.000414388	
0.0127311	-0.000445926	
0.013398	-0.000666681	
0.0135438	-0.000706628	
0.013593	-0.000904155	
0.0129393	-0.000454173	
0.0130408	-0.000489195	
0.012879	-0.000519295	
0.013149	-0.000552796	
0.0132769	-0.000593799	
0.0132957	-0.000759164	
0.0130663	-0.00062268	
0.0125126	-0.000322197	
0.0125745	-0.000328413	
0.012598	-0.000399545	
0.0135239	-0.00149708	
0.0136507	-0.00131605	
0.0135924	-0.00112349	
0.0134162	-0.00105139	
0.0132912	-0.00191012	
0.0134079	-0.00171663	
0.0132996	-0.00149027	
0.0130674	-0.00230368	
0.0131803	-0.00210889	
0.0130726	-0.00190859	
0.0128511	-0.00230368	
0.0124411	0.000220332	
0.0124411	0.00015287	
0.0123866	0.000127989	
0.0123375	0.000154432	
0.0123419	9.12124e-05	
0.0123322	3.72131e-05	
0.0123177	-2.23692e-05	
0.0122832	6.36563e-05	
0.0124118	-0.000189901	
0.0124364	-0.000249941	
0.0123617	-0.000197932	
0.0123982	-0.000308196	
0.0124533	-0.000315901	
0.0124744	-0.000380453	
0.0122661	-4.94022e-05	
0.0123102	-8.14284e-05	
0.0123004	-0.000131044	
0.0123044	-0.000189552	
0.012324	-0.000233856	
0.0122626	-0.000166969	
0.0126745	-0.000475578	
0.0127433	-0.000509163	
0.0125557	-0.000443673	
0.01262	-0.00045647	
0.0126322	-0.000519707	
0.0127913	-0.000571584	
0.0128704	-0.000611368	
0.0127347	-0.000601236	
0.013133	-0.000831381	
0.0132542	-0.000904263	
0.0132536	-0.0011236	
0.0129538	-0.000662689	
0.013062	-0.00072629	
0.0130205	-0.000871389	
0.0128661	-0.000714977	
0.0124366	-0.000444326	
0.0124959	-0.000450622	
0.0125179	-0.000507547	
0.0130673	-0.00151682	
0.0131833	-0.00129727	
0.0130213	-0.00115014	
0.012854	-0.00191098	
0.012965	-0.00171221	
0.0128487	-0.00151921	
0.0126345	-0.00230443	
0.0127452	-0.00210811	
0.0126375	-0.00191173	
0.0124182	-0.00230443	
0.0124285	0.000372802	
0.0124285	0.000291539	
0.0123696	0.000262416	
0.0122985	0.000282145	
0.0123111	0.000210937	
0.0122664	0.000174161	
0.0122313	0.000105261	
0.0122216	5.12614e-05	
0.0122049	0.000161766	
0.0122093	-1.98652e-05	
0.0122019	-7.89244e-05	
0.0121574	2.17392e-05	
0.0123378	-0.00029807	
0.0123547	-0.00036403	
0.0122805	-0.00028969	
0.012314	-0.000423766	
0.0123743	-0.000433893	
0.0123959	-0.000504063	
0.0121421	-0.000118365	
0.0121988	-0.000147902	
0.0122028	-0.000206409	
0.0122116	-0.000276997	
0.0122255	-0.00034121	
0.0121478	-0.00025793	
0.0125699	-0.00059642	
0.0126244	-0.000615528	
0.0125102	-0.000603368	
0.0126725	-0.000677949	
0.0128456	-0.0011349	
0.0129159	-0.000961239	
0.0127615	-0.000804827	
0.0128448	-0.000856147	
0.0126512	-0.000819119	
0.0123649	-0.000559563	
0.0124272	-0.000569996	
0.0124792	-0.000658869	
0.0126396	-0.00151677	
0.0127419	-0.00132137	
0.0126365	-0.00113247	
0.0124247	-0.00191383	
0.0125335	-0.0017167	
0.0124268	-0.00151887	
0.0122029	-0.00230603	
0.0123134	-0.00211045	
0.0122095	-0.00191543	
0.0119866	-0.00230603	
0.0124126	0.000559154	
0.0124126	0.000461267	
0.012341	0.000422088	
0.0122519	0.000447849	
0.0122678	0.000359385	
0.0122094	0.000307906	
0.0121079	0.000303362	
0.0121386	0.000226122	
0.0121034	0.000157222	
0.0120969	6.14092e-05	
0.0120846	-9.71746e-06	
0.0120306	0.000125765	
0.0120754	-9.11923e-05	
0.0120723	-0.000160169	
0.0120149	-5.15223e-05	
0.0122408	-0.000418887	
0.0122604	-0.00048875	
0.0121719	-0.000406194	
0.0122186	-0.000550648	
0.0122918	-0.000555528	
0.0123231	-0.000621461	
0.0120012	-0.000208464	
0.0120679	-0.000235636	
0.0120767	-0.000306224	
0.0121014	-0.000380075	
0.0121167	-0.000457751	
0.0120214	-0.000357781	
0.0124233	-0.00110057	
0.012527	-0.0009141	
0.012438	-0.000787222	
0.0122819	-0.000749814	
0.012355	-0.00075385	
0.0122228	-0.00152347	
0.0123289	-0.00132353	
0.0122194	-0.00110517	
0.0119964	-0.00192099	
0.0121077	-0.00172436	
0.0120098	-0.00152903	
0.0117699	-0.00230726	
0.0118815	-0.00211328	
0.0117798	-0.00192222	
0.0115536	-0.00230726	
0.0123945	0.000790257	
0.0123945	0.000672345	
0.0123071	0.000623743	
0.0121978	0.000666871	
0.0122158	0.00055368	
0.0121426	0.000490978	
0.0120559	0.000505615	
0.012092	0.000399784	
0.0120212	0.000318	
0.0119084	0.000360442	
0.0119243	0.00026402	
0.011821	0.000198994	
0.0119339	0.000156552	
0.0119273	6.07395e-05	
0.011954	-1.72393e-05	
0.0119448	-9.87142e-05	
0.0118573	1.35476e-05	
0.0119253	-0.000180646	
0.0119209	-0.000256113	
0.0118645	-0.000146363	
0.0121765	-0.000777269	
0.0121446	-0.00064488	
0.0121132	-0.000578103	
0.0120427	-0.000551983	
0.0118478	-0.000341806	
0.0119236	-0.000369624	
0.0119483	-0.000443474	
0.0119449	-0.000563826	
0.012017	-0.00116115	
0.0121115	-0.000938183	
0.0119742	-0.000833248	
0.0117893	-0.00154713	
0.0119044	-0.00134623	
0.0117965	-0.00117925	
0.0115571	-0.00192291	
0.011672	-0.00173062	
0.0115666	-0.00154782	
0.0113353	-0.00230617	
0.0114466	-0.00211343	
0.0113388	-0.00192183	
0.0111189	-0.00230617	
0.0123786	0.00105813	
0.0123786	0.000916101	
0.0122732	0.000862777	
0.0121395	0.000905658	
0.0121554	0.000779814	
0.0120641	0.000709752	
0.0119255	0.000708463	
0.0119678	0.00059552	
0.0119173	0.000504327	
0.0118203	0.000450347	
0.0116947	0.000491441	
0.0116858	0.000347557	
0.0117087	0.00021685	
0.0117182	0.000109382	
0.011583	0.000257944	
0.011655	1.88229e-05	
0.0117673	9.67543e-07	
0.011794	-7.70112e-05	
0.0117745	-0.000158943	
0.0117391	-0.000286108	
0.0117418	-0.00039962	
0.0116686	-0.000216757	
0.0118027	-0.000825534	
0.0118677	-0.00066462	
0.0117734	-0.000556112	
0.0116647	-0.000500414	
0.0115682	-0.00116303	
0.0116808	-0.000977938	
0.0115744	-0.00080931	
0.0113375	-0.00153291	
0.0114548	-0.00134942	
0.0113391	-0.00114811	
0.0111193	-0.00191574	
0.0112299	-0.00172523	
0.011118	-0.00152683	
0.0109014	-0.00230423	
0.0110107	-0.0021104	
0.0109018	-0.0019138	
0.010685	-0.00230423	
0.0123592	0.00385197	
0.0123592	0.00363859	
0.0121437	0.00385197	
0.0123611	0.00138913	
0.0123611	0.00121842	
0.0122398	0.00114891	
0.0123456	0.001768	
0.0123456	0.00156913	
0.0122067	0.0014892	
0.0120836	0.00121311	
0.0121012	0.00105282	
0.0119834	0.000969857	
0.0118107	0.00100486	
0.0118491	0.000857699	
0.0117528	0.000743467	
0.011585	0.000772849	
0.0116614	0.000623613	
0.0115269	0.000520823	
0.0113821	0.000535281	
0.0114154	0.000403109	
0.0112941	0.000284336	
0.0114389	0.000269878	
0.0114618	0.000139171	
0.011566	-0.000105576	
0.0115306	-0.000232741	
0.0113728	1.47721e-05	
0.011517	2.83849e-06	
0.0113746	-0.000738049	
0.0114965	-0.000585645	
0.0114649	-0.000429152	
0.0113624	-0.000317972	
0.0111195	-0.00112406	
0.011233	-0.000937662	
0.0111551	-0.000713997	
0.0109017	-0.00151595	
0.0110093	-0.00132364	
0.0109032	-0.00111319	
0.0106841	-0.00190941	
0.0107928	-0.00171476	
0.010684	-0.00151157	
0.010468	-0.00230302	
0.0105761	-0.00210724	
0.0104671	-0.00190821	
0.0102516	-0.00230302	
0.0123459	0.00345652	
0.0123459	0.00324315	
0.0122051	0.00352186	
0.0123256	0.00218259	
0.0123256	0.00196949	
0.0121712	0.00187068	
0.0123256	0.00261083	
0.0123256	0.00239746	
0.0121512	0.00228703	
0.0123329	0.00303808	
0.0123329	0.00282471	
0.0121585	0.00271577	
0.0121788	0.00313472	
0.0119502	0.00380331	
0.0120249	0.00365528	
0.0120116	0.00347321	
0.0117347	0.00380331	
0.012027	0.00156578	
0.0120425	0.00138578	
0.0119039	0.00128969	
0.0119786	0.00196276	
0.0119986	0.00176127	
0.0118344	0.00165786	
0.0117123	0.00134512	
0.0117535	0.00117245	
0.0116192	0.00106029	
0.0114341	0.00108858	
0.0114913	0.000920995	
0.0113999	0.000801141	
0.0112631	0.000807662	
0.0113568	0.000659516	
0.0112452	0.000541802	
0.0111199	0.000586067	
0.0111453	0.000461832	
0.011129	0.00031642	
0.0111525	0.000183189	
0.0110037	0.000360685	
0.0111865	-0.000322578	
0.0112521	-0.000126166	
0.0110318	4.2251e-05	
0.0111969	1.01661e-05	
0.010912	-0.000702614	
0.0110536	-0.000503001	
0.0109434	-0.000311195	
0.0106851	-0.00110387	
0.0107954	-0.000904296	
0.0106939	-0.0006933	
0.0104659	-0.00150646	
0.0105748	-0.00130765	
0.010467	-0.00109876	
0.0102497	-0.0019058	
0.0103577	-0.00170797	
0.0102485	-0.00150405	
0.0100348	-0.00230262	
0.0101422	-0.00210563	
0.0100329	-0.0019054	
0.00981847	-0.00230262	
0.0120196	0.00324669	
0.0120066	0.00304162	
0.0118394	0.00338011	
0.0119684	0.00239115	
0.0119684	0.00217629	
0.0117958	0.00206688	
0.0119853	0.002823	
0.0119779	0.00260912	
0.0117951	0.00249838	
0.011826	0.00293497	
0.0116824	0.00346047	
0.0116903	0.00323395	
0.0115133	0.00381779	
0.01161	0.0036211	
0.011461	0.00347494	
0.0112978	0.00381779	
0.0116279	0.00172546	
0.0116562	0.00152997	
0.0115058	0.00141272	
0.0115913	0.00215969	
0.0116015	0.00194616	
0.0114233	0.00181827	
0.0112864	0.00143158	
0.0113425	0.00124674	
0.0112146	0.00110744	
0.0110201	0.00106158	
0.0111118	0.00090343	
0.0110686	0.000761804	
0.0109686	0.000681834	
0.0108009	0.000660015	
0.0108522	0.000484278	
0.0108359	0.000338867	
0.010716	-0.000257325	
0.0108489	-7.69014e-05	
0.0108045	9.61214e-05	
0.010653	0.000219714	
0.0104655	-0.000679423	
0.0105821	-0.000477741	
0.0104876	-0.000243448	
0.0102467	-0.00109401	
0.0103569	-0.000890237	
0.0102451	-0.000674679	
0.0100306	-0.00150137	
0.0101388	-0.00129985	
0.0100287	-0.00109133	
0.00981577	-0.00190469	
0.00992323	-0.00170486	
0.0098135	-0.00150066	
0.00960193	-0.00230262	
0.00970887	-0.00210523	
0.00959923	-0.00190469	
0.00938559	-0.00230262	
-0.00462951	-0.00235234	
-0.00484586	-0.00235234	
-0.00484586	-0.00212463	
0.0116587	0.00304269	
0.0116374	0.00282408	
0.0115017	0.00312305	
0.0116063	0.00260855	
0.0115968	0.00239059	
0.0114024	0.00226986	
0.011439	0.00271628	
0.0112789	0.0034487	
0.0113512	0.00328806	
0.0113196	0.00309681	
0.0110846	0.00381365	
0.0111755	0.00363143	
0.0110657	0.00344456	
0.0108691	0.00381365	
0.0112109	0.00239243	
0.0112053	0.00216154	
0.0111727	0.00188989	
0.0111991	0.00166919	
0.0110357	0.00150321	
0.0109811	0.00201246	
0.0108209	0.00152176	
0.0109081	0.00128415	
0.0108053	0.00108013	
0.0105338	0.00107676	
0.0106458	0.000854198	
0.0105294	0.000656643	
0.0103252	0.000600362	
0.0104802	0.000406179	
0.0104488	0.000163434	
0.0102394	-0.000266108	
0.0103734	-4.56917e-05	
0.0102006	0.000140773	
0.0100244	-0.000677623	
0.0101329	-0.000466808	
0.0100187	-0.000269052	
0.00981052	-0.00108949	
0.00991838	-0.000883652	
0.00980615	-0.000675782	
0.00959642	-0.00149954	
0.00970378	-0.00129605	
0.00959344	-0.00108837	
0.00938271	-0.00190457	
0.00948961	-0.00170403	
0.0093799	-0.00149941	
0.00916933	-0.0023027	
0.00927607	-0.00210531	
0.00916645	-0.00190465	
0.00895299	-0.0023027	
-0.00422973	-0.00233366	
-0.00444607	-0.00233366	
-0.00450828	-0.002186	
-0.0048001	-0.00190989	
-0.00464595	-0.00198995	
-0.00446252	-0.00197126	
-0.0048001	-0.00165071	
0.011082	0.00301285	
0.0112325	0.00284784	
0.0112014	0.00263232	
0.0110043	0.00252399	
0.0108509	0.00342609	
0.0109543	0.00324336	
0.0108672	0.00299439	
0.0106596	0.00380774	
0.0107529	0.00362138	
0.0106415	0.00342018	
0.0104441	0.00380774	
0.010841	0.00261795	
0.0108505	0.00237806	
0.0108113	0.00218377	
0.0107787	0.00191213	
0.010648	0.00227773	
0.010736	0.00171674	
0.0106084	0.00149768	
0.0105662	0.00188806	
0.0103494	0.00153383	
0.0104342	0.00133884	
0.0102748	0.00111291	
0.0100615	0.0011806	
0.0101612	0.000918516	
0.0101587	0.000733058	
0.0101094	0.000482594	
0.00994542	0.000800748	
0.0100174	9.34457e-05	
0.0100927	0.000302571	
0.00992622	0.000435267	
0.00979528	-0.00026418	
0.00990182	-6.34803e-05	
0.00979398	9.83177e-05	
0.00958949	-0.000670976	
0.00969547	-0.000464947	
0.00957862	-0.000259375	
0.00937713	-0.00108566	
0.00948386	-0.000879101	
0.00937318	-0.000668267	
0.0091637	-0.00149859	
0.00927051	-0.00129411	
0.00916093	-0.00108484	
0.00895044	-0.00190466	
0.00905707	-0.00170391	
0.00894768	-0.00149861	
0.00873693	-0.00230278	
0.00852059	-0.00230278	
0.00884376	-0.00210548	
0.00873438	-0.00190475	
-0.00379583	-0.00233099	
-0.00401217	-0.00233099	
-0.00410729	-0.00216464	
-0.00397354	-0.00200278	
-0.00419109	-0.00200545	
-0.00432877	-0.0018094	
-0.00437877	-0.00160046	
-0.00410735	-0.00163465	
-0.0047818	-0.00138097	
-0.0047818	-0.00110476	
-0.0045819	-0.00150547	
-0.00436048	-0.00133072	
-0.00477238	-0.000848736	
-0.00477238	-0.000589557	
-0.00455418	-0.000979707	
-0.00461215	-0.000506841	
-0.00483977	-0.000372717	
-0.00483977	-0.000145001	
0.0106321	0.00302264	
0.0107598	0.00279214	
0.010606	0.00264621	
0.0104329	0.00341484	
0.0105309	0.00321955	
0.0104236	0.0030173	
0.010232	0.00380398	
0.0103313	0.00361171	
0.0102208	0.00341108	
0.0100164	0.00380398	
0.0104266	0.00261656	
0.0105078	0.00244237	
0.0104686	0.00224809	
0.0102422	0.00216088	
0.0103824	0.00199623	
0.0103398	0.00180085	
0.0101656	0.001642	
0.00998946	0.00176699	
0.00999905	0.00149997	
0.00830456	-0.00230288	
0.00841168	-0.00210566	
0.00808821	-0.00230288	
0.00978344	0.000911947	
0.00978093	0.000726488	
0.00994154	0.00131675	
0.00982793	0.00112236	
0.00976544	0.00144174	
0.00966344	0.0010481	
0.00960455	0.000176635	
0.00972009	0.000333561	
0.00973678	0.000513585	
0.00957481	0.000624783	
0.0094234	0.000566176	
0.00946754	0.000779079	
0.00937383	-0.000240919	
0.00947364	-4.01522e-05	
0.00939975	0.000195092	
0.00915899	-0.000661167	
0.00926462	-0.000453042	
0.00915964	-0.000233819	
0.0089454	-0.00108238	
0.00905202	-0.000873931	
0.00894346	-0.000658707	
0.008732	-0.00149828	
0.00883863	-0.00129296	
0.00872972	-0.00108205	
0.00851866	-0.0019049	
0.00830263	-0.00190501	
0.00862533	-0.00170409	
0.00851628	-0.00149844	
-0.00336868	-0.00232754	
-0.00358502	-0.00232754	
-0.00367893	-0.00215853	
-0.00355983	-0.00198048	
-0.00377063	-0.00198392	
-0.00385444	-0.00182473	
-0.00394816	-0.00169978	
-0.00399816	-0.00149084	
-0.00374525	-0.00168092	
-0.00399748	-0.00135277	
-0.00383829	-0.0014179	
-0.00432148	-0.00111277	
-0.00431205	-0.000856746	
-0.00411835	-0.00120776	
-0.00395848	-0.00113482	
-0.00408606	-0.000789435	
-0.00431876	-0.00065637	
-0.00450185	-0.00030511	
-0.00443446	-0.00052195	
-0.00420846	-0.000454639	
-0.00462433	-0.000145001	
-0.00444663	-0.000160109	
0.0102156	0.00301015	
0.0103168	0.00281325	
0.0102186	0.00260942	
0.0100091	0.00340754	
0.0101108	0.00321066	
0.010004	0.00300661	
0.00980259	0.00380266	
0.00990524	0.00360664	
0.00979529	0.00340622	
0.00958707	0.00380266	
0.0100022	0.00259392	
0.010112	0.00239724	
0.0100258	0.00214538	
0.00978523	0.00217993	
0.00991537	0.00194357	
0.00974886	0.00180153	
0.00956814	0.00178012	
0.00964223	0.00160354	
0.00958472	0.00142032	
0.0080869	-0.00190531	
0.00819388	-0.00170455	
0.00787206	-0.00230298	
0.00797951	-0.00210586	
0.00787075	-0.00190541	
0.00765572	-0.00230298	
0.00937618	0.00133486	
0.00949939	0.00117305	
0.0094549	0.000962638	
0.0093035	0.00090403	
0.00918396	0.000950321	
0.0091966	0.000766762	
0.00916599	0.000215228	
0.0092969	0.000432016	
0.00918964	0.000586312	
0.00907011	0.000632603	
0.00895451	0.000589542	
0.00896147	0.000769992	
0.00894332	-0.000222181	
0.00905252	-1.00578e-05	
0.00894967	0.000226867	
0.00872806	-0.000654351	
0.00883504	-0.000441586	
0.00872792	-0.000217825	
0.00851422	-0.00108135	
0.00862099	-0.000870775	
0.00851257	-0.000653654	
0.0083008	-0.00149881	
0.00808506	-0.00149911	
0.00840746	-0.001293	
0.00829874	-0.00108172	
-0.003158	-0.00232778	
-0.00325745	-0.00215532	
-0.00294166	-0.00232778	
-0.00314719	-0.00197872	
-0.00335786	-0.00197848	
-0.00344957	-0.00180387	
-0.00336931	-0.00161336	
-0.00357127	-0.00161535	
-0.00366499	-0.0014904	
-0.00366431	-0.00135233	
-0.0037302	-0.00114267	
-0.00385107	-0.000997658	
-0.00355691	-0.00121517	
-0.00392358	-0.000631473	
-0.00391687	-0.000831848	
-0.00368859	-0.000839695	
-0.00412235	-0.000319394	
-0.00400666	-0.000453815	
-0.00383746	-0.000496228	
-0.00423118	-0.000160109	
-0.00402937	-0.000159285	
0.00979084	0.00300264	
0.00989563	0.00280213	
0.00978908	0.00258995	
0.00958166	0.00340491	
0.00968557	0.0032058	
0.00957721	0.00300132	
0.00937243	0.00380239	
0.00947674	0.00360506	
0.00936701	0.00340464	
0.00915691	0.00380239	
0.00957415	0.00259226	
0.00968074	0.00238405	
0.00957029	0.00218223	
0.00935774	0.00217978	
0.00946223	0.00197566	
0.00935559	0.00177767	
0.00914214	0.00175955	
0.00924805	0.00156401	
0.00916272	0.00131674	
0.00786949	-0.00150006	
0.00797641	-0.00129432	
0.00765472	-0.00190576	
0.00776211	-0.00170521	
0.00765346	-0.00150042	
0.00743939	-0.00230304	
0.00722304	-0.00230304	
0.00754703	-0.00210602	
0.00743839	-0.00190582	
0.00893729	0.001314	
0.00906542	0.00108485	
0.00895853	0.000947585	
0.00884293	0.000904524	
0.00873027	0.000947008	
0.00873321	0.000769415	
0.00872666	0.000230579	
0.00884014	0.000455865	
0.0087315	0.000593254	
0.00861884	0.000635738	
0.00850901	0.000590501	
0.00851073	0.000766663	
0.00851088	-0.000214713	
0.00861916	4.69194e-06	
0.00850962	0.00023369	
0.00829676	-0.00065362	
0.00840383	-0.000437196	
0.00829506	-0.000214679	
0.00808331	-0.00108297	
0.00786774	-0.00108392	
0.00819007	-0.000871324	
0.00808132	-0.000654865	
-0.00294011	-0.00198777	
-0.00304052	-0.00181093	
-0.00273113	-0.0023282	
-0.00283625	-0.00215598	
-0.00272958	-0.00198819	
-0.00251479	-0.0023282	
-0.0029139	-0.00162718	
-0.00312098	-0.00161813	
-0.00324269	-0.00142961	
-0.00338167	-0.00103159	
-0.00331578	-0.00124126	
-0.00306746	-0.00124603	
-0.00354113	-0.000679852	
-0.00347534	-0.000845662	
-0.00323421	-0.00087175	
-0.00371521	-0.00032768	
-0.00363213	-0.000505338	
-0.00341887	-0.000511305	
-0.00381393	-0.000159285	
-0.00360859	-0.000168395	
0.0093632	0.00300096	
0.00946848	0.0027978	
0.00936014	0.00259189	
0.0091527	0.00340453	
0.00925762	0.00320438	
0.00914889	0.00300086	
0.00894198	0.00380249	
0.00904717	0.00360488	
0.00893778	0.00340463	
0.00872647	0.00380249	
0.00914634	0.00259063	
0.009252	0.00238509	
0.00914394	0.00217852	
0.00893075	0.00217178	
0.0090365	0.00196647	
0.00892895	0.00175281	
0.00871768	0.00173982	
0.00882332	0.0015329	
0.00872602	0.00130101	
0.00700656	-0.00230308	
0.00679022	-0.00230308	
0.00711422	-0.00210612	
0.00765238	-0.00108664	
0.00775928	-0.000875289	
0.00743744	-0.00150153	
0.00754482	-0.00129639	
0.00743637	-0.00108776	
0.00722198	-0.00190607	
0.0070055	-0.00190611	
0.00732967	-0.00170581	
0.00722103	-0.00150178	
0.00850539	0.00129457	
0.00861936	0.00107568	
0.00850964	0.000940569	
0.00839982	0.000895331	
0.00829075	0.000936739	
0.00829183	0.000762833	
0.00829253	0.000233198	
0.00840004	0.000459085	
0.00829192	0.000590009	
0.00818286	0.000631417	
0.00807414	0.00058709	
0.00807406	0.000759914	
0.00807856	-0.000216843	
0.00818561	5.6393e-06	
0.00807602	0.000231034	
0.00786589	-0.000658622	
0.00765054	-0.000661342	
0.00797258	-0.000440918	
0.00786312	-0.0002206	
-0.00273357	-0.00167871	
-0.00281404	-0.00148591	
-0.00252805	-0.00198537	
-0.0026319	-0.00181717	
-0.00253204	-0.0016759	
-0.00230389	-0.00232457	
-0.00241483	-0.00215277	
-0.00231715	-0.00198175	
-0.00208754	-0.00232457	
-0.00263305	-0.00133689	
-0.00281338	-0.00128536	
-0.00288647	-0.00109701	
-0.00309779	-0.000691491	
-0.00300412	-0.000877421	
-0.00275005	-0.000916747	
-0.00329129	-0.000339629	
-0.00320029	-0.000514143	
-0.00297021	-0.000519815	
-0.00339314	-0.000168395	
-0.00317456	-0.000171234	
0.00893473	0.00300047	
0.00904031	0.00279705	
0.00893217	0.00259024	
0.0087232	0.00340472	
0.00882874	0.00320437	
0.00872015	0.00300056	
0.0085114	0.00380263	
0.00861718	0.00360512	
0.00850814	0.00340485	
0.00829589	0.00380263	
0.00871813	0.002588	
0.00882416	0.00238159	
0.00871672	0.00216954	
0.00850264	0.0021648	
0.00860923	0.00195499	
0.0085036	0.00173508	
0.00828781	0.00173005	
0.00839626	0.00151488	
0.0082896	0.00128955	
0.00657373	-0.00230313	
0.00635738	-0.00230313	
0.00668125	-0.00210621	
0.00678888	-0.00190617	
0.00657239	-0.00190623	
0.00689664	-0.00170613	
0.00743665	-0.000668466	
0.00754326	-0.000451798	
0.0072202	-0.00109061	
0.00732777	-0.000880864	
0.00722049	-0.00067132	
0.00700442	-0.00150243	
0.00678779	-0.0015025	
0.00711218	-0.00129815	
0.00700358	-0.00109126	
0.00807319	0.00128311	
0.00818232	0.0010628	
0.00807434	0.000930303	
0.00796563	0.000885975	
0.00785545	0.000929498	
0.00785517	0.000759109	
0.00785835	0.000228646	
0.00796527	0.000456205	
0.00785647	0.000584702	
0.00774629	0.000628224	
0.00764698	-0.000229876	
0.0074331	-0.000236999	
0.00775296	-5.8009e-06	
0.0076422	0.00021937	
0.00763115	0.00058238	
0.00762985	0.000756787	
-0.00234897	-0.00162568	
-0.00245064	-0.00148723	
-0.00244998	-0.00128667	
-0.00211093	-0.00196764	
-0.00222416	-0.00180024	
-0.00214276	-0.00161158	
-0.00187303	-0.00231913	
-0.00198941	-0.0021437	
-0.00189642	-0.0019622	
-0.00165668	-0.00231913	
-0.00239254	-0.00110143	
-0.00221013	-0.00125177	
-0.00263765	-0.000705897	
-0.00251999	-0.000925482	
-0.00228015	-0.000890575	
-0.00285328	-0.00034348	
-0.00275078	-0.000520828	
-0.00252072	-0.000529562	
-0.00295912	-0.000171234	
-0.00273969	-0.000172247	
0.00850567	0.00300007	
0.00861166	0.00279618	
0.00850365	0.00258752	
0.00829332	0.00340492	
0.00839934	0.00320452	
0.00829085	0.00300014	
0.00808071	0.00380273	
0.00818694	0.00360535	
0.00807814	0.00340502	
0.00786519	0.00380273	
0.00828896	0.00258615	
0.00839543	0.00237797	
0.00828795	0.00216342	
0.00807247	0.00216233	
0.00817968	0.00194915	
0.00807233	0.00172896	
0.00785557	0.00173082	
0.0079637	0.00151171	
0.00785643	0.00128497	
0.00614102	-0.00230321	
0.00592468	-0.00230321	
0.00624841	-0.00210634	
0.00635585	-0.00190618	
0.00613949	-0.00190626	
0.00646347	-0.00170615	
0.00657101	-0.0015023	
0.00635446	-0.00150225	
0.00667879	-0.0012986	
0.00723062	-0.000256526	
0.00733433	-3.46035e-05	
0.00700273	-0.000677361	
0.00711162	-0.000464963	
0.00701285	-0.000262567	
0.00678628	-0.00109211	
0.0065695	-0.00109191	
0.0068943	-0.000884574	
0.00678542	-0.000678217	
0.00763908	0.00129506	
0.00774857	0.00106645	
0.00763811	0.000939584	
0.00752297	0.00089374	
0.00741103	0.000198891	
0.00720855	0.000179364	
0.00751642	0.000433338	
0.00739997	0.000561901	
0.00738958	0.000759909	
0.00727485	0.000610867	
0.00739785	0.000942706	
-0.00193363	-0.00159915	
-0.00205844	-0.00142459	
-0.002001	-0.00123934	
-0.00167905	-0.00195221	
-0.00180057	-0.00177615	
-0.00171626	-0.00158916	
-0.00143902	-0.00231563	
-0.00155724	-0.00213476	
-0.00146139	-0.00194871	
-0.00122267	-0.00231563	
-0.00176944	-0.00122413	
-0.00192113	-0.00105131	
-0.00218423	-0.000704466	
-0.00205678	-0.00088041	
-0.00182521	-0.0008652	
-0.00241596	-0.000346736	
-0.00230283	-0.000531805	
-0.00207946	-0.00052164	
-0.00252424	-0.000172247	
-0.00230635	-0.00017449	
0.00807597	0.00299994	
0.0081823	0.00279549	
0.00807408	0.00258595	
0.0078631	0.00340511	
0.00796947	0.00320467	
0.00786093	0.00300002	
0.00764993	0.00380281	
0.0077565	0.00360554	
0.00764784	0.00340519	
0.00743441	0.00380281	
0.00785884	0.00258617	
0.0079655	0.00237682	
0.00785723	0.00216255	
0.00764114	0.00216531	
0.00774811	0.00195082	
0.00763948	0.00173358	
0.0074199	0.00174532	
0.00752735	0.00152532	
0.0074195	0.0013068	
0.0070144	0.000112788	
0.00709109	0.000346282	
0.00570843	-0.00230328	
0.00549209	-0.00230328	
0.00581581	-0.00210648	
0.00592322	-0.00190625	
0.00570697	-0.00190631	
0.00603066	-0.00170609	
0.00613806	-0.00150156	
0.00592179	-0.00150154	
0.0062456	-0.0012977	
0.00635271	-0.00109013	
0.0061363	-0.00108943	
0.0064602	-0.000883643	
0.00677586	-0.000271468	
0.00689486	-6.30307e-05	
0.00677741	0.000103888	
0.00656603	-0.000676777	
0.00634924	-0.000674991	
0.00667446	-0.000469565	
0.00655647	-0.000270028	
0.00719741	0.00133757	
0.00730914	0.00110731	
0.00717576	0.000973475	
0.00709459	0.000559456	
0.00690044	0.00049288	
0.00699549	0.000922064	
0.0070842	0.000757464	
-0.00148405	-0.00157358	
-0.00161711	-0.00139658	
-0.00153723	-0.00120855	
-0.0012369	-0.00194	
-0.00135871	-0.00175746	
-0.00125957	-0.00156488	
-0.00100331	-0.00231668	
-0.00112022	-0.0021323	
-0.00101754	-0.00194105	
-0.000786968	-0.00231668	
-0.00147854	-0.00102212	
-0.00132621	-0.00119457	
-0.00175284	-0.000679488	
-0.00161719	-0.000850387	
-0.00140617	-0.000836405	
-0.00198523	-0.000341942	
-0.00186663	-0.000514603	
-0.00165861	-0.00049979	
-0.00209093	-0.00017449	
-0.0018781	-0.000167452	
0.00764586	0.00300032	
0.00775236	0.00279559	
0.00764378	0.00258647	
0.00743271	0.00340536	
0.0075393	0.00320493	
0.00743073	0.0030005	
0.00721911	0.00380289	
0.00732593	0.0036057	
0.0072174	0.00340544	
0.00700359	0.00380289	
0.00742871	0.00258784	
0.0075352	0.00237841	
0.00742608	0.00216668	
0.00721173	0.00217001	
0.00731767	0.00195691	
0.00720555	0.00174865	
0.00699774	0.00175162	
0.00709997	0.00154003	
0.00698961	0.00134054	
0.00527585	-0.00230329	
0.0050595	-0.00230329	
0.00538332	-0.00210657	
0.00658165	0.000167045	
0.00670118	0.000342864	
0.00670468	0.000556038	
0.00549087	-0.00190637	
0.00527463	-0.00190639	
0.00559828	-0.00170613	
0.00570576	-0.00150105	
0.00548966	-0.00150111	
0.00581316	-0.00129652	
0.00592052	-0.00108695	
0.00570449	-0.00108646	
0.00602763	-0.000879373	
0.00613438	-0.000668085	
0.00591861	-0.000665602	
0.00624022	-0.00046122	
0.00634394	-0.000254748	
0.00612908	-0.000247843	
0.00644534	-5.6651e-05	
0.00636911	0.000182326	
0.00680109	0.00133749	
0.00689853	0.00113503	
0.00680698	0.000919017	
0.00661934	0.000967844	
0.0067163	0.00075488	
0.00651705	0.000604864	
0.00638943	0.00055404	
0.00640106	0.000752882	
0.00484318	-0.00230326	
0.00462684	-0.00230326	
0.00495076	-0.00210655	
-0.00102345	-0.00153083	
-0.00114879	-0.00134696	
-0.0010901	-0.00116052	
-0.000792493	-0.00195056	
-0.000909176	-0.00175826	
-0.000798402	-0.00154034	
-0.000566538	-0.0023162	
-0.000680428	-0.00213288	
-0.000572063	-0.00195008	
-0.000350192	-0.0023162	
-0.00109119	-0.00093799	
-0.000913764	-0.00109038	
-0.0013596	-0.000634827	
-0.00122095	-0.000806556	
-0.00104461	-0.000736412	
-0.00157726	-0.000318172	
-0.00146347	-0.000483057	
-0.00127825	-0.000453209	
-0.00166856	-0.000167452	
-0.00147343	-0.00015072	
0.00721575	0.00300107	
0.00732231	0.00279646	
0.00721374	0.00258841	
0.00700226	0.00340567	
0.00710903	0.00320533	
0.00700061	0.0030013	
0.00678826	0.00380297	
0.0068953	0.00360586	
0.00678693	0.00340576	
0.00657274	0.00380297	
0.00699919	0.00258934	
0.00710559	0.00238071	
0.00699718	0.00217094	
0.00678405	0.0021705	
0.00689019	0.0019598	
0.00678461	0.00175119	
0.00657248	0.00174396	
0.00668003	0.00153578	
0.00658896	0.00133026	
0.00505845	-0.00190645	
0.00484213	-0.00190641	
0.005166	-0.00170625	
0.00613865	0.000196105	
0.00627495	0.000419801	
0.00615897	0.000567819	
0.00527367	-0.00150114	
0.00505749	-0.0015012	
0.00538114	-0.00129606	
0.00548877	-0.00108529	
0.00527278	-0.00108531	
0.00559613	-0.000875718	
0.00570386	-0.000660478	
0.00548813	-0.000659306	
0.00581061	-0.000449191	
0.00591927	-0.000231646	
0.00570451	-0.000226522	
0.00602299	-2.51739e-05	
0.00592883	0.000212302	
0.00635921	0.00130048	
0.00648028	0.0011022	
0.0063896	0.000938062	
0.00626199	0.000887238	
0.00615579	0.000748308	
0.00604131	0.000614069	
0.00614433	0.000933488	
0.00592901	0.000571847	
0.00592583	0.000752336	
0.00441043	-0.00230321	
0.00419408	-0.00230321	
0.00451804	-0.00210647	
0.00462574	-0.00190642	
0.00440934	-0.00190637	
0.00473343	-0.00170632	
-0.00073989	-0.00115797	
-0.000740978	-0.00093544	
-0.000560063	-0.0015908	
-0.000674338	-0.00136337	
-0.000501552	-0.00120843	
-0.000348559	-0.00194866	
-0.000460623	-0.00176634	
-0.000336559	-0.00158937	
8.39641e-05	-0.00231418	
-0.000132382	-0.00231418	
-0.000242189	-0.00213038	
-0.000130749	-0.00194664	
-0.000516929	-0.000875826	
-0.000453857	-0.000937393	
-0.000403682	-0.000810185	
-0.000796543	-0.000787115	
-0.000622669	-0.00085471	
-0.000572494	-0.000727502	
-0.0010313	-0.000560324	
-0.000901537	-0.000691758	
-0.000783228	-0.000611028	
-0.00121628	-0.000288564	
-0.00111241	-0.000440334	
-0.000969332	-0.00039568	
-0.00128862	-0.00015072	
-0.00112278	-0.000137844	
0.00678563	0.00300162	
0.00689235	0.00279735	
0.0067842	0.00258965	
0.00657169	0.0034059	
0.00667865	0.0032057	
0.00657038	0.00300176	
0.00635734	0.00380303	
0.00646456	0.00360601	
0.00635628	0.00340595	
0.00614182	0.00380303	
0.00656943	0.00258905	
0.00667628	0.00238104	
0.00656929	0.0021699	
0.00635422	0.0021662	
0.00646199	0.00195566	
0.00635741	0.00174025	
0.00613887	0.00173076	
0.00624936	0.00151906	
0.00614068	0.00129099	
0.00484127	-0.00150151	
0.00462488	-0.00150152	
0.00494893	-0.0012964	
0.00570669	0.000221339	
0.00582234	0.000442618	
0.00570687	0.000580885	
0.00505675	-0.00108572	
0.00484053	-0.00108603	
0.00516438	-0.000874947	
0.00527223	-0.000658402	
0.0050562	-0.000658804	
0.00537996	-0.000443163	
0.00548808	-0.000221707	
0.00527218	-0.000220803	
0.00559673	-4.16255e-06	
0.00549025	0.000226154	
0.00591973	0.00128209	
0.00602959	0.00106352	
0.00592339	0.00092459	
0.00581109	0.000882367	
0.00570522	0.000753047	
0.00559856	0.000623818	
0.00570278	0.000925301	
0.00549075	0.000580783	
0.0054891	0.000752945	
0.00397765	-0.00230322	
0.00376131	-0.00230322	
0.0040852	-0.00210643	
0.00419278	-0.00190638	
0.00397635	-0.00190639	
0.00430049	-0.00170633	
0.00440832	-0.00150183	
0.00419177	-0.00150184	
0.00451616	-0.00129702	
0.00354495	-0.00230331	
0.00332861	-0.00230331	
0.00365241	-0.00210653	
0.000516185	-0.00231161	
0.000299839	-0.00231161	
0.000191495	-0.00212579	
-0.000328281	-0.00125641	
-0.000393833	-0.00105102	
-0.000280586	-0.000985374	
-0.000191656	-0.000969075	
-0.00025168	-0.000855452	
-0.000125397	-0.00156892	
-0.000224837	-0.00139338	
-0.000117118	-0.00123596	
0.000299789	-0.00193634	
8.39142e-05	-0.00193891	
-2.24558e-05	-0.00175718	
8.92666e-05	-0.00156119	
0.000948274	-0.0023098	
0.000731928	-0.0023098	
0.000623113	-0.00212142	
0.00311235	-0.00230354	
0.00289601	-0.00230354	
0.0032198	-0.00210686	
0.00267978	-0.00230395	
0.00246343	-0.00230395	
0.00278732	-0.00210749	
0.00138141	-0.00230742	
0.00116506	-0.00230742	
0.00105565	-0.00211722	
0.00181436	-0.0023057	
0.00159801	-0.0023057	
0.00148904	-0.00211312	
0.00224713	-0.00230462	
0.00203078	-0.00230462	
0.00192206	-0.00211032	
0.00235479	-0.00210857	
-0.00038238	-0.000716212	
-0.000319309	-0.000777778	
-0.000230379	-0.00076148	
-0.000206959	-0.000654461	
-0.00013933	-0.000732135	
-7.21006e-05	-0.000779	
-4.86806e-05	-0.000671981	
-4.31846e-05	-0.000606028	
2.40449e-05	-0.000652892	
-0.00057276	-0.000631041	
-0.000467019	-0.000652157	
-0.000382646	-0.000619751	
-0.000759854	-0.000471646	
-0.00065486	-0.000567004	
-0.000549385	-0.000491659	
-0.000911866	-0.000253867	
-0.000830755	-0.000373858	
-0.000702388	-0.000329834	
-0.000969984	-0.000137844	
-0.000831407	-0.000116023	
0.00635509	0.00300152	
0.00646207	0.00279744	
0.00635415	0.00258882	
0.00614082	0.00340592	
0.00624794	0.00320581	
0.00613963	0.0030015	
0.0059263	0.00380304	
0.00603364	0.00360607	
0.0059253	0.00340593	
0.00571078	0.00380304	
0.00613866	0.00258727	
0.00624602	0.00237889	
0.00613872	0.00216465	
0.00592238	0.00216115	
0.00603058	0.00194846	
0.00592253	0.00172726	
0.00570543	0.00172344	
0.00581373	0.00150575	
0.00570264	0.00127827	
0.00462414	-0.00108713	
0.00440759	-0.00108744	
0.00473196	-0.000876448	
0.00527059	0.000226626	
0.00538054	0.000452128	
0.00527109	0.000581255	
0.00483997	-0.000660986	
0.00462358	-0.000662084	
0.00494783	-0.000444441	
0.00505585	-0.000222728	
0.00483962	-0.00022491	
0.00516397	-1.27241e-06	
0.00505426	0.000224702	
0.00548875	0.00127776	
0.00559476	0.00105411	
0.00548889	0.000924792	
0.00538108	0.000881756	
0.00527334	0.000754332	
0.00516313	0.000625678	
0.00527313	0.000926179	
0.00505292	0.000580791	
0.00505517	0.000753868	
0.00375981	-0.00190657	
0.00354345	-0.00190666	
0.00386739	-0.00170652	
0.00397499	-0.00150219	
0.00375844	-0.00150237	
0.00408282	-0.00129769	
0.00419073	-0.00108847	
0.00397395	-0.00108882	
0.00429872	-0.000878576	
0.00332706	-0.00190718	
0.0031108	-0.00190741	
0.00343445	-0.00170721	
0.000729773	-0.00193069	
0.00051403	-0.0019325	
0.000406449	-0.00174562	
0.000103448	-0.000685483	
0.000108944	-0.00061953	
7.60405e-05	-0.00116403	
-2.74031e-05	-0.00102707	
1.5028e-06	-0.000897148	
0.000177052	-0.000803632	
9.21524e-05	-0.000836994	
0.000510526	-0.00155365	
0.000296284	-0.00155749	
0.000193343	-0.00136922	
0.000283058	-0.00116033	
0.00116325	-0.00192353	
0.000946463	-0.00192591	
0.000837381	-0.001737	
0.00289455	-0.00190835	
0.00267832	-0.00190876	
0.0030018	-0.00170867	
0.0024621	-0.00191021	
0.0022458	-0.00191088	
0.00256933	-0.00171107	
0.00159671	-0.0019171	
0.00138011	-0.00191881	
0.00127093	-0.00172751	
0.00202953	-0.00191296	
0.0018131	-0.00191404	
0.00170418	-0.00171973	
0.00213683	-0.0017146	
0.000195916	-0.000493799	
0.000152723	-0.000570421	
0.000231541	-0.000575499	
7.33195e-05	-0.00053783	
3.82943e-05	-0.000483031	
-5.48433e-06	-0.000532139	
-7.82098e-05	-0.000551228	
-0.000353404	-0.000511749	
-0.000268765	-0.000575805	
-0.000177717	-0.00054646	
-0.000140016	-0.000472572	
-0.000521614	-0.000384651	
-0.000439513	-0.000448688	
-0.000325632	-0.000404742	
-0.00065572	-0.000209483	
-0.000584819	-0.000307271	
-0.000474947	-0.0002643	
-0.000705442	-0.000116023	
-0.000587873	-9.34598e-05	
0.00592405	0.00300097	
0.0060312	0.00279668	
0.00592307	0.00258674	
0.00570971	0.00340581	
0.00581689	0.00320566	
0.00570846	0.00300085	
0.00549522	0.00380303	
0.00560255	0.00360607	
0.00549414	0.0034058	
0.0052797	0.00380303	
0.000376895	-0.000390186	
0.000297521	-0.000419236	
0.000354109	-0.000469826	
0.00570725	0.0025855	
0.0058147	0.00237609	
0.00570656	0.0021599	
0.00549027	0.00215872	
0.00559794	0.00194378	
0.00548914	0.00172226	
0.00527245	0.00172294	
0.00537994	0.0015026	
0.00527206	0.00127844	
0.004407	-0.000664633	
0.00419015	-0.000665662	
0.00451502	-0.000449171	
0.00484065	0.000216978	
0.00494727	0.000444877	
0.00483931	0.000573068	
0.00462345	-0.000232351	
0.00440686	-0.000234899	
0.00473147	-1.0638e-05	
0.00462448	0.000209537	
0.00505321	0.00128276	
0.00516202	0.00105792	
0.00505428	0.000930499	
0.00494407	0.000885612	
0.00483302	0.000751016	
0.00472738	0.000615102	
0.00483213	0.000927647	
0.00460935	0.000563489	
0.00460306	0.000741437	
0.00354164	-0.00150313	
0.00332525	-0.00150364	
0.00364924	-0.0012988	
0.00375675	-0.00108995	
0.00353995	-0.00109071	
0.00386467	-0.000880727	
0.00397265	-0.000667658	
0.00375546	-0.000668779	
0.00408094	-0.000453715	
0.00310858	-0.00150522	
0.00289233	-0.00150617	
0.00321577	-0.00130114	
0.000943914	-0.00154507	
0.000727224	-0.00154985	
0.000617059	-0.00136172	
0.000319516	-0.000668986	
0.00036271	-0.000592364	
0.00030822	-0.000820496	
0.000442084	-0.000563313	
0.00072162	-0.00118549	
0.000504922	-0.00118929	
0.000387619	-0.000984106	
0.000530084	-0.00084946	
0.00137925	-0.00152905	
0.00116239	-0.00153376	
0.00105223	-0.0013466	
0.00267585	-0.00150876	
0.00245962	-0.00151021	
0.00278262	-0.0013053	
0.00224341	-0.00151369	
0.00202714	-0.00151576	
0.00234993	-0.00131137	
0.00181134	-0.00152004	
0.00159495	-0.0015231	
0.00148641	-0.00132935	
0.00191791	-0.00131913	
0.000396212	-0.000317466	
0.0004528	-0.000368056	
0.000404314	-0.000186609	
0.000407544	-0.000252043	
0.000468888	-0.000229901	
0.000331638	-0.000274173	
0.000148289	-0.000423804	
0.000227107	-0.000428882	
0.000249893	-0.000349241	
0.000281013	-0.000221848	
0.000269681	-0.00028727	
0.000199267	-0.000296916	
0.000109916	-0.000356386	
7.87259e-05	-0.000421304	
-7.79321e-08	-0.000415613	
-3.12286e-05	-0.000344446	
-7.16602e-05	-0.000406173	
-0.000171167	-0.000401405	
-0.000326631	-0.000304734	
-0.000240522	-0.000367795	
-0.000172166	-0.000301397	
-0.000441749	-0.000168848	
-0.000378544	-0.000246228	
-0.000293433	-0.000209282	
-0.00048403	-9.34598e-05	
-0.000387627	-7.53882e-05	
0.00549282	0.00300047	
0.00559998	0.00279577	
0.00549161	0.00258512	
0.00527857	0.00340574	
0.00538573	0.00320547	
0.00527725	0.0030004	
0.00506417	0.00380304	
0.00517145	0.00360608	
0.00506304	0.00340575	
0.00484865	0.00380304	
0.00054484	-0.000377078	
0.000525522	-0.000449798	
0.000534123	-0.000572335	
0.00527578	0.00258494	
0.00538305	0.00237467	
0.00527444	0.00215854	
0.00505807	0.00215979	
0.00516528	0.00194384	
0.00505608	0.00172418	
0.00483837	0.0017279	
0.00494554	0.001507	
0.0048355	0.00128648	
0.00419101	-0.000236004	
0.00397351	-0.000238	
0.00429944	-1.91838e-05	
0.004406	0.000180536	
0.00419015	0.000179432	
0.00451519	0.000408153	
0.00439088	0.000534488	
0.00461316	0.00128878	
0.00472083	0.00106454	
0.00460979	0.000929941	
0.00449176	0.000878328	
0.00433528	0.000731681	
0.00424112	0.000576345	
0.004342	0.000920185	
0.00332262	-0.00109267	
0.00310595	-0.00109424	
0.00343013	-0.000883814	
0.00353768	-0.000671039	
0.00332034	-0.000673004	
0.00364566	-0.00045797	
0.0037561	-0.000238508	
0.00353832	-0.000240767	
0.00386618	-2.07971e-05	
0.00288857	-0.00109798	
0.00267209	-0.00110057	
0.00299542	-0.000889515	
0.00115902	-0.00114718	
0.000940546	-0.00115848	
0.00082841	-0.000986064	
0.000930404	-0.000821345	
0.000711477	-0.000848351	
0.000632078	-0.000684741	
0.000715517	-0.000571226	
0.00159361	-0.00112682	
0.00137791	-0.00113276	
0.00126623	-0.000944642	
0.00245535	-0.00110635	
0.00223914	-0.00110983	
0.0025613	-0.000899028	
0.00202335	-0.00111626	
0.00180754	-0.00112054	
0.00169905	-0.000923946	
0.00212877	-0.000911235	
0.00055101	-0.000247141	
0.000547781	-0.000181706	
0.000623732	-0.000328883	
0.000580366	-0.000134928	
0.000498245	-0.000117688	
0.000454133	-0.000108899	
0.000486718	-6.21204e-05	
0.000347153	-0.000154111	
0.000408498	-0.000131969	
0.000396972	-7.64013e-05	
0.000293368	-0.000111257	
0.000289184	-0.000165898	
0.000227227	-0.000178995	
7.19132e-05	-0.000298089	
0.000141476	-0.00030059	
0.000161264	-0.000238619	
0.000192339	-0.000141009	
0.000184167	-0.00019696	
0.000126376	-0.000200633	
4.40012e-05	-0.000237384	
1.24417e-05	-0.00029318	
-5.91406e-05	-0.000283741	
-6.78327e-05	-0.000221614	
-0.000111503	-0.00027288	
-0.000180858	-0.00023927	
-0.000271841	-0.000136709	
-0.000219928	-0.000195215	
-0.000159265	-0.000166697	
-0.000302021	-7.53882e-05	
-0.000228516	-6.1321e-05	
0.00506168	0.00300047	
0.00516877	0.00279546	
0.00506021	0.00258501	
0.00484756	0.00340581	
0.00495468	0.00320547	
0.0048462	0.00300053	
0.00463316	0.00380307	
0.00474043	0.00360611	
0.00463207	0.00340583	
0.00441764	0.00380307	
0.000747402	-0.000400576	
0.000753572	-0.000270639	
0.000845357	-0.000512982	
0.00484444	0.0025861	
0.00495145	0.00237558	
0.0048423	0.00216088	
0.00462626	0.00216462	
0.00473288	0.00194882	
0.00462234	0.00173164	
0.00440649	0.00174186	
0.00451199	0.00152095	
0.00439732	0.001299	
0.00398124	0.000214339	
0.00376383	0.000213831	
0.00408781	0.000414059	
0.00403221	0.000611253	
0.00418428	0.00133674	
0.00428545	0.00110457	
0.00412896	0.000957926	
0.00397388	0.00100253	
0.00403043	0.000818142	
0.00387712	0.000655856	
0.00353915	0.000188596	
0.00365422	0.000423733	
0.00310192	-0.000676509	
0.00288455	-0.000680245	
0.00320947	-0.000463734	
0.00331906	-0.000247756	
0.00310065	-0.000251261	
0.0034295	-2.82942e-05	
0.00331989	0.000181608	
0.00266544	-0.000688115	
0.0024487	-0.000693892	
0.00277195	-0.000475109	
0.00135821	-0.000728254	
0.00113932	-0.000742669	
0.00102238	-0.000604957	
0.00105427	-0.000434306	
0.00180125	-0.000720544	
0.00158732	-0.000726825	
0.00146041	-0.000524852	
0.00223296	-0.000705933	
0.00201717	-0.000712363	
0.00190544	-0.000515242	
0.0023371	-0.00049502	
0.000857112	-0.000214933	
0.000733442	-0.00014324	
0.000586265	-4.29236e-05	
0.000635801	-0.000106942	
0.00073934	-5.1236e-05	
0.000470891	-5.83715e-06	
0.000515003	-1.46255e-05	
0.000570437	1.33597e-05	
0.000362025	-3.82314e-05	
0.00040766	-1.51621e-05	
0.000435944	3.23327e-05	
0.000244201	-6.70293e-05	
0.00030217	-5.52424e-05	
0.000312858	5.99674e-06	
0.00019509	-3.52874e-05	
0.000186288	-9.13025e-05	
0.000143228	-0.000109267	
9.42338e-05	-9.72939e-05	
0.000100285	-0.000147001	
1.79102e-05	-0.000183751	
7.73818e-05	-0.00018866	
-7.72037e-06	-0.000125929	
-4.11009e-05	-0.000174653	
-0.000132533	-0.000119737	
-9.34633e-05	-0.000163792	
-0.000157944	-6.1321e-05	
-9.21417e-05	-5.84159e-05	
0.00463069	0.00300106	
0.00473769	0.00279606	
0.00462893	0.00258663	
0.0044166	0.00340599	
0.00452373	0.00320568	
0.00441522	0.00300121	
0.00420214	0.00380309	
0.00430944	0.00360616	
0.0042011	0.00340601	
0.00398663	0.00380309	
0.0011785	-0.000324994	
0.00100147	-0.00023302	
0.000981339	-0.00010562	
0.00441343	0.00258856	
0.00452018	0.0023786	
0.00441076	0.00216655	
0.004196	0.00217129	
0.00430208	0.0019573	
0.00419173	0.00174661	
0.00398071	0.00175622	
0.00408513	0.00154078	
0.00397326	0.00134635	
0.00371984	0.000610313	
0.00349516	0.000585079	
0.00371806	0.000817202	
0.0037778	0.00135377	
0.00387695	0.00114974	
0.00377841	0.00100995	
0.00362113	0.000964408	
0.00341074	0.000731023	
0.00334512	0.000544443	
0.00310312	0.00018944	
0.00321277	0.00040633	
0.00312835	0.000552275	
0.00287769	-0.000255247	
0.00265858	-0.000263117	
0.00298728	-3.92687e-05	
0.00288016	0.000185454	
0.00243477	-0.000281208	
0.00221903	-0.000293249	
0.00254052	-6.1346e-05	
0.00158179	-0.00033164	
0.00135268	-0.000333069	
0.00129988	-0.000131782	
0.002006	-0.000315105	
0.00179008	-0.000323286	
0.00168236	-0.000131503	
0.00210368	-0.000101293	
0.00090625	-2.83241e-06	
0.00105061	-2.09192e-05	
0.000706414	5.12511e-05	
0.000804055	1.49536e-05	
0.000873324	9.96547e-05	
0.000539916	9.39704e-05	
0.000611177	6.56724e-05	
0.000675892	0.000131862	
0.000396473	8.59738e-05	
0.000459704	9.52988e-05	
0.000500444	0.000147612	
0.000261508	5.01021e-05	
0.000321363	6.71131e-05	
0.000345122	0.000130079	
0.000135635	2.06837e-07	
0.000193548	2.448e-05	
0.000202053	8.55964e-05	
-3.33657e-05	-5.84159e-05	
6.70467e-05	2.99872e-05	
6.85885e-05	-2.97803e-05	
2.56454e-05	-6.75136e-05	
0.00419972	0.00300189	
0.00430669	0.00279726	
0.00419794	0.00258924	
0.00398556	0.00340617	
0.00409272	0.003206	
0.00398419	0.00300205	
0.00377108	0.0038031	
0.0038784	0.00360619	
0.00377002	0.00340618	
0.00355557	0.0038031	
0.00135181	4.54505e-05	
0.00117763	5.35257e-05	
0.00110254	0.000156314	
0.00398257	0.00259086	
0.00408931	0.00238216	
0.00398064	0.00217291	
0.00376606	0.00217487	
0.00387274	0.00196401	
0.00376613	0.00175818	
0.00355364	0.00175381	
0.00366161	0.00154602	
0.0035653	0.00134941	
0.00335313	0.00130792	
0.00346931	0.00111567	
0.00340896	0.000922921	
0.00325892	0.000882285	
0.00313547	0.000932378	
0.00313725	0.00074048	
0.0030049	0.000602368	
0.0028778	0.000557018	
0.0028867	0.000745224	
0.00264014	0.000176398	
0.00241633	0.000158306	
0.00275598	0.000405106	
0.00263778	0.000547962	
0.00218559	0.000102195	
0.00197256	8.03393e-05	
0.00228522	0.000339939	
0.00177459	4.53011e-05	
0.0015663	3.69466e-05	
0.00144405	0.000222255	
0.00185651	0.000248789	
0.000842469	0.000199987	
0.000944664	0.000182201	
0.00107169	0.000256646	
0.000966853	0.000375399	
0.00112473	0.000349511	
0.000629443	0.000221585	
0.00072468	0.000207164	
0.00079602	0.000289711	
0.000446849	0.000218326	
0.000527061	0.000216997	
0.000575848	0.000292299	
0.00028414	0.00018158	
0.00035925	0.000200441	
0.000385867	0.000269826	
0.00013761	0.00012662	
0.00020557	0.000152242	
0.000219698	0.000222604	
6.70467e-05	8.90428e-05	
7.05637e-05	0.000155689	
0.0037685	0.00300257	
0.00387551	0.00279846	
0.00376688	0.00259138	
0.00355433	0.00340636	
0.00366149	0.00320633	
0.00355281	0.00300275	
0.00333997	0.00380315	
0.00344726	0.00360625	
0.00333873	0.00340641	
0.00312445	0.00380315	
0.0013616	0.00036391	
0.00157609	0.000355406	
0.00113071	0.000528296	
0.00123554	0.000409543	
0.00136758	0.000542695	
0.00355066	0.00259236	
0.00365773	0.00238475	
0.00354983	0.00217585	
0.00333206	0.00217605	
0.00344039	0.00196617	
0.00333586	0.00175401	
0.00311189	0.00175083	
0.00322514	0.00153847	
0.00312916	0.00130474	
0.00288921	0.00131328	
0.0030172	0.00108273	
0.00289553	0.000940923	
0.00276843	0.000895573	
0.00262727	0.000753595	
0.00250546	0.000601683	
0.00263611	0.000949294	
0.00233799	0.000545982	
0.00210725	0.000489871	
0.00232749	0.000751615	
0.00164114	0.000539187	
0.00172359	0.000397532	
0.00192156	0.00043257	
0.00197433	0.000638614	
0.000732575	0.000391121	
0.000850364	0.000383944	
0.000903407	0.000476809	
0.000870927	0.000588436	
0.000987416	0.00057989	
0.00109823	0.000639922	
0.000509329	0.000375815	
0.000611712	0.000380403	
0.000666056	0.000474636	
0.000316271	0.000335205	
0.00040387	0.00035309	
0.000439733	0.000441194	
0.000146504	0.000270801	
0.000225075	0.000300139	
0.000243077	0.000383403	
7.05637e-05	0.000226105	
7.59407e-05	0.00030364	
0.00333647	0.00300357	
0.00344348	0.00279981	
0.00333433	0.00259318	
0.00312272	0.00340695	
0.00322979	0.00320705	
0.00312046	0.00300411	
0.00290875	0.00380338	
0.00301596	0.00360654	
0.00290701	0.00340717	
0.00269323	0.00380338	
0.00135711	0.000707808	
0.00148317	0.000662175	
0.00163067	0.000704301	
0.00103084	0.000783885	
0.00117413	0.000732291	
0.00128972	0.000851771	
0.00311637	0.00259542	
0.00322355	0.00238798	
0.0031141	0.00217829	
0.00289244	0.00218343	
0.00300096	0.0019715	
0.00289023	0.00175596	
0.00266089	0.00176942	
0.00277183	0.00154875	
0.00265987	0.00132674	
0.00240206	0.00135785	
0.00251944	0.00112238	
0.00237829	0.000980403	
0.00221082	0.000924703	
0.00181656	0.000767403	
0.00165859	0.000890391	
0.00200225	0.000824705	
0.00205305	0.00105349	
0.000895524	0.000805451	
0.000971424	0.00089782	
0.000908437	0.000998533	
0.00104375	0.000976967	
0.000591272	0.00059208	
0.000712135	0.000602798	
0.000736732	0.000819814	
0.000796143	0.00070588	
0.000354223	0.000520628	
0.000459683	0.000543352	
0.000505762	0.000671514	
0.000157272	0.00044223	
0.000248468	0.000477297	
0.000268417	0.000579455	
7.59407e-05	0.000389012	
8.13309e-05	0.000482906	
0.00290334	0.00300627	
0.00301002	0.00280279	
0.00289924	0.00259759	
0.00269068	0.00340848	
0.00279744	0.00320889	
0.002687	0.00300757	
0.00247741	0.00380389	
0.00258444	0.00360727	
0.00247487	0.00340898	
0.0022619	0.00380389	
0.00170663	0.00104461	
0.00152074	0.000981502	
0.00116852	0.0010143	
0.00110553	0.00111502	
0.0013515	0.00098982	
0.00139954	0.00114403	
0.000976455	0.00118401	
0.00110123	0.00122135	
0.00267997	0.00260343	
0.00278632	0.00239606	
0.00267317	0.00218926	
0.00245149	0.00220236	
0.00255761	0.00198973	
0.00243921	0.00178252	
0.0022178	0.00180831	
0.00232108	0.001588	
0.00218064	0.00138364	
0.00195723	0.00147052	
0.0020382	0.00124037	
0.00182963	0.00114038	
0.00169178	0.00123149	
0.000738399	0.00125753	
0.000865326	0.00122021	
0.000845222	0.00132767	
0.000797308	0.00103472	
0.000869632	0.00111387	
0.00060787	0.0008604	
0.000707251	0.000959972	
0.000668446	0.00107531	
0.000379958	0.000740481	
0.000511547	0.00078921	
0.000482066	0.000929367	
0.000171185	0.000641007	
0.000276941	0.000684338	
0.000282726	0.000802033	
8.13309e-05	0.000586404	
8.98545e-05	0.000691287	
0.00246919	0.00301173	
0.00257508	0.00280911	
0.00246215	0.00260758	
0.00225815	0.00341118	
0.00236439	0.00321239	
0.00225246	0.00301393	
0.00204597	0.00380471	
0.0021527	0.0036086	
0.00204222	0.00341201	
0.00183046	0.00380471	
0.00134308	0.00127891	
0.00151231	0.00127059	
0.00163532	0.00136636	
0.00106357	0.00134685	
0.00119265	0.00127785	
0.00130542	0.00140441	
0.000939027	0.00141196	
0.0008121	0.00144928	
0.00069389	0.00144821	
0.000787696	0.00153249	
0.00103045	0.00146846	
0.00224294	0.00261705	
0.00234784	0.00241137	
0.00223228	0.00221183	
0.00201341	0.00223106	
0.00211706	0.00202205	
0.00199893	0.00182753	
0.00177703	0.0018707	
0.00187777	0.00165695	
0.00173533	0.00151369	
0.00155586	0.00155279	
0.000591618	0.00148691	
0.000616022	0.0014037	
0.000523597	0.00152348	
0.000601466	0.00156799	
0.000534181	0.00112138	
0.000624238	0.00119613	
0.000604134	0.0013036	
0.000501861	0.0013423	
0.000361415	0.000966702	
0.000457738	0.00103789	
0.00041353	0.00115872	
0.000167215	0.000849283	
0.000270232	0.000905427	
0.000245904	0.00101395	
8.98545e-05	0.000804603	
7.73603e-05	0.000907996	
0.00203471	0.00301935	
0.0021395	0.00281869	
0.00202519	0.00262248	
0.00182589	0.0034147	
0.00193134	0.00321729	
0.00181838	0.00302205	
0.00161485	0.00380576	
0.00172117	0.00361047	
0.00161029	0.00341576	
0.00139933	0.00380576	
0.000625836	0.00165007	
0.000693857	0.0016135	
0.000812066	0.00161457	
0.000534403	0.00167989	
0.000626794	0.00172541	
0.00118386	0.00155605	
0.00105932	0.00162116	
0.0014343	0.00170443	
0.00133429	0.00155711	
0.00104948	0.00174069	
0.000896062	0.00165309	
0.000802223	0.0017341	
0.00180558	0.00263253	
0.00190902	0.00243089	
0.0017938	0.00224111	
0.00156753	0.00225556	
0.00167192	0.00205573	
0.00155076	0.00188515	
0.0013292	0.00188946	
0.000432171	0.00141512	
0.000420283	0.00131503	
0.000365127	0.00145938	
0.000446706	0.00148666	
0.000456554	0.00156774	
0.000382368	0.0016012	
0.00045926	0.00163802	
0.000460217	0.00171336	
0.000303911	0.00116264	
0.000380354	0.00124613	
0.000310663	0.00131895	
0.000148841	0.00105018	
0.000240024	0.00111145	
0.000206847	0.00119887	
7.73603e-05	0.00101149	
7.14803e-05	0.001109	
0.00160151	0.00302717	
0.00170488	0.00282923	
0.00158871	0.00263765	
0.00139622	0.00341842	
0.00150094	0.00322265	
0.00138744	0.00302983	
0.000968987	0.00380686	
0.0011845	0.00380686	
0.00129074	0.00361262	
0.00118139	0.00341952	
0.000309573	0.00176468	
0.000316303	0.00169594	
0.000378344	0.00174023	
0.000453487	0.00178211	
0.000236498	0.00178201	
0.00029854	0.00182631	
0.000706065	0.00179185	
0.000614631	0.00182167	
0.000790061	0.00183037	
0.000434873	0.00185007	
0.000516746	0.0018232	
0.000596017	0.00188964	
0.00120952	0.00207277	
0.00109306	0.00189206	
0.000929805	0.00192399	
0.000833646	0.00198174	
0.00136616	0.00264447	
0.00146686	0.00244777	
0.00134498	0.00226239	
0.00110885	0.00226498	
0.00024595	0.00131003	
0.000285879	0.00137893	
0.000232526	0.0014241	
0.000297239	0.00143302	
0.000311774	0.00150456	
0.000247556	0.0015396	
0.000315444	0.00156596	
0.00031815	0.00163625	
0.000249379	0.00166069	
0.000134269	0.00122352	
0.000198156	0.00127471	
0.000173372	0.00133468	
7.14803e-05	0.00119437	
6.27887e-05	0.00127021	
0.000206164	0.00168496	
0.000208012	0.00162527	
0.000145851	0.0016944	
0.000187218	0.00172981	
0.000176186	0.00179144	
0.000113771	0.00179448	
0.000163052	0.00184667	
0.000539915	0.00380765	
0.000755432	0.00380765	
0.000862351	0.00361451	
0.00117217	0.00303344	
0.00127273	0.00283796	
0.00115088	0.00264808	
0.000753879	0.00342253	
0.000967435	0.00342174	
0.00107292	0.00322754	
0.000958206	0.00303567	
0.000281793	0.00190781	
0.000354868	0.00189048	
0.000418126	0.00193157	
0.000204019	0.00190699	
0.000141605	0.00191003	
7.56431e-05	0.00189684	
0.000116611	0.00195717	
0.000260347	0.00197117	
0.000765173	0.00210832	
0.000625428	0.00201469	
0.000527543	0.00201622	
0.000447538	0.00205663	
0.000934549	0.00265337	
0.00102798	0.00245989	
0.00089252	0.00227027	
0.000684302	0.00230322	
0.000130376	0.00200722	
6.44146e-05	0.00199403	
9.27753e-06	0.00197203	
2.30434e-05	0.00202208	
3.90158e-05	0.00186174	
1.40215e-05	0.00190888	
-2.73497e-05	0.00193693	
0.000123557	0.00136464	
0.000171351	0.00139996	
0.000182711	0.00145406	
0.000130739	0.00148966	
0.000191913	0.0015138	
0.000195584	0.0015752	
0.000152369	0.00159947	
6.27887e-05	0.00134062	
6.07685e-05	0.0014059	
9.99162e-05	0.00159341	
0.000112344	0.00164348	
9.33984e-05	0.00168833	
3.75001e-05	0.00169509	
7.10071e-05	0.00174601	
5.78732e-05	0.00180124	
-3.74847e-06	0.00181328	
0.00011292	0.0038077	
0.000328438	0.0038077	
0.000437318	0.00361535	
0.000332322	0.0034238	
0.000543799	0.00342375	
0.000648883	0.00323098	
0.000537854	0.0030415	
0.000747934	0.00304029	
0.000847177	0.00284619	
0.000724277	0.00265799	
0.000276786	0.00207019	
0.000199012	0.00206938	
0.000146816	0.00210625	
0.000386203	0.00215484	
0.00052869	0.00266788	
0.000616063	0.00247507	
0.000488716	0.00231312	
0.000317964	0.00232669	
-2.16604e-05	0.00208098	
3.34767e-05	0.00210298	
0.000102112	0.00216514	
-8.83561e-05	0.00202943	
-7.79228e-05	0.00211032	
-8.2773e-05	0.0018959	
-8.75169e-05	0.00195905	
-0.000143779	0.00198839	
-4.64728e-05	0.00176198	
-6.53301e-05	0.00182248	
-0.000125497	0.0018446	
6.07685e-05	0.00146496	
6.99705e-05	0.0015247	
2.99457e-05	0.0015687	
-2.92719e-05	0.00156829	
6.73835e-07	0.001637	
-2.17175e-05	0.00169468	
-8.32991e-05	0.00170389	
-0.000304305	0.00380691	
-9.59718e-05	0.00380691	
1.69487e-05	0.00361461	
-8.1832e-05	0.00342211	
0.00012706	0.0034229	
0.000233542	0.0032313	
0.000131185	0.00304074	
0.000336447	0.00304163	
0.000435498	0.00285094	
0.000327284	0.00266801	
0.000135278	0.00265671	
0.000228471	0.00247366	
0.000125958	0.00231539	
1.26189e-05	0.00231212	
-0.000194918	0.00214555	
-0.000128222	0.0021971	
-0.000104376	0.00234735	
-0.000220021	0.00195604	
-0.00022086	0.00202641	
-0.000271159	0.00211319	
-0.00018061	0.00179072	
-0.000198053	0.00186413	
-0.000275134	0.00190215	
-0.000124926	0.00164189	
-0.000149682	0.00170919	
-0.000222238	0.00172872	
-8.80479e-05	0.00156829	
-0.000154431	0.0015736	
-0.000720858	0.00380635	
-0.000512524	0.00380635	
-0.000400163	0.00361325	
-0.000494677	0.00341835	
-0.000286458	0.00341891	
-0.000176346	0.00322721	
-0.000268677	0.00303484	
-6.40511e-05	0.00303804	
3.88547e-05	0.00284837	
-5.99584e-05	0.00265401	
-0.000250821	0.00268549	
-0.000154398	0.00249384	
-0.000295239	0.00237882	
-0.000362643	0.00226321	
-0.000412665	0.0024097	
-0.000380759	0.00203906	
-0.000354817	0.0021582	
-0.000472243	0.00218908	
-0.000340124	0.00183702	
-0.000362091	0.00192892	
-0.000445748	0.00197393	
-0.000271911	0.00165722	
-0.00030284	0.00173875	
-0.000389797	0.00176552	
-0.000225003	0.0015736	
-0.000305605	0.00158362	
-0.00114124	0.00380298	
-0.000932908	0.00380298	
-0.000820432	0.00360933	
-0.00091644	0.00340514	
-0.00070439	0.00340851	
-0.000590685	0.00321417	
-0.000678792	0.00302073	
-0.000469079	0.00303057	
-0.000356784	0.0028414	
-0.000451223	0.00268122	
-0.000613692	0.00265968	
-0.000507729	0.00250377	
-0.000575134	0.00238816	
-0.000575697	0.00213408	
-0.000583524	0.0022391	
-0.000678588	0.00233316	
-0.000527965	0.00188773	
-0.000546633	0.00199787	
-0.000657914	0.00204789	
-0.000444985	0.00167777	
-0.000482269	0.00177605	
-0.000583153	0.00179999	
-0.000391211	0.00158362	
-0.000483683	0.00159415	
-0.00156404	0.00380615	
-0.00135571	0.00380615	
-0.00124695	0.00360913	
-0.00135148	0.00340907	
-0.00113701	0.0034059	
-0.00102097	0.00320508	
-0.00111575	0.00297359	
-0.000895177	0.00297283	
-0.00077357	0.00278924	
-0.000830077	0.00261178	
-0.000824361	0.00224774	
-0.000815971	0.0023968	
-0.00097585	0.00252636	
-0.000755683	0.00195042	
-0.000784747	0.00208663	
-0.00092213	0.00215027	
-0.000656221	0.00170385	
-0.000701918	0.00181554	
-0.000828751	0.00185428	
-0.000587526	0.00159415	
-0.00070629	0.0016097	
-0.00198392	0.00381335	
-0.00177559	0.00381335	
-0.00167296	0.0036195	
-0.0017842	0.00343179	
-0.00157265	0.00342459	
-0.00146271	0.00322137	
-0.00158281	0.00303456	
-0.00136164	0.00301905	
-0.00123585	0.00278679	
-0.00140055	0.00263192	
-0.00115466	0.00258647	
-0.00114056	0.00237149	
-0.00103645	0.00202562	
-0.00107606	0.00218673	
-0.00125488	0.00224684	
-0.000914358	0.00173554	
-0.000968124	0.00187042	
-0.00112206	0.00190688	
-0.000832255	0.0016097	
-0.000971628	0.00162584	
-0.00240394	0.00381774	
-0.00219561	0.00381774	
-0.0020962	0.00363109	
-0.00221125	0.00344833	
-0.00199957	0.00344394	
-0.00189925	0.00324904	
-0.00201775	0.00307016	
-0.00180238	0.00305801	
-0.00170131	0.00285569	
-0.00152734	0.00246439	
-0.00160853	0.00266471	
-0.0018281	0.00268816	
-0.00137608	0.00209493	
-0.00144057	0.00227969	
-0.00164854	0.00231248	
-0.00121959	0.0017684	
-0.00128792	0.0019236	
-0.00147361	0.00195645	
-0.00112443	0.00162584	
-0.00129029	0.00164256	
-0.00282276	0.00382131	
-0.00261442	0.00382131	
-0.00251836	0.00363905	
-0.00263502	0.00346019	
-0.00242454	0.00345661	
-0.00232791	0.00326947	
-0.0024459	0.00309315	
-0.00223261	0.00308487	
-0.00213574	0.00289384	
-0.00225488	0.00272365	
-0.00204002	0.00270894	
-0.00194724	0.00251797	
-0.00176576	0.00214932	
-0.00185254	0.00233402	
-0.00206446	0.00235481	
-0.00158093	0.001803	
-0.0016691	0.00197434	
-0.00187309	0.00199587	
-0.00147509	0.00164256	
-0.00167057	0.00166044	
-0.0032389	0.00382493	
-0.00303056	0.00382493	
-0.00293666	0.00364624	
-0.00305461	0.00347075	
-0.00284681	0.00346714	
-0.00275298	0.00328471	
-0.00287307	0.00310888	
-0.00266129	0.00310193	
-0.00256599	0.00291732	
-0.00237423	0.00254894	
-0.00246994	0.00273383	
-0.00268534	0.00274261	
-0.00218128	0.00218506	
-0.00227598	0.00236901	
-0.00249105	0.0023792	
-0.00198474	0.00183109	
-0.00208141	0.00200608	
-0.00229293	0.00202028	
-0.00188011	0.00166044	
-0.00208843	0.00167065	
-0.00365254	0.00383104	
-0.00344421	0.00383104	
-0.00334978	0.00365597	
-0.00346723	0.0034853	
-0.00326192	0.00347918	
-0.00317207	0.00330009	
-0.00405746	0.00384169	
-0.00384913	0.00384169	
-0.00375167	0.00367274	
-0.00329711	0.00312685	
-0.00308981	0.00311842	
-0.00299812	0.00293564	
-0.00312147	0.00275911	
-0.00290474	0.00274957	
-0.00280869	0.00256609	
-0.00260827	0.00220416	
-0.00270652	0.00238408	
-0.00292592	0.00239104	
-0.00240708	0.00184711	
-0.00250694	0.0020261	
-0.00272242	0.00203098	
-0.00230384	0.00167065	
-0.00251786	0.00167646	
-0.00350737	0.00314723	
-0.00342511	0.00296557	
-0.00386362	0.00350874	
-0.00366704	0.00349809	
-0.00357918	0.00332131	
-0.00370718	0.00316002	
-0.0044605	0.00384488	
-0.00425217	0.00384488	
-0.00414296	0.00368658	
-0.00422143	0.00355274	
-0.00402672	0.00354955	
-0.00394209	0.0033749	
-0.00463436	0.00386099	
-0.00451153	0.00370588	
-0.0048427	0.00386099	
-0.00326428	0.00257913	
-0.00335766	0.0027652	
-0.00356793	0.00278558	
-0.00304129	0.00221112	
-0.00314346	0.00239313	
-0.00337966	0.00239921	
-0.00283677	0.00185414	
-0.0029381	0.0020322	
-0.00315565	0.00203428	
-0.00273331	0.00167646	
-0.00294899	0.00167768	
-0.00374163	0.00285513	
-0.00367418	0.00265477	
-0.00409798	0.00321706	
-0.00393488	0.00317625	
-0.00386307	0.00300218	
-0.00396933	0.00287136	
-0.00461307	0.00351742	
-0.00443921	0.00350131	
-0.00432297	0.00336428	
-0.00431576	0.00316563	
-0.0048427	0.00363328	
-0.00477038	0.00342871	
-0.00384819	0.00258637	
-0.00367448	0.00251682	
-0.00346345	0.00220838	
-0.00358427	0.00239438	
-0.00375827	0.00232599	
-0.00326632	0.00185344	
-0.00336951	0.00203237	
-0.00357412	0.00202754	
-0.00316444	0.00167768	
-0.0033783	0.00167576	
-0.00412755	0.002801	
-0.0040061	0.00265396	
-0.00400641	0.00251601	
-0.00455363	0.00304312	
-0.00432863	0.0028959	
-0.00436541	0.00267849	
-0.00477038	0.00316953	
-0.00478325	0.0028998	
-0.00411817	0.00237112	
-0.00396025	0.00230353	
-0.00387003	0.00218109	
-0.00368967	0.00184665	
-0.00378361	0.00202266	
-0.00398559	0.0020002	
-0.00359375	0.00167576	
-0.00380324	0.00167089	
-0.0045849	0.00249944	
-0.00438381	0.00240455	
-0.00433766	0.00219207	
-0.00478325	0.00262359	
-0.00480165	0.00234964	
-0.00411419	0.00183934	
-0.00420062	0.00199777	
-0.00446626	0.0020312	
-0.00401869	0.00167089	
-0.00423372	0.00166845	
-0.00464843	0.00201051	
-0.00451139	0.00181622	
-0.00480165	0.00209046	
-0.00484678	0.00187548	
-0.00444916	0.00166845	
-0.00463133	0.00164776	
-0.00484678	0.00164776	
