101 8
0 29
0 1 
1 4 
4 8 
8 13 
13 19 
19 27 
27 28 
28 29 
29 30 
30 31 
31 32 
32 33 
33 34 
34 35 
35 36 
36 37 
37 56 
56 58 
58 59 
59 60 
60 83 
83 85 
85 86 
86 87 
87 115 
115 116 
116 117 
117 118 
118 152 

1 21
3 0 
7 3 
12 7 
18 12 
26 18 
45 26 
68 45 
95 68 
127 95 
161 127 
194 161 
226 194 
258 226 
289 258 
319 289 
348 319 
375 348 
403 375 
425 403 
451 425 
475 451 

2 21
152 185 
185 217 
217 248 
248 279 
279 309 
309 338 
338 367 
367 395 
395 422 
422 448 
448 474 
474 500 
500 525 
525 550 
550 574 
574 598 
598 622 
622 645 
645 668 
668 690 
690 708 

3 3
485 475 
511 485 
536 511 

4 3
708 725 
725 740 
740 753 

5 6
559 536 
582 559 
586 582 
610 586 
634 610 
658 634 

6 6
753 764 
764 774 
774 782 
782 788 
788 792 
792 794 

7 12
681 658 
700 681 
717 700 
733 717 
747 733 
759 747 
770 759 
778 770 
785 778 
790 785 
793 790 
794 793 

