202 8
0 58
0 795 
795 1 
1 796 
796 4 
4 797 
797 8 
8 798 
798 13 
13 799 
799 19 
19 800 
800 27 
27 801 
801 28 
28 802 
802 29 
29 803 
803 30 
30 804 
804 31 
31 805 
805 32 
32 806 
806 33 
33 807 
807 34 
34 808 
808 35 
35 809 
809 36 
36 810 
810 37 
37 811 
811 56 
56 812 
812 58 
58 813 
813 59 
59 814 
814 60 
60 815 
815 83 
83 816 
816 85 
85 817 
817 86 
86 818 
818 87 
87 819 
819 115 
115 820 
820 116 
116 821 
821 117 
117 822 
822 118 
118 823 
823 152 

1 42
3 824 
824 0 
7 825 
825 3 
12 826 
826 7 
18 827 
827 12 
26 828 
828 18 
45 829 
829 26 
68 830 
830 45 
95 831 
831 68 
127 832 
832 95 
161 833 
833 127 
194 834 
834 161 
226 835 
835 194 
258 836 
836 226 
289 837 
837 258 
319 838 
838 289 
348 839 
839 319 
375 840 
840 348 
403 841 
841 375 
425 842 
842 403 
451 843 
843 425 
475 844 
844 451 

2 42
152 845 
845 185 
185 846 
846 217 
217 847 
847 248 
248 848 
848 279 
279 849 
849 309 
309 850 
850 338 
338 851 
851 367 
367 852 
852 395 
395 853 
853 422 
422 854 
854 448 
448 855 
855 474 
474 856 
856 500 
500 857 
857 525 
525 858 
858 550 
550 859 
859 574 
574 860 
860 598 
598 861 
861 622 
622 862 
862 645 
645 863 
863 668 
668 864 
864 690 
690 865 
865 708 

3 6
485 866 
866 475 
511 867 
867 485 
536 868 
868 511 

4 6
708 869 
869 725 
725 870 
870 740 
740 871 
871 753 

5 12
559 872 
872 536 
582 873 
873 559 
586 874 
874 582 
610 875 
875 586 
634 876 
876 610 
658 877 
877 634 

6 12
753 878 
878 764 
764 879 
879 774 
774 880 
880 782 
782 881 
881 788 
788 882 
882 792 
792 883 
883 794 

7 24
681 884 
884 658 
700 885 
885 681 
717 886 
886 700 
733 887 
887 717 
747 888 
888 733 
759 889 
889 747 
770 890 
890 759 
778 891 
891 770 
785 892 
892 778 
790 893 
893 785 
793 894 
894 790 
794 895 
895 793 

