1487 
2 1 0 
 2 0 3 
 5 4 1 
 2 5 1 
 2 3 6 
 2 6 5 
 6 3 7 
 9 8 4 
 4 5 9 
 9 5 10 
 5 6 10 
 7 11 6 
 11 10 6 
 11 7 12 
 14 13 8 
 8 9 14 
 15 14 9 
 9 10 15 
 10 11 16 
 15 10 16 
 12 17 11 
 17 16 11 
 17 12 18 
 20 19 13 
 13 14 20 
 21 20 14 
 14 15 21 
 22 21 15 
 15 16 22 
 23 22 16 
 24 16 17 
 23 16 24 
 18 25 17 
 24 17 25 
 25 18 26 
 38 27 19 
 19 20 38 
 39 38 20 
 20 21 39 
 40 39 21 
 22 40 21 
 41 40 22 
 23 41 22 
 23 24 42 
 23 42 41 
 25 43 24 
 42 24 43 
 26 44 25 
 43 25 44 
 44 26 45 
 46 28 27 
 27 38 46 
 47 29 28 
 28 46 47 
 48 30 29 
 29 47 48 
 49 31 30 
 30 48 49 
 50 34 33 
 51 32 31 
 31 49 51 
 52 33 32 
 33 52 50 
 32 51 52 
 53 35 34 
 34 50 53 
 54 36 35 
 35 53 54 
 55 37 36 
 36 54 55 
 57 56 37 
 37 55 57 
 61 46 38 
 38 39 61 
 62 61 39 
 39 40 62 
 62 40 63 
 41 63 40 
 41 42 64 
 63 41 64 
 43 65 42 
 65 64 42 
 44 66 43 
 65 43 66 
 45 67 44 
 66 44 67 
 67 45 68 
 69 47 46 
 46 61 69 
 70 53 50 
 71 48 47 
 47 69 71 
 72 49 48 
 48 71 72 
 73 51 49 
 49 72 73 
 74 50 52 
 50 74 70 
 75 52 51 
 52 75 74 
 51 73 75 
 76 54 53 
 53 70 76 
 77 55 54 
 54 76 77 
 78 57 55 
 55 77 78 
 79 58 56 
 56 57 79 
 80 79 57 
 57 78 80 
 81 59 58 
 58 79 81 
 82 60 59 
 59 81 82 
 84 83 60 
 60 82 84 
 88 69 61 
 61 62 88 
 89 88 62 
 62 63 89 
 89 63 90 
 64 90 63 
 65 91 64 
 91 90 64 
 66 92 65 
 91 65 92 
 67 93 66 
 92 66 93 
 68 94 67 
 93 67 94 
 94 68 95 
 96 71 69 
 69 88 96 
 97 76 70 
 98 70 74 
 70 98 97 
 99 72 71 
 71 96 99 
 100 73 72 
 72 99 100 
 101 75 73 
 73 100 101 
 102 74 75 
 74 102 98 
 75 101 102 
 103 77 76 
 76 97 103 
 104 78 77 
 77 103 104 
 105 80 78 
 78 104 105 
 106 81 79 
 79 80 106 
 107 106 80 
 80 105 107 
 108 82 81 
 81 106 108 
 109 84 82 
 82 108 109 
 110 85 83 
 83 84 110 
 111 110 84 
 84 109 111 
 112 86 85 
 85 110 112 
 113 87 86 
 86 112 113 
 87 113 114 
 114 115 87 
 119 96 88 
 88 89 119 
 120 119 89 
 120 89 90 
 121 120 90 
 122 90 91 
 121 90 122 
 92 123 91 
 122 91 123 
 93 124 92 
 123 92 124 
 94 125 93 
 124 93 125 
 95 126 94 
 125 94 126 
 126 95 127 
 128 99 96 
 96 119 128 
 129 103 97 
 130 97 98 
 97 130 129 
 131 98 102 
 98 131 130 
 132 100 99 
 99 128 132 
 133 101 100 
 100 132 133 
 134 102 101 
 102 134 131 
 101 133 134 
 135 104 103 
 103 129 135 
 136 135 129 
 137 105 104 
 104 135 137 
 138 107 105 
 105 137 138 
 139 108 106 
 106 107 139 
 140 139 107 
 107 138 140 
 141 109 108 
 108 139 141 
 142 111 109 
 109 141 142 
 143 112 110 
 110 111 143 
 144 143 111 
 111 142 144 
 145 113 112 
 112 143 145 
 146 114 113 
 113 145 146 
 147 114 146 
 148 116 115 
 115 114 148 
 147 148 114 
 149 117 116 
 116 148 149 
 150 118 117 
 150 117 149 
 151 118 150 
 118 151 152 
 153 128 119 
 119 120 153 
 154 153 120 
 121 154 120 
 121 122 155 
 121 155 154 
 123 156 122 
 155 122 156 
 124 157 123 
 156 123 157 
 125 158 124 
 157 124 158 
 126 159 125 
 158 125 159 
 127 160 126 
 159 126 160 
 160 127 161 
 162 132 128 
 128 153 162 
 163 129 130 
 129 163 136 
 164 130 131 
 130 164 163 
 165 131 134 
 131 165 164 
 166 133 132 
 132 162 166 
 167 134 133 
 134 167 165 
 133 166 167 
 168 136 163 
 169 137 135 
 135 136 169 
 170 169 136 
 136 168 170 
 171 138 137 
 137 169 171 
 172 140 138 
 138 171 172 
 173 141 139 
 139 140 173 
 174 173 140 
 140 172 174 
 175 142 141 
 141 173 175 
 176 144 142 
 142 175 176 
 177 145 143 
 143 144 177 
 178 177 144 
 144 176 178 
 179 146 145 
 145 177 179 
 180 147 146 
 180 146 179 
 181 147 180 
 148 182 149 
 147 182 148 
 181 182 147 
 149 183 150 
 183 149 182 
 151 150 184 
 184 150 183 
 151 185 152 
 151 184 185 
 186 162 153 
 153 154 186 
 186 154 187 
 154 155 187 
 155 156 188 
 188 187 155 
 157 189 156 
 188 156 189 
 158 190 157 
 189 157 190 
 159 191 158 
 190 158 191 
 160 192 159 
 191 159 192 
 161 193 160 
 192 160 193 
 193 161 194 
 195 166 162 
 162 186 195 
 196 163 164 
 163 196 168 
 197 164 165 
 164 197 196 
 198 165 167 
 165 198 197 
 199 167 166 
 167 199 198 
 166 195 199 
 200 168 196 
 201 170 168 
 168 200 201 
 202 171 169 
 169 170 202 
 203 202 170 
 170 201 203 
 204 172 171 
 171 202 204 
 205 174 172 
 172 204 205 
 206 175 173 
 173 174 206 
 207 206 174 
 174 205 207 
 208 176 175 
 175 206 208 
 209 178 176 
 209 176 208 
 210 179 177 
 177 178 210 
 211 210 178 
 178 209 211 
 179 212 180 
 179 210 212 
 181 180 213 
 213 180 212 
 181 214 182 
 181 213 214 
 215 183 182 
 215 182 214 
 216 184 183 
 216 183 215 
 184 217 185 
 217 184 216 
 218 195 186 
 186 187 218 
 187 188 219 
 218 187 219 
 189 220 188 
 220 219 188 
 190 221 189 
 220 189 221 
 191 222 190 
 221 190 222 
 192 223 191 
 222 191 223 
 193 224 192 
 223 192 224 
 194 225 193 
 224 193 225 
 225 194 226 
 227 199 195 
 195 218 227 
 228 196 197 
 196 228 200 
 229 197 198 
 197 229 228 
 230 198 199 
 198 230 229 
 199 227 230 
 231 200 228 
 232 201 200 
 200 231 232 
 233 203 201 
 201 232 233 
 234 204 202 
 202 203 234 
 235 234 203 
 203 233 235 
 236 205 204 
 204 234 236 
 237 207 205 
 205 236 237 
 238 207 237 
 208 206 239 
 206 207 239 
 238 239 207 
 208 240 209 
 240 208 239 
 241 211 209 
 241 209 240 
 242 211 241 
 210 243 212 
 211 243 210 
 242 243 211 
 244 213 212 
 244 212 243 
 213 245 214 
 213 244 245 
 214 246 215 
 214 245 246 
 215 247 216 
 247 215 246 
 216 248 217 
 248 216 247 
 249 227 218 
 249 218 219 
 250 249 219 
 251 219 220 
 250 219 251 
 221 252 220 
 251 220 252 
 222 253 221 
 252 221 253 
 223 254 222 
 253 222 254 
 224 255 223 
 254 223 255 
 225 256 224 
 255 224 256 
 226 257 225 
 256 225 257 
 257 226 258 
 259 230 227 
 227 249 259 
 260 228 229 
 228 260 231 
 261 229 230 
 229 261 260 
 230 259 261 
 262 231 260 
 263 232 231 
 231 262 263 
 264 233 232 
 232 263 264 
 265 235 233 
 233 264 265 
 266 236 234 
 234 235 266 
 267 266 235 
 235 265 267 
 268 237 236 
 236 266 268 
 269 238 237 
 269 237 268 
 270 238 269 
 239 271 240 
 238 271 239 
 270 271 238 
 240 272 241 
 272 240 271 
 242 241 273 
 273 241 272 
 242 274 243 
 242 273 274 
 275 244 243 
 274 275 243 
 244 276 245 
 276 244 275 
 245 277 246 
 277 245 276 
 246 278 247 
 278 246 277 
 247 279 248 
 279 247 278 
 280 259 249 
 250 280 249 
 250 251 281 
 250 281 280 
 252 282 251 
 281 251 282 
 253 283 252 
 282 252 283 
 254 284 253 
 283 253 284 
 255 285 254 
 284 254 285 
 256 286 255 
 285 255 286 
 257 287 256 
 286 256 287 
 258 288 257 
 287 257 288 
 288 258 289 
 261 259 290 
 280 290 259 
 291 260 261 
 260 291 262 
 261 290 291 
 292 262 291 
 293 263 262 
 262 292 293 
 294 264 263 
 263 293 294 
 295 265 264 
 264 294 295 
 296 267 265 
 265 295 296 
 297 268 266 
 266 267 297 
 298 297 267 
 267 296 298 
 268 299 269 
 268 297 299 
 270 269 300 
 300 269 299 
 270 301 271 
 270 300 301 
 302 272 271 
 302 271 301 
 272 303 273 
 303 272 302 
 273 304 274 
 304 273 303 
 274 305 275 
 305 274 304 
 275 306 276 
 306 275 305 
 276 307 277 
 307 276 306 
 277 308 278 
 308 277 307 
 278 309 279 
 309 278 308 
 281 310 280 
 290 280 310 
 282 311 281 
 310 281 311 
 283 312 282 
 311 282 312 
 284 313 283 
 312 283 313 
 285 314 284 
 313 284 314 
 286 315 285 
 314 285 315 
 287 316 286 
 315 286 316 
 288 317 287 
 316 287 317 
 289 318 288 
 317 288 318 
 318 289 319 
 291 290 320 
 292 291 320 
 310 320 290 
 321 292 320 
 322 293 292 
 321 322 292 
 323 294 293 
 322 323 293 
 324 295 294 
 294 323 324 
 325 296 295 
 295 324 325 
 326 298 296 
 326 296 325 
 327 298 326 
 297 328 299 
 298 328 297 
 327 328 298 
 300 299 329 
 329 299 328 
 300 330 301 
 300 329 330 
 301 331 302 
 331 301 330 
 302 332 303 
 332 302 331 
 303 333 304 
 333 303 332 
 304 334 305 
 334 304 333 
 305 335 306 
 335 305 334 
 306 336 307 
 336 306 335 
 307 337 308 
 337 307 336 
 308 338 309 
 338 308 337 
 311 339 310 
 339 320 310 
 312 340 311 
 339 311 340 
 313 341 312 
 340 312 341 
 314 342 313 
 341 313 342 
 315 343 314 
 342 314 343 
 316 344 315 
 343 315 344 
 317 345 316 
 344 316 345 
 318 346 317 
 345 317 346 
 319 347 318 
 346 318 347 
 347 319 348 
 349 320 339 
 321 320 349 
 321 349 350 
 321 350 322 
 351 324 323 
 323 322 352 
 322 350 352 
 323 352 351 
 324 354 325 
 324 351 354 
 353 354 351 
 325 355 326 
 355 325 354 
 327 326 356 
 356 326 355 
 327 357 328 
 327 356 357 
 358 329 328 
 358 328 357 
 329 359 330 
 359 329 358 
 330 360 331 
 360 330 359 
 331 361 332 
 361 331 360 
 332 362 333 
 362 332 361 
 333 363 334 
 363 333 362 
 334 364 335 
 364 334 363 
 335 365 336 
 365 335 364 
 336 366 337 
 366 336 365 
 337 367 338 
 367 337 366 
 340 368 339 
 349 339 368 
 341 369 340 
 368 340 369 
 342 370 341 
 369 341 370 
 343 371 342 
 370 342 371 
 344 372 343 
 371 343 372 
 345 373 344 
 372 344 373 
 346 374 345 
 373 345 374 
 347 376 346 
 374 346 376 
 377 348 375 
 348 377 347 
 376 347 377 
 368 378 349 
 350 349 378 
 350 378 379 
 350 379 352 
 379 380 352 
 351 352 380 
 353 351 380 
 381 353 380 
 381 382 353 
 354 383 355 
 353 383 354 
 382 383 353 
 355 384 356 
 384 355 383 
 356 385 357 
 385 356 384 
 357 386 358 
 386 357 385 
 358 387 359 
 387 358 386 
 359 388 360 
 388 359 387 
 360 389 361 
 389 360 388 
 361 390 362 
 390 361 389 
 362 391 363 
 391 362 390 
 363 392 364 
 392 363 391 
 364 393 365 
 393 364 392 
 365 394 366 
 394 365 393 
 366 395 367 
 395 366 394 
 369 396 368 
 378 368 396 
 370 397 369 
 396 369 397 
 371 398 370 
 397 370 398 
 372 399 371 
 398 371 399 
 373 400 372 
 399 372 400 
 374 401 373 
 400 373 401 
 376 402 374 
 401 374 402 
 404 375 403 
 375 404 377 
 405 377 404 
 377 405 376 
 402 376 405 
 396 406 378 
 379 378 406 
 406 407 379 
 407 380 379 
 408 380 407 
 381 380 408 
 381 408 409 
 382 381 409 
 382 409 410 
 382 410 383 
 411 384 383 
 410 411 383 
 384 412 385 
 412 384 411 
 385 413 386 
 413 385 412 
 386 414 387 
 414 386 413 
 387 415 388 
 415 387 414 
 388 416 389 
 416 388 415 
 389 417 390 
 417 389 416 
 390 418 391 
 418 390 417 
 391 419 392 
 419 391 418 
 392 420 393 
 420 392 419 
 393 421 394 
 421 393 420 
 394 422 395 
 422 394 421 
 397 423 396 
 406 396 423 
 398 424 397 
 423 397 424 
 399 426 398 
 424 398 426 
 400 427 399 
 426 399 427 
 401 428 400 
 427 400 428 
 402 429 401 
 428 401 429 
 405 430 402 
 429 402 430 
 431 403 425 
 403 431 404 
 432 404 431 
 404 432 405 
 430 405 432 
 423 433 406 
 407 406 433 
 433 434 407 
 408 407 434 
 434 435 408 
 409 408 435 
 409 436 410 
 409 435 436 
 410 437 411 
 437 410 436 
 411 438 412 
 438 411 437 
 412 439 413 
 439 412 438 
 413 440 414 
 440 413 439 
 414 441 415 
 441 414 440 
 415 442 416 
 442 415 441 
 416 443 417 
 443 416 442 
 417 444 418 
 444 417 443 
 418 445 419 
 445 418 444 
 419 446 420 
 446 419 445 
 420 447 421 
 447 420 446 
 421 448 422 
 448 421 447 
 424 449 423 
 433 423 449 
 426 450 424 
 449 424 450 
 452 425 451 
 425 452 431 
 427 453 426 
 450 426 453 
 428 454 427 
 453 427 454 
 429 455 428 
 454 428 455 
 430 456 429 
 455 429 456 
 432 457 430 
 456 430 457 
 458 431 452 
 431 458 432 
 457 432 458 
 449 459 433 
 434 433 459 
 459 460 434 
 435 434 460 
 461 435 460 
 435 461 436 
 462 436 461 
 463 437 436 
 462 463 436 
 437 464 438 
 464 437 463 
 438 465 439 
 465 438 464 
 439 466 440 
 466 439 465 
 440 467 441 
 467 440 466 
 441 468 442 
 468 441 467 
 442 469 443 
 469 442 468 
 443 470 444 
 470 443 469 
 444 471 445 
 471 444 470 
 445 472 446 
 472 445 471 
 446 473 447 
 473 446 472 
 447 474 448 
 474 447 473 
 450 476 449 
 459 449 476 
 453 477 450 
 476 450 477 
 478 451 475 
 451 478 452 
 479 452 478 
 452 479 458 
 454 480 453 
 477 453 480 
 455 481 454 
 480 454 481 
 456 482 455 
 481 455 482 
 457 483 456 
 482 456 483 
 484 458 479 
 458 484 457 
 483 457 484 
 476 486 459 
 460 459 486 
 486 487 460 
 461 460 487 
 488 461 487 
 462 461 488 
 462 489 463 
 462 488 489 
 463 490 464 
 490 463 489 
 464 491 465 
 491 464 490 
 465 492 466 
 492 465 491 
 466 493 467 
 493 466 492 
 467 494 468 
 494 467 493 
 468 495 469 
 495 468 494 
 469 496 470 
 496 469 495 
 470 497 471 
 497 470 496 
 471 498 472 
 498 471 497 
 472 499 473 
 499 472 498 
 473 500 474 
 500 473 499 
 501 475 485 
 475 501 478 
 477 502 476 
 486 476 502 
 480 503 477 
 502 477 503 
 504 478 501 
 478 504 479 
 505 479 504 
 479 505 484 
 481 506 480 
 503 480 506 
 482 507 481 
 506 481 507 
 483 508 482 
 507 482 508 
 509 484 505 
 484 509 483 
 508 483 509 
 485 510 501 
 510 485 511 
 502 512 486 
 487 486 512 
 512 513 487 
 488 487 513 
 514 488 513 
 489 488 514 
 489 515 490 
 515 489 514 
 490 516 491 
 516 490 515 
 491 517 492 
 517 491 516 
 492 518 493 
 518 492 517 
 493 519 494 
 519 493 518 
 494 520 495 
 520 494 519 
 495 521 496 
 521 495 520 
 496 522 497 
 522 496 521 
 497 523 498 
 523 497 522 
 498 524 499 
 524 498 523 
 499 525 500 
 525 499 524 
 526 501 510 
 501 526 504 
 503 527 502 
 512 502 527 
 506 528 503 
 527 503 528 
 529 504 526 
 504 529 505 
 530 505 529 
 505 530 509 
 507 531 506 
 528 506 531 
 508 532 507 
 531 507 532 
 533 509 530 
 509 533 508 
 532 508 533 
 510 534 526 
 511 535 510 
 534 510 535 
 535 511 536 
 527 537 512 
 537 513 512 
 538 513 537 
 539 514 513 
 538 539 513 
 514 540 515 
 540 514 539 
 515 541 516 
 541 515 540 
 516 542 517 
 542 516 541 
 517 543 518 
 543 517 542 
 518 544 519 
 544 518 543 
 519 545 520 
 545 519 544 
 520 546 521 
 546 520 545 
 521 547 522 
 547 521 546 
 522 548 523 
 548 522 547 
 523 549 524 
 549 523 548 
 524 550 525 
 550 524 549 
 551 526 534 
 526 551 529 
 528 552 527 
 537 527 552 
 531 553 528 
 552 528 553 
 554 529 551 
 529 554 530 
 555 530 554 
 530 555 533 
 532 556 531 
 553 531 556 
 557 533 555 
 533 557 532 
 556 532 557 
 534 558 551 
 535 560 534 
 558 534 560 
 561 536 559 
 536 561 535 
 560 535 561 
 552 562 537 
 538 537 562 
 538 562 563 
 538 563 539 
 539 564 540 
 564 539 563 
 540 565 541 
 565 540 564 
 541 566 542 
 566 541 565 
 542 567 543 
 567 542 566 
 543 568 544 
 568 543 567 
 544 569 545 
 569 544 568 
 545 570 546 
 570 545 569 
 546 571 547 
 571 546 570 
 547 572 548 
 572 547 571 
 548 573 549 
 573 548 572 
 549 574 550 
 574 549 573 
 575 551 558 
 551 575 554 
 553 576 552 
 562 552 576 
 556 577 553 
 576 553 577 
 578 554 575 
 554 578 555 
 579 555 578 
 555 579 557 
 580 557 579 
 557 580 556 
 577 556 580 
 558 581 575 
 560 583 558 
 581 558 583 
 584 559 582 
 559 584 561 
 585 561 584 
 561 585 560 
 583 560 585 
 576 587 562 
 563 562 587 
 563 588 564 
 588 563 587 
 564 589 565 
 589 564 588 
 565 590 566 
 590 565 589 
 566 591 567 
 591 566 590 
 567 592 568 
 592 567 591 
 568 593 569 
 593 568 592 
 569 594 570 
 594 569 593 
 570 595 571 
 595 570 594 
 571 596 572 
 596 571 595 
 572 597 573 
 597 572 596 
 573 598 574 
 598 573 597 
 599 575 581 
 575 599 578 
 577 600 576 
 600 587 576 
 580 601 577 
 600 577 601 
 602 578 599 
 578 602 579 
 603 579 602 
 579 603 580 
 601 580 603 
 581 604 599 
 583 605 581 
 604 581 605 
 606 582 586 
 582 606 584 
 585 607 583 
 605 583 607 
 608 584 606 
 584 608 585 
 607 585 608 
 586 609 606 
 609 586 610 
 611 587 600 
 588 587 612 
 611 612 587 
 588 613 589 
 613 588 612 
 589 614 590 
 614 589 613 
 590 615 591 
 615 590 614 
 591 616 592 
 616 591 615 
 592 617 593 
 617 592 616 
 593 618 594 
 618 593 617 
 594 619 595 
 619 594 618 
 595 620 596 
 620 595 619 
 596 621 597 
 621 596 620 
 597 622 598 
 622 597 621 
 623 599 604 
 599 623 602 
 601 624 600 
 611 600 624 
 603 625 601 
 624 601 625 
 626 602 623 
 602 626 603 
 625 603 626 
 627 623 604 
 605 628 604 
 604 628 627 
 607 629 605 
 628 605 629 
 630 606 609 
 606 630 608 
 631 608 630 
 608 631 607 
 629 607 631 
 632 630 609 
 633 609 610 
 632 609 633 
 633 610 634 
 611 624 635 
 611 635 612 
 612 636 613 
 636 612 635 
 613 637 614 
 637 613 636 
 614 638 615 
 638 614 637 
 615 639 616 
 639 615 638 
 616 640 617 
 640 616 639 
 617 641 618 
 641 617 640 
 618 642 619 
 642 618 641 
 619 643 620 
 643 619 642 
 620 644 621 
 644 620 643 
 621 645 622 
 645 621 644 
 623 627 646 
 646 626 623 
 647 624 625 
 647 635 624 
 648 626 646 
 626 648 625 
 647 625 648 
 649 635 647 
 650 646 627 
 628 651 627 
 650 627 651 
 652 628 629 
 628 652 651 
 653 629 631 
 652 629 653 
 632 654 630 
 630 654 631 
 653 631 654 
 655 654 632 
 656 632 633 
 655 632 656 
 657 633 634 
 656 633 657 
 634 658 657 
 635 659 636 
 649 659 635 
 636 660 637 
 660 636 659 
 637 661 638 
 661 637 660 
 638 662 639 
 662 638 661 
 639 663 640 
 663 639 662 
 640 664 641 
 664 640 663 
 641 665 642 
 665 641 664 
 642 666 643 
 666 642 665 
 643 667 644 
 667 643 666 
 644 668 645 
 668 644 667 
 649 669 659 
 650 670 646 
 648 646 670 
 671 648 670 
 648 671 647 
 649 647 671 
 649 671 669 
 672 670 650 
 673 650 651 
 672 650 673 
 674 673 651 
 675 651 652 
 674 651 675 
 676 652 653 
 676 675 652 
 653 654 677 
 676 653 677 
 655 678 654 
 678 677 654 
 655 656 679 
 655 679 678 
 656 657 680 
 656 680 679 
 681 657 658 
 657 681 680 
 659 682 660 
 682 659 669 
 660 683 661 
 683 660 682 
 661 684 662 
 684 661 683 
 662 685 663 
 685 662 684 
 663 686 664 
 686 663 685 
 664 687 665 
 687 664 686 
 665 688 666 
 688 665 687 
 666 689 667 
 689 666 688 
 667 690 668 
 690 667 689 
 691 682 669 
 672 692 670 
 670 692 671 
 691 669 692 
 669 671 692 
 672 673 693 
 672 693 692 
 674 694 673 
 673 694 693 
 674 695 694 
 674 675 695 
 676 677 696 
 695 675 696 
 676 696 675 
 678 697 677 
 677 697 696 
 679 698 678 
 678 698 697 
 699 679 680 
 679 699 698 
 700 680 681 
 680 700 699 
 682 701 683 
 691 701 682 
 683 702 684 
 702 683 701 
 684 703 685 
 703 684 702 
 685 704 686 
 704 685 703 
 686 705 687 
 705 686 704 
 687 706 688 
 706 687 705 
 688 707 689 
 707 688 706 
 689 708 690 
 708 689 707 
 691 709 701 
 691 692 709 
 693 710 692 
 709 692 710 
 711 693 694 
 693 711 710 
 694 695 712 
 694 712 711 
 695 696 713 
 695 713 712 
 697 714 696 
 713 696 714 
 698 715 697 
 697 715 714 
 699 716 698 
 698 716 715 
 717 699 700 
 699 717 716 
 718 701 709 
 719 702 701 
 718 719 701 
 720 703 702 
 702 719 720 
 703 721 704 
 721 703 720 
 704 722 705 
 722 704 721 
 705 723 706 
 723 705 722 
 706 724 707 
 724 706 723 
 707 725 708 
 725 707 724 
 709 710 726 
 718 709 726 
 711 727 710 
 726 710 727 
 711 712 728 
 728 727 711 
 712 713 729 
 729 728 712 
 714 730 713 
 730 729 713 
 715 731 714 
 730 714 731 
 716 732 715 
 731 715 732 
 716 717 733 
 733 732 716 
 718 734 719 
 718 726 734 
 720 719 735 
 734 735 719 
 720 736 721 
 735 736 720 
 721 737 722 
 737 721 736 
 722 738 723 
 738 722 737 
 723 739 724 
 739 723 738 
 724 740 725 
 740 724 739 
 726 727 741 
 734 726 741 
 727 728 742 
 741 727 742 
 728 729 743 
 743 742 728 
 729 730 744 
 744 743 729 
 730 731 745 
 745 744 730 
 732 746 731 
 746 745 731 
 732 733 747 
 747 746 732 
 735 734 748 
 734 741 748 
 736 735 749 
 748 749 735 
 736 750 737 
 750 736 749 
 737 751 738 
 751 737 750 
 738 752 739 
 752 738 751 
 739 753 740 
 753 739 752 
 741 742 754 
 754 748 741 
 742 743 755 
 755 754 742 
 743 744 756 
 756 755 743 
 744 745 757 
 757 756 744 
 745 746 758 
 758 757 745 
 746 747 759 
 759 758 746 
 749 748 760 
 754 760 748 
 749 761 750 
 761 749 760 
 750 762 751 
 762 750 761 
 751 763 752 
 763 751 762 
 752 764 753 
 764 752 763 
 754 755 765 
 765 760 754 
 766 760 765 
 755 756 767 
 767 765 755 
 756 757 768 
 768 767 756 
 757 758 769 
 769 768 757 
 758 759 770 
 770 769 758 
 760 771 761 
 766 771 760 
 761 772 762 
 772 761 771 
 762 773 763 
 773 762 772 
 763 774 764 
 774 763 773 
 765 767 775 
 766 765 775 
 766 775 771 
 767 768 776 
 767 776 775 
 768 769 777 
 777 776 768 
 769 770 778 
 778 777 769 
 779 771 775 
 780 772 771 
 779 780 771 
 772 781 773 
 780 781 772 
 773 782 774 
 782 773 781 
 783 775 776 
 779 775 783 
 784 776 777 
 783 776 784 
 777 778 785 
 784 777 785 
 779 783 786 
 779 786 780 
 780 787 781 
 786 787 780 
 781 788 782 
 787 788 781 
 784 789 783 
 786 783 789 
 784 785 790 
 789 784 790 
 789 791 786 
 786 791 787 
 787 792 788 
 791 792 787 
 790 793 789 
 791 789 793 
 793 794 791 
 792 791 794 
 