5948
2	896	897	
1	795	896	
0	897	795	
896	795	897	
2	897	898	
0	824	897	
3	898	824	
897	824	898	
5	899	900	
4	796	899	
1	900	796	
899	796	900	
2	901	896	
5	900	901	
1	896	900	
901	900	896	
2	898	903	
3	902	898	
6	903	902	
898	902	903	
2	903	901	
6	904	903	
5	901	904	
903	904	901	
6	902	905	
3	825	902	
7	905	825	
902	825	905	
9	906	907	
8	797	906	
4	907	797	
906	797	907	
4	899	907	
5	908	899	
9	907	908	
899	908	907	
9	908	910	
5	909	908	
10	910	909	
908	909	910	
5	904	909	
6	911	904	
10	909	911	
904	911	909	
7	912	905	
11	913	912	
6	905	913	
912	913	905	
11	914	913	
10	911	914	
6	913	911	
914	911	913	
11	912	915	
7	826	912	
12	915	826	
912	826	915	
14	916	917	
13	798	916	
8	917	798	
916	798	917	
8	906	917	
9	918	906	
14	917	918	
906	918	917	
15	919	920	
14	918	919	
9	920	918	
919	918	920	
9	910	920	
10	921	910	
15	920	921	
910	921	920	
10	914	923	
11	922	914	
16	923	922	
914	922	923	
15	921	924	
10	923	921	
16	924	923	
921	923	924	
12	925	915	
17	926	925	
11	915	926	
925	926	915	
17	927	926	
16	922	927	
11	926	922	
927	922	926	
17	925	928	
12	827	925	
18	928	827	
925	827	928	
20	929	930	
19	799	929	
13	930	799	
929	799	930	
13	916	930	
14	931	916	
20	930	931	
916	931	930	
21	932	933	
20	931	932	
14	933	931	
932	931	933	
14	919	933	
15	934	919	
21	933	934	
919	934	933	
22	935	936	
21	934	935	
15	936	934	
935	934	936	
15	924	936	
16	937	924	
22	936	937	
924	937	936	
23	938	939	
22	937	938	
16	939	937	
938	937	939	
24	940	941	
16	927	940	
17	941	927	
940	927	941	
23	939	942	
16	940	939	
24	942	940	
939	940	942	
18	943	928	
25	944	943	
17	928	944	
943	944	928	
24	941	945	
17	944	941	
25	945	944	
941	944	945	
25	943	946	
18	828	943	
26	946	828	
943	828	946	
38	947	948	
27	800	947	
19	948	800	
947	800	948	
19	929	948	
20	949	929	
38	948	949	
929	949	948	
39	950	951	
38	949	950	
20	951	949	
950	949	951	
20	932	951	
21	952	932	
39	951	952	
932	952	951	
40	953	954	
39	952	953	
21	954	952	
953	952	954	
22	955	935	
40	954	955	
21	935	954	
955	954	935	
41	956	957	
40	955	956	
22	957	955	
956	955	957	
23	958	938	
41	957	958	
22	938	957	
958	957	938	
23	942	960	
24	959	942	
42	960	959	
942	959	960	
23	960	958	
42	961	960	
41	958	961	
960	961	958	
25	962	945	
43	963	962	
24	945	963	
962	963	945	
42	959	964	
24	963	959	
43	964	963	
959	963	964	
26	965	946	
44	966	965	
25	946	966	
965	966	946	
43	962	967	
25	966	962	
44	967	966	
962	966	967	
44	965	968	
26	829	965	
45	968	829	
965	829	968	
46	969	970	
28	801	969	
27	970	801	
969	801	970	
27	947	970	
38	971	947	
46	970	971	
947	971	970	
47	972	973	
29	802	972	
28	973	802	
972	802	973	
28	969	973	
46	974	969	
47	973	974	
969	974	973	
48	975	976	
30	803	975	
29	976	803	
975	803	976	
29	972	976	
47	977	972	
48	976	977	
972	977	976	
49	978	979	
31	804	978	
30	979	804	
978	804	979	
30	975	979	
48	980	975	
49	979	980	
975	980	979	
50	981	982	
34	807	981	
33	982	807	
981	807	982	
51	983	984	
32	805	983	
31	984	805	
983	805	984	
31	978	984	
49	985	978	
51	984	985	
978	985	984	
52	986	987	
33	806	986	
32	987	806	
986	806	987	
33	986	982	
52	988	986	
50	982	988	
986	988	982	
32	983	987	
51	989	983	
52	987	989	
983	989	987	
53	990	991	
35	808	990	
34	991	808	
990	808	991	
34	981	991	
50	992	981	
53	991	992	
981	992	991	
54	993	994	
36	809	993	
35	994	809	
993	809	994	
35	990	994	
53	995	990	
54	994	995	
990	995	994	
55	996	997	
37	810	996	
36	997	810	
996	810	997	
36	993	997	
54	998	993	
55	997	998	
993	998	997	
57	999	1000	
56	811	999	
37	1000	811	
999	811	1000	
37	996	1000	
55	1001	996	
57	1000	1001	
996	1001	1000	
61	1002	1003	
46	971	1002	
38	1003	971	
1002	971	1003	
38	950	1003	
39	1004	950	
61	1003	1004	
950	1004	1003	
62	1005	1006	
61	1004	1005	
39	1006	1004	
1005	1004	1006	
39	953	1006	
40	1007	953	
62	1006	1007	
953	1007	1006	
62	1007	1009	
40	1008	1007	
63	1009	1008	
1007	1008	1009	
41	1010	956	
63	1008	1010	
40	956	1008	
1010	1008	956	
41	961	1012	
42	1011	961	
64	1012	1011	
961	1011	1012	
63	1010	1013	
41	1012	1010	
64	1013	1012	
1010	1012	1013	
43	1014	964	
65	1015	1014	
42	964	1015	
1014	1015	964	
65	1016	1015	
64	1011	1016	
42	1015	1011	
1016	1011	1015	
44	1017	967	
66	1018	1017	
43	967	1018	
1017	1018	967	
65	1014	1019	
43	1018	1014	
66	1019	1018	
1014	1018	1019	
45	1020	968	
67	1021	1020	
44	968	1021	
1020	1021	968	
66	1017	1022	
44	1021	1017	
67	1022	1021	
1017	1021	1022	
67	1020	1023	
45	830	1020	
68	1023	830	
1020	830	1023	
69	1024	1025	
47	974	1024	
46	1025	974	
1024	974	1025	
46	1002	1025	
61	1026	1002	
69	1025	1026	
1002	1026	1025	
70	1027	1028	
53	992	1027	
50	1028	992	
1027	992	1028	
71	1029	1030	
48	977	1029	
47	1030	977	
1029	977	1030	
47	1024	1030	
69	1031	1024	
71	1030	1031	
1024	1031	1030	
72	1032	1033	
49	980	1032	
48	1033	980	
1032	980	1033	
48	1029	1033	
71	1034	1029	
72	1033	1034	
1029	1034	1033	
73	1035	1036	
51	985	1035	
49	1036	985	
1035	985	1036	
49	1032	1036	
72	1037	1032	
73	1036	1037	
1032	1037	1036	
74	1038	1039	
50	988	1038	
52	1039	988	
1038	988	1039	
50	1038	1028	
74	1040	1038	
70	1028	1040	
1038	1040	1028	
75	1041	1042	
52	989	1041	
51	1042	989	
1041	989	1042	
52	1041	1039	
75	1043	1041	
74	1039	1043	
1041	1043	1039	
51	1035	1042	
73	1044	1035	
75	1042	1044	
1035	1044	1042	
76	1045	1046	
54	995	1045	
53	1046	995	
1045	995	1046	
53	1027	1046	
70	1047	1027	
76	1046	1047	
1027	1047	1046	
77	1048	1049	
55	998	1048	
54	1049	998	
1048	998	1049	
54	1045	1049	
76	1050	1045	
77	1049	1050	
1045	1050	1049	
78	1051	1052	
57	1001	1051	
55	1052	1001	
1051	1001	1052	
55	1048	1052	
77	1053	1048	
78	1052	1053	
1048	1053	1052	
79	1054	1055	
58	812	1054	
56	1055	812	
1054	812	1055	
56	999	1055	
57	1056	999	
79	1055	1056	
999	1056	1055	
80	1057	1058	
79	1056	1057	
57	1058	1056	
1057	1056	1058	
57	1051	1058	
78	1059	1051	
80	1058	1059	
1051	1059	1058	
81	1060	1061	
59	813	1060	
58	1061	813	
1060	813	1061	
58	1054	1061	
79	1062	1054	
81	1061	1062	
1054	1062	1061	
82	1063	1064	
60	814	1063	
59	1064	814	
1063	814	1064	
59	1060	1064	
81	1065	1060	
82	1064	1065	
1060	1065	1064	
84	1066	1067	
83	815	1066	
60	1067	815	
1066	815	1067	
60	1063	1067	
82	1068	1063	
84	1067	1068	
1063	1068	1067	
88	1069	1070	
69	1026	1069	
61	1070	1026	
1069	1026	1070	
61	1005	1070	
62	1071	1005	
88	1070	1071	
1005	1071	1070	
89	1072	1073	
88	1071	1072	
62	1073	1071	
1072	1071	1073	
62	1009	1073	
63	1074	1009	
89	1073	1074	
1009	1074	1073	
89	1074	1076	
63	1075	1074	
90	1076	1075	
1074	1075	1076	
64	1077	1013	
90	1075	1077	
63	1013	1075	
1077	1075	1013	
65	1078	1016	
91	1079	1078	
64	1016	1079	
1078	1079	1016	
91	1080	1079	
90	1077	1080	
64	1079	1077	
1080	1077	1079	
66	1081	1019	
92	1082	1081	
65	1019	1082	
1081	1082	1019	
91	1078	1083	
65	1082	1078	
92	1083	1082	
1078	1082	1083	
67	1084	1022	
93	1085	1084	
66	1022	1085	
1084	1085	1022	
92	1081	1086	
66	1085	1081	
93	1086	1085	
1081	1085	1086	
68	1087	1023	
94	1088	1087	
67	1023	1088	
1087	1088	1023	
93	1084	1089	
67	1088	1084	
94	1089	1088	
1084	1088	1089	
94	1087	1090	
68	831	1087	
95	1090	831	
1087	831	1090	
96	1091	1092	
71	1031	1091	
69	1092	1031	
1091	1031	1092	
69	1069	1092	
88	1093	1069	
96	1092	1093	
1069	1093	1092	
97	1094	1095	
76	1047	1094	
70	1095	1047	
1094	1047	1095	
98	1096	1097	
70	1040	1096	
74	1097	1040	
1096	1040	1097	
70	1096	1095	
98	1098	1096	
97	1095	1098	
1096	1098	1095	
99	1099	1100	
72	1034	1099	
71	1100	1034	
1099	1034	1100	
71	1091	1100	
96	1101	1091	
99	1100	1101	
1091	1101	1100	
100	1102	1103	
73	1037	1102	
72	1103	1037	
1102	1037	1103	
72	1099	1103	
99	1104	1099	
100	1103	1104	
1099	1104	1103	
101	1105	1106	
75	1044	1105	
73	1106	1044	
1105	1044	1106	
73	1102	1106	
100	1107	1102	
101	1106	1107	
1102	1107	1106	
102	1108	1109	
74	1043	1108	
75	1109	1043	
1108	1043	1109	
74	1108	1097	
102	1110	1108	
98	1097	1110	
1108	1110	1097	
75	1105	1109	
101	1111	1105	
102	1109	1111	
1105	1111	1109	
103	1112	1113	
77	1050	1112	
76	1113	1050	
1112	1050	1113	
76	1094	1113	
97	1114	1094	
103	1113	1114	
1094	1114	1113	
104	1115	1116	
78	1053	1115	
77	1116	1053	
1115	1053	1116	
77	1112	1116	
103	1117	1112	
104	1116	1117	
1112	1117	1116	
105	1118	1119	
80	1059	1118	
78	1119	1059	
1118	1059	1119	
78	1115	1119	
104	1120	1115	
105	1119	1120	
1115	1120	1119	
106	1121	1122	
81	1062	1121	
79	1122	1062	
1121	1062	1122	
79	1057	1122	
80	1123	1057	
106	1122	1123	
1057	1123	1122	
107	1124	1125	
106	1123	1124	
80	1125	1123	
1124	1123	1125	
80	1118	1125	
105	1126	1118	
107	1125	1126	
1118	1126	1125	
108	1127	1128	
82	1065	1127	
81	1128	1065	
1127	1065	1128	
81	1121	1128	
106	1129	1121	
108	1128	1129	
1121	1129	1128	
109	1130	1131	
84	1068	1130	
82	1131	1068	
1130	1068	1131	
82	1127	1131	
108	1132	1127	
109	1131	1132	
1127	1132	1131	
110	1133	1134	
85	816	1133	
83	1134	816	
1133	816	1134	
83	1066	1134	
84	1135	1066	
110	1134	1135	
1066	1135	1134	
111	1136	1137	
110	1135	1136	
84	1137	1135	
1136	1135	1137	
84	1130	1137	
109	1138	1130	
111	1137	1138	
1130	1138	1137	
112	1139	1140	
86	817	1139	
85	1140	817	
1139	817	1140	
85	1133	1140	
110	1141	1133	
112	1140	1141	
1133	1141	1140	
113	1142	1143	
87	818	1142	
86	1143	818	
1142	818	1143	
86	1139	1143	
112	1144	1139	
113	1143	1144	
1139	1144	1143	
87	1142	1146	
113	1145	1142	
114	1146	1145	
1142	1145	1146	
114	1147	1146	
115	819	1147	
87	1146	819	
1147	819	1146	
119	1148	1149	
96	1093	1148	
88	1149	1093	
1148	1093	1149	
88	1072	1149	
89	1150	1072	
119	1149	1150	
1072	1150	1149	
120	1151	1152	
119	1150	1151	
89	1152	1150	
1151	1150	1152	
120	1152	1153	
89	1076	1152	
90	1153	1076	
1152	1076	1153	
121	1154	1155	
120	1153	1154	
90	1155	1153	
1154	1153	1155	
122	1156	1157	
90	1080	1156	
91	1157	1080	
1156	1080	1157	
121	1155	1158	
90	1156	1155	
122	1158	1156	
1155	1156	1158	
92	1159	1083	
123	1160	1159	
91	1083	1160	
1159	1160	1083	
122	1157	1161	
91	1160	1157	
123	1161	1160	
1157	1160	1161	
93	1162	1086	
124	1163	1162	
92	1086	1163	
1162	1163	1086	
123	1159	1164	
92	1163	1159	
124	1164	1163	
1159	1163	1164	
94	1165	1089	
125	1166	1165	
93	1089	1166	
1165	1166	1089	
124	1162	1167	
93	1166	1162	
125	1167	1166	
1162	1166	1167	
95	1168	1090	
126	1169	1168	
94	1090	1169	
1168	1169	1090	
125	1165	1170	
94	1169	1165	
126	1170	1169	
1165	1169	1170	
126	1168	1171	
95	832	1168	
127	1171	832	
1168	832	1171	
128	1172	1173	
99	1101	1172	
96	1173	1101	
1172	1101	1173	
96	1148	1173	
119	1174	1148	
128	1173	1174	
1148	1174	1173	
129	1175	1176	
103	1114	1175	
97	1176	1114	
1175	1114	1176	
130	1177	1178	
97	1098	1177	
98	1178	1098	
1177	1098	1178	
97	1177	1176	
130	1179	1177	
129	1176	1179	
1177	1179	1176	
131	1180	1181	
98	1110	1180	
102	1181	1110	
1180	1110	1181	
98	1180	1178	
131	1182	1180	
130	1178	1182	
1180	1182	1178	
132	1183	1184	
100	1104	1183	
99	1184	1104	
1183	1104	1184	
99	1172	1184	
128	1185	1172	
132	1184	1185	
1172	1185	1184	
133	1186	1187	
101	1107	1186	
100	1187	1107	
1186	1107	1187	
100	1183	1187	
132	1188	1183	
133	1187	1188	
1183	1188	1187	
134	1189	1190	
102	1111	1189	
101	1190	1111	
1189	1111	1190	
102	1189	1181	
134	1191	1189	
131	1181	1191	
1189	1191	1181	
101	1186	1190	
133	1192	1186	
134	1190	1192	
1186	1192	1190	
135	1193	1194	
104	1117	1193	
103	1194	1117	
1193	1117	1194	
103	1175	1194	
129	1195	1175	
135	1194	1195	
1175	1195	1194	
136	1196	1197	
135	1195	1196	
129	1197	1195	
1196	1195	1197	
137	1198	1199	
105	1120	1198	
104	1199	1120	
1198	1120	1199	
104	1193	1199	
135	1200	1193	
137	1199	1200	
1193	1200	1199	
138	1201	1202	
107	1126	1201	
105	1202	1126	
1201	1126	1202	
105	1198	1202	
137	1203	1198	
138	1202	1203	
1198	1203	1202	
139	1204	1205	
108	1129	1204	
106	1205	1129	
1204	1129	1205	
106	1124	1205	
107	1206	1124	
139	1205	1206	
1124	1206	1205	
140	1207	1208	
139	1206	1207	
107	1208	1206	
1207	1206	1208	
107	1201	1208	
138	1209	1201	
140	1208	1209	
1201	1209	1208	
141	1210	1211	
109	1132	1210	
108	1211	1132	
1210	1132	1211	
108	1204	1211	
139	1212	1204	
141	1211	1212	
1204	1212	1211	
142	1213	1214	
111	1138	1213	
109	1214	1138	
1213	1138	1214	
109	1210	1214	
141	1215	1210	
142	1214	1215	
1210	1215	1214	
143	1216	1217	
112	1141	1216	
110	1217	1141	
1216	1141	1217	
110	1136	1217	
111	1218	1136	
143	1217	1218	
1136	1218	1217	
144	1219	1220	
143	1218	1219	
111	1220	1218	
1219	1218	1220	
111	1213	1220	
142	1221	1213	
144	1220	1221	
1213	1221	1220	
145	1222	1223	
113	1144	1222	
112	1223	1144	
1222	1144	1223	
112	1216	1223	
143	1224	1216	
145	1223	1224	
1216	1224	1223	
146	1225	1226	
114	1145	1225	
113	1226	1145	
1225	1145	1226	
113	1222	1226	
145	1227	1222	
146	1226	1227	
1222	1227	1226	
147	1228	1229	
114	1225	1228	
146	1229	1225	
1228	1225	1229	
148	1230	1231	
116	820	1230	
115	1231	820	
1230	820	1231	
115	1147	1231	
114	1232	1147	
148	1231	1232	
1147	1232	1231	
147	1233	1228	
148	1232	1233	
114	1228	1232	
1233	1232	1228	
149	1234	1235	
117	821	1234	
116	1235	821	
1234	821	1235	
116	1230	1235	
148	1236	1230	
149	1235	1236	
1230	1236	1235	
150	1237	1238	
118	822	1237	
117	1238	822	
1237	822	1238	
150	1238	1239	
117	1234	1238	
149	1239	1234	
1238	1234	1239	
151	1240	1241	
118	1237	1240	
150	1241	1237	
1240	1237	1241	
118	1240	823	
151	1242	1240	
152	823	1242	
1240	1242	823	
153	1243	1244	
128	1174	1243	
119	1244	1174	
1243	1174	1244	
119	1151	1244	
120	1245	1151	
153	1244	1245	
1151	1245	1244	
154	1246	1247	
153	1245	1246	
120	1247	1245	
1246	1245	1247	
121	1248	1154	
154	1247	1248	
120	1154	1247	
1248	1247	1154	
121	1158	1250	
122	1249	1158	
155	1250	1249	
1158	1249	1250	
121	1250	1248	
155	1251	1250	
154	1248	1251	
1250	1251	1248	
123	1252	1161	
156	1253	1252	
122	1161	1253	
1252	1253	1161	
155	1249	1254	
122	1253	1249	
156	1254	1253	
1249	1253	1254	
124	1255	1164	
157	1256	1255	
123	1164	1256	
1255	1256	1164	
156	1252	1257	
123	1256	1252	
157	1257	1256	
1252	1256	1257	
125	1258	1167	
158	1259	1258	
124	1167	1259	
1258	1259	1167	
157	1255	1260	
124	1259	1255	
158	1260	1259	
1255	1259	1260	
126	1261	1170	
159	1262	1261	
125	1170	1262	
1261	1262	1170	
158	1258	1263	
125	1262	1258	
159	1263	1262	
1258	1262	1263	
127	1264	1171	
160	1265	1264	
126	1171	1265	
1264	1265	1171	
159	1261	1266	
126	1265	1261	
160	1266	1265	
1261	1265	1266	
160	1264	1267	
127	833	1264	
161	1267	833	
1264	833	1267	
162	1268	1269	
132	1185	1268	
128	1269	1185	
1268	1185	1269	
128	1243	1269	
153	1270	1243	
162	1269	1270	
1243	1270	1269	
163	1271	1272	
129	1179	1271	
130	1272	1179	
1271	1179	1272	
129	1271	1197	
163	1273	1271	
136	1197	1273	
1271	1273	1197	
164	1274	1275	
130	1182	1274	
131	1275	1182	
1274	1182	1275	
130	1274	1272	
164	1276	1274	
163	1272	1276	
1274	1276	1272	
165	1277	1278	
131	1191	1277	
134	1278	1191	
1277	1191	1278	
131	1277	1275	
165	1279	1277	
164	1275	1279	
1277	1279	1275	
166	1280	1281	
133	1188	1280	
132	1281	1188	
1280	1188	1281	
132	1268	1281	
162	1282	1268	
166	1281	1282	
1268	1282	1281	
167	1283	1284	
134	1192	1283	
133	1284	1192	
1283	1192	1284	
134	1283	1278	
167	1285	1283	
165	1278	1285	
1283	1285	1278	
133	1280	1284	
166	1286	1280	
167	1284	1286	
1280	1286	1284	
168	1287	1288	
136	1273	1287	
163	1288	1273	
1287	1273	1288	
169	1289	1290	
137	1200	1289	
135	1290	1200	
1289	1200	1290	
135	1196	1290	
136	1291	1196	
169	1290	1291	
1196	1291	1290	
170	1292	1293	
169	1291	1292	
136	1293	1291	
1292	1291	1293	
136	1287	1293	
168	1294	1287	
170	1293	1294	
1287	1294	1293	
171	1295	1296	
138	1203	1295	
137	1296	1203	
1295	1203	1296	
137	1289	1296	
169	1297	1289	
171	1296	1297	
1289	1297	1296	
172	1298	1299	
140	1209	1298	
138	1299	1209	
1298	1209	1299	
138	1295	1299	
171	1300	1295	
172	1299	1300	
1295	1300	1299	
173	1301	1302	
141	1212	1301	
139	1302	1212	
1301	1212	1302	
139	1207	1302	
140	1303	1207	
173	1302	1303	
1207	1303	1302	
174	1304	1305	
173	1303	1304	
140	1305	1303	
1304	1303	1305	
140	1298	1305	
172	1306	1298	
174	1305	1306	
1298	1306	1305	
175	1307	1308	
142	1215	1307	
141	1308	1215	
1307	1215	1308	
141	1301	1308	
173	1309	1301	
175	1308	1309	
1301	1309	1308	
176	1310	1311	
144	1221	1310	
142	1311	1221	
1310	1221	1311	
142	1307	1311	
175	1312	1307	
176	1311	1312	
1307	1312	1311	
177	1313	1314	
145	1224	1313	
143	1314	1224	
1313	1224	1314	
143	1219	1314	
144	1315	1219	
177	1314	1315	
1219	1315	1314	
178	1316	1317	
177	1315	1316	
144	1317	1315	
1316	1315	1317	
144	1310	1317	
176	1318	1310	
178	1317	1318	
1310	1318	1317	
179	1319	1320	
146	1227	1319	
145	1320	1227	
1319	1227	1320	
145	1313	1320	
177	1321	1313	
179	1320	1321	
1313	1321	1320	
180	1322	1323	
147	1229	1322	
146	1323	1229	
1322	1229	1323	
180	1323	1324	
146	1319	1323	
179	1324	1319	
1323	1319	1324	
181	1325	1326	
147	1322	1325	
180	1326	1322	
1325	1322	1326	
148	1327	1236	
182	1328	1327	
149	1236	1328	
1327	1328	1236	
147	1329	1233	
182	1327	1329	
148	1233	1327	
1329	1327	1233	
181	1330	1325	
182	1329	1330	
147	1325	1329	
1330	1329	1325	
149	1331	1239	
183	1332	1331	
150	1239	1332	
1331	1332	1239	
183	1331	1333	
149	1328	1331	
182	1333	1328	
1331	1328	1333	
151	1241	1335	
150	1334	1241	
184	1335	1334	
1241	1334	1335	
184	1334	1336	
150	1332	1334	
183	1336	1332	
1334	1332	1336	
151	1337	1242	
185	845	1337	
152	1242	845	
1337	845	1242	
151	1335	1337	
184	1338	1335	
185	1337	1338	
1335	1338	1337	
186	1339	1340	
162	1270	1339	
153	1340	1270	
1339	1270	1340	
153	1246	1340	
154	1341	1246	
186	1340	1341	
1246	1341	1340	
186	1341	1343	
154	1342	1341	
187	1343	1342	
1341	1342	1343	
154	1251	1342	
155	1344	1251	
187	1342	1344	
1251	1344	1342	
155	1254	1346	
156	1345	1254	
188	1346	1345	
1254	1345	1346	
188	1347	1346	
187	1344	1347	
155	1346	1344	
1347	1344	1346	
157	1348	1257	
189	1349	1348	
156	1257	1349	
1348	1349	1257	
188	1345	1350	
156	1349	1345	
189	1350	1349	
1345	1349	1350	
158	1351	1260	
190	1352	1351	
157	1260	1352	
1351	1352	1260	
189	1348	1353	
157	1352	1348	
190	1353	1352	
1348	1352	1353	
159	1354	1263	
191	1355	1354	
158	1263	1355	
1354	1355	1263	
190	1351	1356	
158	1355	1351	
191	1356	1355	
1351	1355	1356	
160	1357	1266	
192	1358	1357	
159	1266	1358	
1357	1358	1266	
191	1354	1359	
159	1358	1354	
192	1359	1358	
1354	1358	1359	
161	1360	1267	
193	1361	1360	
160	1267	1361	
1360	1361	1267	
192	1357	1362	
160	1361	1357	
193	1362	1361	
1357	1361	1362	
193	1360	1363	
161	834	1360	
194	1363	834	
1360	834	1363	
195	1364	1365	
166	1282	1364	
162	1365	1282	
1364	1282	1365	
162	1339	1365	
186	1366	1339	
195	1365	1366	
1339	1366	1365	
196	1367	1368	
163	1276	1367	
164	1368	1276	
1367	1276	1368	
163	1367	1288	
196	1369	1367	
168	1288	1369	
1367	1369	1288	
197	1370	1371	
164	1279	1370	
165	1371	1279	
1370	1279	1371	
164	1370	1368	
197	1372	1370	
196	1368	1372	
1370	1372	1368	
198	1373	1374	
165	1285	1373	
167	1374	1285	
1373	1285	1374	
165	1373	1371	
198	1375	1373	
197	1371	1375	
1373	1375	1371	
199	1376	1377	
167	1286	1376	
166	1377	1286	
1376	1286	1377	
167	1376	1374	
199	1378	1376	
198	1374	1378	
1376	1378	1374	
166	1364	1377	
195	1379	1364	
199	1377	1379	
1364	1379	1377	
200	1380	1381	
168	1369	1380	
196	1381	1369	
1380	1369	1381	
201	1382	1383	
170	1294	1382	
168	1383	1294	
1382	1294	1383	
168	1380	1383	
200	1384	1380	
201	1383	1384	
1380	1384	1383	
202	1385	1386	
171	1297	1385	
169	1386	1297	
1385	1297	1386	
169	1292	1386	
170	1387	1292	
202	1386	1387	
1292	1387	1386	
203	1388	1389	
202	1387	1388	
170	1389	1387	
1388	1387	1389	
170	1382	1389	
201	1390	1382	
203	1389	1390	
1382	1390	1389	
204	1391	1392	
172	1300	1391	
171	1392	1300	
1391	1300	1392	
171	1385	1392	
202	1393	1385	
204	1392	1393	
1385	1393	1392	
205	1394	1395	
174	1306	1394	
172	1395	1306	
1394	1306	1395	
172	1391	1395	
204	1396	1391	
205	1395	1396	
1391	1396	1395	
206	1397	1398	
175	1309	1397	
173	1398	1309	
1397	1309	1398	
173	1304	1398	
174	1399	1304	
206	1398	1399	
1304	1399	1398	
207	1400	1401	
206	1399	1400	
174	1401	1399	
1400	1399	1401	
174	1394	1401	
205	1402	1394	
207	1401	1402	
1394	1402	1401	
208	1403	1404	
176	1312	1403	
175	1404	1312	
1403	1312	1404	
175	1397	1404	
206	1405	1397	
208	1404	1405	
1397	1405	1404	
209	1406	1407	
178	1318	1406	
176	1407	1318	
1406	1318	1407	
209	1407	1408	
176	1403	1407	
208	1408	1403	
1407	1403	1408	
210	1409	1410	
179	1321	1409	
177	1410	1321	
1409	1321	1410	
177	1316	1410	
178	1411	1316	
210	1410	1411	
1316	1411	1410	
211	1412	1413	
210	1411	1412	
178	1413	1411	
1412	1411	1413	
178	1406	1413	
209	1414	1406	
211	1413	1414	
1406	1414	1413	
179	1415	1324	
212	1416	1415	
180	1324	1416	
1415	1416	1324	
179	1409	1415	
210	1417	1409	
212	1415	1417	
1409	1417	1415	
181	1326	1419	
180	1418	1326	
213	1419	1418	
1326	1418	1419	
213	1418	1420	
180	1416	1418	
212	1420	1416	
1418	1416	1420	
181	1421	1330	
214	1422	1421	
182	1330	1422	
1421	1422	1330	
181	1419	1421	
213	1423	1419	
214	1421	1423	
1419	1423	1421	
215	1424	1425	
183	1333	1424	
182	1425	1333	
1424	1333	1425	
215	1425	1426	
182	1422	1425	
214	1426	1422	
1425	1422	1426	
216	1427	1428	
184	1336	1427	
183	1428	1336	
1427	1336	1428	
216	1428	1429	
183	1424	1428	
215	1429	1424	
1428	1424	1429	
184	1430	1338	
217	846	1430	
185	1338	846	
1430	846	1338	
217	1430	1431	
184	1427	1430	
216	1431	1427	
1430	1427	1431	
218	1432	1433	
195	1366	1432	
186	1433	1366	
1432	1366	1433	
186	1343	1433	
187	1434	1343	
218	1433	1434	
1343	1434	1433	
187	1347	1436	
188	1435	1347	
219	1436	1435	
1347	1435	1436	
218	1434	1437	
187	1436	1434	
219	1437	1436	
1434	1436	1437	
189	1438	1350	
220	1439	1438	
188	1350	1439	
1438	1439	1350	
220	1440	1439	
219	1435	1440	
188	1439	1435	
1440	1435	1439	
190	1441	1353	
221	1442	1441	
189	1353	1442	
1441	1442	1353	
220	1438	1443	
189	1442	1438	
221	1443	1442	
1438	1442	1443	
191	1444	1356	
222	1445	1444	
190	1356	1445	
1444	1445	1356	
221	1441	1446	
190	1445	1441	
222	1446	1445	
1441	1445	1446	
192	1447	1359	
223	1448	1447	
191	1359	1448	
1447	1448	1359	
222	1444	1449	
191	1448	1444	
223	1449	1448	
1444	1448	1449	
193	1450	1362	
224	1451	1450	
192	1362	1451	
1450	1451	1362	
223	1447	1452	
192	1451	1447	
224	1452	1451	
1447	1451	1452	
194	1453	1363	
225	1454	1453	
193	1363	1454	
1453	1454	1363	
224	1450	1455	
193	1454	1450	
225	1455	1454	
1450	1454	1455	
225	1453	1456	
194	835	1453	
226	1456	835	
1453	835	1456	
227	1457	1458	
199	1379	1457	
195	1458	1379	
1457	1379	1458	
195	1432	1458	
218	1459	1432	
227	1458	1459	
1432	1459	1458	
228	1460	1461	
196	1372	1460	
197	1461	1372	
1460	1372	1461	
196	1460	1381	
228	1462	1460	
200	1381	1462	
1460	1462	1381	
229	1463	1464	
197	1375	1463	
198	1464	1375	
1463	1375	1464	
197	1463	1461	
229	1465	1463	
228	1461	1465	
1463	1465	1461	
230	1466	1467	
198	1378	1466	
199	1467	1378	
1466	1378	1467	
198	1466	1464	
230	1468	1466	
229	1464	1468	
1466	1468	1464	
199	1457	1467	
227	1469	1457	
230	1467	1469	
1457	1469	1467	
231	1470	1471	
200	1462	1470	
228	1471	1462	
1470	1462	1471	
232	1472	1473	
201	1384	1472	
200	1473	1384	
1472	1384	1473	
200	1470	1473	
231	1474	1470	
232	1473	1474	
1470	1474	1473	
233	1475	1476	
203	1390	1475	
201	1476	1390	
1475	1390	1476	
201	1472	1476	
232	1477	1472	
233	1476	1477	
1472	1477	1476	
234	1478	1479	
204	1393	1478	
202	1479	1393	
1478	1393	1479	
202	1388	1479	
203	1480	1388	
234	1479	1480	
1388	1480	1479	
235	1481	1482	
234	1480	1481	
203	1482	1480	
1481	1480	1482	
203	1475	1482	
233	1483	1475	
235	1482	1483	
1475	1483	1482	
236	1484	1485	
205	1396	1484	
204	1485	1396	
1484	1396	1485	
204	1478	1485	
234	1486	1478	
236	1485	1486	
1478	1486	1485	
237	1487	1488	
207	1402	1487	
205	1488	1402	
1487	1402	1488	
205	1484	1488	
236	1489	1484	
237	1488	1489	
1484	1489	1488	
238	1490	1491	
207	1487	1490	
237	1491	1487	
1490	1487	1491	
208	1405	1493	
206	1492	1405	
239	1493	1492	
1405	1492	1493	
206	1400	1492	
207	1494	1400	
239	1492	1494	
1400	1494	1492	
238	1495	1490	
239	1494	1495	
207	1490	1494	
1495	1494	1490	
208	1496	1408	
240	1497	1496	
209	1408	1497	
1496	1497	1408	
240	1496	1498	
208	1493	1496	
239	1498	1493	
1496	1493	1498	
241	1499	1500	
211	1414	1499	
209	1500	1414	
1499	1414	1500	
241	1500	1501	
209	1497	1500	
240	1501	1497	
1500	1497	1501	
242	1502	1503	
211	1499	1502	
241	1503	1499	
1502	1499	1503	
210	1504	1417	
243	1505	1504	
212	1417	1505	
1504	1505	1417	
211	1506	1412	
243	1504	1506	
210	1412	1504	
1506	1504	1412	
242	1507	1502	
243	1506	1507	
211	1502	1506	
1507	1506	1502	
244	1508	1509	
213	1420	1508	
212	1509	1420	
1508	1420	1509	
244	1509	1510	
212	1505	1509	
243	1510	1505	
1509	1505	1510	
213	1511	1423	
245	1512	1511	
214	1423	1512	
1511	1512	1423	
213	1508	1511	
244	1513	1508	
245	1511	1513	
1508	1513	1511	
214	1514	1426	
246	1515	1514	
215	1426	1515	
1514	1515	1426	
214	1512	1514	
245	1516	1512	
246	1514	1516	
1512	1516	1514	
215	1517	1429	
247	1518	1517	
216	1429	1518	
1517	1518	1429	
247	1517	1519	
215	1515	1517	
246	1519	1515	
1517	1515	1519	
216	1520	1431	
248	847	1520	
217	1431	847	
1520	847	1431	
248	1520	1521	
216	1518	1520	
247	1521	1518	
1520	1518	1521	
249	1522	1523	
227	1459	1522	
218	1523	1459	
1522	1459	1523	
249	1523	1524	
218	1437	1523	
219	1524	1437	
1523	1437	1524	
250	1525	1526	
249	1524	1525	
219	1526	1524	
1525	1524	1526	
251	1527	1528	
219	1440	1527	
220	1528	1440	
1527	1440	1528	
250	1526	1529	
219	1527	1526	
251	1529	1527	
1526	1527	1529	
221	1530	1443	
252	1531	1530	
220	1443	1531	
1530	1531	1443	
251	1528	1532	
220	1531	1528	
252	1532	1531	
1528	1531	1532	
222	1533	1446	
253	1534	1533	
221	1446	1534	
1533	1534	1446	
252	1530	1535	
221	1534	1530	
253	1535	1534	
1530	1534	1535	
223	1536	1449	
254	1537	1536	
222	1449	1537	
1536	1537	1449	
253	1533	1538	
222	1537	1533	
254	1538	1537	
1533	1537	1538	
224	1539	1452	
255	1540	1539	
223	1452	1540	
1539	1540	1452	
254	1536	1541	
223	1540	1536	
255	1541	1540	
1536	1540	1541	
225	1542	1455	
256	1543	1542	
224	1455	1543	
1542	1543	1455	
255	1539	1544	
224	1543	1539	
256	1544	1543	
1539	1543	1544	
226	1545	1456	
257	1546	1545	
225	1456	1546	
1545	1546	1456	
256	1542	1547	
225	1546	1542	
257	1547	1546	
1542	1546	1547	
257	1545	1548	
226	836	1545	
258	1548	836	
1545	836	1548	
259	1549	1550	
230	1469	1549	
227	1550	1469	
1549	1469	1550	
227	1522	1550	
249	1551	1522	
259	1550	1551	
1522	1551	1550	
260	1552	1553	
228	1465	1552	
229	1553	1465	
1552	1465	1553	
228	1552	1471	
260	1554	1552	
231	1471	1554	
1552	1554	1471	
261	1555	1556	
229	1468	1555	
230	1556	1468	
1555	1468	1556	
229	1555	1553	
261	1557	1555	
260	1553	1557	
1555	1557	1553	
230	1549	1556	
259	1558	1549	
261	1556	1558	
1549	1558	1556	
262	1559	1560	
231	1554	1559	
260	1560	1554	
1559	1554	1560	
263	1561	1562	
232	1474	1561	
231	1562	1474	
1561	1474	1562	
231	1559	1562	
262	1563	1559	
263	1562	1563	
1559	1563	1562	
264	1564	1565	
233	1477	1564	
232	1565	1477	
1564	1477	1565	
232	1561	1565	
263	1566	1561	
264	1565	1566	
1561	1566	1565	
265	1567	1568	
235	1483	1567	
233	1568	1483	
1567	1483	1568	
233	1564	1568	
264	1569	1564	
265	1568	1569	
1564	1569	1568	
266	1570	1571	
236	1486	1570	
234	1571	1486	
1570	1486	1571	
234	1481	1571	
235	1572	1481	
266	1571	1572	
1481	1572	1571	
267	1573	1574	
266	1572	1573	
235	1574	1572	
1573	1572	1574	
235	1567	1574	
265	1575	1567	
267	1574	1575	
1567	1575	1574	
268	1576	1577	
237	1489	1576	
236	1577	1489	
1576	1489	1577	
236	1570	1577	
266	1578	1570	
268	1577	1578	
1570	1578	1577	
269	1579	1580	
238	1491	1579	
237	1580	1491	
1579	1491	1580	
269	1580	1581	
237	1576	1580	
268	1581	1576	
1580	1576	1581	
270	1582	1583	
238	1579	1582	
269	1583	1579	
1582	1579	1583	
239	1584	1498	
271	1585	1584	
240	1498	1585	
1584	1585	1498	
238	1586	1495	
271	1584	1586	
239	1495	1584	
1586	1584	1495	
270	1587	1582	
271	1586	1587	
238	1582	1586	
1587	1586	1582	
240	1588	1501	
272	1589	1588	
241	1501	1589	
1588	1589	1501	
272	1588	1590	
240	1585	1588	
271	1590	1585	
1588	1585	1590	
242	1503	1592	
241	1591	1503	
273	1592	1591	
1503	1591	1592	
273	1591	1593	
241	1589	1591	
272	1593	1589	
1591	1589	1593	
242	1594	1507	
274	1595	1594	
243	1507	1595	
1594	1595	1507	
242	1592	1594	
273	1596	1592	
274	1594	1596	
1592	1596	1594	
275	1597	1598	
244	1510	1597	
243	1598	1510	
1597	1510	1598	
274	1599	1595	
275	1598	1599	
243	1595	1598	
1599	1598	1595	
244	1600	1513	
276	1601	1600	
245	1513	1601	
1600	1601	1513	
276	1600	1602	
244	1597	1600	
275	1602	1597	
1600	1597	1602	
245	1603	1516	
277	1604	1603	
246	1516	1604	
1603	1604	1516	
277	1603	1605	
245	1601	1603	
276	1605	1601	
1603	1601	1605	
246	1606	1519	
278	1607	1606	
247	1519	1607	
1606	1607	1519	
278	1606	1608	
246	1604	1606	
277	1608	1604	
1606	1604	1608	
247	1609	1521	
279	848	1609	
248	1521	848	
1609	848	1521	
279	1609	1610	
247	1607	1609	
278	1610	1607	
1609	1607	1610	
280	1611	1612	
259	1551	1611	
249	1612	1551	
1611	1551	1612	
250	1613	1525	
280	1612	1613	
249	1525	1612	
1613	1612	1525	
250	1529	1615	
251	1614	1529	
281	1615	1614	
1529	1614	1615	
250	1615	1613	
281	1616	1615	
280	1613	1616	
1615	1616	1613	
252	1617	1532	
282	1618	1617	
251	1532	1618	
1617	1618	1532	
281	1614	1619	
251	1618	1614	
282	1619	1618	
1614	1618	1619	
253	1620	1535	
283	1621	1620	
252	1535	1621	
1620	1621	1535	
282	1617	1622	
252	1621	1617	
283	1622	1621	
1617	1621	1622	
254	1623	1538	
284	1624	1623	
253	1538	1624	
1623	1624	1538	
283	1620	1625	
253	1624	1620	
284	1625	1624	
1620	1624	1625	
255	1626	1541	
285	1627	1626	
254	1541	1627	
1626	1627	1541	
284	1623	1628	
254	1627	1623	
285	1628	1627	
1623	1627	1628	
256	1629	1544	
286	1630	1629	
255	1544	1630	
1629	1630	1544	
285	1626	1631	
255	1630	1626	
286	1631	1630	
1626	1630	1631	
257	1632	1547	
287	1633	1632	
256	1547	1633	
1632	1633	1547	
286	1629	1634	
256	1633	1629	
287	1634	1633	
1629	1633	1634	
258	1635	1548	
288	1636	1635	
257	1548	1636	
1635	1636	1548	
287	1632	1637	
257	1636	1632	
288	1637	1636	
1632	1636	1637	
288	1635	1638	
258	837	1635	
289	1638	837	
1635	837	1638	
261	1558	1640	
259	1639	1558	
290	1640	1639	
1558	1639	1640	
280	1641	1611	
290	1639	1641	
259	1611	1639	
1641	1639	1611	
291	1642	1643	
260	1557	1642	
261	1643	1557	
1642	1557	1643	
260	1642	1560	
291	1644	1642	
262	1560	1644	
1642	1644	1560	
261	1640	1643	
290	1645	1640	
291	1643	1645	
1640	1645	1643	
292	1646	1647	
262	1644	1646	
291	1647	1644	
1646	1644	1647	
293	1648	1649	
263	1563	1648	
262	1649	1563	
1648	1563	1649	
262	1646	1649	
292	1650	1646	
293	1649	1650	
1646	1650	1649	
294	1651	1652	
264	1566	1651	
263	1652	1566	
1651	1566	1652	
263	1648	1652	
293	1653	1648	
294	1652	1653	
1648	1653	1652	
295	1654	1655	
265	1569	1654	
264	1655	1569	
1654	1569	1655	
264	1651	1655	
294	1656	1651	
295	1655	1656	
1651	1656	1655	
296	1657	1658	
267	1575	1657	
265	1658	1575	
1657	1575	1658	
265	1654	1658	
295	1659	1654	
296	1658	1659	
1654	1659	1658	
297	1660	1661	
268	1578	1660	
266	1661	1578	
1660	1578	1661	
266	1573	1661	
267	1662	1573	
297	1661	1662	
1573	1662	1661	
298	1663	1664	
297	1662	1663	
267	1664	1662	
1663	1662	1664	
267	1657	1664	
296	1665	1657	
298	1664	1665	
1657	1665	1664	
268	1666	1581	
299	1667	1666	
269	1581	1667	
1666	1667	1581	
268	1660	1666	
297	1668	1660	
299	1666	1668	
1660	1668	1666	
270	1583	1670	
269	1669	1583	
300	1670	1669	
1583	1669	1670	
300	1669	1671	
269	1667	1669	
299	1671	1667	
1669	1667	1671	
270	1672	1587	
301	1673	1672	
271	1587	1673	
1672	1673	1587	
270	1670	1672	
300	1674	1670	
301	1672	1674	
1670	1674	1672	
302	1675	1676	
272	1590	1675	
271	1676	1590	
1675	1590	1676	
302	1676	1677	
271	1673	1676	
301	1677	1673	
1676	1673	1677	
272	1678	1593	
303	1679	1678	
273	1593	1679	
1678	1679	1593	
303	1678	1680	
272	1675	1678	
302	1680	1675	
1678	1675	1680	
273	1681	1596	
304	1682	1681	
274	1596	1682	
1681	1682	1596	
304	1681	1683	
273	1679	1681	
303	1683	1679	
1681	1679	1683	
274	1684	1599	
305	1685	1684	
275	1599	1685	
1684	1685	1599	
305	1684	1686	
274	1682	1684	
304	1686	1682	
1684	1682	1686	
275	1687	1602	
306	1688	1687	
276	1602	1688	
1687	1688	1602	
306	1687	1689	
275	1685	1687	
305	1689	1685	
1687	1685	1689	
276	1690	1605	
307	1691	1690	
277	1605	1691	
1690	1691	1605	
307	1690	1692	
276	1688	1690	
306	1692	1688	
1690	1688	1692	
277	1693	1608	
308	1694	1693	
278	1608	1694	
1693	1694	1608	
308	1693	1695	
277	1691	1693	
307	1695	1691	
1693	1691	1695	
278	1696	1610	
309	849	1696	
279	1610	849	
1696	849	1610	
309	1696	1697	
278	1694	1696	
308	1697	1694	
1696	1694	1697	
281	1698	1616	
310	1699	1698	
280	1616	1699	
1698	1699	1616	
290	1641	1700	
280	1699	1641	
310	1700	1699	
1641	1699	1700	
282	1701	1619	
311	1702	1701	
281	1619	1702	
1701	1702	1619	
310	1698	1703	
281	1702	1698	
311	1703	1702	
1698	1702	1703	
283	1704	1622	
312	1705	1704	
282	1622	1705	
1704	1705	1622	
311	1701	1706	
282	1705	1701	
312	1706	1705	
1701	1705	1706	
284	1707	1625	
313	1708	1707	
283	1625	1708	
1707	1708	1625	
312	1704	1709	
283	1708	1704	
313	1709	1708	
1704	1708	1709	
285	1710	1628	
314	1711	1710	
284	1628	1711	
1710	1711	1628	
313	1707	1712	
284	1711	1707	
314	1712	1711	
1707	1711	1712	
286	1713	1631	
315	1714	1713	
285	1631	1714	
1713	1714	1631	
314	1710	1715	
285	1714	1710	
315	1715	1714	
1710	1714	1715	
287	1716	1634	
316	1717	1716	
286	1634	1717	
1716	1717	1634	
315	1713	1718	
286	1717	1713	
316	1718	1717	
1713	1717	1718	
288	1719	1637	
317	1720	1719	
287	1637	1720	
1719	1720	1637	
316	1716	1721	
287	1720	1716	
317	1721	1720	
1716	1720	1721	
289	1722	1638	
318	1723	1722	
288	1638	1723	
1722	1723	1638	
317	1719	1724	
288	1723	1719	
318	1724	1723	
1719	1723	1724	
318	1722	1725	
289	838	1722	
319	1725	838	
1722	838	1725	
291	1645	1727	
290	1726	1645	
320	1727	1726	
1645	1726	1727	
292	1647	1728	
291	1727	1647	
320	1728	1727	
1647	1727	1728	
310	1729	1700	
320	1726	1729	
290	1700	1726	
1729	1726	1700	
321	1730	1731	
292	1728	1730	
320	1731	1728	
1730	1728	1731	
322	1732	1733	
293	1650	1732	
292	1733	1650	
1732	1650	1733	
321	1734	1730	
322	1733	1734	
292	1730	1733	
1734	1733	1730	
323	1735	1736	
294	1653	1735	
293	1736	1653	
1735	1653	1736	
322	1737	1732	
323	1736	1737	
293	1732	1736	
1737	1736	1732	
324	1738	1739	
295	1656	1738	
294	1739	1656	
1738	1656	1739	
294	1735	1739	
323	1740	1735	
324	1739	1740	
1735	1740	1739	
325	1741	1742	
296	1659	1741	
295	1742	1659	
1741	1659	1742	
295	1738	1742	
324	1743	1738	
325	1742	1743	
1738	1743	1742	
326	1744	1745	
298	1665	1744	
296	1745	1665	
1744	1665	1745	
326	1745	1746	
296	1741	1745	
325	1746	1741	
1745	1741	1746	
327	1747	1748	
298	1744	1747	
326	1748	1744	
1747	1744	1748	
297	1749	1668	
328	1750	1749	
299	1668	1750	
1749	1750	1668	
298	1751	1663	
328	1749	1751	
297	1663	1749	
1751	1749	1663	
327	1752	1747	
328	1751	1752	
298	1747	1751	
1752	1751	1747	
300	1671	1754	
299	1753	1671	
329	1754	1753	
1671	1753	1754	
329	1753	1755	
299	1750	1753	
328	1755	1750	
1753	1750	1755	
300	1756	1674	
330	1757	1756	
301	1674	1757	
1756	1757	1674	
300	1754	1756	
329	1758	1754	
330	1756	1758	
1754	1758	1756	
301	1759	1677	
331	1760	1759	
302	1677	1760	
1759	1760	1677	
331	1759	1761	
301	1757	1759	
330	1761	1757	
1759	1757	1761	
302	1762	1680	
332	1763	1762	
303	1680	1763	
1762	1763	1680	
332	1762	1764	
302	1760	1762	
331	1764	1760	
1762	1760	1764	
303	1765	1683	
333	1766	1765	
304	1683	1766	
1765	1766	1683	
333	1765	1767	
303	1763	1765	
332	1767	1763	
1765	1763	1767	
304	1768	1686	
334	1769	1768	
305	1686	1769	
1768	1769	1686	
334	1768	1770	
304	1766	1768	
333	1770	1766	
1768	1766	1770	
305	1771	1689	
335	1772	1771	
306	1689	1772	
1771	1772	1689	
335	1771	1773	
305	1769	1771	
334	1773	1769	
1771	1769	1773	
306	1774	1692	
336	1775	1774	
307	1692	1775	
1774	1775	1692	
336	1774	1776	
306	1772	1774	
335	1776	1772	
1774	1772	1776	
307	1777	1695	
337	1778	1777	
308	1695	1778	
1777	1778	1695	
337	1777	1779	
307	1775	1777	
336	1779	1775	
1777	1775	1779	
308	1780	1697	
338	850	1780	
309	1697	850	
1780	850	1697	
338	1780	1781	
308	1778	1780	
337	1781	1778	
1780	1778	1781	
311	1782	1703	
339	1783	1782	
310	1703	1783	
1782	1783	1703	
339	1784	1783	
320	1729	1784	
310	1783	1729	
1784	1729	1783	
312	1785	1706	
340	1786	1785	
311	1706	1786	
1785	1786	1706	
339	1782	1787	
311	1786	1782	
340	1787	1786	
1782	1786	1787	
313	1788	1709	
341	1789	1788	
312	1709	1789	
1788	1789	1709	
340	1785	1790	
312	1789	1785	
341	1790	1789	
1785	1789	1790	
314	1791	1712	
342	1792	1791	
313	1712	1792	
1791	1792	1712	
341	1788	1793	
313	1792	1788	
342	1793	1792	
1788	1792	1793	
315	1794	1715	
343	1795	1794	
314	1715	1795	
1794	1795	1715	
342	1791	1796	
314	1795	1791	
343	1796	1795	
1791	1795	1796	
316	1797	1718	
344	1798	1797	
315	1718	1798	
1797	1798	1718	
343	1794	1799	
315	1798	1794	
344	1799	1798	
1794	1798	1799	
317	1800	1721	
345	1801	1800	
316	1721	1801	
1800	1801	1721	
344	1797	1802	
316	1801	1797	
345	1802	1801	
1797	1801	1802	
318	1803	1724	
346	1804	1803	
317	1724	1804	
1803	1804	1724	
345	1800	1805	
317	1804	1800	
346	1805	1804	
1800	1804	1805	
319	1806	1725	
347	1807	1806	
318	1725	1807	
1806	1807	1725	
346	1803	1808	
318	1807	1803	
347	1808	1807	
1803	1807	1808	
347	1806	1809	
319	839	1806	
348	1809	839	
1806	839	1809	
349	1810	1811	
320	1784	1810	
339	1811	1784	
1810	1784	1811	
321	1731	1812	
320	1810	1731	
349	1812	1810	
1731	1810	1812	
321	1812	1814	
349	1813	1812	
350	1814	1813	
1812	1813	1814	
321	1814	1734	
350	1815	1814	
322	1734	1815	
1814	1815	1734	
351	1816	1817	
324	1740	1816	
323	1817	1740	
1816	1740	1817	
323	1737	1819	
322	1818	1737	
352	1819	1818	
1737	1818	1819	
322	1815	1818	
350	1820	1815	
352	1818	1820	
1815	1820	1818	
323	1819	1817	
352	1821	1819	
351	1817	1821	
1819	1821	1817	
324	1822	1743	
354	1823	1822	
325	1743	1823	
1822	1823	1743	
324	1816	1822	
351	1824	1816	
354	1822	1824	
1816	1824	1822	
353	1825	1826	
354	1824	1825	
351	1826	1824	
1825	1824	1826	
325	1827	1746	
355	1828	1827	
326	1746	1828	
1827	1828	1746	
355	1827	1829	
325	1823	1827	
354	1829	1823	
1827	1823	1829	
327	1748	1831	
326	1830	1748	
356	1831	1830	
1748	1830	1831	
356	1830	1832	
326	1828	1830	
355	1832	1828	
1830	1828	1832	
327	1833	1752	
357	1834	1833	
328	1752	1834	
1833	1834	1752	
327	1831	1833	
356	1835	1831	
357	1833	1835	
1831	1835	1833	
358	1836	1837	
329	1755	1836	
328	1837	1755	
1836	1755	1837	
358	1837	1838	
328	1834	1837	
357	1838	1834	
1837	1834	1838	
329	1839	1758	
359	1840	1839	
330	1758	1840	
1839	1840	1758	
359	1839	1841	
329	1836	1839	
358	1841	1836	
1839	1836	1841	
330	1842	1761	
360	1843	1842	
331	1761	1843	
1842	1843	1761	
360	1842	1844	
330	1840	1842	
359	1844	1840	
1842	1840	1844	
331	1845	1764	
361	1846	1845	
332	1764	1846	
1845	1846	1764	
361	1845	1847	
331	1843	1845	
360	1847	1843	
1845	1843	1847	
332	1848	1767	
362	1849	1848	
333	1767	1849	
1848	1849	1767	
362	1848	1850	
332	1846	1848	
361	1850	1846	
1848	1846	1850	
333	1851	1770	
363	1852	1851	
334	1770	1852	
1851	1852	1770	
363	1851	1853	
333	1849	1851	
362	1853	1849	
1851	1849	1853	
334	1854	1773	
364	1855	1854	
335	1773	1855	
1854	1855	1773	
364	1854	1856	
334	1852	1854	
363	1856	1852	
1854	1852	1856	
335	1857	1776	
365	1858	1857	
336	1776	1858	
1857	1858	1776	
365	1857	1859	
335	1855	1857	
364	1859	1855	
1857	1855	1859	
336	1860	1779	
366	1861	1860	
337	1779	1861	
1860	1861	1779	
366	1860	1862	
336	1858	1860	
365	1862	1858	
1860	1858	1862	
337	1863	1781	
367	851	1863	
338	1781	851	
1863	851	1781	
367	1863	1864	
337	1861	1863	
366	1864	1861	
1863	1861	1864	
340	1865	1787	
368	1866	1865	
339	1787	1866	
1865	1866	1787	
349	1811	1867	
339	1866	1811	
368	1867	1866	
1811	1866	1867	
341	1868	1790	
369	1869	1868	
340	1790	1869	
1868	1869	1790	
368	1865	1870	
340	1869	1865	
369	1870	1869	
1865	1869	1870	
342	1871	1793	
370	1872	1871	
341	1793	1872	
1871	1872	1793	
369	1868	1873	
341	1872	1868	
370	1873	1872	
1868	1872	1873	
343	1874	1796	
371	1875	1874	
342	1796	1875	
1874	1875	1796	
370	1871	1876	
342	1875	1871	
371	1876	1875	
1871	1875	1876	
344	1877	1799	
372	1878	1877	
343	1799	1878	
1877	1878	1799	
371	1874	1879	
343	1878	1874	
372	1879	1878	
1874	1878	1879	
345	1880	1802	
373	1881	1880	
344	1802	1881	
1880	1881	1802	
372	1877	1882	
344	1881	1877	
373	1882	1881	
1877	1881	1882	
346	1883	1805	
374	1884	1883	
345	1805	1884	
1883	1884	1805	
373	1880	1885	
345	1884	1880	
374	1885	1884	
1880	1884	1885	
347	1886	1808	
376	1887	1886	
346	1808	1887	
1886	1887	1808	
374	1883	1888	
346	1887	1883	
376	1888	1887	
1883	1887	1888	
377	1889	1890	
348	840	1889	
375	1890	840	
1889	840	1890	
348	1889	1809	
377	1891	1889	
347	1809	1891	
1889	1891	1809	
376	1886	1892	
347	1891	1886	
377	1892	1891	
1886	1891	1892	
368	1893	1867	
378	1894	1893	
349	1867	1894	
1893	1894	1867	
350	1813	1895	
349	1894	1813	
378	1895	1894	
1813	1894	1895	
350	1895	1897	
378	1896	1895	
379	1897	1896	
1895	1896	1897	
350	1897	1820	
379	1898	1897	
352	1820	1898	
1897	1898	1820	
379	1899	1898	
380	1900	1899	
352	1898	1900	
1899	1900	1898	
351	1821	1901	
352	1900	1821	
380	1901	1900	
1821	1900	1901	
353	1826	1902	
351	1901	1826	
380	1902	1901	
1826	1901	1902	
381	1903	1904	
353	1902	1903	
380	1904	1902	
1903	1902	1904	
381	1905	1903	
382	1906	1905	
353	1903	1906	
1905	1906	1903	
354	1907	1829	
383	1908	1907	
355	1829	1908	
1907	1908	1829	
353	1909	1825	
383	1907	1909	
354	1825	1907	
1909	1907	1825	
382	1910	1906	
383	1909	1910	
353	1906	1909	
1910	1909	1906	
355	1911	1832	
384	1912	1911	
356	1832	1912	
1911	1912	1832	
384	1911	1913	
355	1908	1911	
383	1913	1908	
1911	1908	1913	
356	1914	1835	
385	1915	1914	
357	1835	1915	
1914	1915	1835	
385	1914	1916	
356	1912	1914	
384	1916	1912	
1914	1912	1916	
357	1917	1838	
386	1918	1917	
358	1838	1918	
1917	1918	1838	
386	1917	1919	
357	1915	1917	
385	1919	1915	
1917	1915	1919	
358	1920	1841	
387	1921	1920	
359	1841	1921	
1920	1921	1841	
387	1920	1922	
358	1918	1920	
386	1922	1918	
1920	1918	1922	
359	1923	1844	
388	1924	1923	
360	1844	1924	
1923	1924	1844	
388	1923	1925	
359	1921	1923	
387	1925	1921	
1923	1921	1925	
360	1926	1847	
389	1927	1926	
361	1847	1927	
1926	1927	1847	
389	1926	1928	
360	1924	1926	
388	1928	1924	
1926	1924	1928	
361	1929	1850	
390	1930	1929	
362	1850	1930	
1929	1930	1850	
390	1929	1931	
361	1927	1929	
389	1931	1927	
1929	1927	1931	
362	1932	1853	
391	1933	1932	
363	1853	1933	
1932	1933	1853	
391	1932	1934	
362	1930	1932	
390	1934	1930	
1932	1930	1934	
363	1935	1856	
392	1936	1935	
364	1856	1936	
1935	1936	1856	
392	1935	1937	
363	1933	1935	
391	1937	1933	
1935	1933	1937	
364	1938	1859	
393	1939	1938	
365	1859	1939	
1938	1939	1859	
393	1938	1940	
364	1936	1938	
392	1940	1936	
1938	1936	1940	
365	1941	1862	
394	1942	1941	
366	1862	1942	
1941	1942	1862	
394	1941	1943	
365	1939	1941	
393	1943	1939	
1941	1939	1943	
366	1944	1864	
395	852	1944	
367	1864	852	
1944	852	1864	
395	1944	1945	
366	1942	1944	
394	1945	1942	
1944	1942	1945	
369	1946	1870	
396	1947	1946	
368	1870	1947	
1946	1947	1870	
378	1893	1948	
368	1947	1893	
396	1948	1947	
1893	1947	1948	
370	1949	1873	
397	1950	1949	
369	1873	1950	
1949	1950	1873	
396	1946	1951	
369	1950	1946	
397	1951	1950	
1946	1950	1951	
371	1952	1876	
398	1953	1952	
370	1876	1953	
1952	1953	1876	
397	1949	1954	
370	1953	1949	
398	1954	1953	
1949	1953	1954	
372	1955	1879	
399	1956	1955	
371	1879	1956	
1955	1956	1879	
398	1952	1957	
371	1956	1952	
399	1957	1956	
1952	1956	1957	
373	1958	1882	
400	1959	1958	
372	1882	1959	
1958	1959	1882	
399	1955	1960	
372	1959	1955	
400	1960	1959	
1955	1959	1960	
374	1961	1885	
401	1962	1961	
373	1885	1962	
1961	1962	1885	
400	1958	1963	
373	1962	1958	
401	1963	1962	
1958	1962	1963	
376	1964	1888	
402	1965	1964	
374	1888	1965	
1964	1965	1888	
401	1961	1966	
374	1965	1961	
402	1966	1965	
1961	1965	1966	
404	1967	1968	
375	841	1967	
403	1968	841	
1967	841	1968	
375	1967	1890	
404	1969	1967	
377	1890	1969	
1967	1969	1890	
405	1970	1971	
377	1969	1970	
404	1971	1969	
1970	1969	1971	
377	1970	1892	
405	1972	1970	
376	1892	1972	
1970	1972	1892	
402	1964	1973	
376	1972	1964	
405	1973	1972	
1964	1972	1973	
396	1974	1948	
406	1975	1974	
378	1948	1975	
1974	1975	1948	
379	1896	1976	
378	1975	1896	
406	1976	1975	
1896	1975	1976	
406	1977	1976	
407	1978	1977	
379	1976	1978	
1977	1978	1976	
407	1979	1978	
380	1899	1979	
379	1978	1899	
1979	1899	1978	
408	1980	1981	
380	1979	1980	
407	1981	1979	
1980	1979	1981	
381	1904	1982	
380	1980	1904	
408	1982	1980	
1904	1980	1982	
381	1982	1984	
408	1983	1982	
409	1984	1983	
1982	1983	1984	
382	1905	1985	
381	1984	1905	
409	1985	1984	
1905	1984	1985	
382	1985	1987	
409	1986	1985	
410	1987	1986	
1985	1986	1987	
382	1987	1910	
410	1988	1987	
383	1910	1988	
1987	1988	1910	
411	1989	1990	
384	1913	1989	
383	1990	1913	
1989	1913	1990	
410	1991	1988	
411	1990	1991	
383	1988	1990	
1991	1990	1988	
384	1992	1916	
412	1993	1992	
385	1916	1993	
1992	1993	1916	
412	1992	1994	
384	1989	1992	
411	1994	1989	
1992	1989	1994	
385	1995	1919	
413	1996	1995	
386	1919	1996	
1995	1996	1919	
413	1995	1997	
385	1993	1995	
412	1997	1993	
1995	1993	1997	
386	1998	1922	
414	1999	1998	
387	1922	1999	
1998	1999	1922	
414	1998	2000	
386	1996	1998	
413	2000	1996	
1998	1996	2000	
387	2001	1925	
415	2002	2001	
388	1925	2002	
2001	2002	1925	
415	2001	2003	
387	1999	2001	
414	2003	1999	
2001	1999	2003	
388	2004	1928	
416	2005	2004	
389	1928	2005	
2004	2005	1928	
416	2004	2006	
388	2002	2004	
415	2006	2002	
2004	2002	2006	
389	2007	1931	
417	2008	2007	
390	1931	2008	
2007	2008	1931	
417	2007	2009	
389	2005	2007	
416	2009	2005	
2007	2005	2009	
390	2010	1934	
418	2011	2010	
391	1934	2011	
2010	2011	1934	
418	2010	2012	
390	2008	2010	
417	2012	2008	
2010	2008	2012	
391	2013	1937	
419	2014	2013	
392	1937	2014	
2013	2014	1937	
419	2013	2015	
391	2011	2013	
418	2015	2011	
2013	2011	2015	
392	2016	1940	
420	2017	2016	
393	1940	2017	
2016	2017	1940	
420	2016	2018	
392	2014	2016	
419	2018	2014	
2016	2014	2018	
393	2019	1943	
421	2020	2019	
394	1943	2020	
2019	2020	1943	
421	2019	2021	
393	2017	2019	
420	2021	2017	
2019	2017	2021	
394	2022	1945	
422	853	2022	
395	1945	853	
2022	853	1945	
422	2022	2023	
394	2020	2022	
421	2023	2020	
2022	2020	2023	
397	2024	1951	
423	2025	2024	
396	1951	2025	
2024	2025	1951	
406	1974	2026	
396	2025	1974	
423	2026	2025	
1974	2025	2026	
398	2027	1954	
424	2028	2027	
397	1954	2028	
2027	2028	1954	
423	2024	2029	
397	2028	2024	
424	2029	2028	
2024	2028	2029	
399	2030	1957	
426	2031	2030	
398	1957	2031	
2030	2031	1957	
424	2027	2032	
398	2031	2027	
426	2032	2031	
2027	2031	2032	
400	2033	1960	
427	2034	2033	
399	1960	2034	
2033	2034	1960	
426	2030	2035	
399	2034	2030	
427	2035	2034	
2030	2034	2035	
401	2036	1963	
428	2037	2036	
400	1963	2037	
2036	2037	1963	
427	2033	2038	
400	2037	2033	
428	2038	2037	
2033	2037	2038	
402	2039	1966	
429	2040	2039	
401	1966	2040	
2039	2040	1966	
428	2036	2041	
401	2040	2036	
429	2041	2040	
2036	2040	2041	
405	2042	1973	
430	2043	2042	
402	1973	2043	
2042	2043	1973	
429	2039	2044	
402	2043	2039	
430	2044	2043	
2039	2043	2044	
431	2045	2046	
403	842	2045	
425	2046	842	
2045	842	2046	
403	2045	1968	
431	2047	2045	
404	1968	2047	
2045	2047	1968	
432	2048	2049	
404	2047	2048	
431	2049	2047	
2048	2047	2049	
404	2048	1971	
432	2050	2048	
405	1971	2050	
2048	2050	1971	
430	2042	2051	
405	2050	2042	
432	2051	2050	
2042	2050	2051	
423	2052	2026	
433	2053	2052	
406	2026	2053	
2052	2053	2026	
407	1977	2054	
406	2053	1977	
433	2054	2053	
1977	2053	2054	
433	2055	2054	
434	2056	2055	
407	2054	2056	
2055	2056	2054	
408	1981	2057	
407	2056	1981	
434	2057	2056	
1981	2056	2057	
434	2058	2057	
435	2059	2058	
408	2057	2059	
2058	2059	2057	
409	1983	2060	
408	2059	1983	
435	2060	2059	
1983	2059	2060	
409	2061	1986	
436	2062	2061	
410	1986	2062	
2061	2062	1986	
409	2060	2061	
435	2063	2060	
436	2061	2063	
2060	2063	2061	
410	2064	1991	
437	2065	2064	
411	1991	2065	
2064	2065	1991	
437	2064	2066	
410	2062	2064	
436	2066	2062	
2064	2062	2066	
411	2067	1994	
438	2068	2067	
412	1994	2068	
2067	2068	1994	
438	2067	2069	
411	2065	2067	
437	2069	2065	
2067	2065	2069	
412	2070	1997	
439	2071	2070	
413	1997	2071	
2070	2071	1997	
439	2070	2072	
412	2068	2070	
438	2072	2068	
2070	2068	2072	
413	2073	2000	
440	2074	2073	
414	2000	2074	
2073	2074	2000	
440	2073	2075	
413	2071	2073	
439	2075	2071	
2073	2071	2075	
414	2076	2003	
441	2077	2076	
415	2003	2077	
2076	2077	2003	
441	2076	2078	
414	2074	2076	
440	2078	2074	
2076	2074	2078	
415	2079	2006	
442	2080	2079	
416	2006	2080	
2079	2080	2006	
442	2079	2081	
415	2077	2079	
441	2081	2077	
2079	2077	2081	
416	2082	2009	
443	2083	2082	
417	2009	2083	
2082	2083	2009	
443	2082	2084	
416	2080	2082	
442	2084	2080	
2082	2080	2084	
417	2085	2012	
444	2086	2085	
418	2012	2086	
2085	2086	2012	
444	2085	2087	
417	2083	2085	
443	2087	2083	
2085	2083	2087	
418	2088	2015	
445	2089	2088	
419	2015	2089	
2088	2089	2015	
445	2088	2090	
418	2086	2088	
444	2090	2086	
2088	2086	2090	
419	2091	2018	
446	2092	2091	
420	2018	2092	
2091	2092	2018	
446	2091	2093	
419	2089	2091	
445	2093	2089	
2091	2089	2093	
420	2094	2021	
447	2095	2094	
421	2021	2095	
2094	2095	2021	
447	2094	2096	
420	2092	2094	
446	2096	2092	
2094	2092	2096	
421	2097	2023	
448	854	2097	
422	2023	854	
2097	854	2023	
448	2097	2098	
421	2095	2097	
447	2098	2095	
2097	2095	2098	
424	2099	2029	
449	2100	2099	
423	2029	2100	
2099	2100	2029	
433	2052	2101	
423	2100	2052	
449	2101	2100	
2052	2100	2101	
426	2102	2032	
450	2103	2102	
424	2032	2103	
2102	2103	2032	
449	2099	2104	
424	2103	2099	
450	2104	2103	
2099	2103	2104	
452	2105	2106	
425	843	2105	
451	2106	843	
2105	843	2106	
425	2105	2046	
452	2107	2105	
431	2046	2107	
2105	2107	2046	
427	2108	2035	
453	2109	2108	
426	2035	2109	
2108	2109	2035	
450	2102	2110	
426	2109	2102	
453	2110	2109	
2102	2109	2110	
428	2111	2038	
454	2112	2111	
427	2038	2112	
2111	2112	2038	
453	2108	2113	
427	2112	2108	
454	2113	2112	
2108	2112	2113	
429	2114	2041	
455	2115	2114	
428	2041	2115	
2114	2115	2041	
454	2111	2116	
428	2115	2111	
455	2116	2115	
2111	2115	2116	
430	2117	2044	
456	2118	2117	
429	2044	2118	
2117	2118	2044	
455	2114	2119	
429	2118	2114	
456	2119	2118	
2114	2118	2119	
432	2120	2051	
457	2121	2120	
430	2051	2121	
2120	2121	2051	
456	2117	2122	
430	2121	2117	
457	2122	2121	
2117	2121	2122	
458	2123	2124	
431	2107	2123	
452	2124	2107	
2123	2107	2124	
431	2123	2049	
458	2125	2123	
432	2049	2125	
2123	2125	2049	
457	2120	2126	
432	2125	2120	
458	2126	2125	
2120	2125	2126	
449	2127	2101	
459	2128	2127	
433	2101	2128	
2127	2128	2101	
434	2055	2129	
433	2128	2055	
459	2129	2128	
2055	2128	2129	
459	2130	2129	
460	2131	2130	
434	2129	2131	
2130	2131	2129	
435	2058	2132	
434	2131	2058	
460	2132	2131	
2058	2131	2132	
461	2133	2134	
435	2132	2133	
460	2134	2132	
2133	2132	2134	
435	2133	2063	
461	2135	2133	
436	2063	2135	
2133	2135	2063	
462	2136	2137	
436	2135	2136	
461	2137	2135	
2136	2135	2137	
463	2138	2139	
437	2066	2138	
436	2139	2066	
2138	2066	2139	
462	2140	2136	
463	2139	2140	
436	2136	2139	
2140	2139	2136	
437	2141	2069	
464	2142	2141	
438	2069	2142	
2141	2142	2069	
464	2141	2143	
437	2138	2141	
463	2143	2138	
2141	2138	2143	
438	2144	2072	
465	2145	2144	
439	2072	2145	
2144	2145	2072	
465	2144	2146	
438	2142	2144	
464	2146	2142	
2144	2142	2146	
439	2147	2075	
466	2148	2147	
440	2075	2148	
2147	2148	2075	
466	2147	2149	
439	2145	2147	
465	2149	2145	
2147	2145	2149	
440	2150	2078	
467	2151	2150	
441	2078	2151	
2150	2151	2078	
467	2150	2152	
440	2148	2150	
466	2152	2148	
2150	2148	2152	
441	2153	2081	
468	2154	2153	
442	2081	2154	
2153	2154	2081	
468	2153	2155	
441	2151	2153	
467	2155	2151	
2153	2151	2155	
442	2156	2084	
469	2157	2156	
443	2084	2157	
2156	2157	2084	
469	2156	2158	
442	2154	2156	
468	2158	2154	
2156	2154	2158	
443	2159	2087	
470	2160	2159	
444	2087	2160	
2159	2160	2087	
470	2159	2161	
443	2157	2159	
469	2161	2157	
2159	2157	2161	
444	2162	2090	
471	2163	2162	
445	2090	2163	
2162	2163	2090	
471	2162	2164	
444	2160	2162	
470	2164	2160	
2162	2160	2164	
445	2165	2093	
472	2166	2165	
446	2093	2166	
2165	2166	2093	
472	2165	2167	
445	2163	2165	
471	2167	2163	
2165	2163	2167	
446	2168	2096	
473	2169	2168	
447	2096	2169	
2168	2169	2096	
473	2168	2170	
446	2166	2168	
472	2170	2166	
2168	2166	2170	
447	2171	2098	
474	855	2171	
448	2098	855	
2171	855	2098	
474	2171	2172	
447	2169	2171	
473	2172	2169	
2171	2169	2172	
450	2173	2104	
476	2174	2173	
449	2104	2174	
2173	2174	2104	
459	2127	2175	
449	2174	2127	
476	2175	2174	
2127	2174	2175	
453	2176	2110	
477	2177	2176	
450	2110	2177	
2176	2177	2110	
476	2173	2178	
450	2177	2173	
477	2178	2177	
2173	2177	2178	
478	2179	2180	
451	844	2179	
475	2180	844	
2179	844	2180	
451	2179	2106	
478	2181	2179	
452	2106	2181	
2179	2181	2106	
479	2182	2183	
452	2181	2182	
478	2183	2181	
2182	2181	2183	
452	2182	2124	
479	2184	2182	
458	2124	2184	
2182	2184	2124	
454	2185	2113	
480	2186	2185	
453	2113	2186	
2185	2186	2113	
477	2176	2187	
453	2186	2176	
480	2187	2186	
2176	2186	2187	
455	2188	2116	
481	2189	2188	
454	2116	2189	
2188	2189	2116	
480	2185	2190	
454	2189	2185	
481	2190	2189	
2185	2189	2190	
456	2191	2119	
482	2192	2191	
455	2119	2192	
2191	2192	2119	
481	2188	2193	
455	2192	2188	
482	2193	2192	
2188	2192	2193	
457	2194	2122	
483	2195	2194	
456	2122	2195	
2194	2195	2122	
482	2191	2196	
456	2195	2191	
483	2196	2195	
2191	2195	2196	
484	2197	2198	
458	2184	2197	
479	2198	2184	
2197	2184	2198	
458	2197	2126	
484	2199	2197	
457	2126	2199	
2197	2199	2126	
483	2194	2200	
457	2199	2194	
484	2200	2199	
2194	2199	2200	
476	2201	2175	
486	2202	2201	
459	2175	2202	
2201	2202	2175	
460	2130	2203	
459	2202	2130	
486	2203	2202	
2130	2202	2203	
486	2204	2203	
487	2205	2204	
460	2203	2205	
2204	2205	2203	
461	2134	2206	
460	2205	2134	
487	2206	2205	
2134	2205	2206	
488	2207	2208	
461	2206	2207	
487	2208	2206	
2207	2206	2208	
462	2137	2209	
461	2207	2137	
488	2209	2207	
2137	2207	2209	
462	2210	2140	
489	2211	2210	
463	2140	2211	
2210	2211	2140	
462	2209	2210	
488	2212	2209	
489	2210	2212	
2209	2212	2210	
463	2213	2143	
490	2214	2213	
464	2143	2214	
2213	2214	2143	
490	2213	2215	
463	2211	2213	
489	2215	2211	
2213	2211	2215	
464	2216	2146	
491	2217	2216	
465	2146	2217	
2216	2217	2146	
491	2216	2218	
464	2214	2216	
490	2218	2214	
2216	2214	2218	
465	2219	2149	
492	2220	2219	
466	2149	2220	
2219	2220	2149	
492	2219	2221	
465	2217	2219	
491	2221	2217	
2219	2217	2221	
466	2222	2152	
493	2223	2222	
467	2152	2223	
2222	2223	2152	
493	2222	2224	
466	2220	2222	
492	2224	2220	
2222	2220	2224	
467	2225	2155	
494	2226	2225	
468	2155	2226	
2225	2226	2155	
494	2225	2227	
467	2223	2225	
493	2227	2223	
2225	2223	2227	
468	2228	2158	
495	2229	2228	
469	2158	2229	
2228	2229	2158	
495	2228	2230	
468	2226	2228	
494	2230	2226	
2228	2226	2230	
469	2231	2161	
496	2232	2231	
470	2161	2232	
2231	2232	2161	
496	2231	2233	
469	2229	2231	
495	2233	2229	
2231	2229	2233	
470	2234	2164	
497	2235	2234	
471	2164	2235	
2234	2235	2164	
497	2234	2236	
470	2232	2234	
496	2236	2232	
2234	2232	2236	
471	2237	2167	
498	2238	2237	
472	2167	2238	
2237	2238	2167	
498	2237	2239	
471	2235	2237	
497	2239	2235	
2237	2235	2239	
472	2240	2170	
499	2241	2240	
473	2170	2241	
2240	2241	2170	
499	2240	2242	
472	2238	2240	
498	2242	2238	
2240	2238	2242	
473	2243	2172	
500	856	2243	
474	2172	856	
2243	856	2172	
500	2243	2244	
473	2241	2243	
499	2244	2241	
2243	2241	2244	
501	2245	2246	
475	866	2245	
485	2246	866	
2245	866	2246	
475	2245	2180	
501	2247	2245	
478	2180	2247	
2245	2247	2180	
477	2248	2178	
502	2249	2248	
476	2178	2249	
2248	2249	2178	
486	2201	2250	
476	2249	2201	
502	2250	2249	
2201	2249	2250	
480	2251	2187	
503	2252	2251	
477	2187	2252	
2251	2252	2187	
502	2248	2253	
477	2252	2248	
503	2253	2252	
2248	2252	2253	
504	2254	2255	
478	2247	2254	
501	2255	2247	
2254	2247	2255	
478	2254	2183	
504	2256	2254	
479	2183	2256	
2254	2256	2183	
505	2257	2258	
479	2256	2257	
504	2258	2256	
2257	2256	2258	
479	2257	2198	
505	2259	2257	
484	2198	2259	
2257	2259	2198	
481	2260	2190	
506	2261	2260	
480	2190	2261	
2260	2261	2190	
503	2251	2262	
480	2261	2251	
506	2262	2261	
2251	2261	2262	
482	2263	2193	
507	2264	2263	
481	2193	2264	
2263	2264	2193	
506	2260	2265	
481	2264	2260	
507	2265	2264	
2260	2264	2265	
483	2266	2196	
508	2267	2266	
482	2196	2267	
2266	2267	2196	
507	2263	2268	
482	2267	2263	
508	2268	2267	
2263	2267	2268	
509	2269	2270	
484	2259	2269	
505	2270	2259	
2269	2259	2270	
484	2269	2200	
509	2271	2269	
483	2200	2271	
2269	2271	2200	
508	2266	2272	
483	2271	2266	
509	2272	2271	
2266	2271	2272	
485	2273	2246	
510	2274	2273	
501	2246	2274	
2273	2274	2246	
510	2273	2275	
485	867	2273	
511	2275	867	
2273	867	2275	
502	2276	2250	
512	2277	2276	
486	2250	2277	
2276	2277	2250	
487	2204	2278	
486	2277	2204	
512	2278	2277	
2204	2277	2278	
512	2279	2278	
513	2280	2279	
487	2278	2280	
2279	2280	2278	
488	2208	2281	
487	2280	2208	
513	2281	2280	
2208	2280	2281	
514	2282	2283	
488	2281	2282	
513	2283	2281	
2282	2281	2283	
489	2212	2284	
488	2282	2212	
514	2284	2282	
2212	2282	2284	
489	2285	2215	
515	2286	2285	
490	2215	2286	
2285	2286	2215	
515	2285	2287	
489	2284	2285	
514	2287	2284	
2285	2284	2287	
490	2288	2218	
516	2289	2288	
491	2218	2289	
2288	2289	2218	
516	2288	2290	
490	2286	2288	
515	2290	2286	
2288	2286	2290	
491	2291	2221	
517	2292	2291	
492	2221	2292	
2291	2292	2221	
517	2291	2293	
491	2289	2291	
516	2293	2289	
2291	2289	2293	
492	2294	2224	
518	2295	2294	
493	2224	2295	
2294	2295	2224	
518	2294	2296	
492	2292	2294	
517	2296	2292	
2294	2292	2296	
493	2297	2227	
519	2298	2297	
494	2227	2298	
2297	2298	2227	
519	2297	2299	
493	2295	2297	
518	2299	2295	
2297	2295	2299	
494	2300	2230	
520	2301	2300	
495	2230	2301	
2300	2301	2230	
520	2300	2302	
494	2298	2300	
519	2302	2298	
2300	2298	2302	
495	2303	2233	
521	2304	2303	
496	2233	2304	
2303	2304	2233	
521	2303	2305	
495	2301	2303	
520	2305	2301	
2303	2301	2305	
496	2306	2236	
522	2307	2306	
497	2236	2307	
2306	2307	2236	
522	2306	2308	
496	2304	2306	
521	2308	2304	
2306	2304	2308	
497	2309	2239	
523	2310	2309	
498	2239	2310	
2309	2310	2239	
523	2309	2311	
497	2307	2309	
522	2311	2307	
2309	2307	2311	
498	2312	2242	
524	2313	2312	
499	2242	2313	
2312	2313	2242	
524	2312	2314	
498	2310	2312	
523	2314	2310	
2312	2310	2314	
499	2315	2244	
525	857	2315	
500	2244	857	
2315	857	2244	
525	2315	2316	
499	2313	2315	
524	2316	2313	
2315	2313	2316	
526	2317	2318	
501	2274	2317	
510	2318	2274	
2317	2274	2318	
501	2317	2255	
526	2319	2317	
504	2255	2319	
2317	2319	2255	
503	2320	2253	
527	2321	2320	
502	2253	2321	
2320	2321	2253	
512	2276	2322	
502	2321	2276	
527	2322	2321	
2276	2321	2322	
506	2323	2262	
528	2324	2323	
503	2262	2324	
2323	2324	2262	
527	2320	2325	
503	2324	2320	
528	2325	2324	
2320	2324	2325	
529	2326	2327	
504	2319	2326	
526	2327	2319	
2326	2319	2327	
504	2326	2258	
529	2328	2326	
505	2258	2328	
2326	2328	2258	
530	2329	2330	
505	2328	2329	
529	2330	2328	
2329	2328	2330	
505	2329	2270	
530	2331	2329	
509	2270	2331	
2329	2331	2270	
507	2332	2265	
531	2333	2332	
506	2265	2333	
2332	2333	2265	
528	2323	2334	
506	2333	2323	
531	2334	2333	
2323	2333	2334	
508	2335	2268	
532	2336	2335	
507	2268	2336	
2335	2336	2268	
531	2332	2337	
507	2336	2332	
532	2337	2336	
2332	2336	2337	
533	2338	2339	
509	2331	2338	
530	2339	2331	
2338	2331	2339	
509	2338	2272	
533	2340	2338	
508	2272	2340	
2338	2340	2272	
532	2335	2341	
508	2340	2335	
533	2341	2340	
2335	2340	2341	
510	2342	2318	
534	2343	2342	
526	2318	2343	
2342	2343	2318	
511	2344	2275	
535	2345	2344	
510	2275	2345	
2344	2345	2275	
534	2342	2346	
510	2345	2342	
535	2346	2345	
2342	2345	2346	
535	2344	2347	
511	868	2344	
536	2347	868	
2344	868	2347	
527	2348	2322	
537	2349	2348	
512	2322	2349	
2348	2349	2322	
537	2350	2349	
513	2279	2350	
512	2349	2279	
2350	2279	2349	
538	2351	2352	
513	2350	2351	
537	2352	2350	
2351	2350	2352	
539	2353	2354	
514	2283	2353	
513	2354	2283	
2353	2283	2354	
538	2355	2351	
539	2354	2355	
513	2351	2354	
2355	2354	2351	
514	2356	2287	
540	2357	2356	
515	2287	2357	
2356	2357	2287	
540	2356	2358	
514	2353	2356	
539	2358	2353	
2356	2353	2358	
515	2359	2290	
541	2360	2359	
516	2290	2360	
2359	2360	2290	
541	2359	2361	
515	2357	2359	
540	2361	2357	
2359	2357	2361	
516	2362	2293	
542	2363	2362	
517	2293	2363	
2362	2363	2293	
542	2362	2364	
516	2360	2362	
541	2364	2360	
2362	2360	2364	
517	2365	2296	
543	2366	2365	
518	2296	2366	
2365	2366	2296	
543	2365	2367	
517	2363	2365	
542	2367	2363	
2365	2363	2367	
518	2368	2299	
544	2369	2368	
519	2299	2369	
2368	2369	2299	
544	2368	2370	
518	2366	2368	
543	2370	2366	
2368	2366	2370	
519	2371	2302	
545	2372	2371	
520	2302	2372	
2371	2372	2302	
545	2371	2373	
519	2369	2371	
544	2373	2369	
2371	2369	2373	
520	2374	2305	
546	2375	2374	
521	2305	2375	
2374	2375	2305	
546	2374	2376	
520	2372	2374	
545	2376	2372	
2374	2372	2376	
521	2377	2308	
547	2378	2377	
522	2308	2378	
2377	2378	2308	
547	2377	2379	
521	2375	2377	
546	2379	2375	
2377	2375	2379	
522	2380	2311	
548	2381	2380	
523	2311	2381	
2380	2381	2311	
548	2380	2382	
522	2378	2380	
547	2382	2378	
2380	2378	2382	
523	2383	2314	
549	2384	2383	
524	2314	2384	
2383	2384	2314	
549	2383	2385	
523	2381	2383	
548	2385	2381	
2383	2381	2385	
524	2386	2316	
550	858	2386	
525	2316	858	
2386	858	2316	
550	2386	2387	
524	2384	2386	
549	2387	2384	
2386	2384	2387	
551	2388	2389	
526	2343	2388	
534	2389	2343	
2388	2343	2389	
526	2388	2327	
551	2390	2388	
529	2327	2390	
2388	2390	2327	
528	2391	2325	
552	2392	2391	
527	2325	2392	
2391	2392	2325	
537	2348	2393	
527	2392	2348	
552	2393	2392	
2348	2392	2393	
531	2394	2334	
553	2395	2394	
528	2334	2395	
2394	2395	2334	
552	2391	2396	
528	2395	2391	
553	2396	2395	
2391	2395	2396	
554	2397	2398	
529	2390	2397	
551	2398	2390	
2397	2390	2398	
529	2397	2330	
554	2399	2397	
530	2330	2399	
2397	2399	2330	
555	2400	2401	
530	2399	2400	
554	2401	2399	
2400	2399	2401	
530	2400	2339	
555	2402	2400	
533	2339	2402	
2400	2402	2339	
532	2403	2337	
556	2404	2403	
531	2337	2404	
2403	2404	2337	
553	2394	2405	
531	2404	2394	
556	2405	2404	
2394	2404	2405	
557	2406	2407	
533	2402	2406	
555	2407	2402	
2406	2402	2407	
533	2406	2341	
557	2408	2406	
532	2341	2408	
2406	2408	2341	
556	2403	2409	
532	2408	2403	
557	2409	2408	
2403	2408	2409	
534	2410	2389	
558	2411	2410	
551	2389	2411	
2410	2411	2389	
535	2412	2346	
560	2413	2412	
534	2346	2413	
2412	2413	2346	
558	2410	2414	
534	2413	2410	
560	2414	2413	
2410	2413	2414	
561	2415	2416	
536	872	2415	
559	2416	872	
2415	872	2416	
536	2415	2347	
561	2417	2415	
535	2347	2417	
2415	2417	2347	
560	2412	2418	
535	2417	2412	
561	2418	2417	
2412	2417	2418	
552	2419	2393	
562	2420	2419	
537	2393	2420	
2419	2420	2393	
538	2352	2421	
537	2420	2352	
562	2421	2420	
2352	2420	2421	
538	2421	2423	
562	2422	2421	
563	2423	2422	
2421	2422	2423	
538	2423	2355	
563	2424	2423	
539	2355	2424	
2423	2424	2355	
539	2425	2358	
564	2426	2425	
540	2358	2426	
2425	2426	2358	
564	2425	2427	
539	2424	2425	
563	2427	2424	
2425	2424	2427	
540	2428	2361	
565	2429	2428	
541	2361	2429	
2428	2429	2361	
565	2428	2430	
540	2426	2428	
564	2430	2426	
2428	2426	2430	
541	2431	2364	
566	2432	2431	
542	2364	2432	
2431	2432	2364	
566	2431	2433	
541	2429	2431	
565	2433	2429	
2431	2429	2433	
542	2434	2367	
567	2435	2434	
543	2367	2435	
2434	2435	2367	
567	2434	2436	
542	2432	2434	
566	2436	2432	
2434	2432	2436	
543	2437	2370	
568	2438	2437	
544	2370	2438	
2437	2438	2370	
568	2437	2439	
543	2435	2437	
567	2439	2435	
2437	2435	2439	
544	2440	2373	
569	2441	2440	
545	2373	2441	
2440	2441	2373	
569	2440	2442	
544	2438	2440	
568	2442	2438	
2440	2438	2442	
545	2443	2376	
570	2444	2443	
546	2376	2444	
2443	2444	2376	
570	2443	2445	
545	2441	2443	
569	2445	2441	
2443	2441	2445	
546	2446	2379	
571	2447	2446	
547	2379	2447	
2446	2447	2379	
571	2446	2448	
546	2444	2446	
570	2448	2444	
2446	2444	2448	
547	2449	2382	
572	2450	2449	
548	2382	2450	
2449	2450	2382	
572	2449	2451	
547	2447	2449	
571	2451	2447	
2449	2447	2451	
548	2452	2385	
573	2453	2452	
549	2385	2453	
2452	2453	2385	
573	2452	2454	
548	2450	2452	
572	2454	2450	
2452	2450	2454	
549	2455	2387	
574	859	2455	
550	2387	859	
2455	859	2387	
574	2455	2456	
549	2453	2455	
573	2456	2453	
2455	2453	2456	
575	2457	2458	
551	2411	2457	
558	2458	2411	
2457	2411	2458	
551	2457	2398	
575	2459	2457	
554	2398	2459	
2457	2459	2398	
553	2460	2396	
576	2461	2460	
552	2396	2461	
2460	2461	2396	
562	2419	2462	
552	2461	2419	
576	2462	2461	
2419	2461	2462	
556	2463	2405	
577	2464	2463	
553	2405	2464	
2463	2464	2405	
576	2460	2465	
553	2464	2460	
577	2465	2464	
2460	2464	2465	
578	2466	2467	
554	2459	2466	
575	2467	2459	
2466	2459	2467	
554	2466	2401	
578	2468	2466	
555	2401	2468	
2466	2468	2401	
579	2469	2470	
555	2468	2469	
578	2470	2468	
2469	2468	2470	
555	2469	2407	
579	2471	2469	
557	2407	2471	
2469	2471	2407	
580	2472	2473	
557	2471	2472	
579	2473	2471	
2472	2471	2473	
557	2472	2409	
580	2474	2472	
556	2409	2474	
2472	2474	2409	
577	2463	2475	
556	2474	2463	
580	2475	2474	
2463	2474	2475	
558	2476	2458	
581	2477	2476	
575	2458	2477	
2476	2477	2458	
560	2478	2414	
583	2479	2478	
558	2414	2479	
2478	2479	2414	
581	2476	2480	
558	2479	2476	
583	2480	2479	
2476	2479	2480	
584	2481	2482	
559	873	2481	
582	2482	873	
2481	873	2482	
559	2481	2416	
584	2483	2481	
561	2416	2483	
2481	2483	2416	
585	2484	2485	
561	2483	2484	
584	2485	2483	
2484	2483	2485	
561	2484	2418	
585	2486	2484	
560	2418	2486	
2484	2486	2418	
583	2478	2487	
560	2486	2478	
585	2487	2486	
2478	2486	2487	
576	2488	2462	
587	2489	2488	
562	2462	2489	
2488	2489	2462	
563	2422	2490	
562	2489	2422	
587	2490	2489	
2422	2489	2490	
563	2491	2427	
588	2492	2491	
564	2427	2492	
2491	2492	2427	
588	2491	2493	
563	2490	2491	
587	2493	2490	
2491	2490	2493	
564	2494	2430	
589	2495	2494	
565	2430	2495	
2494	2495	2430	
589	2494	2496	
564	2492	2494	
588	2496	2492	
2494	2492	2496	
565	2497	2433	
590	2498	2497	
566	2433	2498	
2497	2498	2433	
590	2497	2499	
565	2495	2497	
589	2499	2495	
2497	2495	2499	
566	2500	2436	
591	2501	2500	
567	2436	2501	
2500	2501	2436	
591	2500	2502	
566	2498	2500	
590	2502	2498	
2500	2498	2502	
567	2503	2439	
592	2504	2503	
568	2439	2504	
2503	2504	2439	
592	2503	2505	
567	2501	2503	
591	2505	2501	
2503	2501	2505	
568	2506	2442	
593	2507	2506	
569	2442	2507	
2506	2507	2442	
593	2506	2508	
568	2504	2506	
592	2508	2504	
2506	2504	2508	
569	2509	2445	
594	2510	2509	
570	2445	2510	
2509	2510	2445	
594	2509	2511	
569	2507	2509	
593	2511	2507	
2509	2507	2511	
570	2512	2448	
595	2513	2512	
571	2448	2513	
2512	2513	2448	
595	2512	2514	
570	2510	2512	
594	2514	2510	
2512	2510	2514	
571	2515	2451	
596	2516	2515	
572	2451	2516	
2515	2516	2451	
596	2515	2517	
571	2513	2515	
595	2517	2513	
2515	2513	2517	
572	2518	2454	
597	2519	2518	
573	2454	2519	
2518	2519	2454	
597	2518	2520	
572	2516	2518	
596	2520	2516	
2518	2516	2520	
573	2521	2456	
598	860	2521	
574	2456	860	
2521	860	2456	
598	2521	2522	
573	2519	2521	
597	2522	2519	
2521	2519	2522	
599	2523	2524	
575	2477	2523	
581	2524	2477	
2523	2477	2524	
575	2523	2467	
599	2525	2523	
578	2467	2525	
2523	2525	2467	
577	2526	2465	
600	2527	2526	
576	2465	2527	
2526	2527	2465	
600	2528	2527	
587	2488	2528	
576	2527	2488	
2528	2488	2527	
580	2529	2475	
601	2530	2529	
577	2475	2530	
2529	2530	2475	
600	2526	2531	
577	2530	2526	
601	2531	2530	
2526	2530	2531	
602	2532	2533	
578	2525	2532	
599	2533	2525	
2532	2525	2533	
578	2532	2470	
602	2534	2532	
579	2470	2534	
2532	2534	2470	
603	2535	2536	
579	2534	2535	
602	2536	2534	
2535	2534	2536	
579	2535	2473	
603	2537	2535	
580	2473	2537	
2535	2537	2473	
601	2529	2538	
580	2537	2529	
603	2538	2537	
2529	2537	2538	
581	2539	2524	
604	2540	2539	
599	2524	2540	
2539	2540	2524	
583	2541	2480	
605	2542	2541	
581	2480	2542	
2541	2542	2480	
604	2539	2543	
581	2542	2539	
605	2543	2542	
2539	2542	2543	
606	2544	2545	
582	874	2544	
586	2545	874	
2544	874	2545	
582	2544	2482	
606	2546	2544	
584	2482	2546	
2544	2546	2482	
585	2547	2487	
607	2548	2547	
583	2487	2548	
2547	2548	2487	
605	2541	2549	
583	2548	2541	
607	2549	2548	
2541	2548	2549	
608	2550	2551	
584	2546	2550	
606	2551	2546	
2550	2546	2551	
584	2550	2485	
608	2552	2550	
585	2485	2552	
2550	2552	2485	
607	2547	2553	
585	2552	2547	
608	2553	2552	
2547	2552	2553	
586	2554	2545	
609	2555	2554	
606	2545	2555	
2554	2555	2545	
609	2554	2556	
586	875	2554	
610	2556	875	
2554	875	2556	
611	2557	2558	
587	2528	2557	
600	2558	2528	
2557	2528	2558	
588	2493	2560	
587	2559	2493	
612	2560	2559	
2493	2559	2560	
611	2561	2557	
612	2559	2561	
587	2557	2559	
2561	2559	2557	
588	2562	2496	
613	2563	2562	
589	2496	2563	
2562	2563	2496	
613	2562	2564	
588	2560	2562	
612	2564	2560	
2562	2560	2564	
589	2565	2499	
614	2566	2565	
590	2499	2566	
2565	2566	2499	
614	2565	2567	
589	2563	2565	
613	2567	2563	
2565	2563	2567	
590	2568	2502	
615	2569	2568	
591	2502	2569	
2568	2569	2502	
615	2568	2570	
590	2566	2568	
614	2570	2566	
2568	2566	2570	
591	2571	2505	
616	2572	2571	
592	2505	2572	
2571	2572	2505	
616	2571	2573	
591	2569	2571	
615	2573	2569	
2571	2569	2573	
592	2574	2508	
617	2575	2574	
593	2508	2575	
2574	2575	2508	
617	2574	2576	
592	2572	2574	
616	2576	2572	
2574	2572	2576	
593	2577	2511	
618	2578	2577	
594	2511	2578	
2577	2578	2511	
618	2577	2579	
593	2575	2577	
617	2579	2575	
2577	2575	2579	
594	2580	2514	
619	2581	2580	
595	2514	2581	
2580	2581	2514	
619	2580	2582	
594	2578	2580	
618	2582	2578	
2580	2578	2582	
595	2583	2517	
620	2584	2583	
596	2517	2584	
2583	2584	2517	
620	2583	2585	
595	2581	2583	
619	2585	2581	
2583	2581	2585	
596	2586	2520	
621	2587	2586	
597	2520	2587	
2586	2587	2520	
621	2586	2588	
596	2584	2586	
620	2588	2584	
2586	2584	2588	
597	2589	2522	
622	861	2589	
598	2522	861	
2589	861	2522	
622	2589	2590	
597	2587	2589	
621	2590	2587	
2589	2587	2590	
623	2591	2592	
599	2540	2591	
604	2592	2540	
2591	2540	2592	
599	2591	2533	
623	2593	2591	
602	2533	2593	
2591	2593	2533	
601	2594	2531	
624	2595	2594	
600	2531	2595	
2594	2595	2531	
611	2558	2596	
600	2595	2558	
624	2596	2595	
2558	2595	2596	
603	2597	2538	
625	2598	2597	
601	2538	2598	
2597	2598	2538	
624	2594	2599	
601	2598	2594	
625	2599	2598	
2594	2598	2599	
626	2600	2601	
602	2593	2600	
623	2601	2593	
2600	2593	2601	
602	2600	2536	
626	2602	2600	
603	2536	2602	
2600	2602	2536	
625	2597	2603	
603	2602	2597	
626	2603	2602	
2597	2602	2603	
627	2604	2605	
623	2592	2604	
604	2605	2592	
2604	2592	2605	
605	2606	2543	
628	2607	2606	
604	2543	2607	
2606	2607	2543	
604	2607	2605	
628	2608	2607	
627	2605	2608	
2607	2608	2605	
607	2609	2549	
629	2610	2609	
605	2549	2610	
2609	2610	2549	
628	2606	2611	
605	2610	2606	
629	2611	2610	
2606	2610	2611	
630	2612	2613	
606	2555	2612	
609	2613	2555	
2612	2555	2613	
606	2612	2551	
630	2614	2612	
608	2551	2614	
2612	2614	2551	
631	2615	2616	
608	2614	2615	
630	2616	2614	
2615	2614	2616	
608	2615	2553	
631	2617	2615	
607	2553	2617	
2615	2617	2553	
629	2609	2618	
607	2617	2609	
631	2618	2617	
2609	2617	2618	
632	2619	2620	
630	2613	2619	
609	2620	2613	
2619	2613	2620	
633	2621	2622	
609	2556	2621	
610	2622	2556	
2621	2556	2622	
632	2620	2623	
609	2621	2620	
633	2623	2621	
2620	2621	2623	
633	2622	2624	
610	876	2622	
634	2624	876	
2622	876	2624	
611	2596	2626	
624	2625	2596	
635	2626	2625	
2596	2625	2626	
611	2626	2561	
635	2627	2626	
612	2561	2627	
2626	2627	2561	
612	2628	2564	
636	2629	2628	
613	2564	2629	
2628	2629	2564	
636	2628	2630	
612	2627	2628	
635	2630	2627	
2628	2627	2630	
613	2631	2567	
637	2632	2631	
614	2567	2632	
2631	2632	2567	
637	2631	2633	
613	2629	2631	
636	2633	2629	
2631	2629	2633	
614	2634	2570	
638	2635	2634	
615	2570	2635	
2634	2635	2570	
638	2634	2636	
614	2632	2634	
637	2636	2632	
2634	2632	2636	
615	2637	2573	
639	2638	2637	
616	2573	2638	
2637	2638	2573	
639	2637	2639	
615	2635	2637	
638	2639	2635	
2637	2635	2639	
616	2640	2576	
640	2641	2640	
617	2576	2641	
2640	2641	2576	
640	2640	2642	
616	2638	2640	
639	2642	2638	
2640	2638	2642	
617	2643	2579	
641	2644	2643	
618	2579	2644	
2643	2644	2579	
641	2643	2645	
617	2641	2643	
640	2645	2641	
2643	2641	2645	
618	2646	2582	
642	2647	2646	
619	2582	2647	
2646	2647	2582	
642	2646	2648	
618	2644	2646	
641	2648	2644	
2646	2644	2648	
619	2649	2585	
643	2650	2649	
620	2585	2650	
2649	2650	2585	
643	2649	2651	
619	2647	2649	
642	2651	2647	
2649	2647	2651	
620	2652	2588	
644	2653	2652	
621	2588	2653	
2652	2653	2588	
644	2652	2654	
620	2650	2652	
643	2654	2650	
2652	2650	2654	
621	2655	2590	
645	862	2655	
622	2590	862	
2655	862	2590	
645	2655	2656	
621	2653	2655	
644	2656	2653	
2655	2653	2656	
623	2604	2658	
627	2657	2604	
646	2658	2657	
2604	2657	2658	
646	2659	2658	
626	2601	2659	
623	2658	2601	
2659	2601	2658	
647	2660	2661	
624	2599	2660	
625	2661	2599	
2660	2599	2661	
647	2662	2660	
635	2625	2662	
624	2660	2625	
2662	2625	2660	
648	2663	2664	
626	2659	2663	
646	2664	2659	
2663	2659	2664	
626	2663	2603	
648	2665	2663	
625	2603	2665	
2663	2665	2603	
647	2661	2666	
625	2665	2661	
648	2666	2665	
2661	2665	2666	
649	2667	2668	
635	2662	2667	
647	2668	2662	
2667	2662	2668	
650	2669	2670	
646	2657	2669	
627	2670	2657	
2669	2657	2670	
628	2671	2608	
651	2672	2671	
627	2608	2672	
2671	2672	2608	
650	2670	2673	
627	2672	2670	
651	2673	2672	
2670	2672	2673	
652	2674	2675	
628	2611	2674	
629	2675	2611	
2674	2611	2675	
628	2674	2671	
652	2676	2674	
651	2671	2676	
2674	2676	2671	
653	2677	2678	
629	2618	2677	
631	2678	2618	
2677	2618	2678	
652	2675	2679	
629	2677	2675	
653	2679	2677	
2675	2677	2679	
632	2680	2619	
654	2681	2680	
630	2619	2681	
2680	2681	2619	
630	2681	2616	
654	2682	2681	
631	2616	2682	
2681	2682	2616	
653	2678	2683	
631	2682	2678	
654	2683	2682	
2678	2682	2683	
655	2684	2685	
654	2680	2684	
632	2685	2680	
2684	2680	2685	
656	2686	2687	
632	2623	2686	
633	2687	2623	
2686	2623	2687	
655	2685	2688	
632	2686	2685	
656	2688	2686	
2685	2686	2688	
657	2689	2690	
633	2624	2689	
634	2690	2624	
2689	2624	2690	
656	2687	2691	
633	2689	2687	
657	2691	2689	
2687	2689	2691	
634	877	2690	
658	2692	877	
657	2690	2692	
877	2692	2690	
635	2693	2630	
659	2694	2693	
636	2630	2694	
2693	2694	2630	
649	2695	2667	
659	2693	2695	
635	2667	2693	
2695	2693	2667	
636	2696	2633	
660	2697	2696	
637	2633	2697	
2696	2697	2633	
660	2696	2698	
636	2694	2696	
659	2698	2694	
2696	2694	2698	
637	2699	2636	
661	2700	2699	
638	2636	2700	
2699	2700	2636	
661	2699	2701	
637	2697	2699	
660	2701	2697	
2699	2697	2701	
638	2702	2639	
662	2703	2702	
639	2639	2703	
2702	2703	2639	
662	2702	2704	
638	2700	2702	
661	2704	2700	
2702	2700	2704	
639	2705	2642	
663	2706	2705	
640	2642	2706	
2705	2706	2642	
663	2705	2707	
639	2703	2705	
662	2707	2703	
2705	2703	2707	
640	2708	2645	
664	2709	2708	
641	2645	2709	
2708	2709	2645	
664	2708	2710	
640	2706	2708	
663	2710	2706	
2708	2706	2710	
641	2711	2648	
665	2712	2711	
642	2648	2712	
2711	2712	2648	
665	2711	2713	
641	2709	2711	
664	2713	2709	
2711	2709	2713	
642	2714	2651	
666	2715	2714	
643	2651	2715	
2714	2715	2651	
666	2714	2716	
642	2712	2714	
665	2716	2712	
2714	2712	2716	
643	2717	2654	
667	2718	2717	
644	2654	2718	
2717	2718	2654	
667	2717	2719	
643	2715	2717	
666	2719	2715	
2717	2715	2719	
644	2720	2656	
668	863	2720	
645	2656	863	
2720	863	2656	
668	2720	2721	
644	2718	2720	
667	2721	2718	
2720	2718	2721	
649	2722	2695	
669	2723	2722	
659	2695	2723	
2722	2723	2695	
650	2724	2669	
670	2725	2724	
646	2669	2725	
2724	2725	2669	
648	2664	2726	
646	2725	2664	
670	2726	2725	
2664	2725	2726	
671	2727	2728	
648	2726	2727	
670	2728	2726	
2727	2726	2728	
648	2727	2666	
671	2729	2727	
647	2666	2729	
2727	2729	2666	
649	2668	2730	
647	2729	2668	
671	2730	2729	
2668	2729	2730	
649	2730	2722	
671	2731	2730	
669	2722	2731	
2730	2731	2722	
672	2732	2733	
670	2724	2732	
650	2733	2724	
2732	2724	2733	
673	2734	2735	
650	2673	2734	
651	2735	2673	
2734	2673	2735	
672	2733	2736	
650	2734	2733	
673	2736	2734	
2733	2734	2736	
674	2737	2738	
673	2735	2737	
651	2738	2735	
2737	2735	2738	
675	2739	2740	
651	2676	2739	
652	2740	2676	
2739	2676	2740	
674	2738	2741	
651	2739	2738	
675	2741	2739	
2738	2739	2741	
676	2742	2743	
652	2679	2742	
653	2743	2679	
2742	2679	2743	
676	2744	2742	
675	2740	2744	
652	2742	2740	
2744	2740	2742	
653	2683	2746	
654	2745	2683	
677	2746	2745	
2683	2745	2746	
676	2743	2747	
653	2746	2743	
677	2747	2746	
2743	2746	2747	
655	2748	2684	
678	2749	2748	
654	2684	2749	
2748	2749	2684	
678	2750	2749	
677	2745	2750	
654	2749	2745	
2750	2745	2749	
655	2688	2752	
656	2751	2688	
679	2752	2751	
2688	2751	2752	
655	2752	2748	
679	2753	2752	
678	2748	2753	
2752	2753	2748	
656	2691	2755	
657	2754	2691	
680	2755	2754	
2691	2754	2755	
656	2755	2751	
680	2756	2755	
679	2751	2756	
2755	2756	2751	
681	2757	884	
657	2692	2757	
658	884	2692	
2757	2692	884	
657	2757	2754	
681	2758	2757	
680	2754	2758	
2757	2758	2754	
659	2759	2698	
682	2760	2759	
660	2698	2760	
2759	2760	2698	
682	2759	2761	
659	2723	2759	
669	2761	2723	
2759	2723	2761	
660	2762	2701	
683	2763	2762	
661	2701	2763	
2762	2763	2701	
683	2762	2764	
660	2760	2762	
682	2764	2760	
2762	2760	2764	
661	2765	2704	
684	2766	2765	
662	2704	2766	
2765	2766	2704	
684	2765	2767	
661	2763	2765	
683	2767	2763	
2765	2763	2767	
662	2768	2707	
685	2769	2768	
663	2707	2769	
2768	2769	2707	
685	2768	2770	
662	2766	2768	
684	2770	2766	
2768	2766	2770	
663	2771	2710	
686	2772	2771	
664	2710	2772	
2771	2772	2710	
686	2771	2773	
663	2769	2771	
685	2773	2769	
2771	2769	2773	
664	2774	2713	
687	2775	2774	
665	2713	2775	
2774	2775	2713	
687	2774	2776	
664	2772	2774	
686	2776	2772	
2774	2772	2776	
665	2777	2716	
688	2778	2777	
666	2716	2778	
2777	2778	2716	
688	2777	2779	
665	2775	2777	
687	2779	2775	
2777	2775	2779	
666	2780	2719	
689	2781	2780	
667	2719	2781	
2780	2781	2719	
689	2780	2782	
666	2778	2780	
688	2782	2778	
2780	2778	2782	
667	2783	2721	
690	864	2783	
668	2721	864	
2783	864	2721	
690	2783	2784	
667	2781	2783	
689	2784	2781	
2783	2781	2784	
691	2785	2786	
682	2761	2785	
669	2786	2761	
2785	2761	2786	
672	2787	2732	
692	2788	2787	
670	2732	2788	
2787	2788	2732	
670	2788	2728	
692	2789	2788	
671	2728	2789	
2788	2789	2728	
691	2786	2791	
669	2790	2786	
692	2791	2790	
2786	2790	2791	
669	2731	2790	
671	2789	2731	
692	2790	2789	
2731	2789	2790	
672	2736	2793	
673	2792	2736	
693	2793	2792	
2736	2792	2793	
672	2793	2787	
693	2794	2793	
692	2787	2794	
2793	2794	2787	
674	2795	2737	
694	2796	2795	
673	2737	2796	
2795	2796	2737	
673	2796	2792	
694	2797	2796	
693	2792	2797	
2796	2797	2792	
674	2798	2795	
695	2799	2798	
694	2795	2799	
2798	2799	2795	
674	2741	2798	
675	2800	2741	
695	2798	2800	
2741	2800	2798	
676	2747	2802	
677	2801	2747	
696	2802	2801	
2747	2801	2802	
695	2800	2804	
675	2803	2800	
696	2804	2803	
2800	2803	2804	
676	2802	2744	
696	2803	2802	
675	2744	2803	
2802	2803	2744	
678	2805	2750	
697	2806	2805	
677	2750	2806	
2805	2806	2750	
677	2806	2801	
697	2807	2806	
696	2801	2807	
2806	2807	2801	
679	2808	2753	
698	2809	2808	
678	2753	2809	
2808	2809	2753	
678	2809	2805	
698	2810	2809	
697	2805	2810	
2809	2810	2805	
699	2811	2812	
679	2756	2811	
680	2812	2756	
2811	2756	2812	
679	2811	2808	
699	2813	2811	
698	2808	2813	
2811	2813	2808	
700	2814	885	
680	2758	2814	
681	885	2758	
2814	2758	885	
680	2814	2812	
700	2815	2814	
699	2812	2815	
2814	2815	2812	
682	2816	2764	
701	2817	2816	
683	2764	2817	
2816	2817	2764	
691	2818	2785	
701	2816	2818	
682	2785	2816	
2818	2816	2785	
683	2819	2767	
702	2820	2819	
684	2767	2820	
2819	2820	2767	
702	2819	2821	
683	2817	2819	
701	2821	2817	
2819	2817	2821	
684	2822	2770	
703	2823	2822	
685	2770	2823	
2822	2823	2770	
703	2822	2824	
684	2820	2822	
702	2824	2820	
2822	2820	2824	
685	2825	2773	
704	2826	2825	
686	2773	2826	
2825	2826	2773	
704	2825	2827	
685	2823	2825	
703	2827	2823	
2825	2823	2827	
686	2828	2776	
705	2829	2828	
687	2776	2829	
2828	2829	2776	
705	2828	2830	
686	2826	2828	
704	2830	2826	
2828	2826	2830	
687	2831	2779	
706	2832	2831	
688	2779	2832	
2831	2832	2779	
706	2831	2833	
687	2829	2831	
705	2833	2829	
2831	2829	2833	
688	2834	2782	
707	2835	2834	
689	2782	2835	
2834	2835	2782	
707	2834	2836	
688	2832	2834	
706	2836	2832	
2834	2832	2836	
689	2837	2784	
708	865	2837	
690	2784	865	
2837	865	2784	
708	2837	2838	
689	2835	2837	
707	2838	2835	
2837	2835	2838	
691	2839	2818	
709	2840	2839	
701	2818	2840	
2839	2840	2818	
691	2791	2839	
692	2841	2791	
709	2839	2841	
2791	2841	2839	
693	2842	2794	
710	2843	2842	
692	2794	2843	
2842	2843	2794	
709	2841	2844	
692	2843	2841	
710	2844	2843	
2841	2843	2844	
711	2845	2846	
693	2797	2845	
694	2846	2797	
2845	2797	2846	
693	2845	2842	
711	2847	2845	
710	2842	2847	
2845	2847	2842	
694	2799	2849	
695	2848	2799	
712	2849	2848	
2799	2848	2849	
694	2849	2846	
712	2850	2849	
711	2846	2850	
2849	2850	2846	
695	2804	2852	
696	2851	2804	
713	2852	2851	
2804	2851	2852	
695	2852	2848	
713	2853	2852	
712	2848	2853	
2852	2853	2848	
697	2854	2807	
714	2855	2854	
696	2807	2855	
2854	2855	2807	
713	2851	2856	
696	2855	2851	
714	2856	2855	
2851	2855	2856	
698	2857	2810	
715	2858	2857	
697	2810	2858	
2857	2858	2810	
697	2858	2854	
715	2859	2858	
714	2854	2859	
2858	2859	2854	
699	2860	2813	
716	2861	2860	
698	2813	2861	
2860	2861	2813	
698	2861	2857	
716	2862	2861	
715	2857	2862	
2861	2862	2857	
717	2863	886	
699	2815	2863	
700	886	2815	
2863	2815	886	
699	2863	2860	
717	2864	2863	
716	2860	2864	
2863	2864	2860	
718	2865	2866	
701	2840	2865	
709	2866	2840	
2865	2840	2866	
719	2867	2868	
702	2821	2867	
701	2868	2821	
2867	2821	2868	
718	2869	2865	
719	2868	2869	
701	2865	2868	
2869	2868	2865	
720	2870	2871	
703	2824	2870	
702	2871	2824	
2870	2824	2871	
702	2867	2871	
719	2872	2867	
720	2871	2872	
2867	2872	2871	
703	2873	2827	
721	2874	2873	
704	2827	2874	
2873	2874	2827	
721	2873	2875	
703	2870	2873	
720	2875	2870	
2873	2870	2875	
704	2876	2830	
722	2877	2876	
705	2830	2877	
2876	2877	2830	
722	2876	2878	
704	2874	2876	
721	2878	2874	
2876	2874	2878	
705	2879	2833	
723	2880	2879	
706	2833	2880	
2879	2880	2833	
723	2879	2881	
705	2877	2879	
722	2881	2877	
2879	2877	2881	
706	2882	2836	
724	2883	2882	
707	2836	2883	
2882	2883	2836	
724	2882	2884	
706	2880	2882	
723	2884	2880	
2882	2880	2884	
707	2885	2838	
725	869	2885	
708	2838	869	
2885	869	2838	
725	2885	2886	
707	2883	2885	
724	2886	2883	
2885	2883	2886	
709	2844	2888	
710	2887	2844	
726	2888	2887	
2844	2887	2888	
718	2866	2889	
709	2888	2866	
726	2889	2888	
2866	2888	2889	
711	2890	2847	
727	2891	2890	
710	2847	2891	
2890	2891	2847	
726	2887	2892	
710	2891	2887	
727	2892	2891	
2887	2891	2892	
711	2850	2894	
712	2893	2850	
728	2894	2893	
2850	2893	2894	
728	2895	2894	
727	2890	2895	
711	2894	2890	
2895	2890	2894	
712	2853	2897	
713	2896	2853	
729	2897	2896	
2853	2896	2897	
729	2898	2897	
728	2893	2898	
712	2897	2893	
2898	2893	2897	
714	2899	2856	
730	2900	2899	
713	2856	2900	
2899	2900	2856	
730	2901	2900	
729	2896	2901	
713	2900	2896	
2901	2896	2900	
715	2902	2859	
731	2903	2902	
714	2859	2903	
2902	2903	2859	
730	2899	2904	
714	2903	2899	
731	2904	2903	
2899	2903	2904	
716	2905	2862	
732	2906	2905	
715	2862	2906	
2905	2906	2862	
731	2902	2907	
715	2906	2902	
732	2907	2906	
2902	2906	2907	
716	2864	2908	
717	887	2864	
733	2908	887	
2864	887	2908	
733	2909	2908	
732	2905	2909	
716	2908	2905	
2909	2905	2908	
718	2910	2869	
734	2911	2910	
719	2869	2911	
2910	2911	2869	
718	2889	2910	
726	2912	2889	
734	2910	2912	
2889	2912	2910	
720	2872	2914	
719	2913	2872	
735	2914	2913	
2872	2913	2914	
734	2915	2911	
735	2913	2915	
719	2911	2913	
2915	2913	2911	
720	2916	2875	
736	2917	2916	
721	2875	2917	
2916	2917	2875	
735	2918	2914	
736	2916	2918	
720	2914	2916	
2918	2916	2914	
721	2919	2878	
737	2920	2919	
722	2878	2920	
2919	2920	2878	
737	2919	2921	
721	2917	2919	
736	2921	2917	
2919	2917	2921	
722	2922	2881	
738	2923	2922	
723	2881	2923	
2922	2923	2881	
738	2922	2924	
722	2920	2922	
737	2924	2920	
2922	2920	2924	
723	2925	2884	
739	2926	2925	
724	2884	2926	
2925	2926	2884	
739	2925	2927	
723	2923	2925	
738	2927	2923	
2925	2923	2927	
724	2928	2886	
740	870	2928	
725	2886	870	
2928	870	2886	
740	2928	2929	
724	2926	2928	
739	2929	2926	
2928	2926	2929	
726	2892	2931	
727	2930	2892	
741	2931	2930	
2892	2930	2931	
734	2912	2932	
726	2931	2912	
741	2932	2931	
2912	2931	2932	
727	2895	2934	
728	2933	2895	
742	2934	2933	
2895	2933	2934	
741	2930	2935	
727	2934	2930	
742	2935	2934	
2930	2934	2935	
728	2898	2937	
729	2936	2898	
743	2937	2936	
2898	2936	2937	
743	2938	2937	
742	2933	2938	
728	2937	2933	
2938	2933	2937	
729	2901	2940	
730	2939	2901	
744	2940	2939	
2901	2939	2940	
744	2941	2940	
743	2936	2941	
729	2940	2936	
2941	2936	2940	
730	2904	2943	
731	2942	2904	
745	2943	2942	
2904	2942	2943	
745	2944	2943	
744	2939	2944	
730	2943	2939	
2944	2939	2943	
732	2945	2907	
746	2946	2945	
731	2907	2946	
2945	2946	2907	
746	2947	2946	
745	2942	2947	
731	2946	2942	
2947	2942	2946	
732	2909	2948	
733	888	2909	
747	2948	888	
2909	888	2948	
747	2949	2948	
746	2945	2949	
732	2948	2945	
2949	2945	2948	
735	2915	2951	
734	2950	2915	
748	2951	2950	
2915	2950	2951	
734	2932	2950	
741	2952	2932	
748	2950	2952	
2932	2952	2950	
736	2918	2954	
735	2953	2918	
749	2954	2953	
2918	2953	2954	
748	2955	2951	
749	2953	2955	
735	2951	2953	
2955	2953	2951	
736	2956	2921	
750	2957	2956	
737	2921	2957	
2956	2957	2921	
750	2956	2958	
736	2954	2956	
749	2958	2954	
2956	2954	2958	
737	2959	2924	
751	2960	2959	
738	2924	2960	
2959	2960	2924	
751	2959	2961	
737	2957	2959	
750	2961	2957	
2959	2957	2961	
738	2962	2927	
752	2963	2962	
739	2927	2963	
2962	2963	2927	
752	2962	2964	
738	2960	2962	
751	2964	2960	
2962	2960	2964	
739	2965	2929	
753	871	2965	
740	2929	871	
2965	871	2929	
753	2965	2966	
739	2963	2965	
752	2966	2963	
2965	2963	2966	
741	2935	2968	
742	2967	2935	
754	2968	2967	
2935	2967	2968	
754	2969	2968	
748	2952	2969	
741	2968	2952	
2969	2952	2968	
742	2938	2971	
743	2970	2938	
755	2971	2970	
2938	2970	2971	
755	2972	2971	
754	2967	2972	
742	2971	2967	
2972	2967	2971	
743	2941	2974	
744	2973	2941	
756	2974	2973	
2941	2973	2974	
756	2975	2974	
755	2970	2975	
743	2974	2970	
2975	2970	2974	
744	2944	2977	
745	2976	2944	
757	2977	2976	
2944	2976	2977	
757	2978	2977	
756	2973	2978	
744	2977	2973	
2978	2973	2977	
745	2947	2980	
746	2979	2947	
758	2980	2979	
2947	2979	2980	
758	2981	2980	
757	2976	2981	
745	2980	2976	
2981	2976	2980	
746	2949	2982	
747	889	2949	
759	2982	889	
2949	889	2982	
759	2983	2982	
758	2979	2983	
746	2982	2979	
2983	2979	2982	
749	2955	2985	
748	2984	2955	
760	2985	2984	
2955	2984	2985	
754	2986	2969	
760	2984	2986	
748	2969	2984	
2986	2984	2969	
749	2987	2958	
761	2988	2987	
750	2958	2988	
2987	2988	2958	
761	2987	2989	
749	2985	2987	
760	2989	2985	
2987	2985	2989	
750	2990	2961	
762	2991	2990	
751	2961	2991	
2990	2991	2961	
762	2990	2992	
750	2988	2990	
761	2992	2988	
2990	2988	2992	
751	2993	2964	
763	2994	2993	
752	2964	2994	
2993	2994	2964	
763	2993	2995	
751	2991	2993	
762	2995	2991	
2993	2991	2995	
752	2996	2966	
764	878	2996	
753	2966	878	
2996	878	2966	
764	2996	2997	
752	2994	2996	
763	2997	2994	
2996	2994	2997	
754	2972	2999	
755	2998	2972	
765	2999	2998	
2972	2998	2999	
765	3000	2999	
760	2986	3000	
754	2999	2986	
3000	2986	2999	
766	3001	3002	
760	3000	3001	
765	3002	3000	
3001	3000	3002	
755	2975	3004	
756	3003	2975	
767	3004	3003	
2975	3003	3004	
767	3005	3004	
765	2998	3005	
755	3004	2998	
3005	2998	3004	
756	2978	3007	
757	3006	2978	
768	3007	3006	
2978	3006	3007	
768	3008	3007	
767	3003	3008	
756	3007	3003	
3008	3003	3007	
757	2981	3010	
758	3009	2981	
769	3010	3009	
2981	3009	3010	
769	3011	3010	
768	3006	3011	
757	3010	3006	
3011	3006	3010	
758	2983	3012	
759	890	2983	
770	3012	890	
2983	890	3012	
770	3013	3012	
769	3009	3013	
758	3012	3009	
3013	3009	3012	
760	3014	2989	
771	3015	3014	
761	2989	3015	
3014	3015	2989	
766	3016	3001	
771	3014	3016	
760	3001	3014	
3016	3014	3001	
761	3017	2992	
772	3018	3017	
762	2992	3018	
3017	3018	2992	
772	3017	3019	
761	3015	3017	
771	3019	3015	
3017	3015	3019	
762	3020	2995	
773	3021	3020	
763	2995	3021	
3020	3021	2995	
773	3020	3022	
762	3018	3020	
772	3022	3018	
3020	3018	3022	
763	3023	2997	
774	879	3023	
764	2997	879	
3023	879	2997	
774	3023	3024	
763	3021	3023	
773	3024	3021	
3023	3021	3024	
765	3005	3026	
767	3025	3005	
775	3026	3025	
3005	3025	3026	
766	3002	3027	
765	3026	3002	
775	3027	3026	
3002	3026	3027	
766	3027	3016	
775	3028	3027	
771	3016	3028	
3027	3028	3016	
767	3008	3030	
768	3029	3008	
776	3030	3029	
3008	3029	3030	
767	3030	3025	
776	3031	3030	
775	3025	3031	
3030	3031	3025	
768	3011	3033	
769	3032	3011	
777	3033	3032	
3011	3032	3033	
777	3034	3033	
776	3029	3034	
768	3033	3029	
3034	3029	3033	
769	3013	3035	
770	891	3013	
778	3035	891	
3013	891	3035	
778	3036	3035	
777	3032	3036	
769	3035	3032	
3036	3032	3035	
779	3037	3038	
771	3028	3037	
775	3038	3028	
3037	3028	3038	
780	3039	3040	
772	3019	3039	
771	3040	3019	
3039	3019	3040	
779	3041	3037	
780	3040	3041	
771	3037	3040	
3041	3040	3037	
772	3042	3022	
781	3043	3042	
773	3022	3043	
3042	3043	3022	
780	3044	3039	
781	3042	3044	
772	3039	3042	
3044	3042	3039	
773	3045	3024	
782	880	3045	
774	3024	880	
3045	880	3024	
782	3045	3046	
773	3043	3045	
781	3046	3043	
3045	3043	3046	
783	3047	3048	
775	3031	3047	
776	3048	3031	
3047	3031	3048	
779	3038	3049	
775	3047	3038	
783	3049	3047	
3038	3047	3049	
784	3050	3051	
776	3034	3050	
777	3051	3034	
3050	3034	3051	
783	3048	3052	
776	3050	3048	
784	3052	3050	
3048	3050	3052	
777	3036	3053	
778	892	3036	
785	3053	892	
3036	892	3053	
784	3051	3054	
777	3053	3051	
785	3054	3053	
3051	3053	3054	
779	3049	3056	
783	3055	3049	
786	3056	3055	
3049	3055	3056	
779	3056	3041	
786	3057	3056	
780	3041	3057	
3056	3057	3041	
780	3058	3044	
787	3059	3058	
781	3044	3059	
3058	3059	3044	
786	3060	3057	
787	3058	3060	
780	3057	3058	
3060	3058	3057	
781	3061	3046	
788	881	3061	
782	3046	881	
3061	881	3046	
787	3062	3059	
788	3061	3062	
781	3059	3061	
3062	3061	3059	
784	3063	3052	
789	3064	3063	
783	3052	3064	
3063	3064	3052	
786	3055	3065	
783	3064	3055	
789	3065	3064	
3055	3064	3065	
784	3054	3066	
785	893	3054	
790	3066	893	
3054	893	3066	
789	3063	3067	
784	3066	3063	
790	3067	3066	
3063	3066	3067	
789	3068	3065	
791	3069	3068	
786	3065	3069	
3068	3069	3065	
786	3069	3060	
791	3070	3069	
787	3060	3070	
3069	3070	3060	
787	3071	3062	
792	882	3071	
788	3062	882	
3071	882	3062	
791	3072	3070	
792	3071	3072	
787	3070	3071	
3072	3071	3070	
790	894	3067	
793	3073	894	
789	3067	3073	
894	3073	3067	
791	3068	3074	
789	3073	3068	
793	3074	3073	
3068	3073	3074	
793	895	3074	
794	3075	895	
791	3074	3075	
895	3075	3074	
792	3072	883	
791	3075	3072	
794	883	3075	
3072	3075	883	
