3076
0	-0.5	
0	-0.465517	
0.0204493	-0.472511	
0.0333333	-0.49	
0	-0.431034	
0.0219822	-0.446706	
0.0457513	-0.463112	
0.0666667	-0.48	
0	-0.396552	
0.0269699	-0.414596	
0.0513587	-0.429486	
0.0760297	-0.448642	
0.1	-0.47	
0	-0.362069	
0.027115	-0.380119	
0.0534983	-0.396252	
0.0835659	-0.411355	
0.108836	-0.4379	
0.133333	-0.46	
0	-0.327586	
0.0276197	-0.345333	
0.0543178	-0.361733	
0.080602	-0.37654	
0.104745	-0.385796	
0.119048	-0.408079	
0.141763	-0.429064	
0.166667	-0.45	
0	-0.293103	
0	-0.258621	
0	-0.224138	
0	-0.189655	
0	-0.155172	
0	-0.12069	
0	-0.0862069	
0	-0.0517241	
0	-0.0172414	
0	0.0172414	
0	0.0517241	
0.027784	-0.310534	
0.0551505	-0.327556	
0.0818124	-0.343807	
0.106322	-0.359647	
0.129538	-0.378808	
0.151423	-0.398136	
0.174859	-0.418901	
0.2	-0.44	
0.0279767	-0.276031	
0.0280286	-0.241507	
0.0280365	-0.207021	
0.0281015	-0.172488	
0.0281731	-0.0689762	
0.0281354	-0.137977	
0.02816	-0.103473	
0.0281798	-0.0344863	
0.0281827	-9.36465e-07	
0.0281839	0.0344828	
0	0.0862069	
0.0281758	0.0689545	
0	0.12069	
0	0.155172	
0	0.189655	
0.0557947	-0.293327	
0.0835339	-0.310461	
0.110949	-0.326906	
0.13683	-0.345829	
0.160111	-0.366627	
0.18395	-0.387384	
0.208407	-0.40856	
0.233333	-0.43	
0.0559902	-0.258827	
0.0563455	-0.0517433	
0.0560722	-0.224363	
0.0561403	-0.189832	
0.0562222	-0.155293	
0.0563275	-0.0862465	
0.0562893	-0.120764	
0.0563526	-0.017252	
0.056351	0.0172285	
0.0563409	0.0516972	
0.0281724	0.103431	
0.0563244	0.0861547	
0.0281656	0.137909	
0.0281113	0.172339	
0	0.224138	
0.0280522	0.206798	
0	0.258621	
0	0.293103	
0	0.327586	
0.0839109	-0.275932	
0.112339	-0.292745	
0.144874	-0.308945	
0.169187	-0.33404	
0.192741	-0.355574	
0.217043	-0.376895	
0.241606	-0.398311	
0.266667	-0.42	
0.0839551	-0.241525	
0.0845066	-0.0345147	
0.0844909	-0.0690196	
0.084149	-0.207203	
0.0842364	-0.172625	
0.0843557	-0.13808	
0.0844459	-0.103544	
0.0845047	-2.93527e-05	
0.0844878	0.034436	
0.0844559	0.0688787	
0.0563079	0.120609	
0.0844104	0.103295	
0.056203	0.154967	
0.0560585	0.189312	
0.0279604	0.241245	
0.0558443	0.223648	
0.0277955	0.275665	
0.0272986	0.309952	
0.0263988	0.344495	
0	0.362069	
0	0.396552	
0	0.431034	
0	0.465517	
0.111743	-0.258506	
0.139032	-0.274689	
0.163255	-0.28359	
0.178766	-0.303301	
0.201817	-0.323962	
0.225867	-0.345171	
0.250215	-0.366571	
0.274948	-0.388205	
0.3	-0.41	
0.111819	-0.224244	
0.11264	-0.0172989	
0.112638	-0.0517992	
0.112594	-0.0863231	
0.11214	-0.189904	
0.112302	-0.15535	
0.112485	-0.120848	
0.112617	0.0171708	
0.140714	-0.000116168	
0.112572	0.0516093	
0.112487	0.0860023	
0.0842457	0.137587	
0.112216	0.120237	
0.0840844	0.171845	
0.0838044	0.206062	
0.055597	0.257987	
0.0833979	0.240285	
0.0553642	0.292417	
0.0540462	0.326205	
0.0523207	0.359121	
0.02781	0.37825	
0.027445	0.412631	
0.0217827	0.445122	
0.0205892	0.472225	
0	0.5	
0.139066	-0.241086	
0.164463	-0.256359	
0.189141	-0.274658	
0.211134	-0.292725	
0.234719	-0.313399	
0.258926	-0.334736	
0.283468	-0.356313	
0.308371	-0.378112	
0.333333	-0.4	
0.139574	-0.206775	
0.140746	-0.0345971	
0.140722	-0.0691057	
0.140602	-0.103599	
0.140091	-0.172487	
0.140345	-0.138022	
0.168769	-0.0174366	
0.140642	0.0343173	
0.168662	0.0169928	
0.140494	0.0686764	
0.140246	0.102961	
0.112059	0.154439	
0.139722	0.137055	
0.111995	0.188605	
0.111287	0.222551	
0.0831612	0.274612	
0.110625	0.256796	
0.0823507	0.308678	
0.0797641	0.34128	
0.0789049	0.368135	
0.0614753	0.394475	
0.0536019	0.430355	
0.0452171	0.463162	
0.0333333	0.49	
0.166695	-0.223569	
0.193438	-0.24035	
0.219109	-0.259848	
0.243253	-0.281185	
0.267381	-0.302656	
0.291992	-0.324363	
0.316836	-0.346195	
0.341735	-0.368079	
0.366667	-0.39	
0.167592	-0.189326	
0.168857	-0.0518936	
0.168793	-0.0863874	
0.168438	-0.120706	
0.167978	-0.154976	
0.196792	-0.0347052	
0.196635	-0.000346141	
0.168497	0.0513505	
0.196423	0.0339891	
0.168296	0.0856579	
0.167779	0.119816	
0.139927	0.171192	
0.165989	0.15361	
0.139883	0.205125	
0.138006	0.23843	
0.110845	0.290938	
0.136398	0.272741	
0.10943	0.325059	
0.104928	0.35833	
0.0960361	0.38747	
0.0850645	0.41799	
0.0751106	0.448596	
0.0666667	0.48	
0.195196	-0.205801	
0.226021	-0.221867	
0.251643	-0.248316	
0.276003	-0.270621	
0.300592	-0.292446	
0.325335	-0.314263	
0.350216	-0.33613	
0.375115	-0.358046	
0.4	-0.38	
0.195285	-0.171626	
0.196853	-0.0690754	
0.196712	-0.103475	
0.195982	-0.137545	
0.224769	-0.0517476	
0.224574	-0.0175409	
0.224301	0.0166437	
0.196196	0.0682517	
0.223979	0.0508831	
0.195924	0.102429	
0.194634	0.135935	
0.193813	0.16932	
0.169855	0.188283	
0.168202	0.221673	
0.161656	0.253979	
0.161879	0.279988	
0.143362	0.306906	
0.135331	0.344221	
0.12705	0.376905	
0.116984	0.408141	
0.108704	0.438922	
0.1	0.47	
0.222144	-0.188063	
0.246428	-0.195789	
0.261712	-0.217757	
0.284372	-0.238948	
0.309131	-0.260598	
0.333897	-0.282336	
0.358691	-0.304145	
0.383596	-0.326058	
0.408477	-0.348014	
0.433333	-0.37	
0.222779	-0.154004	
0.224976	-0.0860377	
0.224607	-0.120376	
0.252862	-0.0685797	
0.252374	-0.0344497	
0.252099	-0.000528338	
0.251661	0.0334492	
0.223839	0.0850322	
0.251306	0.0678633	
0.223387	0.119115	
0.220912	0.15132	
0.220932	0.178148	
0.204554	0.204607	
0.195272	0.240082	
0.187489	0.271011	
0.178435	0.300837	
0.168206	0.332519	
0.159028	0.365398	
0.150068	0.397519	
0.141729	0.428806	
0.133333	0.46	
0.246452	-0.169639	
0.271511	-0.187922	
0.293886	-0.207773	
0.317506	-0.228817	
0.34244	-0.250454	
0.367254	-0.272199	
0.392101	-0.294055	
0.416972	-0.315991	
0.44183	-0.337976	
0.466667	-0.36	
0.252195	-0.136763	
0.253712	-0.102567	
0.280334	-0.08447	
0.279858	-0.0508484	
0.280004	-0.0174172	
0.279403	0.0162019	
0.278456	0.049652	
0.252162	0.101598	
0.277886	0.0832995	
0.251206	0.135582	
0.247827	0.167861	
0.237082	0.197489	
0.227926	0.228202	
0.219404	0.260211	
0.210499	0.291327	
0.201548	0.3227	
0.192268	0.354567	
0.183434	0.386792	
0.174963	0.418592	
0.166667	0.45	
0.278558	-0.155443	
0.302663	-0.176022	
0.32657	-0.197013	
0.351081	-0.218605	
0.375822	-0.240274	
0.400633	-0.262065	
0.425483	-0.283966	
0.450337	-0.305936	
0.475177	-0.327952	
0.5	-0.35	
0.287061	-0.118548	
0.305738	-0.0924662	
0.305762	-0.0660214	
0.30779	-0.0341299	
0.307812	-0.000508127	
0.306308	0.0325957	
0.304056	0.0645128	
0.303458	0.0918745	
0.28522	0.118421	
0.277729	0.155174	
0.26988	0.18695	
0.26087	0.218102	
0.252031	0.249548	
0.243248	0.281114	
0.234301	0.31259	
0.225651	0.344388	
0.216897	0.376221	
0.208386	0.408235	
0.2	0.44	
0.311419	-0.143674	
0.335381	-0.165311	
0.359805	-0.186793	
0.384415	-0.208384	
0.40918	-0.230107	
0.434008	-0.251954	
0.458855	-0.273897	
0.483693	-0.295899	
0.508519	-0.317937	
0.533333	-0.34	
0.320946	-0.112794	
0.33131	-0.0835447	
0.336335	-0.0172263	
0.334991	-0.0507482	
0.361783	-0.000169438	
0.337011	0.0169492	
0.334562	0.0497565	
0.329713	0.0819178	
0.321047	0.111637	
0.310849	0.143065	
0.302187	0.175632	
0.293585	0.207443	
0.284841	0.23906	
0.276122	0.270726	
0.267427	0.302437	
0.258678	0.334161	
0.250252	0.366103	
0.241752	0.397988	
0.233333	0.43	
0.344507	-0.133827	
0.368573	-0.155086	
0.393035	-0.176546	
0.417725	-0.198186	
0.442541	-0.219976	
0.467382	-0.241873	
0.49222	-0.263851	
0.566667	-0.33	
0.517045	-0.285875	
0.541859	-0.307928	
0.353516	-0.102723	
0.361349	-0.0709538	
0.36837	-0.0345852	
0.385349	-0.011068	
0.386229	0.00964333	
0.369	0.0339612	
0.3609	0.0694984	
0.352975	0.101593	
0.344069	0.132953	
0.334925	0.164628	
0.326367	0.196671	
0.317757	0.228516	
0.309161	0.26034	
0.300571	0.292181	
0.292041	0.324079	
0.283582	0.356037	
0.27512	0.388008	
0.266667	0.42	
0.37733	-0.123513	
0.401676	-0.144814	
0.426301	-0.166352	
0.451075	-0.188055	
0.475916	-0.209897	
0.500754	-0.231828	
0.525579	-0.253825	
0.6	-0.32	
0.575198	-0.297923	
0.550391	-0.275862	
0.385655	-0.0917066	
0.393729	-0.0597188	
0.402211	-0.0294916	
0.408153	-0.000737098	
0.402002	0.028893	
0.393754	0.0588612	
0.385375	0.0909505	
0.376865	0.122694	
0.368096	0.15433	
0.359414	0.186137	
0.350877	0.21806	
0.342406	0.250022	
0.333927	0.281988	
0.325441	0.313968	
0.316959	0.34597	
0.308479	0.377983	
0.3	0.41	
0.410155	-0.113072	
0.434863	-0.134628	
0.633333	-0.31	
0.459637	-0.156248	
0.484464	-0.177989	
0.5093	-0.199857	
0.534118	-0.221814	
0.558928	-0.243817	
0.608535	-0.287921	
0.583732	-0.265857	
0.418482	-0.081516	
0.426339	-0.050111	
0.433216	-0.0191005	
0.438205	0.015133	
0.42747	0.0494431	
0.418526	0.0809792	
0.409876	0.112527	
0.401258	0.14412	
0.392694	0.175873	
0.384226	0.207803	
0.375803	0.239814	
0.367353	0.271847	
0.358863	0.303883	
0.350348	0.335921	
0.341834	0.367959	
0.333333	0.4	
0.443357	-0.103018	
0.468217	-0.12457	
0.666667	-0.3	
0.641871	-0.277919	
0.493041	-0.146228	
0.517857	-0.167996	
0.54267	-0.18986	
0.56747	-0.211817	
0.59227	-0.233818	
0.617071	-0.255854	
0.451691	-0.071512	
0.45951	-0.0401399	
0.464879	-0.00925623	
0.470189	0.0164369	
0.460627	0.0412394	
0.451703	0.0715531	
0.443096	0.102651	
0.4346	0.134082	
0.426167	0.165731	
0.417693	0.197705	
0.409252	0.229712	
0.400766	0.261764	
0.392245	0.293825	
0.383712	0.325885	
0.375183	0.357942	
0.366667	0.39	
0.7	-0.29	
0.476854	-0.0929665	
0.50172	-0.114552	
0.675206	-0.267918	
0.650408	-0.245854	
0.526484	-0.136244	
0.551245	-0.158025	
0.576019	-0.179892	
0.600808	-0.20183	
0.625607	-0.22382	
0.733333	-0.28	
0.485637	-0.0613571	
0.495298	-0.0295043	
0.49543	0.00241493	
0.49183	0.032673	
0.484399	0.0622918	
0.47626	0.0929591	
0.467974	0.12417	
0.45971	0.155714	
0.451151	0.187678	
0.442659	0.219672	
0.434133	0.251717	
0.425596	0.283785	
0.417061	0.315857	
0.408527	0.347929	
0.4	0.38	
0.70854	-0.257919	
0.51059	-0.0828873	
0.535253	-0.10453	
0.683744	-0.235848	
0.658945	-0.213796	
0.559911	-0.126251	
0.58461	-0.14805	
0.609348	-0.169919	
0.634132	-0.191837	
0.741875	-0.247917	
0.766667	-0.27	
0.519892	-0.0511447	
0.531313	-0.0135566	
0.523604	0.0213675	
0.516744	0.0524283	
0.509205	0.0831851	
0.501237	0.114284	
0.493087	0.145691	
0.484548	0.177671	
0.476022	0.209658	
0.467482	0.241691	
0.458941	0.273759	
0.450405	0.305838	
0.441868	0.33792	
0.433333	0.37	
0.71708	-0.225839	
0.544246	-0.0728047	
0.568658	-0.0944759	
0.692286	-0.203769	
0.667413	-0.181857	
0.593279	-0.116236	
0.617915	-0.138078	
0.642621	-0.159957	
0.750415	-0.215836	
0.775203	-0.237919	
0.8	-0.26	
0.553521	-0.0410989	
0.562817	-0.0148516	
0.556039	0.01127	
0.549264	0.0420952	
0.542057	0.0731741	
0.534394	0.104336	
0.526405	0.135704	
0.517892	0.16767	
0.509362	0.199655	
0.500822	0.231682	
0.492281	0.263748	
0.483744	0.295829	
0.475206	0.327914	
0.466667	0.36	
0.725612	-0.193749	
0.577561	-0.0626912	
0.602064	-0.0843514	
0.700662	-0.171851	
0.675818	-0.14998	
0.626542	-0.10624	
0.651109	-0.128125	
0.758976	-0.183747	
0.833333	-0.25	
0.783743	-0.205843	
0.808511	-0.227918	
0.585744	-0.0313514	
0.587363	0.000749517	
0.581874	0.0318159	
0.575022	0.0630101	
0.567581	0.0942876	
0.559736	0.125709	
0.551233	0.157672	
0.542703	0.189658	
0.534161	0.221683	
0.525618	0.253746	
0.51708	0.285827	
0.50854	0.317913	
0.5	0.35	
0.733878	-0.16185	
0.611063	-0.0521632	
0.635286	-0.0743064	
0.708883	-0.140025	
0.684163	-0.118217	
0.659602	-0.0963556	
0.766632	-0.152195	
0.866667	-0.24	
0.792199	-0.173847	
0.841746	-0.217909	
0.817009	-0.195851	
0.9	-0.23	
0.622479	-0.0134732	
0.615211	0.0211067	
0.608294	0.0527613	
0.600962	0.0841334	
0.59318	0.115637	
0.584607	0.147659	
0.576054	0.17966	
0.567503	0.211687	
0.558956	0.243749	
0.550414	0.275827	
0.541874	0.307912	
0.533333	0.34	
0.741485	-0.130372	
0.644432	-0.0419002	
0.668016	-0.0648286	
0.716683	-0.108556	
0.692139	-0.0868056	
0.773811	-0.120913	
0.79944	-0.142439	
0.874815	-0.207966	
0.825272	-0.163985	
0.850108	-0.185775	
0.907607	-0.198556	
0.933333	-0.22	
0.655646	-0.0156569	
0.64937	0.0119819	
0.641846	0.0428589	
0.63443	0.0740894	
0.626711	0.105564	
0.618015	0.137634	
0.609414	0.169662	
0.600847	0.201694	
0.592293	0.233752	
0.583748	0.265828	
0.575207	0.297913	
0.566667	0.33	
0.748557	-0.0991229	
0.676746	-0.0338152	
0.699886	-0.0558056	
0.723748	-0.0773713	
0.779674	-0.0898212	
0.806621	-0.111176	
0.832106	-0.13252	
0.883102	-0.175715	
0.85859	-0.153252	
0.914556	-0.168331	
0.939726	-0.189114	
0.966667	-0.21	
0.684967	0.0015418	
0.675708	0.0331597	
0.668025	0.0640906	
0.660484	0.0953492	
0.651413	0.127628	
0.642763	0.159676	
0.634188	0.191705	
0.625629	0.223757	
0.617081	0.25583	
0.60854	0.287913	
0.6	0.32	
0.754357	-0.067776	
0.707239	-0.025832	
0.730681	-0.0463141	
0.716534	-0.000217911	
0.782924	-0.0583481	
0.814313	-0.0767431	
0.838497	-0.102661	
0.863308	-0.120662	
0.892991	-0.140435	
0.924635	-0.142361	
0.945527	-0.159148	
0.970668	-0.178648	
1	-0.2	
0.708683	0.0244092	
0.701307	0.0541186	
0.694193	0.0850673	
0.685079	0.117445	
0.676028	0.149737	
0.667513	0.181721	
0.658959	0.213759	
0.650411	0.24583	
0.641872	0.277913	
0.633333	0.31	
0.738238	0.0134382	
0.760559	-0.0356782	
0.738183	-0.0160124	
0.786937	-0.0303509	
0.809773	-0.0436868	
0.833256	-0.054238	
0.847966	-0.0752851	
0.86412	-0.0949004	
0.889788	-0.104221	
0.917333	-0.116399	
0.945481	-0.128534	
0.97205	-0.146769	
1	-0.166667	
0.733309	0.0433928	
0.727534	0.0746551	
0.718647	0.107253	
0.709434	0.139553	
0.700854	0.171726	
0.692288	0.203737	
0.683735	0.235823	
0.675197	0.267911	
0.666667	0.3	
0.758555	0.0304188	
0.772455	-7.46598e-05	
0.80638	-0.0130327	
0.834829	-0.029408	
0.857787	-0.0472295	
0.88064	-0.0708945	
0.914807	-0.0850059	
0.944256	-0.0989887	
0.971993	-0.114754	
1	-0.133333	
0.763322	0.0599775	
0.751229	0.0963463	
0.742293	0.129277	
0.733766	0.161568	
0.725343	0.19369	
0.716947	0.225799	
0.708494	0.257903	
0.7	0.29	
0.78496	0.0346901	
0.805832	0.0159299	
0.833945	0.00132451	
0.859684	-0.0161667	
0.885331	-0.0364195	
0.913161	-0.0524841	
0.943198	-0.0674344	
0.971963	-0.0830865	
1	-0.1	
0.7909	0.0619051	
0.78136	0.0875447	
0.774218	0.119371	
0.766395	0.151536	
0.758277	0.183627	
0.750071	0.215754	
0.74175	0.247886	
0.733333	0.28	
0.811248	0.0487976	
0.835435	0.0334172	
0.861509	0.0172074	
0.887875	-0.000509223	
0.91512	-0.0179046	
0.943108	-0.0346774	
0.971803	-0.050302	
1	-0.0666667	
0.811239	0.0783815	
0.805292	0.109797	
0.79872	0.141712	
0.791118	0.173682	
0.78315	0.20573	
0.774978	0.237858	
0.766667	0.27	
0.837094	0.066117	
0.862983	0.0511266	
0.889155	0.0336201	
0.916198	0.0164503	
0.943878	-0.000462064	
0.972087	-0.0168491	
1	-0.0333333	
0.835036	0.0998129	
0.831184	0.131968	
0.824165	0.163961	
0.816339	0.195896	
0.808222	0.227777	
0.8	0.26	
0.863366	0.0842991	
0.889696	0.0670938	
0.916663	0.0502977	
0.944298	0.0334286	
0.972202	0.0165997	
1	1.38778e-16	
0.866116	0.122232	
0.857823	0.15433	
0.849869	0.186233	
0.841549	0.218036	
0.833333	0.25	
0.889514	0.0990179	
0.891085	0.120719	
0.916497	0.0842011	
0.944234	0.0667732	
0.972119	0.0499685	
1	0.0333333	
0.892638	0.144338	
0.883031	0.177315	
0.874817	0.208426	
0.866667	0.24	
0.914237	0.119013	
0.943742	0.0997688	
0.971983	0.0830252	
1	0.0666667	
0.922298	0.144975	
0.913546	0.170114	
0.907347	0.199315	
0.9	0.23	
0.943632	0.130112	
0.971845	0.115632	
1	0.1	
0.943431	0.160858	
0.939216	0.189993	
0.933333	0.22	
0.971715	0.147571	
1	0.133333	
0.970974	0.17967	
0.966667	0.21	
1	0.166667	
1	0.2	
0	-0.482759	
0	-0.448276	
0	-0.413793	
0	-0.37931	
0	-0.344828	
0	-0.310345	
0	-0.275862	
0	-0.241379	
0	-0.206897	
0	-0.172414	
0	-0.137931	
0	-0.103448	
0	-0.0689655	
0	-0.0344828	
0	-1.38778e-15	
0	0.0344828	
0	0.0689655	
0	0.103448	
0	0.137931	
0	0.172414	
0	0.206897	
0	0.241379	
0	0.275862	
0	0.310345	
0	0.344828	
0	0.37931	
0	0.413793	
0	0.448276	
0	0.482759	
0.0166667	-0.495	
0.05	-0.485	
0.0833333	-0.475	
0.116667	-0.465	
0.15	-0.455	
0.183333	-0.445	
0.216667	-0.435	
0.25	-0.425	
0.283333	-0.415	
0.316667	-0.405	
0.35	-0.395	
0.383333	-0.385	
0.416667	-0.375	
0.45	-0.365	
0.483333	-0.355	
0.516667	-0.345	
0.55	-0.335	
0.583333	-0.325	
0.616667	-0.315	
0.65	-0.305	
0.683333	-0.295	
0.0166667	0.495	
0.05	0.485	
0.0833333	0.475	
0.116667	0.465	
0.15	0.455	
0.183333	0.445	
0.216667	0.435	
0.25	0.425	
0.283333	0.415	
0.316667	0.405	
0.35	0.395	
0.383333	0.385	
0.416667	0.375	
0.45	0.365	
0.483333	0.355	
0.516667	0.345	
0.55	0.335	
0.583333	0.325	
0.616667	0.315	
0.65	0.305	
0.683333	0.295	
0.716667	-0.285	
0.75	-0.275	
0.783333	-0.265	
0.716667	0.285	
0.75	0.275	
0.783333	0.265	
0.816667	-0.255	
0.85	-0.245	
0.883333	-0.235	
0.916667	-0.225	
0.95	-0.215	
0.983333	-0.205	
0.816667	0.255	
0.85	0.245	
0.883333	0.235	
0.916667	0.225	
0.95	0.215	
0.983333	0.205	
1	-0.183333	
1	-0.15	
1	-0.116667	
1	-0.0833333	
1	-0.05	
1	-0.0166667	
1	0.0166667	
1	0.05	
1	0.0833333	
1	0.116667	
1	0.15	
1	0.183333	
0.0102247	-0.469014	
0.0102247	-0.486256	
0.0268913	-0.481256	
0.0109911	-0.43887	
0.0109911	-0.456112	
0.0212158	-0.459609	
0.0395423	-0.476556	
0.0331003	-0.467812	
0.0338667	-0.454909	
0.056209	-0.471556	
0.013485	-0.405574	
0.013485	-0.422815	
0.0244761	-0.430651	
0.0366705	-0.438096	
0.0391643	-0.422041	
0.048555	-0.446299	
0.0713482	-0.464321	
0.0608905	-0.455877	
0.0636942	-0.439064	
0.0880149	-0.459321	
0.0135575	-0.371094	
0.0135575	-0.388335	
0.0270425	-0.397358	
0.0403067	-0.388186	
0.0402341	-0.405424	
0.0524285	-0.412869	
0.0797978	-0.429999	
0.0674623	-0.42042	
0.0685321	-0.403804	
0.104418	-0.45395	
0.0924328	-0.443271	
0.0962008	-0.424627	
0.121085	-0.44895	
0.0138099	-0.33646	
0.0138099	-0.353701	
0.0273674	-0.362726	
0.0409688	-0.353533	
0.0407164	-0.370926	
0.0539081	-0.378993	
0.0674599	-0.369136	
0.0670502	-0.386396	
0.0820839	-0.393948	
0.0926735	-0.381168	
0.0941554	-0.398576	
0.101307	-0.409717	
0.113942	-0.422989	
0.111897	-0.396938	
0.137548	-0.444532	
0.1253	-0.433482	
0.130406	-0.418571	
0.154215	-0.439532	
0.013892	-0.301819	
0.013892	-0.31906	
0.0277019	-0.327934	
0.0414672	-0.319045	
0.0413851	-0.336444	
0.0547341	-0.344644	
0.0684815	-0.335681	
0.0680651	-0.35277	
0.0812072	-0.360173	
0.0940671	-0.351727	
0.0934619	-0.368093	
0.105533	-0.372722	
0.124293	-0.393444	
0.117141	-0.382302	
0.11793	-0.369228	
0.146593	-0.4136	
0.135236	-0.403108	
0.14048	-0.388472	
0.170763	-0.43445	
0.158311	-0.423982	
0.163141	-0.408519	
0.187429	-0.42945	
0.0139884	-0.267326	
0.0139884	-0.284567	
0.0278804	-0.293282	
0.0140143	-0.232822	
0.0140143	-0.250064	
0.0280026	-0.258769	
0.0140182	-0.198338	
0.0140182	-0.21558	
0.0280325	-0.224264	
0.0140507	-0.16383	
0.0140507	-0.181071	
0.028069	-0.189754	
0.0140865	-0.0603502	
0.0140865	-0.0775915	
0.0140677	-0.129333	
0.0140677	-0.146575	
0.0281184	-0.155232	
0.01408	-0.0948398	
0.01408	-0.112081	
0.0281666	-0.0862245	
0.0281477	-0.120725	
0.0140899	-0.0258638	
0.0140899	-0.0431052	
0.0281765	-0.0517312	
0.0140913	0.00862022	
0.0140913	-0.00862116	
0.0281813	-0.0172436	
0.0140919	0.0431035	
0.0140919	0.0258621	
0.0281833	0.0172409	
0.0140879	0.0775807	
0.0140879	0.0603393	
0.0281798	0.0517186	
0.0418857	-0.284679	
0.0417893	-0.301931	
0.0554726	-0.310442	
0.0696643	-0.301894	
0.0693422	-0.319008	
0.0826731	-0.327134	
0.0963805	-0.335357	
0.0972412	-0.318683	
0.108635	-0.343277	
0.133184	-0.362319	
0.121576	-0.352738	
0.123889	-0.336367	
0.155767	-0.382381	
0.144824	-0.372718	
0.14847	-0.356228	
0.179404	-0.403143	
0.167687	-0.39276	
0.17203	-0.377005	
0.204203	-0.42428	
0.191633	-0.41373	
0.196178	-0.397972	
0.22087	-0.41928	
0.0420094	-0.250167	
0.0419834	-0.267429	
0.0558924	-0.276077	
0.0422627	-0.0431148	
0.0422593	-0.0603597	
0.0420543	-0.215692	
0.0420504	-0.232935	
0.0560312	-0.241595	
0.0421209	-0.18116	
0.0420884	-0.198427	
0.0561063	-0.207098	
0.0421788	-0.146635	
0.0421619	-0.16389	
0.0561813	-0.172562	
0.0422503	-0.0776114	
0.0422438	-0.0948596	
0.0563365	-0.0689949	
0.0422247	-0.112118	
0.0422124	-0.12937	
0.0563084	-0.103505	
0.0562558	-0.138028	
0.0422676	-0.00862649	
0.0422662	-0.0258692	
0.056349	-0.0344977	
0.0422674	0.0258556	
0.0422668	0.00861376	
0.0563518	-1.17953e-05	
0.0422583	0.0603258	
0.0422624	0.04309	
0.0563459	0.0344628	
0.0140862	0.112061	
0.0140862	0.0948191	
0.0281741	0.0861929	
0.0422484	0.0947931	
0.0422501	0.0775546	
0.0563327	0.068926	
0.0140828	0.146541	
0.0140828	0.1293	
0.028169	0.12067	
0.0140556	0.180997	
0.0140556	0.163756	
0.0281384	0.155124	
0.0140261	0.215468	
0.0140261	0.198227	
0.0280817	0.189569	
0.0699505	-0.267379	
0.0698528	-0.28463	
0.0837224	-0.293197	
0.0981251	-0.284339	
0.0979365	-0.301603	
0.111644	-0.309825	
0.127911	-0.317925	
0.128606	-0.300845	
0.140852	-0.327387	
0.164649	-0.350333	
0.153008	-0.339934	
0.15703	-0.321492	
0.188346	-0.371479	
0.176426	-0.3611	
0.180964	-0.344807	
0.212725	-0.392728	
0.200496	-0.38214	
0.204892	-0.366235	
0.23747	-0.414156	
0.225007	-0.403435	
0.229324	-0.387603	
0.254136	-0.409156	
0.0700136	-0.232944	
0.0699726	-0.250176	
0.083933	-0.258728	
0.0704296	-0.0258834	
0.070426	-0.043129	
0.0704182	-0.0603814	
0.0704092	-0.0776331	
0.0844987	-0.0517671	
0.0701447	-0.198518	
0.0701106	-0.215783	
0.084052	-0.224364	
0.0702293	-0.163959	
0.0701884	-0.181228	
0.0841927	-0.189914	
0.0703225	-0.129422	
0.0702889	-0.146686	
0.084296	-0.155352	
0.0703867	-0.0948955	
0.0703676	-0.112154	
0.0844684	-0.086282	
0.0844008	-0.120812	
0.0704278	0.00859955	
0.0704286	-0.0086407	
0.0845056	-0.017272	
0.0704143	0.0430666	
0.0704194	0.0258322	
0.0844962	0.0172033	
0.0703902	0.0775167	
0.0703984	0.060288	
0.0844718	0.0516574	
0.0422367	0.129259	
0.0422402	0.11202	
0.0563162	0.103382	
0.0703591	0.111952	
0.0703674	0.0947251	
0.0844332	0.0860871	
0.0421571	0.163653	
0.0421843	0.146438	
0.0562554	0.137788	
0.0420553	0.198055	
0.0420849	0.180826	
0.0561307	0.17214	
0.0139802	0.249933	
0.0139802	0.232691	
0.0280063	0.224022	
0.0419023	0.232447	
0.0419482	0.215223	
0.0559514	0.20648	
0.0138977	0.284384	
0.0138977	0.267143	
0.0278779	0.258455	
0.0136493	0.318769	
0.0136493	0.301528	
0.027547	0.292808	
0.0268487	0.327223	
0.0131994	0.33604	
0.0131994	0.353282	
0.0978489	-0.250015	
0.0978268	-0.267219	
0.112041	-0.275625	
0.125387	-0.266597	
0.125686	-0.283717	
0.141953	-0.291817	
0.151143	-0.27914	
0.154064	-0.296267	
0.16182	-0.306123	
0.173977	-0.31867	
0.171011	-0.293445	
0.197279	-0.339768	
0.185502	-0.329001	
0.190292	-0.313631	
0.221455	-0.361033	
0.209304	-0.350372	
0.213842	-0.334566	
0.245911	-0.382441	
0.233629	-0.371733	
0.238041	-0.355871	
0.270807	-0.404103	
0.258277	-0.393258	
0.262581	-0.377388	
0.287474	-0.399103	
0.097984	-0.215724	
0.097887	-0.232884	
0.111781	-0.241375	
0.0985726	-0.00866413	
0.0985735	-0.0259068	
0.0985721	-0.043157	
0.0985643	-0.0604094	
0.112639	-0.0345491	
0.0985423	-0.0776713	
0.0985198	-0.0949338	
0.112616	-0.0690612	
0.0981883	-0.181264	
0.0981447	-0.198554	
0.11198	-0.207074	
0.0983286	-0.146715	
0.098269	-0.163987	
0.112221	-0.172627	
0.0984653	-0.112196	
0.0984202	-0.129464	
0.112539	-0.103585	
0.112393	-0.138099	
0.0985526	0.0258034	
0.098561	0.00857071	
0.112629	-6.40632e-05	
0.126666	0.0085273	
0.126677	-0.00870753	
0.0985138	0.060244	
0.0985297	0.0430227	
0.112595	0.03439	
0.0984489	0.0946489	
0.0984716	0.0774405	
0.11253	0.0688058	
0.0702244	0.146277	
0.0702768	0.129098	
0.084328	0.120441	
0.0982309	0.128912	
0.0983132	0.111766	
0.112352	0.10312	
0.0700714	0.180579	
0.0701437	0.163406	
0.0841651	0.154716	
0.0698244	0.214855	
0.0699314	0.197687	
0.0839444	0.188953	
0.0416962	0.266826	
0.0417787	0.249616	
0.0557207	0.240817	
0.0694975	0.249136	
0.0696211	0.231966	
0.0836012	0.223173	
0.0413314	0.301184	
0.0415798	0.284041	
0.0554806	0.275202	
0.0402225	0.33535	
0.0406724	0.318078	
0.0547052	0.309311	
0.0393598	0.351808	
0.0531835	0.342663	
0.013905	0.387401	
0.013905	0.370159	
0.0271044	0.361372	
0.0400654	0.368686	
0.0137225	0.421833	
0.0137225	0.404592	
0.0276275	0.395441	
0.0108913	0.45532	
0.0108913	0.438078	
0.0246138	0.428877	
0.0102946	0.468871	
0.0211859	0.458674	
0.0102946	0.486113	
0.125442	-0.232665	
0.125404	-0.249796	
0.139049	-0.257888	
0.151764	-0.248722	
0.151747	-0.265524	
0.163859	-0.269975	
0.183953	-0.288979	
0.176198	-0.279124	
0.176802	-0.265508	
0.206476	-0.308344	
0.19495	-0.298013	
0.200137	-0.283691	
0.230293	-0.329285	
0.218268	-0.318681	
0.222926	-0.303062	
0.25457	-0.350653	
0.242397	-0.339953	
0.246822	-0.324067	
0.279208	-0.372259	
0.266842	-0.361442	
0.271197	-0.345524	
0.304186	-0.394056	
0.29166	-0.383159	
0.29592	-0.367212	
0.320852	-0.389056	
0.125857	-0.19834	
0.125696	-0.21551	
0.13932	-0.223931	
0.126693	-0.025948	
0.126692	-0.0431982	
0.14073	-0.0173566	
0.12668	-0.0604524	
0.126658	-0.0777144	
0.140734	-0.0518514	
0.126598	-0.0949608	
0.126543	-0.112223	
0.140662	-0.0863521	
0.126197	-0.163918	
0.126116	-0.181195	
0.139833	-0.189631	
0.126415	-0.129435	
0.126323	-0.146686	
0.140474	-0.12081	
0.140218	-0.155254	
0.154742	-0.0087764	
0.154758	-0.0260169	
0.126607	0.0429633	
0.12663	0.025744	
0.140678	0.0171006	
0.154652	0.025655	
0.154688	0.00843829	
0.168716	-0.000221934	
0.126491	0.0773394	
0.126533	0.0601429	
0.140568	0.0514969	
0.126231	0.111599	
0.126367	0.0944816	
0.14037	0.0858187	
0.0980718	0.163142	
0.0981525	0.146013	
0.112138	0.137338	
0.125891	0.145747	
0.125969	0.128646	
0.139984	0.120008	
0.0978998	0.197333	
0.0980398	0.180225	
0.112027	0.171522	
0.0973425	0.231418	
0.0975457	0.214306	
0.111641	0.205578	
0.0692627	0.283514	
0.0693791	0.266299	
0.0832796	0.257448	
0.0968933	0.265704	
0.0970117	0.248541	
0.110956	0.239674	
0.0681984	0.317441	
0.0688574	0.300547	
0.082756	0.291645	
0.0660424	0.350201	
0.0669052	0.333742	
0.0810574	0.324979	
0.0656128	0.363628	
0.0793345	0.354707	
0.0446427	0.386363	
0.0444601	0.403553	
0.056898	0.376798	
0.0701901	0.381305	
0.0405234	0.421493	
0.0376923	0.437738	
0.0575386	0.412415	
0.0334999	0.454142	
0.0329032	0.467694	
0.0494095	0.446759	
0.0269612	0.481113	
0.0392752	0.476581	
0.153135	-0.215172	
0.152881	-0.232328	
0.165579	-0.239964	
0.17895	-0.248355	
0.180066	-0.23196	
0.191289	-0.257504	
0.215121	-0.276287	
0.204125	-0.267253	
0.206273	-0.250099	
0.238986	-0.297292	
0.227193	-0.286955	
0.231181	-0.270516	
0.263154	-0.318696	
0.25105	-0.308027	
0.255317	-0.29192	
0.28773	-0.340338	
0.275459	-0.329549	
0.279687	-0.313509	
0.312604	-0.362154	
0.300152	-0.351254	
0.304414	-0.335279	
0.337534	-0.384039	
0.325053	-0.373095	
0.329286	-0.357137	
0.354201	-0.379039	
0.153842	-0.180906	
0.153583	-0.198051	
0.167144	-0.206448	
0.154802	-0.0432453	
0.15479	-0.0604996	
0.168813	-0.0346651	
0.154758	-0.0777465	
0.154698	-0.094993	
0.168825	-0.0691405	
0.15452	-0.112152	
0.154391	-0.129364	
0.168615	-0.103546	
0.154162	-0.146499	
0.154035	-0.163731	
0.168208	-0.137841	
0.167785	-0.172151	
0.182781	-0.0260709	
0.182825	-0.0432994	
0.182648	0.00832331	
0.182702	-0.00889138	
0.196713	-0.0175257	
0.154496	0.0600135	
0.15457	0.0428339	
0.16858	0.0341716	
0.18246	0.0426698	
0.182543	0.0254909	
0.196529	0.0168215	
0.154271	0.0943094	
0.154395	0.0771672	
0.168397	0.0685042	
0.15375	0.128436	
0.154013	0.111389	
0.168037	0.102737	
0.125961	0.179899	
0.125993	0.162816	
0.139824	0.154124	
0.152958	0.162401	
0.152855	0.145332	
0.166884	0.136713	
0.125585	0.213838	
0.125939	0.196865	
0.139905	0.188159	
0.124316	0.247613	
0.124647	0.23049	
0.138945	0.221777	
0.096598	0.299808	
0.0970033	0.282775	
0.110735	0.273867	
0.123622	0.28184	
0.123512	0.264769	
0.137202	0.255585	
0.0958904	0.316869	
0.0945972	0.333169	
0.110138	0.307999	
0.0923462	0.349805	
0.0919166	0.363232	
0.107179	0.341694	
0.0874705	0.377803	
0.0787557	0.390973	
0.100482	0.3729	
0.0693332	0.424173	
0.0732699	0.406233	
0.0905503	0.40273	
0.0601639	0.455879	
0.0643562	0.439475	
0.0800875	0.433293	
0.0559419	0.471581	
0.0708886	0.464298	
0.181394	-0.197563	
0.180946	-0.214685	
0.194317	-0.223076	
0.222565	-0.240858	
0.209729	-0.231109	
0.210609	-0.213834	
0.247448	-0.26475	
0.235376	-0.254082	
0.238832	-0.235091	
0.271692	-0.286638	
0.259628	-0.275903	
0.263823	-0.259468	
0.296292	-0.308404	
0.283987	-0.297551	
0.288297	-0.281534	
0.321086	-0.330229	
0.308664	-0.319313	
0.312964	-0.303354	
0.345976	-0.352104	
0.333526	-0.341163	
0.337776	-0.325196	
0.370891	-0.374023	
0.358425	-0.363062	
0.362665	-0.347088	
0.387557	-0.369023	
0.181632	-0.163301	
0.181438	-0.180476	
0.19524	-0.188713	
0.182855	-0.0604845	
0.182823	-0.0777314	
0.196822	-0.0518903	
0.182752	-0.0949314	
0.182575	-0.11209	
0.196782	-0.0862754	
0.18221	-0.129125	
0.18198	-0.146261	
0.196347	-0.12051	
0.195633	-0.154586	
0.21078	-0.0432264	
0.210811	-0.0604115	
0.210604	-0.0089435	
0.210683	-0.026123	
0.224671	-0.0346442	
0.210362	0.0253164	
0.210468	0.0081488	
0.224437	-0.000448554	
0.182246	0.0769548	
0.182347	0.0598011	
0.19631	0.0511204	
0.210088	0.0595674	
0.210201	0.0424361	
0.22414	0.0337634	
0.181851	0.111123	
0.18211	0.0940436	
0.19606	0.0853405	
0.180311	0.144772	
0.181206	0.127876	
0.195279	0.119182	
0.179901	0.161465	
0.194224	0.152628	
0.154891	0.179738	
0.154869	0.196704	
0.167922	0.170946	
0.181834	0.178802	
0.154043	0.213399	
0.153104	0.230051	
0.169028	0.204978	
0.149027	0.26336	
0.149831	0.246204	
0.164929	0.237826	
0.149139	0.276365	
0.161768	0.266983	
0.127104	0.298922	
0.126396	0.315983	
0.13988	0.289824	
0.15262	0.293447	
0.12013	0.351275	
0.12238	0.33464	
0.139346	0.325564	
0.115989	0.367617	
0.111543	0.382187	
0.13119	0.360563	
0.10651	0.397806	
0.101024	0.413066	
0.122017	0.392523	
0.096884	0.428456	
0.0919071	0.443759	
0.112844	0.423532	
0.0875553	0.459298	
0.104352	0.454461	
0.208714	-0.179845	
0.20867	-0.196932	
0.224083	-0.204965	
0.234286	-0.191926	
0.236225	-0.208828	
0.243867	-0.219812	
0.256678	-0.233036	
0.25407	-0.206773	
0.280187	-0.254785	
0.268008	-0.243632	
0.273042	-0.228353	
0.304862	-0.276522	
0.292567	-0.26561	
0.296752	-0.249773	
0.329616	-0.2983	
0.317245	-0.287391	
0.321514	-0.271467	
0.354454	-0.320137	
0.342013	-0.309204	
0.346294	-0.293241	
0.379355	-0.342052	
0.366906	-0.331094	
0.371143	-0.315102	
0.404239	-0.364007	
0.391796	-0.35303	
0.396037	-0.337036	
0.420905	-0.359007	
0.20938	-0.145775	
0.209032	-0.162815	
0.222462	-0.171034	
0.210914	-0.0775565	
0.210844	-0.0947566	
0.224873	-0.0688926	
0.210659	-0.111926	
0.210294	-0.128961	
0.224792	-0.103207	
0.223693	-0.13719	
0.238815	-0.0601636	
0.238919	-0.0773087	
0.238474	-0.0259953	
0.238571	-0.0430986	
0.252618	-0.0515147	
0.2382	0.0080577	
0.238337	-0.0090346	
0.252237	-0.017489	
0.23782	0.0421662	
0.237981	0.0250465	
0.25188	0.0164604	
0.209881	0.0937307	
0.210017	0.0766419	
0.223909	0.0679577	
0.237572	0.0764477	
0.237643	0.0593732	
0.251484	0.0506562	
0.20901	0.127525	
0.209655	0.110772	
0.223613	0.102074	
0.207362	0.16032	
0.207773	0.143628	
0.222149	0.135218	
0.207373	0.173734	
0.220922	0.164734	
0.187205	0.196445	
0.186378	0.21314	
0.199184	0.186964	
0.212743	0.191378	
0.181737	0.230877	
0.178464	0.24703	
0.199913	0.222344	
0.174573	0.262495	
0.174684	0.2755	
0.19138	0.255546	
0.170157	0.290413	
0.160899	0.303872	
0.182962	0.285924	
0.151768	0.33837	
0.155784	0.319713	
0.173321	0.316678	
0.147179	0.354809	
0.143039	0.371151	
0.163617	0.348958	
0.138559	0.387212	
0.133526	0.40283	
0.154548	0.381459	
0.129357	0.418474	
0.125216	0.433864	
0.145898	0.413163	
0.121018	0.449461	
0.137531	0.444403	
0.234616	-0.161822	
0.234298	-0.178851	
0.24644	-0.182714	
0.266612	-0.20284	
0.25897	-0.191856	
0.258982	-0.178781	
0.289129	-0.223361	
0.277799	-0.212765	
0.282698	-0.197848	
0.313319	-0.244707	
0.300939	-0.233883	
0.305696	-0.218295	
0.338169	-0.266395	
0.325786	-0.255526	
0.329973	-0.239635	
0.362972	-0.288172	
0.350575	-0.277268	
0.354847	-0.261326	
0.387848	-0.310056	
0.375396	-0.2991	
0.379677	-0.283127	
0.412724	-0.332002	
0.400284	-0.321024	
0.404536	-0.305023	
0.437582	-0.353988	
0.425154	-0.342995	
0.429401	-0.326983	
0.454248	-0.348988	
0.237487	-0.145384	
0.238401	-0.12857	
0.249324	-0.153201	
0.239344	-0.0943022	
0.239159	-0.111472	
0.253287	-0.0855732	
0.252953	-0.119665	
0.266598	-0.0765248	
0.267023	-0.0935183	
0.266116	-0.0426491	
0.26636	-0.059714	
0.280096	-0.0676592	
0.266052	-0.00897276	
0.266189	-0.0259335	
0.279931	-0.0341328	
0.265532	0.0248255	
0.265751	0.00783678	
0.279703	-0.000607637	
0.264881	0.0587576	
0.265059	0.0415506	
0.27893	0.032927	
0.237775	0.110357	
0.238	0.0933152	
0.251734	0.0847307	
0.265024	0.0924488	
0.264596	0.0755814	
0.278171	0.0664758	
0.237297	0.127348	
0.236059	0.143451	
0.251684	0.11859	
0.234369	0.159591	
0.23438	0.173005	
0.249517	0.151721	
0.229007	0.187819	
0.220818	0.201048	
0.242455	0.182675	
0.211599	0.234142	
0.21624	0.216404	
0.232504	0.212845	
0.207338	0.250146	
0.203446	0.265611	
0.223665	0.244206	
0.198994	0.281169	
0.194467	0.296082	
0.214952	0.275769	
0.189991	0.311769	
0.184877	0.32761	
0.206023	0.307013	
0.180237	0.343543	
0.175648	0.359983	
0.196908	0.338634	
0.171231	0.376095	
0.166751	0.392156	
0.187851	0.37068	
0.162515	0.408056	
0.158346	0.423699	
0.179198	0.402692	
0.154198	0.439403	
0.170815	0.434296	
0.275035	-0.171683	
0.262505	-0.162541	
0.265376	-0.146103	
0.298275	-0.191898	
0.287087	-0.181972	
0.290611	-0.165733	
0.322038	-0.212915	
0.310228	-0.202393	
0.314617	-0.186517	
0.346761	-0.234529	
0.334294	-0.223711	
0.338825	-0.207809	
0.371538	-0.256236	
0.359131	-0.245364	
0.363452	-0.229439	
0.396367	-0.27806	
0.383943	-0.267132	
0.388227	-0.251169	
0.421227	-0.299978	
0.408792	-0.28901	
0.413058	-0.273015	
0.446083	-0.321956	
0.433654	-0.310964	
0.43791	-0.294951	
0.470922	-0.343976	
0.458503	-0.332964	
0.462757	-0.316944	
0.487588	-0.338976	
0.269628	-0.127656	
0.270386	-0.110557	
0.283697	-0.101509	
0.28281	-0.136996	
0.293036	-0.0884681	
0.296399	-0.105507	
0.29281	-0.0584349	
0.293048	-0.0752457	
0.30575	-0.0792438	
0.293897	-0.0257735	
0.293824	-0.0424891	
0.306776	-0.0500756	
0.293607	0.00784689	
0.293908	-0.00896265	
0.307801	-0.017319	
0.292382	0.0411239	
0.292855	0.0243988	
0.30706	0.0160438	
0.290971	0.0739062	
0.291256	0.0570824	
0.305182	0.0485543	
0.290672	0.087587	
0.303757	0.0781937	
0.268691	0.11001	
0.268213	0.127001	
0.281553	0.10086	
0.294339	0.105148	
0.264467	0.145378	
0.262778	0.161517	
0.281474	0.136797	
0.258853	0.177406	
0.253481	0.19222	
0.273804	0.171062	
0.248976	0.207796	
0.244398	0.223152	
0.265375	0.202526	
0.239979	0.238875	
0.235718	0.254879	
0.256451	0.233825	
0.231326	0.270662	
0.226874	0.28622	
0.247639	0.265331	
0.2224	0.301958	
0.217924	0.317645	
0.238774	0.296852	
0.213599	0.333544	
0.20896	0.349478	
0.229976	0.328489	
0.204583	0.365394	
0.200166	0.381506	
0.221274	0.360304	
0.19591	0.397514	
0.191674	0.413414	
0.212641	0.392228	
0.187481	0.429296	
0.204193	0.424118	
0.307041	-0.159848	
0.294989	-0.149559	
0.29924	-0.131111	
0.330975	-0.181162	
0.319022	-0.170667	
0.3234	-0.154493	
0.355443	-0.202699	
0.343188	-0.191903	
0.347593	-0.176052	
0.380118	-0.224329	
0.367748	-0.213494	
0.37211	-0.197588	
0.404906	-0.246086	
0.392501	-0.235191	
0.396797	-0.219246	
0.429745	-0.26796	
0.41732	-0.257009	
0.421594	-0.241031	
0.454596	-0.289917	
0.442169	-0.278932	
0.446431	-0.262926	
0.479435	-0.311925	
0.467015	-0.300918	
0.471274	-0.284898	
0.50426	-0.333968	
0.491848	-0.322944	
0.496106	-0.306918	
0.520926	-0.328968	
0.304004	-0.115671	
0.316183	-0.128234	
0.313342	-0.10263	
0.326128	-0.0981694	
0.318524	-0.0880054	
0.318536	-0.074783	
0.322074	-0.0088672	
0.322063	-0.0256781	
0.320377	-0.0583848	
0.321391	-0.042439	
0.333151	-0.0671464	
0.335663	-0.0339873	
0.322411	0.00822055	
0.321659	0.0247725	
0.336673	-0.000138523	
0.349397	0.0083899	
0.349059	-0.00869786	
0.320435	0.0411761	
0.319309	0.0571346	
0.335786	0.0333528	
0.316884	0.0732153	
0.316585	0.0868962	
0.332137	0.0658371	
0.312252	0.101756	
0.303133	0.115029	
0.32538	0.0967776	
0.294289	0.149119	
0.298034	0.130743	
0.315948	0.127351	
0.289958	0.165403	
0.286034	0.181291	
0.306518	0.159348	
0.281732	0.197197	
0.277227	0.212773	
0.297886	0.191537	
0.272855	0.228581	
0.268436	0.244304	
0.289213	0.223252	
0.264077	0.260137	
0.259685	0.27592	
0.280482	0.254893	
0.255337	0.291775	
0.250864	0.307513	
0.271775	0.286581	
0.24649	0.323375	
0.242165	0.339274	
0.263053	0.318299	
0.237952	0.355246	
0.233574	0.371162	
0.254465	0.350132	
0.229324	0.387104	
0.225069	0.403112	
0.246002	0.382046	
0.22086	0.419118	
0.237543	0.413994	
0.339944	-0.149569	
0.327963	-0.138751	
0.332727	-0.123311	
0.364189	-0.170939	
0.351977	-0.160199	
0.35654	-0.144457	
0.388725	-0.192465	
0.37642	-0.181669	
0.380804	-0.165816	
0.413453	-0.214147	
0.40107	-0.203285	
0.40538	-0.187366	
0.438274	-0.235965	
0.42586	-0.225042	
0.430133	-0.209081	
0.463119	-0.257885	
0.450695	-0.246913	
0.454961	-0.230924	
0.487957	-0.279875	
0.475537	-0.268874	
0.479801	-0.252862	
0.512782	-0.301906	
0.500369	-0.290887	
0.504632	-0.274863	
0.537596	-0.323964	
0.554263	-0.318964	
0.525189	-0.312932	
0.529452	-0.296901	
0.349012	-0.118275	
0.337231	-0.107759	
0.342413	-0.0931339	
0.357433	-0.0868385	
0.346329	-0.0772492	
0.34817	-0.060851	
0.364859	-0.0527695	
0.35168	-0.0426667	
0.352352	-0.0259057	
0.365076	-0.0173773	
0.373566	-0.00561872	
0.376859	-0.0228266	
0.385789	-0.000712334	
0.374006	0.00473695	
0.353005	0.0254552	
0.351781	0.0418588	
0.365391	0.0168959	
0.377615	0.0218023	
0.347731	0.0596275	
0.345306	0.0757081	
0.36495	0.0517298	
0.341344	0.0917556	
0.337011	0.106615	
0.356938	0.0855459	
0.332558	0.122295	
0.327459	0.138009	
0.348522	0.117273	
0.322887	0.153847	
0.318556	0.17013	
0.339497	0.148791	
0.314277	0.186151	
0.309976	0.202057	
0.330646	0.18065	
0.305671	0.217979	
0.301299	0.233788	
0.322062	0.212593	
0.297001	0.2497	
0.292642	0.265533	
0.313459	0.244428	
0.288347	0.281453	
0.283999	0.297309	
0.304866	0.276261	
0.279734	0.313258	
0.27536	0.32912	
0.296306	0.30813	
0.27113	0.345099	
0.266917	0.36107	
0.287812	0.340058	
0.262686	0.377056	
0.258436	0.392998	
0.279351	0.372023	
0.254209	0.408994	
0.270894	0.404004	
0.372951	-0.1393	
0.360919	-0.12867	
0.365423	-0.113118	
0.397356	-0.16068	
0.385124	-0.14995	
0.389503	-0.134163	
0.422013	-0.182269	
0.409668	-0.171449	
0.413989	-0.155583	
0.446808	-0.204015	
0.4344	-0.19312	
0.438688	-0.177203	
0.471649	-0.225885	
0.459228	-0.214936	
0.463495	-0.198976	
0.496487	-0.247839	
0.484068	-0.23685	
0.488335	-0.220862	
0.521312	-0.26985	
0.508899	-0.258838	
0.513167	-0.242826	
0.570932	-0.313961	
0.587599	-0.308961	
0.558529	-0.302925	
0.546125	-0.291895	
0.562794	-0.286892	
0.533718	-0.280869	
0.537985	-0.264844	
0.381492	-0.10761	
0.369585	-0.0972149	
0.373502	-0.0813302	
0.389692	-0.0757127	
0.377539	-0.0653363	
0.381049	-0.047152	
0.38529	-0.0320384	
0.39797	-0.0446052	
0.39378	-0.0202798	
0.405182	-0.0151143	
0.396751	-0.00590255	
0.397191	0.00445312	
0.405078	0.014078	
0.394116	0.0192682	
0.385501	0.0314271	
0.377327	0.0641798	
0.381377	0.0464112	
0.397878	0.0438771	
0.373137	0.0802245	
0.369175	0.0962719	
0.389564	0.0749058	
0.36492	0.112144	
0.360467	0.127824	
0.38112	0.106822	
0.356083	0.143641	
0.351511	0.159479	
0.372481	0.138512	
0.34717	0.175383	
0.34289	0.191404	
0.363755	0.170234	
0.338622	0.207366	
0.334317	0.223288	
0.355145	0.202099	
0.330081	0.239269	
0.325783	0.255181	
0.346641	0.234041	
0.321544	0.271164	
0.317249	0.287084	
0.338167	0.266005	
0.313006	0.303074	
0.308741	0.319024	
0.329684	0.297978	
0.3045	0.335025	
0.30027	0.351004	
0.3212	0.329969	
0.29603	0.36701	
0.2918	0.382996	
0.312719	0.361977	
0.28756	0.399004	
0.304239	0.393991	
0.405915	-0.128943	
0.393742	-0.118293	
0.397905	-0.10239	
0.430582	-0.15049	
0.41827	-0.139721	
0.422509	-0.12385	
0.455356	-0.172152	
0.442969	-0.1613	
0.44725	-0.145438	
0.48019	-0.193943	
0.467769	-0.183022	
0.47205	-0.167119	
0.505027	-0.215842	
0.492608	-0.204877	
0.496882	-0.188923	
0.529849	-0.237819	
0.517436	-0.226821	
0.521709	-0.210835	
0.554659	-0.25984	
0.542253	-0.248821	
0.546523	-0.232815	
0.604267	-0.30396	
0.620934	-0.29896	
0.591866	-0.292922	
0.579465	-0.28189	
0.596134	-0.276889	
0.567061	-0.270859	
0.57133	-0.254837	
0.414318	-0.0972942	
0.402068	-0.0866113	
0.406105	-0.0706174	
0.422411	-0.0658135	
0.410034	-0.0549149	
0.414275	-0.0398013	
0.429778	-0.0346057	
0.417714	-0.024296	
0.420685	-0.00991878	
0.423179	0.00719796	
0.420104	0.022013	
0.435711	-0.00198372	
0.414736	0.0391681	
0.410612	0.0541522	
0.432837	0.0322881	
0.40614	0.0699202	
0.40195	0.0859649	
0.422998	0.0652112	
0.397625	0.101739	
0.39337	0.117611	
0.414201	0.0967531	
0.389061	0.133407	
0.384677	0.149225	
0.405567	0.128324	
0.380395	0.165101	
0.376054	0.181005	
0.396976	0.159996	
0.37182	0.19697	
0.367551	0.212932	
0.38846	0.191838	
0.36334	0.228937	
0.359105	0.244918	
0.380015	0.223809	
0.354879	0.260935	
0.35064	0.276917	
0.371578	0.255831	
0.346395	0.292935	
0.342152	0.308926	
0.363108	0.287865	
0.337894	0.324945	
0.333654	0.340946	
0.354605	0.319902	
0.329397	0.356965	
0.325157	0.372971	
0.346091	0.35194	
0.320906	0.388991	
0.337584	0.38398	
0.43911	-0.118823	
0.426756	-0.108045	
0.430919	-0.0922672	
0.463927	-0.140409	
0.45154	-0.129599	
0.455787	-0.113794	
0.637602	-0.293959	
0.654269	-0.288959	
0.625203	-0.28292	
0.488752	-0.162108	
0.476339	-0.151238	
0.480629	-0.135399	
0.513578	-0.183926	
0.50116	-0.172993	
0.505449	-0.157112	
0.538394	-0.205837	
0.525985	-0.194858	
0.530263	-0.178928	
0.563199	-0.227817	
0.550794	-0.216816	
0.55507	-0.200839	
0.588001	-0.249838	
0.575599	-0.238818	
0.57987	-0.222818	
0.612803	-0.271887	
0.629471	-0.266886	
0.600402	-0.260855	
0.60467	-0.244836	
0.447524	-0.0872652	
0.435086	-0.076514	
0.439015	-0.0608115	
0.4556	-0.0558259	
0.442925	-0.0451254	
0.446363	-0.0296202	
0.449047	-0.0141783	
0.462194	-0.024698	
0.451542	0.0029384	
0.454197	0.0157849	
0.467534	0.00359031	
0.444048	0.0453412	
0.449416	0.0281862	
0.465408	0.0288381	
0.439586	0.0604981	
0.435114	0.0762661	
0.456165	0.0563962	
0.430811	0.0918152	
0.426486	0.107589	
0.447399	0.0871022	
0.422238	0.123305	
0.417929	0.139101	
0.438848	0.118367	
0.413712	0.154925	
0.40943	0.170802	
0.430383	0.149906	
0.405193	0.186789	
0.400959	0.202754	
0.42193	0.181718	
0.396739	0.218758	
0.392528	0.234763	
0.413473	0.213709	
0.388285	0.250789	
0.384059	0.266805	
0.405009	0.245738	
0.379799	0.282836	
0.375554	0.298854	
0.396506	0.277795	
0.371287	0.314884	
0.36703	0.330903	
0.387979	0.309855	
0.362765	0.346931	
0.358508	0.362951	
0.379447	0.341913	
0.354251	0.37898	
0.370925	0.373971	
0.472535	-0.108768	
0.460105	-0.0979924	
0.464272	-0.0822393	
0.49738	-0.13039	
0.484968	-0.119561	
0.489287	-0.103759	
0.670936	-0.283959	
0.687603	-0.278959	
0.658538	-0.272919	
0.646139	-0.261887	
0.662807	-0.256886	
0.63374	-0.250854	
0.522171	-0.15212	
0.509763	-0.141236	
0.514102	-0.125398	
0.546957	-0.173942	
0.534551	-0.16301	
0.538865	-0.147134	
0.571744	-0.195855	
0.559344	-0.184876	
0.563632	-0.168958	
0.596539	-0.217824	
0.584139	-0.206824	
0.588413	-0.190861	
0.621339	-0.239837	
0.638007	-0.234837	
0.608938	-0.228819	
0.613207	-0.212825	
0.481246	-0.0771618	
0.468664	-0.0664346	
0.472574	-0.0507485	
0.490468	-0.0454307	
0.477404	-0.0348221	
0.480089	-0.0193803	
0.480154	-0.00342065	
0.495364	-0.0135447	
0.48281	0.00942589	
0.481009	0.0245549	
0.476228	0.0369562	
0.49363	0.0175439	
0.472513	0.0517656	
0.468051	0.0669225	
0.488114	0.0474824	
0.463981	0.0822561	
0.459678	0.0978052	
0.480329	0.0776255	
0.455535	0.113411	
0.451287	0.129126	
0.472117	0.108564	
0.447155	0.144898	
0.442938	0.160722	
0.463842	0.139942	
0.438659	0.176705	
0.434422	0.192692	
0.45543	0.171696	
0.430176	0.208689	
0.425956	0.224692	
0.446905	0.203675	
0.421692	0.240715	
0.417449	0.25674	
0.438396	0.235694	
0.413181	0.272774	
0.40892	0.288805	
0.429864	0.267751	
0.404653	0.304841	
0.400387	0.320871	
0.421328	0.299821	
0.39612	0.336907	
0.391855	0.352936	
0.412794	0.331893	
0.387591	0.368971	
0.404264	0.363965	
0.70427	-0.273959	
0.720937	-0.268959	
0.691873	-0.262919	
0.506155	-0.0987196	
0.493722	-0.0879269	
0.498114	-0.0721222	
0.530869	-0.120387	
0.518486	-0.109541	
0.522921	-0.0937086	
0.679475	-0.251883	
0.696142	-0.246884	
0.667076	-0.240851	
0.654677	-0.229825	
0.671345	-0.224822	
0.642276	-0.218808	
0.555578	-0.142138	
0.543198	-0.131248	
0.547582	-0.115391	
0.580315	-0.163971	
0.567928	-0.153037	
0.572261	-0.13715	
0.605078	-0.185874	
0.592683	-0.174906	
0.596979	-0.158984	
0.629869	-0.207829	
0.646539	-0.202817	
0.61747	-0.196834	
0.62174	-0.180878	
0.737604	-0.263959	
0.725208	-0.252918	
0.754271	-0.258959	
0.515241	-0.067016	
0.502765	-0.0562509	
0.507595	-0.0403245	
0.525603	-0.0323506	
0.513306	-0.0215305	
0.513372	-0.00557085	
0.509517	0.0118912	
0.527459	0.00390546	
0.507717	0.0270202	
0.504287	0.0425506	
0.500572	0.0573601	
0.520174	0.0368979	
0.496802	0.0727385	
0.492732	0.0880721	
0.512975	0.0678067	
0.488748	0.103622	
0.484605	0.119227	
0.505221	0.0987346	
0.48053	0.13493	
0.476398	0.150702	
0.497162	0.129988	
0.472129	0.166693	
0.46785	0.182675	
0.488817	0.161681	
0.463587	0.198668	
0.459341	0.214665	
0.480285	0.193665	
0.455071	0.230681	
0.450807	0.246704	
0.471752	0.225675	
0.446537	0.262738	
0.442268	0.278772	
0.463212	0.257725	
0.438	0.294812	
0.433733	0.310848	
0.454673	0.289799	
0.429465	0.326889	
0.425198	0.342924	
0.446137	0.321879	
0.42093	0.358965	
0.437601	0.35396	
0.71281	-0.241879	
0.729477	-0.236878	
0.700412	-0.230844	
0.539749	-0.0886673	
0.527418	-0.077846	
0.532069	-0.0619747	
0.564284	-0.110364	
0.551955	-0.099503	
0.556452	-0.0836403	
0.688015	-0.219809	
0.704683	-0.214804	
0.675616	-0.208783	
0.663179	-0.197827	
0.67985	-0.192813	
0.650772	-0.186847	
0.588945	-0.132143	
0.576595	-0.121244	
0.580968	-0.105356	
0.613631	-0.153998	
0.601263	-0.143064	
0.605597	-0.127157	
0.638377	-0.175897	
0.655017	-0.170907	
0.625984	-0.164938	
0.630268	-0.149018	
0.746145	-0.231876	
0.733747	-0.220837	
0.770935	-0.253959	
0.758539	-0.242918	
0.762809	-0.226877	
0.787601	-0.248959	
0.548883	-0.0569518	
0.536706	-0.0461218	
0.542417	-0.0273278	
0.547065	-0.0142041	
0.558169	-0.0279753	
0.539822	0.0163188	
0.543676	-0.00114332	
0.559428	-0.00179083	
0.536434	0.0317314	
0.533004	0.0472618	
0.552651	0.0266826	
0.529401	0.0628012	
0.525631	0.0781796	
0.54566	0.0576346	
0.521799	0.0937603	
0.517816	0.10931	
0.538226	0.0887548	
0.513821	0.124994	
0.509746	0.140697	
0.530399	0.12002	
0.505489	0.156681	
0.50122	0.172671	
0.522149	0.151687	
0.496955	0.188663	
0.492692	0.204657	
0.513627	0.183663	
0.488422	0.22067	
0.484152	0.236686	
0.505092	0.215669	
0.479882	0.252719	
0.475611	0.268753	
0.496551	0.247715	
0.471342	0.284794	
0.467074	0.300834	
0.488012	0.279789	
0.462805	0.316876	
0.458537	0.332917	
0.479475	0.311872	
0.454268	0.34896	
0.470936	0.343957	
0.721346	-0.209794	
0.738014	-0.204792	
0.708949	-0.198759	
0.573109	-0.0785836	
0.560903	-0.067748	
0.565541	-0.0518951	
0.597672	-0.100294	
0.585361	-0.0894136	
0.589813	-0.0735213	
0.696474	-0.18781	
0.713137	-0.1828	
0.684038	-0.176854	
0.671616	-0.165919	
0.68824	-0.160916	
0.65922	-0.154969	
0.622228	-0.122159	
0.60991	-0.111238	
0.614303	-0.0952955	
0.646865	-0.144041	
0.663464	-0.139052	
0.634512	-0.133101	
0.638825	-0.117182	
0.754696	-0.199791	
0.742294	-0.188748	
0.779473	-0.221881	
0.767079	-0.210839	
0.77136	-0.194795	
0.804255	-0.243959	
0.820922	-0.238959	
0.791857	-0.232918	
0.796127	-0.21688	
0.581653	-0.0470213	
0.569632	-0.0362252	
0.574281	-0.0231015	
0.586554	-0.015301	
0.57509	-0.00705107	
0.571701	0.00600975	
0.568957	0.021543	
0.565569	0.0369556	
0.584619	0.0162827	
0.562143	0.0525526	
0.55854	0.0680921	
0.578448	0.047413	
0.554819	0.0837308	
0.550988	0.0993116	
0.571302	0.0786488	
0.547065	0.115022	
0.543071	0.130706	
0.563659	0.109998	
0.538819	0.146688	
0.534563	0.162671	
0.555485	0.141691	
0.530298	0.178664	
0.526033	0.194657	
0.546968	0.173665	
0.521762	0.210669	
0.517492	0.226682	
0.538432	0.20567	
0.51322	0.242714	
0.50895	0.258747	
0.52989	0.237715	
0.50468	0.274787	
0.500412	0.290828	
0.521349	0.269787	
0.496142	0.306871	
0.491873	0.322913	
0.51281	0.30187	
0.487603	0.338957	
0.50427	0.333956	
0.729745	-0.177799	
0.746427	-0.172799	
0.71727	-0.166851	
0.606564	-0.0682573	
0.594312	-0.0574272	
0.598404	-0.0417573	
0.630914	-0.090273	
0.618675	-0.0793289	
0.623175	-0.0632348	
0.704772	-0.155938	
0.72138	-0.150937	
0.69235	-0.145003	
0.679991	-0.134099	
0.696523	-0.129121	
0.667636	-0.123171	
0.655356	-0.11224	
0.671883	-0.107286	
0.643072	-0.101298	
0.647444	-0.085331	
0.762804	-0.167971	
0.750255	-0.157022	
0.787971	-0.189845	
0.775587	-0.178797	
0.779415	-0.163021	
0.83754	-0.233954	
0.854207	-0.228954	
0.825129	-0.222913	
0.81276	-0.211885	
0.829378	-0.20688	
0.800376	-0.200847	
0.804604	-0.184849	
0.616771	-0.0328182	
0.604112	-0.0224123	
0.604921	-0.00636184	
0.601287	0.0109281	
0.598543	0.0264613	
0.618845	0.00381677	
0.595084	0.0422886	
0.591658	0.0578857	
0.611753	0.036934	
0.587992	0.0735717	
0.584272	0.0892105	
0.604628	0.0684473	
0.580381	0.104962	
0.576458	0.120673	
0.597071	0.099885	
0.572172	0.136684	
0.56792	0.152666	
0.588894	0.131648	
0.563644	0.168666	
0.559379	0.184659	
0.58033	0.163659	
0.555103	0.200672	
0.550832	0.216685	
0.571778	0.195673	
0.546558	0.232716	
0.542287	0.248748	
0.563229	0.227718	
0.538016	0.264787	
0.533747	0.280827	
0.554685	0.259788	
0.529477	0.29687	
0.525207	0.312913	
0.546144	0.29187	
0.520937	0.328956	
0.537604	0.323956	
0.737681	-0.146111	
0.754058	-0.141283	
0.725184	-0.135198	
0.639859	-0.0581033	
0.627747	-0.0470317	
0.633456	-0.0276867	
0.663809	-0.0805921	
0.651651	-0.0695675	
0.656224	-0.0533644	
0.712783	-0.12429	
0.729084	-0.119464	
0.700423	-0.113387	
0.688151	-0.102511	
0.704411	-0.0976807	
0.67587	-0.0915806	
0.680077	-0.0758171	
0.770221	-0.136554	
0.757648	-0.125642	
0.79582	-0.158143	
0.783036	-0.147317	
0.786625	-0.131676	
0.870741	-0.223983	
0.887408	-0.218983	
0.858281	-0.212937	
0.821141	-0.179918	
0.808736	-0.168916	
0.812356	-0.153212	
0.845927	-0.201842	
0.862462	-0.19687	
0.833559	-0.190813	
0.83769	-0.17488	
0.903803	-0.214278	
0.891211	-0.203261	
0.92047	-0.209278	
0.639062	-0.014565	
0.650039	-0.0287785	
0.635925	-0.000745666	
0.632291	0.0165443	
0.652508	-0.0018375	
0.628528	0.0319828	
0.62507	0.0478101	
0.645608	0.0274204	
0.621362	0.0634253	
0.617696	0.0791114	
0.638138	0.0584741	
0.613837	0.0948486	
0.609946	0.1106	
0.630571	0.0898266	
0.605598	0.126635	
0.601311	0.142646	
0.622363	0.121599	
0.59701	0.15866	
0.592734	0.174661	
0.613715	0.153648	
0.58845	0.190677	
0.584175	0.206691	
0.605131	0.185678	
0.579898	0.22272	
0.575624	0.238751	
0.59657	0.217723	
0.571352	0.254788	
0.567081	0.270828	
0.588021	0.24979	
0.562811	0.28687	
0.55854	0.302913	
0.579478	0.281871	
0.55427	0.318956	
0.570937	0.313956	
0.745021	-0.114747	
0.761184	-0.110018	
0.73262	-0.103839	
0.672381	-0.0493219	
0.660589	-0.0378577	
0.666196	-0.024736	
0.696012	-0.0713056	
0.683951	-0.0603171	
0.688316	-0.0448104	
0.720215	-0.0929636	
0.736153	-0.0882471	
0.707943	-0.0820885	
0.711817	-0.0665885	
0.764116	-0.094472	
0.776742	-0.105367	
0.803031	-0.126808	
0.790216	-0.116044	
0.793148	-0.100499	
0.828689	-0.148253	
0.815773	-0.13748	
0.819364	-0.121848	
0.878959	-0.19184	
0.895354	-0.187135	
0.866605	-0.180745	
0.854349	-0.169514	
0.870846	-0.164483	
0.841931	-0.158618	
0.845348	-0.142886	
0.898829	-0.172023	
0.911082	-0.183444	
0.923667	-0.193835	
0.93653	-0.204557	
0.927141	-0.178723	
0.953197	-0.199557	
0.680856	-0.0161367	
0.670306	-0.00705753	
0.667168	0.00676183	
0.662539	0.0225708	
0.658777	0.0380093	
0.680338	0.0173508	
0.654935	0.0534747	
0.651227	0.06909	
0.671867	0.0486252	
0.647457	0.0847193	
0.643598	0.100456	
0.664255	0.0797199	
0.639062	0.116596	
0.634714	0.132631	
0.655948	0.111488	
0.630389	0.148655	
0.626088	0.164669	
0.647088	0.143652	
0.621801	0.180683	
0.617517	0.1967	
0.638475	0.175691	
0.613238	0.212726	
0.608961	0.228755	
0.629908	0.207731	
0.604687	0.244791	
0.600415	0.260829	
0.621355	0.239794	
0.596144	0.276871	
0.591874	0.292913	
0.612811	0.271871	
0.587604	0.308956	
0.60427	0.303956	
0.767016	-0.0787986	
0.751457	-0.0834494	
0.739052	-0.0725737	
0.691993	-0.0298236	
0.703562	-0.0408188	
0.696103	-0.0121451	
0.727214	-0.0618427	
0.742519	-0.057045	
0.715284	-0.0510599	
0.71896	-0.0360731	
0.70075	0.000661942	
0.711886	-0.013025	
0.768641	-0.063062	
0.781299	-0.0740846	
0.810467	-0.0939596	
0.796994	-0.0832821	
0.798619	-0.0675456	
0.822559	-0.106919	
0.835302	-0.117591	
0.826405	-0.0897023	
0.847707	-0.126591	
0.860949	-0.136957	
0.850902	-0.111662	
0.903774	-0.154383	
0.888046	-0.158075	
0.87579	-0.146843	
0.878149	-0.130548	
0.908813	-0.141398	
0.919596	-0.155346	
0.930042	-0.16374	
0.942627	-0.174131	
0.935081	-0.150755	
0.955197	-0.183881	
0.968667	-0.194324	
0.958098	-0.168898	
0.985334	-0.189324	
0.696825	0.0129755	
0.692196	0.0287845	
0.712609	0.0120957	
0.688508	0.0436391	
0.684666	0.0591046	
0.704995	0.0392639	
0.681109	0.074579	
0.677339	0.0902083	
0.69775	0.0695929	
0.672782	0.106397	
0.668246	0.122536	
0.689636	0.101256	
0.66372	0.138682	
0.659395	0.154707	
0.680553	0.133591	
0.655138	0.170698	
0.65085	0.186713	
0.67177	0.165729	
0.646573	0.202732	
0.642294	0.218758	
0.663236	0.19774	
0.63802	0.234794	
0.633746	0.25083	
0.654685	0.229794	
0.629477	0.266871	
0.625206	0.282913	
0.646142	0.261871	
0.620937	0.298956	
0.637603	0.293956	
0.727386	0.00661014	
0.72346	0.0189237	
0.771742	-0.0470131	
0.757458	-0.0517271	
0.74562	-0.0409962	
0.734432	-0.0311633	
0.749371	-0.0258453	
0.722711	-0.0209222	
0.727359	-0.00811516	
0.73821	-0.00128711	
0.773748	-0.0330146	
0.784931	-0.0443495	
0.796349	-0.0510175	
0.812043	-0.060215	
0.798355	-0.0370189	
0.821514	-0.0489624	
0.823784	-0.0654905	
0.83114	-0.0760141	
0.843231	-0.0889733	
0.840611	-0.0647615	
0.851308	-0.0987809	
0.863714	-0.107781	
0.856043	-0.0850927	
0.891389	-0.122328	
0.876548	-0.112441	
0.876954	-0.0995606	
0.920984	-0.12938	
0.905162	-0.128417	
0.90356	-0.11031	
0.945504	-0.143841	
0.935058	-0.135448	
0.931407	-0.122466	
0.971359	-0.162709	
0.958789	-0.152958	
0.958766	-0.137651	
0.985334	-0.172658	
0.986025	-0.156718	
0.720996	0.033901	
0.717308	0.0487557	
0.735773	0.0284155	
0.714421	0.0643868	
0.710864	0.0798612	
0.730421	0.0590239	
0.70642	0.0961599	
0.701863	0.112349	
0.723091	0.0909538	
0.697256	0.128499	
0.692731	0.144645	
0.714041	0.123403	
0.688441	0.160732	
0.684184	0.176723	
0.705144	0.155639	
0.6799	0.192729	
0.675624	0.208748	
0.696571	0.187731	
0.671347	0.224791	
0.667073	0.240826	
0.688011	0.21978	
0.662804	0.25687	
0.658534	0.272912	
0.679466	0.251867	
0.654269	0.288956	
0.670932	0.283955	
0.745932	0.0369058	
0.748396	0.0219285	
0.779696	-0.0152128	
0.766507	-0.0178764	
0.755319	-0.00804353	
0.755346	0.00668176	
0.765505	0.0151721	
0.808077	-0.0283598	
0.796659	-0.0216918	
0.789418	-0.00655369	
0.834043	-0.041823	
0.822301	-0.0365474	
0.820605	-0.0212204	
0.845521	-0.0507337	
0.846308	-0.0383188	
0.852877	-0.0612573	
0.885214	-0.0875577	
0.87238	-0.0828974	
0.864303	-0.0730898	
0.869213	-0.059062	
0.91607	-0.100702	
0.902297	-0.0946134	
0.897723	-0.0779502	
0.944869	-0.113761	
0.930795	-0.107694	
0.929532	-0.0919973	
0.958737	-0.121644	
0.972022	-0.130762	
0.958125	-0.106872	
0.986025	-0.140051	
0.985997	-0.124044	
0.748316	0.0516852	
0.745428	0.0673163	
0.760938	0.0451982	
0.739381	0.0855007	
0.734938	0.101799	
0.757275	0.0781619	
0.73047	0.118265	
0.725863	0.134415	
0.746761	0.112812	
0.7216	0.150561	
0.71731	0.166647	
0.73803	0.145423	
0.713099	0.182708	
0.708815	0.198714	
0.729555	0.177629	
0.704617	0.214768	
0.700341	0.230811	
0.721145	0.209745	
0.696115	0.246863	
0.691846	0.262907	
0.712721	0.241851	
0.687598	0.278955	
0.704247	0.273952	
0.771757	0.0325544	
0.774141	0.0473338	
0.778708	0.0173077	
0.806106	0.00144859	
0.789144	0.00792762	
0.795396	0.02531	
0.820163	-0.0058541	
0.834387	-0.0140418	
0.819889	0.0086272	
0.858735	-0.0316981	
0.847257	-0.0227874	
0.846814	-0.0074211	
0.882986	-0.053657	
0.871559	-0.0418245	
0.872507	-0.0262931	
0.913984	-0.068745	
0.896901	-0.0616893	
0.899246	-0.0444518	
0.943727	-0.0832116	
0.929002	-0.0762202	
0.92818	-0.0599592	
0.971978	-0.0989205	
0.95811	-0.0910376	
0.957581	-0.0752605	
0.985997	-0.107377	
0.985982	-0.0915433	
0.777111	0.0609413	
0.78793	0.0482976	
0.766295	0.0919455	
0.772341	0.0737611	
0.78613	0.0747249	
0.758255	0.124324	
0.762723	0.107859	
0.777789	0.103458	
0.754344	0.140407	
0.75008	0.156552	
0.770306	0.135454	
0.746021	0.172597	
0.74181	0.188658	
0.762336	0.167582	
0.737707	0.204722	
0.733509	0.220776	
0.754174	0.19969	
0.729348	0.236842	
0.725122	0.252894	
0.745911	0.23182	
0.720914	0.268952	
0.737542	0.263943	
0.80854	0.0323638	
0.798104	0.0417439	
0.801074	0.0553514	
0.83469	0.0173708	
0.820634	0.0246735	
0.823342	0.0411074	
0.860596	0.000520364	
0.847727	0.00926598	
0.848472	0.0253123	
0.886603	-0.0184644	
0.873779	-0.00833797	
0.874692	0.00834911	
0.914141	-0.0351943	
0.900226	-0.0271621	
0.901498	-0.00920692	
0.943153	-0.0510559	
0.928135	-0.0435807	
0.929114	-0.026291	
0.971883	-0.0666942	
0.9575	-0.0588682	
0.957455	-0.0424897	
0.985982	-0.0748766	
0.985901	-0.0584843	
0.80107	0.0701433	
0.7963	0.0829631	
0.811244	0.0635896	
0.793326	0.0986709	
0.789755	0.114584	
0.808265	0.0940893	
0.786469	0.130542	
0.782558	0.146624	
0.802006	0.125755	
0.778756	0.162609	
0.774697	0.178654	
0.794919	0.157697	
0.770713	0.194678	
0.766611	0.210742	
0.787134	0.189706	
0.762525	0.226806	
0.758364	0.242872	
0.779064	0.221794	
0.754208	0.258943	
0.770822	0.253929	
0.836265	0.0497671	
0.824171	0.0574573	
0.824167	0.0722493	
0.862246	0.034167	
0.849209	0.0422719	
0.850039	0.0586218	
0.888515	0.0165555	
0.875332	0.0254138	
0.876069	0.0423734	
0.915659	-0.000727137	
0.902036	0.00797056	
0.902676	0.0250352	
0.943493	-0.0175697	
0.929499	-0.00918334	
0.930038	0.00799414	
0.971945	-0.0335755	
0.957598	-0.0257632	
0.957983	-0.00865558	
0.985901	-0.0418176	
0.986044	-0.0250912	
0.823138	0.0890972	
0.820164	0.104805	
0.836065	0.082965	
0.818238	0.120882	
0.814952	0.13684	
0.83311	0.11589	
0.811443	0.152837	
0.807641	0.168822	
0.827674	0.147965	
0.803728	0.184789	
0.799745	0.200813	
0.820252	0.179929	
0.795686	0.216754	
0.7916	0.232817	
0.81228	0.211837	
0.787489	0.248929	
0.804111	0.243888	
0.863175	0.0677128	
0.85023	0.0752081	
0.849201	0.092056	
0.889426	0.0503569	
0.87634	0.0591102	
0.876531	0.0756964	
0.91643	0.033374	
0.902909	0.0419589	
0.90318	0.0586957	
0.944088	0.0164833	
0.930248	0.0249395	
0.930481	0.0418632	
0.972145	-0.000124717	
0.95804	0.00806879	
0.95825	0.0250141	
0.986044	-0.00842454	
0.986101	0.00829983	
0.850576	0.111023	
0.84865	0.1271	
0.864741	0.103266	
0.844503	0.143149	
0.840994	0.159146	
0.861969	0.138281	
0.837017	0.175097	
0.833104	0.191064	
0.853846	0.170281	
0.828944	0.206966	
0.824886	0.222906	
0.845709	0.202134	
0.820777	0.238888	
0.837441	0.234018	
0.889605	0.0830558	
0.87644	0.0916585	
0.877815	0.110625	
0.8786	0.121476	
0.890299	0.109869	
0.91658	0.0672494	
0.903097	0.0756474	
0.903005	0.0916095	
0.944266	0.0501009	
0.930448	0.0585355	
0.930365	0.0754872	
0.972161	0.0332841	
0.958209	0.0416986	
0.958177	0.0583709	
0.986101	0.0249665	
0.98606	0.0416509	
0.879377	0.133285	
0.87523	0.149334	
0.891861	0.132529	
0.870427	0.165823	
0.86645	0.181774	
0.887835	0.160827	
0.862343	0.197329	
0.858183	0.213231	
0.878924	0.192871	
0.854108	0.229018	
0.870742	0.224213	
0.915367	0.101607	
0.901875	0.109015	
0.902661	0.119866	
0.903437	0.131676	
0.943988	0.083271	
0.93012	0.091985	
0.92899	0.109391	
0.972051	0.0664969	
0.958108	0.0748992	
0.957863	0.091397	
0.98606	0.0583176	
0.985992	0.0748459	
0.907468	0.144657	
0.918267	0.131994	
0.898289	0.173714	
0.903092	0.157226	
0.917922	0.157544	
0.895189	0.188315	
0.891082	0.203871	
0.910446	0.184715	
0.887408	0.219213	
0.903674	0.214658	
0.928934	0.124562	
0.943687	0.11494	
0.932965	0.137543	
0.957794	0.107701	
0.971914	0.0993288	
0.957739	0.122872	
0.985992	0.0915126	
0.985923	0.107816	
0.943531	0.145485	
0.932864	0.152916	
0.928488	0.165486	
0.926381	0.180053	
0.923282	0.194654	
0.941324	0.175425	
0.92034	0.209658	
0.936275	0.204996	
0.97178	0.131602	
0.957674	0.138841	
0.957573	0.154214	
0.985923	0.124483	
0.985858	0.140452	
0.971345	0.163621	
0.957203	0.170264	
0.955095	0.184831	
0.952942	0.199996	
0.968821	0.194835	
0.985858	0.157119	
0.985487	0.173168	
0.985487	0.189835	
