  0.08668248211
  0.77250204356
  0.08331787350
  0.06923642733
  0.07705603282
  0.04615944831
  0.02984330269
  0.02082443522
  0.01365473277
  0.00808634632
  0.00631851764
  0.00421873397
  0.00316700130
  0.00254591955
  0.00216331664
  0.00156892584
  0.00113155450
  0.00099717500
  0.00099881070
  0.00093060446
  0.00088736339
  0.00078285880
  0.00075011728
  0.00076520941
  0.00082366117
  0.00082716092
  0.00074304078
  0.00073028768
  0.00070170558
  0.00061387852
  0.00051116110
  0.00044681686
  0.00037100763
  0.00028372512
  0.00028075892
  0.00024740938
  0.00024318503
  0.00016392761
  0.00009374094
  0.00008823929
