  0.08793181107
  0.13631886460
  0.16806733319
  0.19455401076
  0.16851082028
  0.13283470495
  0.11722162236
  0.10656300343
  0.10056678393
  0.09527421809
  0.09265624956
  0.08887818244
  0.08598527095
  0.08375020910
  0.08310596671
  0.07194451597
  0.05888490465
  0.04746165643
  0.03659627271
  0.02777880303
  0.02441969181
  0.02187161464
  0.02066918281
  0.01851929376
  0.01718796478
  0.01468467373
  0.01287285566
  0.01164648281
  0.01016833166
  0.00956922574
  0.00997282770
  0.00993477727
  0.00845553050
  0.00783999635
  0.00766568069
  0.00712032438
  0.00687685819
  0.00619059959
  0.00588382424
  0.00576343625
  0.00570330564
  0.00607219477
  0.00647854920
  0.00610182484
  0.00501498390
  0.00482823780
  0.00477419013
  0.00467517587
  0.00460118027
  0.00478005148
