  0.80496516623
  0.93264932420
  1.04872871764
  1.15621926488
  1.25685182280
  1.35527550779
  1.45114758875
  1.54457872639
  1.64064157170
  1.74030510434
  1.84122143562
  1.94283868649
  2.04998704052
  2.16040286785
  2.27547068896
  2.39213663534
  2.37230637766
  2.36744884850
  2.36512291551
  2.36434111282
  2.36218176665
  2.36156371410
  2.36093780222
  2.36090508318
  2.36097224436
  2.36127133798
  2.36138808423
  2.36173850168
  2.36206860602
  2.36244969341
  2.36290906283
  2.36345951845
  2.36403765914
  2.36423537175
  2.36453846730
  2.36492264862
  2.36521180643
  2.36542751244
  2.36558274671
  2.36575957297
  2.36592283345
  2.36607218240
  2.36625479173
  2.36654250067
  2.36679172094
  2.36688873593
  2.36703487956
  2.36717237545
  2.36725006313
  2.36735262639
