  0.08651233809
  0.76801857900
  0.23062026768
  0.21941707359
  0.21000259138
  0.12977199226
  0.12173484798
  0.13051005570
  0.08082637268
  0.06008867654
  0.05684422683
  0.06095936377
  0.03612938107
  0.02849558590
  0.02834937914
  0.02408780795
  0.01713198863
  0.01271769595
  0.02162934529
  0.01689235842
  0.01656921995
  0.02286754519
  0.01596274531
  0.00638895920
  0.00185804300
  0.00124379691
  0.00091614698
  0.00099810805
  0.00092975074
  0.00120877037
  0.00160151474
  0.00272357310
  0.00549734280
  0.00879205738
  0.00736103861
  0.00792838030
  0.00907613273
  0.00928439545
  0.00951682685
  0.00943268518
  0.00930580040
  0.00923162850
  0.00915065083
  0.00907499996
  0.00899746692
  0.00892526045
  0.00885662429
  0.00878934901
  0.00873034624
  0.00866794782
  0.00861721303
  0.00855170751
