152 10
0 4
0 3 
3 7 
7 8 
8 15 

1 30
1 0 
4 1 
9 4 
16 9 
24 16 
35 24 
48 35 
63 48 
80 63 
98 80 
118 98 
140 118 
161 140 
182 161 
203 182 
224 203 
245 224 
266 245 
287 266 
308 287 
329 308 
350 329 
351 350 
353 351 
354 353 
374 354 
375 374 
400 375 
401 400 
426 401 

2 8
15 21 
21 30 
30 33 
33 34 
34 47 
47 61 
61 62 
62 79 

3 30
22 15 
29 22 
40 29 
53 40 
68 53 
85 68 
103 85 
123 103 
145 123 
166 145 
187 166 
208 187 
229 208 
250 229 
271 250 
292 271 
313 292 
334 313 
358 334 
383 358 
409 383 
435 409 
458 435 
480 458 
481 480 
483 481 
484 483 
501 484 
502 501 
522 502 

4 4
79 97 
97 116 
116 117 
117 139 

5 30
79 95 
95 113 
113 133 
133 155 
155 176 
176 197 
197 218 
218 239 
239 260 
260 281 
281 302 
302 323 
323 344 
344 368 
368 393 
393 419 
419 445 
445 470 
470 493 
493 515 
515 535 
535 555 
555 572 
572 587 
587 600 
600 612 
612 622 
622 631 
631 630 
630 638 

6 30
139 160 
160 181 
181 202 
202 223 
223 244 
244 265 
265 286 
286 307 
307 328 
328 349 
349 373 
373 398 
398 424 
424 450 
450 475 
475 498 
498 520 
520 540 
540 560 
560 577 
577 592 
592 605 
605 617 
617 627 
627 636 
636 643 
643 649 
649 653 
653 656 
656 657 

7 4
452 426 
477 452 
500 477 
522 500 

8 8
542 522 
562 542 
579 562 
594 579 
607 594 
619 607 
629 619 
638 629 

9 4
645 638 
651 645 
655 651 
657 655 

