162 10
0 5
0
3
7
8
15

1 31
1
0
4
9
16
24
35
48
63
80
98
118
140
161
182
203
224
245
266
287
308
329
350
351
353
354
374
375
400
401
426

2 9
15
21
30
33
34
47
61
62
79

3 31
22
15
29
40
53
68
85
103
123
145
166
187
208
229
250
271
292
313
334
358
383
409
435
458
480
481
483
484
501
502
522

4 5
79
97
116
117
139

5 31
79
95
113
133
155
176
197
218
239
260
281
302
323
344
368
393
419
445
470
493
515
535
555
572
587
600
612
622
631
630
638

6 31
139
160
181
202
223
244
265
286
307
328
349
373
398
424
450
475
498
520
540
560
577
592
605
617
627
636
643
649
653
656
657

7 5
452
426
477
500
522

8 9
542
522
562
579
594
607
619
629
638

9 5
645
638
651
655
657

