1222 
0 1 2 
 3 0 2 
 1 4 5 
 1 5 2 
 6 3 2 
 6 2 5 
 7 3 6 
 4 9 10 
 5 4 10 
 5 10 11 
 12 6 5 
 5 11 12 
 8 7 13 
 13 7 6 
 13 6 12 
 14 8 13 
 15 8 14 
 9 16 17 
 10 9 17 
 10 17 18 
 11 10 18 
 11 18 19 
 12 11 19 
 20 14 13 
 19 20 12 
 13 12 20 
 22 15 14 
 20 22 14 
 21 15 23 
 15 22 23 
 16 24 25 
 17 16 25 
 17 25 26 
 18 17 26 
 27 19 18 
 27 18 26 
 28 20 19 
 28 19 27 
 29 22 20 
 28 29 20 
 30 21 31 
 31 21 23 
 22 29 32 
 22 32 23 
 31 23 32 
 24 35 36 
 25 24 36 
 25 36 37 
 26 25 37 
 38 27 26 
 26 37 38 
 39 28 27 
 38 39 27 
 40 29 28 
 39 40 28 
 29 40 41 
 32 29 41 
 33 30 42 
 42 30 31 
 42 31 43 
 43 31 32 
 32 41 44 
 32 44 43 
 34 33 45 
 45 33 42 
 46 34 45 
 47 34 46 
 35 48 49 
 36 35 49 
 36 49 50 
 37 36 50 
 37 50 51 
 51 38 37 
 52 39 38 
 51 52 38 
 53 40 39 
 52 53 39 
 40 53 54 
 41 40 54 
 41 54 55 
 44 41 55 
 45 42 56 
 56 42 43 
 56 43 57 
 44 55 57 
 57 43 44 
 46 45 58 
 58 45 56 
 59 46 58 
 60 47 46 
 60 46 59 
 61 47 60 
 48 63 64 
 49 48 64 
 49 64 65 
 50 49 65 
 66 51 50 
 66 50 65 
 67 52 51 
 66 67 51 
 68 53 52 
 67 68 52 
 53 68 69 
 54 53 69 
 54 69 70 
 55 54 70 
 55 70 71 
 55 71 57 
 58 56 72 
 72 56 57 
 72 57 73 
 73 57 71 
 59 58 74 
 74 58 72 
 59 74 75 
 76 60 59 
 76 59 75 
 62 61 77 
 77 61 60 
 77 60 76 
 78 62 77 
 79 62 78 
 63 80 81 
 64 63 81 
 64 81 82 
 65 64 82 
 65 82 83 
 83 66 65 
 84 67 66 
 83 84 66 
 85 68 67 
 84 85 67 
 68 85 86 
 69 68 86 
 69 86 87 
 70 69 87 
 70 87 88 
 71 70 88 
 71 88 89 
 71 89 73 
 74 72 90 
 90 72 73 
 90 73 89 
 74 90 91 
 92 75 74 
 91 92 74 
 93 76 75 
 92 93 75 
 94 78 77 
 93 94 76 
 77 76 94 
 95 79 78 
 94 95 78 
 79 95 96 
 97 79 96 
 80 98 99 
 81 80 99 
 81 99 100 
 82 81 100 
 101 83 82 
 101 82 100 
 102 84 83 
 101 102 83 
 103 85 84 
 102 103 84 
 85 103 104 
 86 85 104 
 86 104 105 
 87 86 105 
 87 105 106 
 88 87 106 
 88 106 107 
 89 88 107 
 89 107 108 
 109 91 90 
 90 89 109 
 89 108 109 
 110 92 91 
 109 110 91 
 111 93 92 
 110 111 92 
 112 94 93 
 112 93 111 
 113 95 94 
 112 113 94 
 95 113 114 
 95 114 96 
 115 97 96 
 115 96 114 
 116 97 115 
 98 118 119 
 99 98 119 
 99 119 120 
 100 99 120 
 100 120 121 
 121 101 100 
 122 102 101 
 121 122 101 
 123 103 102 
 122 123 102 
 103 123 124 
 104 103 124 
 104 124 125 
 105 104 125 
 105 125 126 
 106 105 126 
 106 126 127 
 107 106 127 
 107 127 128 
 108 107 128 
 129 109 108 
 128 129 108 
 130 110 109 
 129 130 109 
 131 111 110 
 130 131 110 
 132 112 111 
 131 132 111 
 133 113 112 
 132 133 112 
 113 133 134 
 114 113 134 
 114 134 135 
 136 115 114 
 114 135 136 
 117 116 137 
 137 116 115 
 137 115 136 
 138 117 137 
 139 117 138 
 118 140 141 
 119 118 141 
 119 141 142 
 120 119 142 
 143 121 120 
 143 120 142 
 144 122 121 
 143 144 121 
 145 123 122 
 144 145 122 
 123 145 146 
 124 123 146 
 124 146 147 
 125 124 147 
 125 147 148 
 126 125 148 
 126 148 149 
 127 126 149 
 127 149 150 
 128 127 150 
 151 129 128 
 150 151 128 
 152 130 129 
 151 152 129 
 153 131 130 
 152 153 130 
 154 132 131 
 153 154 131 
 155 133 132 
 154 155 132 
 133 155 156 
 134 133 156 
 134 156 157 
 135 134 157 
 135 157 158 
 136 135 158 
 159 138 137 
 158 159 136 
 137 136 159 
 160 139 138 
 159 160 138 
 140 161 162 
 141 140 162 
 141 162 163 
 142 141 163 
 142 163 164 
 164 143 142 
 165 144 143 
 164 165 143 
 166 145 144 
 165 166 144 
 145 166 167 
 146 145 167 
 146 167 168 
 147 146 168 
 147 168 169 
 148 147 169 
 148 169 170 
 149 148 170 
 149 170 171 
 150 149 171 
 172 151 150 
 171 172 150 
 173 152 151 
 172 173 151 
 174 153 152 
 173 174 152 
 175 154 153 
 174 175 153 
 176 155 154 
 175 176 154 
 155 176 177 
 156 155 177 
 156 177 178 
 157 156 178 
 179 158 157 
 179 157 178 
 180 159 158 
 180 158 179 
 181 160 159 
 180 181 159 
 161 182 183 
 162 161 183 
 162 183 184 
 163 162 184 
 185 164 163 
 185 163 184 
 186 165 164 
 185 186 164 
 187 166 165 
 186 187 165 
 166 187 188 
 167 166 188 
 167 188 189 
 168 167 189 
 168 189 190 
 169 168 190 
 169 190 191 
 170 169 191 
 170 191 192 
 171 170 192 
 193 172 171 
 192 193 171 
 194 173 172 
 193 194 172 
 195 174 173 
 194 195 173 
 196 175 174 
 195 196 174 
 197 176 175 
 196 197 175 
 176 197 198 
 177 176 198 
 177 198 199 
 178 177 199 
 200 179 178 
 178 199 200 
 201 180 179 
 200 201 179 
 202 181 180 
 201 202 180 
 182 203 204 
 183 182 204 
 183 204 205 
 184 183 205 
 184 205 206 
 206 185 184 
 207 186 185 
 206 207 185 
 208 187 186 
 207 208 186 
 187 208 209 
 188 187 209 
 188 209 210 
 189 188 210 
 189 210 211 
 190 189 211 
 190 211 212 
 191 190 212 
 191 212 213 
 192 191 213 
 214 193 192 
 213 214 192 
 215 194 193 
 214 215 193 
 216 195 194 
 215 216 194 
 217 196 195 
 216 217 195 
 218 197 196 
 217 218 196 
 197 218 219 
 198 197 219 
 198 219 220 
 199 198 220 
 199 220 221 
 221 200 199 
 222 201 200 
 221 222 200 
 223 202 201 
 222 223 201 
 203 224 225 
 204 203 225 
 204 225 226 
 205 204 226 
 227 206 205 
 227 205 226 
 228 207 206 
 227 228 206 
 229 208 207 
 228 229 207 
 208 229 230 
 209 208 230 
 209 230 231 
 210 209 231 
 210 231 232 
 211 210 232 
 211 232 233 
 212 211 233 
 212 233 234 
 213 212 234 
 235 214 213 
 234 235 213 
 236 215 214 
 235 236 214 
 237 216 215 
 236 237 215 
 238 217 216 
 237 238 216 
 239 218 217 
 238 239 217 
 218 239 240 
 219 218 240 
 219 240 241 
 220 219 241 
 242 221 220 
 242 220 241 
 243 222 221 
 242 243 221 
 244 223 222 
 243 244 222 
 224 245 246 
 225 224 246 
 225 246 247 
 226 225 247 
 226 247 248 
 248 227 226 
 249 228 227 
 248 249 227 
 250 229 228 
 249 250 228 
 229 250 251 
 230 229 251 
 230 251 252 
 231 230 252 
 231 252 253 
 232 231 253 
 232 253 254 
 233 232 254 
 233 254 255 
 234 233 255 
 256 235 234 
 255 256 234 
 257 236 235 
 256 257 235 
 258 237 236 
 257 258 236 
 259 238 237 
 258 259 237 
 260 239 238 
 259 260 238 
 239 260 261 
 240 239 261 
 240 261 262 
 241 240 262 
 241 262 263 
 263 242 241 
 264 243 242 
 263 264 242 
 265 244 243 
 264 265 243 
 245 266 267 
 246 245 267 
 246 267 268 
 247 246 268 
 269 248 247 
 269 247 268 
 270 249 248 
 269 270 248 
 271 250 249 
 270 271 249 
 250 271 272 
 251 250 272 
 251 272 273 
 252 251 273 
 252 273 274 
 253 252 274 
 253 274 275 
 254 253 275 
 254 275 276 
 255 254 276 
 277 256 255 
 276 277 255 
 278 257 256 
 277 278 256 
 279 258 257 
 278 279 257 
 280 259 258 
 279 280 258 
 281 260 259 
 280 281 259 
 260 281 282 
 261 260 282 
 261 282 283 
 262 261 283 
 284 263 262 
 284 262 283 
 285 264 263 
 284 285 263 
 286 265 264 
 285 286 264 
 266 287 288 
 267 266 288 
 267 288 289 
 268 267 289 
 268 289 290 
 290 269 268 
 291 270 269 
 290 291 269 
 292 271 270 
 291 292 270 
 271 292 293 
 272 271 293 
 272 293 294 
 273 272 294 
 273 294 295 
 274 273 295 
 274 295 296 
 275 274 296 
 275 296 297 
 276 275 297 
 298 277 276 
 297 298 276 
 299 278 277 
 298 299 277 
 300 279 278 
 299 300 278 
 301 280 279 
 300 301 279 
 302 281 280 
 301 302 280 
 281 302 303 
 282 281 303 
 282 303 304 
 283 282 304 
 283 304 305 
 305 284 283 
 306 285 284 
 305 306 284 
 307 286 285 
 306 307 285 
 287 308 309 
 288 287 309 
 288 309 310 
 289 288 310 
 311 290 289 
 311 289 310 
 312 291 290 
 311 312 290 
 313 292 291 
 312 313 291 
 292 313 314 
 293 292 314 
 293 314 315 
 294 293 315 
 294 315 316 
 295 294 316 
 295 316 317 
 296 295 317 
 296 317 318 
 297 296 318 
 319 298 297 
 318 319 297 
 320 299 298 
 319 320 298 
 321 300 299 
 320 321 299 
 322 301 300 
 321 322 300 
 323 302 301 
 322 323 301 
 302 323 324 
 303 302 324 
 303 324 325 
 304 303 325 
 326 305 304 
 326 304 325 
 327 306 305 
 326 327 305 
 328 307 306 
 327 328 306 
 308 329 330 
 309 308 330 
 309 330 331 
 310 309 331 
 310 331 332 
 332 311 310 
 333 312 311 
 332 333 311 
 334 313 312 
 333 334 312 
 313 334 335 
 314 313 335 
 314 335 336 
 315 314 336 
 315 336 337 
 316 315 337 
 316 337 338 
 317 316 338 
 317 338 339 
 318 317 339 
 340 319 318 
 339 340 318 
 341 320 319 
 340 341 319 
 342 321 320 
 341 342 320 
 343 322 321 
 342 343 321 
 344 323 322 
 343 344 322 
 323 344 345 
 324 323 345 
 324 345 346 
 325 324 346 
 325 346 347 
 347 326 325 
 348 327 326 
 347 348 326 
 349 328 327 
 348 349 327 
 329 350 352 
 330 329 352 
 330 352 355 
 331 330 355 
 356 332 331 
 356 331 355 
 357 333 332 
 356 357 332 
 358 334 333 
 357 358 333 
 334 358 359 
 335 334 359 
 335 359 360 
 336 335 360 
 336 360 361 
 337 336 361 
 337 361 362 
 338 337 362 
 338 362 363 
 339 338 363 
 364 340 339 
 363 364 339 
 365 341 340 
 364 365 340 
 366 342 341 
 365 366 341 
 367 343 342 
 366 367 342 
 368 344 343 
 367 368 343 
 344 368 369 
 345 344 369 
 345 369 370 
 346 345 370 
 371 347 346 
 371 346 370 
 372 348 347 
 371 372 347 
 373 349 348 
 372 373 348 
 350 351 376 
 352 350 376 
 351 353 377 
 376 351 377 
 352 376 378 
 355 352 378 
 353 354 379 
 377 353 379 
 354 374 380 
 379 354 380 
 355 378 381 
 381 356 355 
 382 357 356 
 381 382 356 
 383 358 357 
 382 383 357 
 358 383 384 
 359 358 384 
 359 384 385 
 360 359 385 
 360 385 386 
 361 360 386 
 361 386 387 
 362 361 387 
 362 387 388 
 363 362 388 
 389 364 363 
 388 389 363 
 390 365 364 
 389 390 364 
 391 366 365 
 390 391 365 
 392 367 366 
 391 392 366 
 393 368 367 
 392 393 367 
 368 393 394 
 369 368 394 
 369 394 395 
 370 369 395 
 370 395 396 
 396 371 370 
 397 372 371 
 396 397 371 
 398 373 372 
 397 398 372 
 374 375 399 
 380 374 399 
 375 400 402 
 399 375 402 
 376 377 403 
 378 376 403 
 377 379 404 
 403 377 404 
 405 381 378 
 405 378 403 
 379 380 406 
 404 379 406 
 380 399 407 
 406 380 407 
 408 382 381 
 405 408 381 
 409 383 382 
 408 409 382 
 383 409 410 
 384 383 410 
 384 410 411 
 385 384 411 
 385 411 412 
 386 385 412 
 386 412 413 
 387 386 413 
 387 413 414 
 388 387 414 
 415 389 388 
 414 415 388 
 416 390 389 
 415 416 389 
 417 391 390 
 416 417 390 
 418 392 391 
 417 418 391 
 419 393 392 
 418 419 392 
 393 419 420 
 394 393 420 
 394 420 421 
 395 394 421 
 422 396 395 
 422 395 421 
 423 397 396 
 422 423 396 
 424 398 397 
 423 424 397 
 401 426 425 
 399 402 427 
 407 399 427 
 400 401 428 
 402 400 428 
 428 401 425 
 402 428 429 
 427 402 429 
 403 404 430 
 430 405 403 
 431 430 404 
 431 404 406 
 432 408 405 
 430 432 405 
 406 407 433 
 433 431 406 
 434 433 407 
 434 407 427 
 435 409 408 
 432 435 408 
 409 435 436 
 410 409 436 
 410 436 437 
 411 410 437 
 411 437 438 
 412 411 438 
 412 438 439 
 413 412 439 
 413 439 440 
 414 413 440 
 441 415 414 
 440 441 414 
 442 416 415 
 441 442 415 
 443 417 416 
 442 443 416 
 444 418 417 
 443 444 417 
 445 419 418 
 444 445 418 
 419 445 446 
 420 419 446 
 420 446 447 
 421 420 447 
 421 447 448 
 448 422 421 
 449 423 422 
 448 449 422 
 450 424 423 
 449 450 423 
 428 425 451 
 426 452 425 
 452 451 425 
 427 429 453 
 453 434 427 
 429 428 454 
 451 454 428 
 455 453 429 
 455 429 454 
 456 432 430 
 431 456 430 
 457 456 431 
 433 457 431 
 458 435 432 
 456 458 432 
 459 457 433 
 434 459 433 
 460 459 434 
 453 460 434 
 435 458 461 
 436 435 461 
 436 461 462 
 437 436 462 
 437 462 463 
 438 437 463 
 438 463 464 
 439 438 464 
 439 464 465 
 440 439 465 
 466 441 440 
 465 466 440 
 467 442 441 
 466 467 441 
 468 443 442 
 467 468 442 
 469 444 443 
 468 469 443 
 470 445 444 
 469 470 444 
 445 470 471 
 446 445 471 
 446 471 472 
 447 446 472 
 473 448 447 
 473 447 472 
 474 449 448 
 473 474 448 
 475 450 449 
 474 475 449 
 451 476 454 
 452 477 451 
 451 477 476 
 478 460 453 
 455 478 453 
 479 478 455 
 454 476 479 
 479 455 454 
 480 458 456 
 457 480 456 
 481 480 457 
 459 481 457 
 458 480 482 
 461 458 482 
 483 481 459 
 460 483 459 
 484 483 460 
 478 484 460 
 461 482 485 
 462 461 485 
 462 485 486 
 463 462 486 
 463 486 487 
 464 463 487 
 464 487 488 
 465 464 488 
 489 466 465 
 488 489 465 
 490 467 466 
 489 490 466 
 491 468 467 
 490 491 467 
 492 469 468 
 491 492 468 
 493 470 469 
 492 493 469 
 470 493 494 
 471 470 494 
 471 494 495 
 472 471 495 
 472 495 496 
 496 473 472 
 497 474 473 
 496 497 473 
 498 475 474 
 497 498 474 
 476 499 479 
 477 500 476 
 476 500 499 
 501 484 478 
 479 501 478 
 502 501 479 
 502 479 499 
 481 483 503 
 480 481 504 
 482 480 504 
 504 481 503 
 482 504 505 
 485 482 505 
 483 484 506 
 503 483 506 
 484 501 507 
 506 484 507 
 485 505 508 
 486 485 508 
 486 508 509 
 487 486 509 
 487 509 510 
 488 487 510 
 511 489 488 
 510 511 488 
 512 490 489 
 511 512 489 
 513 491 490 
 512 513 490 
 514 492 491 
 513 514 491 
 515 493 492 
 514 515 492 
 493 515 516 
 494 493 516 
 494 516 517 
 495 494 517 
 518 496 495 
 518 495 517 
 519 497 496 
 518 519 496 
 520 498 497 
 519 520 497 
 500 522 499 
 522 502 499 
 502 522 521 
 501 502 523 
 507 501 523 
 523 502 521 
 503 506 524 
 504 503 525 
 505 504 525 
 525 503 524 
 505 525 526 
 508 505 526 
 506 507 527 
 524 506 527 
 507 523 528 
 527 507 528 
 508 526 529 
 509 508 529 
 509 529 530 
 510 509 530 
 531 511 510 
 530 531 510 
 532 512 511 
 531 532 511 
 533 513 512 
 532 533 512 
 534 514 513 
 533 534 513 
 535 515 514 
 534 535 514 
 515 535 536 
 516 515 536 
 516 536 537 
 517 516 537 
 517 537 538 
 538 518 517 
 539 519 518 
 538 539 518 
 540 520 519 
 539 540 519 
 523 521 541 
 522 542 521 
 542 541 521 
 528 523 543 
 541 543 523 
 524 527 544 
 525 524 545 
 526 525 545 
 545 524 544 
 526 545 546 
 529 526 546 
 527 528 547 
 544 527 547 
 528 543 548 
 547 528 548 
 544 547 549 
 529 546 550 
 530 529 550 
 551 531 530 
 550 551 530 
 552 532 531 
 551 552 531 
 553 533 532 
 552 553 532 
 554 534 533 
 553 554 533 
 555 535 534 
 554 555 534 
 535 555 556 
 536 535 556 
 536 556 557 
 537 536 557 
 558 538 537 
 558 537 557 
 559 539 538 
 558 559 538 
 560 540 539 
 559 560 539 
 541 561 543 
 542 562 541 
 541 562 561 
 543 561 563 
 543 563 548 
 545 544 564 
 546 545 564 
 564 544 549 
 550 546 565 
 546 564 565 
 563 566 548 
 547 548 566 
 549 547 566 
 566 567 549 
 564 549 567 
 568 551 550 
 565 568 550 
 569 552 551 
 568 569 551 
 570 553 552 
 569 570 552 
 571 554 553 
 570 571 553 
 572 555 554 
 571 572 554 
 555 572 573 
 556 555 573 
 556 573 574 
 557 556 574 
 557 574 575 
 575 558 557 
 576 559 558 
 575 576 558 
 577 560 559 
 576 577 559 
 561 578 563 
 562 579 561 
 561 579 578 
 563 578 580 
 563 580 566 
 581 568 565 
 564 567 581 
 581 565 564 
 566 580 582 
 566 582 567 
 582 583 567 
 567 583 581 
 584 569 568 
 581 584 568 
 585 570 569 
 584 585 569 
 586 571 570 
 585 586 570 
 587 572 571 
 586 587 571 
 572 587 588 
 573 572 588 
 573 588 589 
 574 573 589 
 590 575 574 
 590 574 589 
 591 576 575 
 590 591 575 
 592 577 576 
 591 592 576 
 578 593 580 
 579 594 578 
 578 594 593 
 580 593 595 
 580 595 582 
 596 584 581 
 596 581 583 
 582 595 597 
 582 597 583 
 583 597 596 
 598 585 584 
 596 598 584 
 599 586 585 
 598 599 585 
 600 587 586 
 599 600 586 
 587 600 601 
 588 587 601 
 588 601 602 
 589 588 602 
 589 602 603 
 603 590 589 
 604 591 590 
 603 604 590 
 605 592 591 
 604 605 591 
 593 606 595 
 594 607 593 
 593 607 606 
 595 606 608 
 595 608 597 
 609 598 596 
 609 596 597 
 610 609 597 
 597 608 610 
 611 599 598 
 609 611 598 
 612 600 599 
 611 612 599 
 600 612 613 
 601 600 613 
 601 613 614 
 602 601 614 
 615 603 602 
 615 602 614 
 616 604 603 
 615 616 603 
 617 605 604 
 616 617 604 
 606 618 608 
 607 619 606 
 606 619 618 
 608 618 620 
 620 610 608 
 620 621 610 
 621 611 609 
 610 621 609 
 622 612 611 
 621 622 611 
 612 622 623 
 613 612 623 
 613 623 624 
 614 613 624 
 614 624 625 
 625 615 614 
 626 616 615 
 625 626 615 
 627 617 616 
 626 627 616 
 618 628 620 
 619 629 618 
 618 629 628 
 630 620 628 
 630 631 620 
 631 622 621 
 620 631 621 
 622 631 632 
 623 622 632 
 623 632 633 
 624 623 633 
 634 625 624 
 634 624 633 
 635 626 625 
 634 635 625 
 636 627 626 
 635 636 626 
 629 638 628 
 638 630 628 
 630 638 637 
 631 630 639 
 632 631 639 
 639 630 637 
 632 639 640 
 633 632 640 
 633 640 641 
 641 634 633 
 642 635 634 
 641 642 634 
 643 636 635 
 642 643 635 
 639 637 644 
 638 645 637 
 645 644 637 
 640 639 646 
 644 646 639 
 647 641 640 
 647 640 646 
 648 642 641 
 647 648 641 
 649 643 642 
 648 649 642 
 644 650 646 
 645 651 644 
 644 651 650 
 652 648 647 
 646 650 652 
 652 647 646 
 653 649 648 
 652 653 648 
 650 654 652 
 651 655 650 
 650 655 654 
 656 653 652 
 656 652 654 
 655 657 654 
 657 656 654 
 