4888
0	662	811	
1	810	662	
2	811	810	
662	810	811	
3	658	812	
0	811	658	
2	812	811	
658	811	812	
1	663	814	
4	813	663	
5	814	813	
663	813	814	
1	814	810	
5	815	814	
2	810	815	
814	815	810	
6	816	817	
3	812	816	
2	817	812	
816	812	817	
6	817	818	
2	815	817	
5	818	815	
817	815	818	
7	659	819	
3	816	659	
6	819	816	
659	816	819	
4	664	821	
9	820	664	
10	821	820	
664	820	821	
5	813	822	
4	821	813	
10	822	821	
813	821	822	
5	822	824	
10	823	822	
11	824	823	
822	823	824	
12	825	826	
6	818	825	
5	826	818	
825	818	826	
5	824	826	
11	827	824	
12	826	827	
824	827	826	
8	660	829	
7	828	660	
13	829	828	
660	828	829	
13	828	830	
7	819	828	
6	830	819	
828	819	830	
13	830	831	
6	825	830	
12	831	825	
830	825	831	
14	832	833	
8	829	832	
13	833	829	
832	829	833	
15	661	834	
8	832	661	
14	834	832	
661	832	834	
9	665	836	
16	835	665	
17	836	835	
665	835	836	
10	820	837	
9	836	820	
17	837	836	
820	836	837	
10	837	839	
17	838	837	
18	839	838	
837	838	839	
11	823	840	
10	839	823	
18	840	839	
823	839	840	
11	840	842	
18	841	840	
19	842	841	
840	841	842	
12	827	843	
11	842	827	
19	843	842	
827	842	843	
20	844	845	
14	833	844	
13	845	833	
844	833	845	
19	846	843	
20	847	846	
12	843	847	
846	847	843	
13	831	845	
12	847	831	
20	845	847	
831	847	845	
22	700	848	
15	834	700	
14	848	834	
700	834	848	
20	849	844	
22	848	849	
14	844	848	
849	848	844	
21	692	851	
15	850	692	
23	851	850	
692	850	851	
15	700	850	
22	852	700	
23	850	852	
700	852	850	
16	666	854	
24	853	666	
25	854	853	
666	853	854	
17	835	855	
16	854	835	
25	855	854	
835	854	855	
17	855	857	
25	856	855	
26	857	856	
855	856	857	
18	838	858	
17	857	838	
26	858	857	
838	857	858	
27	859	860	
19	841	859	
18	860	841	
859	841	860	
27	860	861	
18	858	860	
26	861	858	
860	858	861	
28	862	863	
20	846	862	
19	863	846	
862	846	863	
28	863	864	
19	859	863	
27	864	859	
863	859	864	
29	701	865	
22	849	701	
20	865	849	
701	849	865	
28	866	862	
29	865	866	
20	862	865	
866	865	862	
30	693	868	
21	867	693	
31	868	867	
693	867	868	
31	867	869	
21	851	867	
23	869	851	
867	851	869	
22	701	871	
29	870	701	
32	871	870	
701	870	871	
22	871	852	
32	872	871	
23	852	872	
871	872	852	
31	869	873	
23	872	869	
32	873	872	
869	872	873	
24	667	875	
35	874	667	
36	875	874	
667	874	875	
25	853	876	
24	875	853	
36	876	875	
853	875	876	
25	876	878	
36	877	876	
37	878	877	
876	877	878	
26	856	879	
25	878	856	
37	879	878	
856	878	879	
38	880	881	
27	861	880	
26	881	861	
880	861	881	
26	879	881	
37	882	879	
38	881	882	
879	882	881	
39	883	884	
28	864	883	
27	884	864	
883	864	884	
38	885	880	
39	884	885	
27	880	884	
885	884	880	
40	702	886	
29	866	702	
28	886	866	
702	866	886	
39	887	883	
40	886	887	
28	883	886	
887	886	883	
29	702	889	
40	888	702	
41	889	888	
702	888	889	
32	870	890	
29	889	870	
41	890	889	
870	889	890	
33	694	892	
30	891	694	
42	892	891	
694	891	892	
42	891	893	
30	868	891	
31	893	868	
891	868	893	
42	893	895	
31	894	893	
43	895	894	
893	894	895	
43	894	896	
31	873	894	
32	896	873	
894	873	896	
32	890	898	
41	897	890	
44	898	897	
890	897	898	
32	898	896	
44	899	898	
43	896	899	
898	899	896	
34	695	901	
33	900	695	
45	901	900	
695	900	901	
45	900	902	
33	892	900	
42	902	892	
900	892	902	
46	903	904	
34	901	903	
45	904	901	
903	901	904	
47	696	905	
34	903	696	
46	905	903	
696	903	905	
35	668	907	
48	906	668	
49	907	906	
668	906	907	
36	874	908	
35	907	874	
49	908	907	
874	907	908	
36	908	910	
49	909	908	
50	910	909	
908	909	910	
37	877	911	
36	910	877	
50	911	910	
877	910	911	
37	911	913	
50	912	911	
51	913	912	
911	912	913	
51	914	913	
38	882	914	
37	913	882	
914	882	913	
52	915	916	
39	885	915	
38	916	885	
915	885	916	
51	917	914	
52	916	917	
38	914	916	
917	916	914	
53	703	918	
40	887	703	
39	918	887	
703	887	918	
52	919	915	
53	918	919	
39	915	918	
919	918	915	
40	703	921	
53	920	703	
54	921	920	
703	920	921	
41	888	922	
40	921	888	
54	922	921	
888	921	922	
41	922	924	
54	923	922	
55	924	923	
922	923	924	
44	897	925	
41	924	897	
55	925	924	
897	924	925	
45	902	927	
42	926	902	
56	927	926	
902	926	927	
56	926	928	
42	895	926	
43	928	895	
926	895	928	
56	928	930	
43	929	928	
57	930	929	
928	929	930	
44	925	932	
55	931	925	
57	932	931	
925	931	932	
57	929	932	
43	899	929	
44	932	899	
929	899	932	
46	904	934	
45	933	904	
58	934	933	
904	933	934	
58	933	935	
45	927	933	
56	935	927	
933	927	935	
59	936	937	
46	934	936	
58	937	934	
936	934	937	
60	938	939	
47	905	938	
46	939	905	
938	905	939	
60	939	940	
46	936	939	
59	940	936	
939	936	940	
61	697	941	
47	938	697	
60	941	938	
697	938	941	
48	669	943	
63	942	669	
64	943	942	
669	942	943	
49	906	944	
48	943	906	
64	944	943	
906	943	944	
49	944	946	
64	945	944	
65	946	945	
944	945	946	
50	909	947	
49	946	909	
65	947	946	
909	946	947	
66	948	949	
51	912	948	
50	949	912	
948	912	949	
66	949	950	
50	947	949	
65	950	947	
949	947	950	
67	951	952	
52	917	951	
51	952	917	
951	917	952	
66	953	948	
67	952	953	
51	948	952	
953	952	948	
68	704	954	
53	919	704	
52	954	919	
704	919	954	
67	955	951	
68	954	955	
52	951	954	
955	954	951	
53	704	957	
68	956	704	
69	957	956	
704	956	957	
54	920	958	
53	957	920	
69	958	957	
920	957	958	
54	958	960	
69	959	958	
70	960	959	
958	959	960	
55	923	961	
54	960	923	
70	961	960	
923	960	961	
55	961	963	
70	962	961	
71	963	962	
961	962	963	
55	963	931	
71	964	963	
57	931	964	
963	964	931	
58	935	966	
56	965	935	
72	966	965	
935	965	966	
72	965	967	
56	930	965	
57	967	930	
965	930	967	
72	967	969	
57	968	967	
73	969	968	
967	968	969	
73	968	970	
57	964	968	
71	970	964	
968	964	970	
59	937	972	
58	971	937	
74	972	971	
937	971	972	
74	971	973	
58	966	971	
72	973	966	
971	966	973	
59	972	975	
74	974	972	
75	975	974	
972	974	975	
76	976	977	
60	940	976	
59	977	940	
976	940	977	
76	977	978	
59	975	977	
75	978	975	
977	975	978	
62	698	980	
61	979	698	
77	980	979	
698	979	980	
77	979	981	
61	941	979	
60	981	941	
979	941	981	
77	981	982	
60	976	981	
76	982	976	
981	976	982	
78	983	984	
62	980	983	
77	984	980	
983	980	984	
79	699	985	
62	983	699	
78	985	983	
699	983	985	
63	670	987	
80	986	670	
81	987	986	
670	986	987	
64	942	988	
63	987	942	
81	988	987	
942	987	988	
64	988	990	
81	989	988	
82	990	989	
988	989	990	
65	945	991	
64	990	945	
82	991	990	
945	990	991	
65	991	993	
82	992	991	
83	993	992	
991	992	993	
83	994	993	
66	950	994	
65	993	950	
994	950	993	
84	995	996	
67	953	995	
66	996	953	
995	953	996	
83	997	994	
84	996	997	
66	994	996	
997	996	994	
85	705	998	
68	955	705	
67	998	955	
705	955	998	
84	999	995	
85	998	999	
67	995	998	
999	998	995	
68	705	1001	
85	1000	705	
86	1001	1000	
705	1000	1001	
69	956	1002	
68	1001	956	
86	1002	1001	
956	1001	1002	
69	1002	1004	
86	1003	1002	
87	1004	1003	
1002	1003	1004	
70	959	1005	
69	1004	959	
87	1005	1004	
959	1004	1005	
70	1005	1007	
87	1006	1005	
88	1007	1006	
1005	1006	1007	
71	962	1008	
70	1007	962	
88	1008	1007	
962	1007	1008	
71	1008	1010	
88	1009	1008	
89	1010	1009	
1008	1009	1010	
71	1010	970	
89	1011	1010	
73	970	1011	
1010	1011	970	
74	973	1013	
72	1012	973	
90	1013	1012	
973	1012	1013	
90	1012	1014	
72	969	1012	
73	1014	969	
1012	969	1014	
90	1014	1015	
73	1011	1014	
89	1015	1011	
1014	1011	1015	
74	1013	1017	
90	1016	1013	
91	1017	1016	
1013	1016	1017	
92	1018	1019	
75	974	1018	
74	1019	974	
1018	974	1019	
91	1020	1017	
92	1019	1020	
74	1017	1019	
1020	1019	1017	
93	1021	1022	
76	978	1021	
75	1022	978	
1021	978	1022	
92	1023	1018	
93	1022	1023	
75	1018	1022	
1023	1022	1018	
94	1024	1025	
78	984	1024	
77	1025	984	
1024	984	1025	
93	1026	1021	
94	1027	1026	
76	1021	1027	
1026	1027	1021	
77	982	1025	
76	1027	982	
94	1025	1027	
982	1027	1025	
95	734	1028	
79	985	734	
78	1028	985	
734	985	1028	
94	1029	1024	
95	1028	1029	
78	1024	1028	
1029	1028	1024	
79	734	1031	
95	1030	734	
96	1031	1030	
734	1030	1031	
97	730	1032	
79	1031	730	
96	1032	1031	
730	1031	1032	
80	671	1034	
98	1033	671	
99	1034	1033	
671	1033	1034	
81	986	1035	
80	1034	986	
99	1035	1034	
986	1034	1035	
81	1035	1037	
99	1036	1035	
100	1037	1036	
1035	1036	1037	
82	989	1038	
81	1037	989	
100	1038	1037	
989	1037	1038	
101	1039	1040	
83	992	1039	
82	1040	992	
1039	992	1040	
101	1040	1041	
82	1038	1040	
100	1041	1038	
1040	1038	1041	
102	1042	1043	
84	997	1042	
83	1043	997	
1042	997	1043	
101	1044	1039	
102	1043	1044	
83	1039	1043	
1044	1043	1039	
103	706	1045	
85	999	706	
84	1045	999	
706	999	1045	
102	1046	1042	
103	1045	1046	
84	1042	1045	
1046	1045	1042	
85	706	1048	
103	1047	706	
104	1048	1047	
706	1047	1048	
86	1000	1049	
85	1048	1000	
104	1049	1048	
1000	1048	1049	
86	1049	1051	
104	1050	1049	
105	1051	1050	
1049	1050	1051	
87	1003	1052	
86	1051	1003	
105	1052	1051	
1003	1051	1052	
87	1052	1054	
105	1053	1052	
106	1054	1053	
1052	1053	1054	
88	1006	1055	
87	1054	1006	
106	1055	1054	
1006	1054	1055	
88	1055	1057	
106	1056	1055	
107	1057	1056	
1055	1056	1057	
89	1009	1058	
88	1057	1009	
107	1058	1057	
1009	1057	1058	
89	1058	1060	
107	1059	1058	
108	1060	1059	
1058	1059	1060	
109	1061	1062	
91	1016	1061	
90	1062	1016	
1061	1016	1062	
90	1015	1062	
89	1063	1015	
109	1062	1063	
1015	1063	1062	
89	1060	1063	
108	1064	1060	
109	1063	1064	
1060	1064	1063	
110	1065	1066	
92	1020	1065	
91	1066	1020	
1065	1020	1066	
109	1067	1061	
110	1066	1067	
91	1061	1066	
1067	1066	1061	
111	1068	1069	
93	1023	1068	
92	1069	1023	
1068	1023	1069	
110	1070	1065	
111	1069	1070	
92	1065	1069	
1070	1069	1065	
112	1071	1072	
94	1026	1071	
93	1072	1026	
1071	1026	1072	
112	1072	1073	
93	1068	1072	
111	1073	1068	
1072	1068	1073	
113	735	1074	
95	1029	735	
94	1074	1029	
735	1029	1074	
112	1075	1071	
113	1074	1075	
94	1071	1074	
1075	1074	1071	
95	735	1077	
113	1076	735	
114	1077	1076	
735	1076	1077	
95	1077	1030	
114	1078	1077	
96	1030	1078	
1077	1078	1030	
115	1079	1080	
97	1032	1079	
96	1080	1032	
1079	1032	1080	
115	1080	1081	
96	1078	1080	
114	1081	1078	
1080	1078	1081	
116	731	1082	
97	1079	731	
115	1082	1079	
731	1079	1082	
98	672	1084	
118	1083	672	
119	1084	1083	
672	1083	1084	
99	1033	1085	
98	1084	1033	
119	1085	1084	
1033	1084	1085	
99	1085	1087	
119	1086	1085	
120	1087	1086	
1085	1086	1087	
100	1036	1088	
99	1087	1036	
120	1088	1087	
1036	1087	1088	
100	1088	1090	
120	1089	1088	
121	1090	1089	
1088	1089	1090	
121	1091	1090	
101	1041	1091	
100	1090	1041	
1091	1041	1090	
122	1092	1093	
102	1044	1092	
101	1093	1044	
1092	1044	1093	
121	1094	1091	
122	1093	1094	
101	1091	1093	
1094	1093	1091	
123	707	1095	
103	1046	707	
102	1095	1046	
707	1046	1095	
122	1096	1092	
123	1095	1096	
102	1092	1095	
1096	1095	1092	
103	707	1098	
123	1097	707	
124	1098	1097	
707	1097	1098	
104	1047	1099	
103	1098	1047	
124	1099	1098	
1047	1098	1099	
104	1099	1101	
124	1100	1099	
125	1101	1100	
1099	1100	1101	
105	1050	1102	
104	1101	1050	
125	1102	1101	
1050	1101	1102	
105	1102	1104	
125	1103	1102	
126	1104	1103	
1102	1103	1104	
106	1053	1105	
105	1104	1053	
126	1105	1104	
1053	1104	1105	
106	1105	1107	
126	1106	1105	
127	1107	1106	
1105	1106	1107	
107	1056	1108	
106	1107	1056	
127	1108	1107	
1056	1107	1108	
107	1108	1110	
127	1109	1108	
128	1110	1109	
1108	1109	1110	
108	1059	1111	
107	1110	1059	
128	1111	1110	
1059	1110	1111	
129	1112	1113	
109	1064	1112	
108	1113	1064	
1112	1064	1113	
128	1114	1111	
129	1113	1114	
108	1111	1113	
1114	1113	1111	
130	1115	1116	
110	1067	1115	
109	1116	1067	
1115	1067	1116	
129	1117	1112	
130	1116	1117	
109	1112	1116	
1117	1116	1112	
131	1118	1119	
111	1070	1118	
110	1119	1070	
1118	1070	1119	
130	1120	1115	
131	1119	1120	
110	1115	1119	
1120	1119	1115	
132	1121	1122	
112	1073	1121	
111	1122	1073	
1121	1073	1122	
131	1123	1118	
132	1122	1123	
111	1118	1122	
1123	1122	1118	
133	736	1124	
113	1075	736	
112	1124	1075	
736	1075	1124	
132	1125	1121	
133	1124	1125	
112	1121	1124	
1125	1124	1121	
113	736	1127	
133	1126	736	
134	1127	1126	
736	1126	1127	
114	1076	1128	
113	1127	1076	
134	1128	1127	
1076	1127	1128	
114	1128	1130	
134	1129	1128	
135	1130	1129	
1128	1129	1130	
136	1131	1132	
115	1081	1131	
114	1132	1081	
1131	1081	1132	
114	1130	1132	
135	1133	1130	
136	1132	1133	
1130	1133	1132	
117	732	1135	
116	1134	732	
137	1135	1134	
732	1134	1135	
137	1134	1136	
116	1082	1134	
115	1136	1082	
1134	1082	1136	
137	1136	1137	
115	1131	1136	
136	1137	1131	
1136	1131	1137	
138	1138	1139	
117	1135	1138	
137	1139	1135	
1138	1135	1139	
139	733	1140	
117	1138	733	
138	1140	1138	
733	1138	1140	
118	673	1142	
140	1141	673	
141	1142	1141	
673	1141	1142	
119	1083	1143	
118	1142	1083	
141	1143	1142	
1083	1142	1143	
119	1143	1145	
141	1144	1143	
142	1145	1144	
1143	1144	1145	
120	1086	1146	
119	1145	1086	
142	1146	1145	
1086	1145	1146	
143	1147	1148	
121	1089	1147	
120	1148	1089	
1147	1089	1148	
143	1148	1149	
120	1146	1148	
142	1149	1146	
1148	1146	1149	
144	1150	1151	
122	1094	1150	
121	1151	1094	
1150	1094	1151	
143	1152	1147	
144	1151	1152	
121	1147	1151	
1152	1151	1147	
145	708	1153	
123	1096	708	
122	1153	1096	
708	1096	1153	
144	1154	1150	
145	1153	1154	
122	1150	1153	
1154	1153	1150	
123	708	1156	
145	1155	708	
146	1156	1155	
708	1155	1156	
124	1097	1157	
123	1156	1097	
146	1157	1156	
1097	1156	1157	
124	1157	1159	
146	1158	1157	
147	1159	1158	
1157	1158	1159	
125	1100	1160	
124	1159	1100	
147	1160	1159	
1100	1159	1160	
125	1160	1162	
147	1161	1160	
148	1162	1161	
1160	1161	1162	
126	1103	1163	
125	1162	1103	
148	1163	1162	
1103	1162	1163	
126	1163	1165	
148	1164	1163	
149	1165	1164	
1163	1164	1165	
127	1106	1166	
126	1165	1106	
149	1166	1165	
1106	1165	1166	
127	1166	1168	
149	1167	1166	
150	1168	1167	
1166	1167	1168	
128	1109	1169	
127	1168	1109	
150	1169	1168	
1109	1168	1169	
151	1170	1171	
129	1114	1170	
128	1171	1114	
1170	1114	1171	
150	1172	1169	
151	1171	1172	
128	1169	1171	
1172	1171	1169	
152	1173	1174	
130	1117	1173	
129	1174	1117	
1173	1117	1174	
151	1175	1170	
152	1174	1175	
129	1170	1174	
1175	1174	1170	
153	1176	1177	
131	1120	1176	
130	1177	1120	
1176	1120	1177	
152	1178	1173	
153	1177	1178	
130	1173	1177	
1178	1177	1173	
154	1179	1180	
132	1123	1179	
131	1180	1123	
1179	1123	1180	
153	1181	1176	
154	1180	1181	
131	1176	1180	
1181	1180	1176	
155	737	1182	
133	1125	737	
132	1182	1125	
737	1125	1182	
154	1183	1179	
155	1182	1183	
132	1179	1182	
1183	1182	1179	
133	737	1185	
155	1184	737	
156	1185	1184	
737	1184	1185	
134	1126	1186	
133	1185	1126	
156	1186	1185	
1126	1185	1186	
134	1186	1188	
156	1187	1186	
157	1188	1187	
1186	1187	1188	
135	1129	1189	
134	1188	1129	
157	1189	1188	
1129	1188	1189	
135	1189	1191	
157	1190	1189	
158	1191	1190	
1189	1190	1191	
136	1133	1192	
135	1191	1133	
158	1192	1191	
1133	1191	1192	
159	1193	1194	
138	1139	1193	
137	1194	1139	
1193	1139	1194	
158	1195	1192	
159	1196	1195	
136	1192	1196	
1195	1196	1192	
137	1137	1194	
136	1196	1137	
159	1194	1196	
1137	1196	1194	
160	764	1197	
139	1140	764	
138	1197	1140	
764	1140	1197	
159	1198	1193	
160	1197	1198	
138	1193	1197	
1198	1197	1193	
140	674	1200	
161	1199	674	
162	1200	1199	
674	1199	1200	
141	1141	1201	
140	1200	1141	
162	1201	1200	
1141	1200	1201	
141	1201	1203	
162	1202	1201	
163	1203	1202	
1201	1202	1203	
142	1144	1204	
141	1203	1144	
163	1204	1203	
1144	1203	1204	
142	1204	1206	
163	1205	1204	
164	1206	1205	
1204	1205	1206	
164	1207	1206	
143	1149	1207	
142	1206	1149	
1207	1149	1206	
165	1208	1209	
144	1152	1208	
143	1209	1152	
1208	1152	1209	
164	1210	1207	
165	1209	1210	
143	1207	1209	
1210	1209	1207	
166	709	1211	
145	1154	709	
144	1211	1154	
709	1154	1211	
165	1212	1208	
166	1211	1212	
144	1208	1211	
1212	1211	1208	
145	709	1214	
166	1213	709	
167	1214	1213	
709	1213	1214	
146	1155	1215	
145	1214	1155	
167	1215	1214	
1155	1214	1215	
146	1215	1217	
167	1216	1215	
168	1217	1216	
1215	1216	1217	
147	1158	1218	
146	1217	1158	
168	1218	1217	
1158	1217	1218	
147	1218	1220	
168	1219	1218	
169	1220	1219	
1218	1219	1220	
148	1161	1221	
147	1220	1161	
169	1221	1220	
1161	1220	1221	
148	1221	1223	
169	1222	1221	
170	1223	1222	
1221	1222	1223	
149	1164	1224	
148	1223	1164	
170	1224	1223	
1164	1223	1224	
149	1224	1226	
170	1225	1224	
171	1226	1225	
1224	1225	1226	
150	1167	1227	
149	1226	1167	
171	1227	1226	
1167	1226	1227	
172	1228	1229	
151	1172	1228	
150	1229	1172	
1228	1172	1229	
171	1230	1227	
172	1229	1230	
150	1227	1229	
1230	1229	1227	
173	1231	1232	
152	1175	1231	
151	1232	1175	
1231	1175	1232	
172	1233	1228	
173	1232	1233	
151	1228	1232	
1233	1232	1228	
174	1234	1235	
153	1178	1234	
152	1235	1178	
1234	1178	1235	
173	1236	1231	
174	1235	1236	
152	1231	1235	
1236	1235	1231	
175	1237	1238	
154	1181	1237	
153	1238	1181	
1237	1181	1238	
174	1239	1234	
175	1238	1239	
153	1234	1238	
1239	1238	1234	
176	738	1240	
155	1183	738	
154	1240	1183	
738	1183	1240	
175	1241	1237	
176	1240	1241	
154	1237	1240	
1241	1240	1237	
155	738	1243	
176	1242	738	
177	1243	1242	
738	1242	1243	
156	1184	1244	
155	1243	1184	
177	1244	1243	
1184	1243	1244	
156	1244	1246	
177	1245	1244	
178	1246	1245	
1244	1245	1246	
157	1187	1247	
156	1246	1187	
178	1247	1246	
1187	1246	1247	
179	1248	1249	
158	1190	1248	
157	1249	1190	
1248	1190	1249	
179	1249	1250	
157	1247	1249	
178	1250	1247	
1249	1247	1250	
180	1251	1252	
159	1195	1251	
158	1252	1195	
1251	1195	1252	
180	1252	1253	
158	1248	1252	
179	1253	1248	
1252	1248	1253	
181	765	1254	
160	1198	765	
159	1254	1198	
765	1198	1254	
180	1255	1251	
181	1254	1255	
159	1251	1254	
1255	1254	1251	
161	675	1257	
182	1256	675	
183	1257	1256	
675	1256	1257	
162	1199	1258	
161	1257	1199	
183	1258	1257	
1199	1257	1258	
162	1258	1260	
183	1259	1258	
184	1260	1259	
1258	1259	1260	
163	1202	1261	
162	1260	1202	
184	1261	1260	
1202	1260	1261	
185	1262	1263	
164	1205	1262	
163	1263	1205	
1262	1205	1263	
185	1263	1264	
163	1261	1263	
184	1264	1261	
1263	1261	1264	
186	1265	1266	
165	1210	1265	
164	1266	1210	
1265	1210	1266	
185	1267	1262	
186	1266	1267	
164	1262	1266	
1267	1266	1262	
187	710	1268	
166	1212	710	
165	1268	1212	
710	1212	1268	
186	1269	1265	
187	1268	1269	
165	1265	1268	
1269	1268	1265	
166	710	1271	
187	1270	710	
188	1271	1270	
710	1270	1271	
167	1213	1272	
166	1271	1213	
188	1272	1271	
1213	1271	1272	
167	1272	1274	
188	1273	1272	
189	1274	1273	
1272	1273	1274	
168	1216	1275	
167	1274	1216	
189	1275	1274	
1216	1274	1275	
168	1275	1277	
189	1276	1275	
190	1277	1276	
1275	1276	1277	
169	1219	1278	
168	1277	1219	
190	1278	1277	
1219	1277	1278	
169	1278	1280	
190	1279	1278	
191	1280	1279	
1278	1279	1280	
170	1222	1281	
169	1280	1222	
191	1281	1280	
1222	1280	1281	
170	1281	1283	
191	1282	1281	
192	1283	1282	
1281	1282	1283	
171	1225	1284	
170	1283	1225	
192	1284	1283	
1225	1283	1284	
193	1285	1286	
172	1230	1285	
171	1286	1230	
1285	1230	1286	
192	1287	1284	
193	1286	1287	
171	1284	1286	
1287	1286	1284	
194	1288	1289	
173	1233	1288	
172	1289	1233	
1288	1233	1289	
193	1290	1285	
194	1289	1290	
172	1285	1289	
1290	1289	1285	
195	1291	1292	
174	1236	1291	
173	1292	1236	
1291	1236	1292	
194	1293	1288	
195	1292	1293	
173	1288	1292	
1293	1292	1288	
196	1294	1295	
175	1239	1294	
174	1295	1239	
1294	1239	1295	
195	1296	1291	
196	1295	1296	
174	1291	1295	
1296	1295	1291	
197	739	1297	
176	1241	739	
175	1297	1241	
739	1241	1297	
196	1298	1294	
197	1297	1298	
175	1294	1297	
1298	1297	1294	
176	739	1300	
197	1299	739	
198	1300	1299	
739	1299	1300	
177	1242	1301	
176	1300	1242	
198	1301	1300	
1242	1300	1301	
177	1301	1303	
198	1302	1301	
199	1303	1302	
1301	1302	1303	
178	1245	1304	
177	1303	1245	
199	1304	1303	
1245	1303	1304	
200	1305	1306	
179	1250	1305	
178	1306	1250	
1305	1250	1306	
178	1304	1306	
199	1307	1304	
200	1306	1307	
1304	1307	1306	
201	1308	1309	
180	1253	1308	
179	1309	1253	
1308	1253	1309	
200	1310	1305	
201	1309	1310	
179	1305	1309	
1310	1309	1305	
202	766	1311	
181	1255	766	
180	1311	1255	
766	1255	1311	
201	1312	1308	
202	1311	1312	
180	1308	1311	
1312	1311	1308	
182	676	1314	
203	1313	676	
204	1314	1313	
676	1313	1314	
183	1256	1315	
182	1314	1256	
204	1315	1314	
1256	1314	1315	
183	1315	1317	
204	1316	1315	
205	1317	1316	
1315	1316	1317	
184	1259	1318	
183	1317	1259	
205	1318	1317	
1259	1317	1318	
184	1318	1320	
205	1319	1318	
206	1320	1319	
1318	1319	1320	
206	1321	1320	
185	1264	1321	
184	1320	1264	
1321	1264	1320	
207	1322	1323	
186	1267	1322	
185	1323	1267	
1322	1267	1323	
206	1324	1321	
207	1323	1324	
185	1321	1323	
1324	1323	1321	
208	711	1325	
187	1269	711	
186	1325	1269	
711	1269	1325	
207	1326	1322	
208	1325	1326	
186	1322	1325	
1326	1325	1322	
187	711	1328	
208	1327	711	
209	1328	1327	
711	1327	1328	
188	1270	1329	
187	1328	1270	
209	1329	1328	
1270	1328	1329	
188	1329	1331	
209	1330	1329	
210	1331	1330	
1329	1330	1331	
189	1273	1332	
188	1331	1273	
210	1332	1331	
1273	1331	1332	
189	1332	1334	
210	1333	1332	
211	1334	1333	
1332	1333	1334	
190	1276	1335	
189	1334	1276	
211	1335	1334	
1276	1334	1335	
190	1335	1337	
211	1336	1335	
212	1337	1336	
1335	1336	1337	
191	1279	1338	
190	1337	1279	
212	1338	1337	
1279	1337	1338	
191	1338	1340	
212	1339	1338	
213	1340	1339	
1338	1339	1340	
192	1282	1341	
191	1340	1282	
213	1341	1340	
1282	1340	1341	
214	1342	1343	
193	1287	1342	
192	1343	1287	
1342	1287	1343	
213	1344	1341	
214	1343	1344	
192	1341	1343	
1344	1343	1341	
215	1345	1346	
194	1290	1345	
193	1346	1290	
1345	1290	1346	
214	1347	1342	
215	1346	1347	
193	1342	1346	
1347	1346	1342	
216	1348	1349	
195	1293	1348	
194	1349	1293	
1348	1293	1349	
215	1350	1345	
216	1349	1350	
194	1345	1349	
1350	1349	1345	
217	1351	1352	
196	1296	1351	
195	1352	1296	
1351	1296	1352	
216	1353	1348	
217	1352	1353	
195	1348	1352	
1353	1352	1348	
218	740	1354	
197	1298	740	
196	1354	1298	
740	1298	1354	
217	1355	1351	
218	1354	1355	
196	1351	1354	
1355	1354	1351	
197	740	1357	
218	1356	740	
219	1357	1356	
740	1356	1357	
198	1299	1358	
197	1357	1299	
219	1358	1357	
1299	1357	1358	
198	1358	1360	
219	1359	1358	
220	1360	1359	
1358	1359	1360	
199	1302	1361	
198	1360	1302	
220	1361	1360	
1302	1360	1361	
199	1361	1363	
220	1362	1361	
221	1363	1362	
1361	1362	1363	
221	1364	1363	
200	1307	1364	
199	1363	1307	
1364	1307	1363	
222	1365	1366	
201	1310	1365	
200	1366	1310	
1365	1310	1366	
221	1367	1364	
222	1366	1367	
200	1364	1366	
1367	1366	1364	
223	767	1368	
202	1312	767	
201	1368	1312	
767	1312	1368	
222	1369	1365	
223	1368	1369	
201	1365	1368	
1369	1368	1365	
203	677	1371	
224	1370	677	
225	1371	1370	
677	1370	1371	
204	1313	1372	
203	1371	1313	
225	1372	1371	
1313	1371	1372	
204	1372	1374	
225	1373	1372	
226	1374	1373	
1372	1373	1374	
205	1316	1375	
204	1374	1316	
226	1375	1374	
1316	1374	1375	
227	1376	1377	
206	1319	1376	
205	1377	1319	
1376	1319	1377	
227	1377	1378	
205	1375	1377	
226	1378	1375	
1377	1375	1378	
228	1379	1380	
207	1324	1379	
206	1380	1324	
1379	1324	1380	
227	1381	1376	
228	1380	1381	
206	1376	1380	
1381	1380	1376	
229	712	1382	
208	1326	712	
207	1382	1326	
712	1326	1382	
228	1383	1379	
229	1382	1383	
207	1379	1382	
1383	1382	1379	
208	712	1385	
229	1384	712	
230	1385	1384	
712	1384	1385	
209	1327	1386	
208	1385	1327	
230	1386	1385	
1327	1385	1386	
209	1386	1388	
230	1387	1386	
231	1388	1387	
1386	1387	1388	
210	1330	1389	
209	1388	1330	
231	1389	1388	
1330	1388	1389	
210	1389	1391	
231	1390	1389	
232	1391	1390	
1389	1390	1391	
211	1333	1392	
210	1391	1333	
232	1392	1391	
1333	1391	1392	
211	1392	1394	
232	1393	1392	
233	1394	1393	
1392	1393	1394	
212	1336	1395	
211	1394	1336	
233	1395	1394	
1336	1394	1395	
212	1395	1397	
233	1396	1395	
234	1397	1396	
1395	1396	1397	
213	1339	1398	
212	1397	1339	
234	1398	1397	
1339	1397	1398	
235	1399	1400	
214	1344	1399	
213	1400	1344	
1399	1344	1400	
234	1401	1398	
235	1400	1401	
213	1398	1400	
1401	1400	1398	
236	1402	1403	
215	1347	1402	
214	1403	1347	
1402	1347	1403	
235	1404	1399	
236	1403	1404	
214	1399	1403	
1404	1403	1399	
237	1405	1406	
216	1350	1405	
215	1406	1350	
1405	1350	1406	
236	1407	1402	
237	1406	1407	
215	1402	1406	
1407	1406	1402	
238	1408	1409	
217	1353	1408	
216	1409	1353	
1408	1353	1409	
237	1410	1405	
238	1409	1410	
216	1405	1409	
1410	1409	1405	
239	741	1411	
218	1355	741	
217	1411	1355	
741	1355	1411	
238	1412	1408	
239	1411	1412	
217	1408	1411	
1412	1411	1408	
218	741	1414	
239	1413	741	
240	1414	1413	
741	1413	1414	
219	1356	1415	
218	1414	1356	
240	1415	1414	
1356	1414	1415	
219	1415	1417	
240	1416	1415	
241	1417	1416	
1415	1416	1417	
220	1359	1418	
219	1417	1359	
241	1418	1417	
1359	1417	1418	
242	1419	1420	
221	1362	1419	
220	1420	1362	
1419	1362	1420	
242	1420	1421	
220	1418	1420	
241	1421	1418	
1420	1418	1421	
243	1422	1423	
222	1367	1422	
221	1423	1367	
1422	1367	1423	
242	1424	1419	
243	1423	1424	
221	1419	1423	
1424	1423	1419	
244	768	1425	
223	1369	768	
222	1425	1369	
768	1369	1425	
243	1426	1422	
244	1425	1426	
222	1422	1425	
1426	1425	1422	
224	678	1428	
245	1427	678	
246	1428	1427	
678	1427	1428	
225	1370	1429	
224	1428	1370	
246	1429	1428	
1370	1428	1429	
225	1429	1431	
246	1430	1429	
247	1431	1430	
1429	1430	1431	
226	1373	1432	
225	1431	1373	
247	1432	1431	
1373	1431	1432	
226	1432	1434	
247	1433	1432	
248	1434	1433	
1432	1433	1434	
248	1435	1434	
227	1378	1435	
226	1434	1378	
1435	1378	1434	
249	1436	1437	
228	1381	1436	
227	1437	1381	
1436	1381	1437	
248	1438	1435	
249	1437	1438	
227	1435	1437	
1438	1437	1435	
250	713	1439	
229	1383	713	
228	1439	1383	
713	1383	1439	
249	1440	1436	
250	1439	1440	
228	1436	1439	
1440	1439	1436	
229	713	1442	
250	1441	713	
251	1442	1441	
713	1441	1442	
230	1384	1443	
229	1442	1384	
251	1443	1442	
1384	1442	1443	
230	1443	1445	
251	1444	1443	
252	1445	1444	
1443	1444	1445	
231	1387	1446	
230	1445	1387	
252	1446	1445	
1387	1445	1446	
231	1446	1448	
252	1447	1446	
253	1448	1447	
1446	1447	1448	
232	1390	1449	
231	1448	1390	
253	1449	1448	
1390	1448	1449	
232	1449	1451	
253	1450	1449	
254	1451	1450	
1449	1450	1451	
233	1393	1452	
232	1451	1393	
254	1452	1451	
1393	1451	1452	
233	1452	1454	
254	1453	1452	
255	1454	1453	
1452	1453	1454	
234	1396	1455	
233	1454	1396	
255	1455	1454	
1396	1454	1455	
256	1456	1457	
235	1401	1456	
234	1457	1401	
1456	1401	1457	
255	1458	1455	
256	1457	1458	
234	1455	1457	
1458	1457	1455	
257	1459	1460	
236	1404	1459	
235	1460	1404	
1459	1404	1460	
256	1461	1456	
257	1460	1461	
235	1456	1460	
1461	1460	1456	
258	1462	1463	
237	1407	1462	
236	1463	1407	
1462	1407	1463	
257	1464	1459	
258	1463	1464	
236	1459	1463	
1464	1463	1459	
259	1465	1466	
238	1410	1465	
237	1466	1410	
1465	1410	1466	
258	1467	1462	
259	1466	1467	
237	1462	1466	
1467	1466	1462	
260	742	1468	
239	1412	742	
238	1468	1412	
742	1412	1468	
259	1469	1465	
260	1468	1469	
238	1465	1468	
1469	1468	1465	
239	742	1471	
260	1470	742	
261	1471	1470	
742	1470	1471	
240	1413	1472	
239	1471	1413	
261	1472	1471	
1413	1471	1472	
240	1472	1474	
261	1473	1472	
262	1474	1473	
1472	1473	1474	
241	1416	1475	
240	1474	1416	
262	1475	1474	
1416	1474	1475	
241	1475	1477	
262	1476	1475	
263	1477	1476	
1475	1476	1477	
263	1478	1477	
242	1421	1478	
241	1477	1421	
1478	1421	1477	
264	1479	1480	
243	1424	1479	
242	1480	1424	
1479	1424	1480	
263	1481	1478	
264	1480	1481	
242	1478	1480	
1481	1480	1478	
265	769	1482	
244	1426	769	
243	1482	1426	
769	1426	1482	
264	1483	1479	
265	1482	1483	
243	1479	1482	
1483	1482	1479	
245	679	1485	
266	1484	679	
267	1485	1484	
679	1484	1485	
246	1427	1486	
245	1485	1427	
267	1486	1485	
1427	1485	1486	
246	1486	1488	
267	1487	1486	
268	1488	1487	
1486	1487	1488	
247	1430	1489	
246	1488	1430	
268	1489	1488	
1430	1488	1489	
269	1490	1491	
248	1433	1490	
247	1491	1433	
1490	1433	1491	
269	1491	1492	
247	1489	1491	
268	1492	1489	
1491	1489	1492	
270	1493	1494	
249	1438	1493	
248	1494	1438	
1493	1438	1494	
269	1495	1490	
270	1494	1495	
248	1490	1494	
1495	1494	1490	
271	714	1496	
250	1440	714	
249	1496	1440	
714	1440	1496	
270	1497	1493	
271	1496	1497	
249	1493	1496	
1497	1496	1493	
250	714	1499	
271	1498	714	
272	1499	1498	
714	1498	1499	
251	1441	1500	
250	1499	1441	
272	1500	1499	
1441	1499	1500	
251	1500	1502	
272	1501	1500	
273	1502	1501	
1500	1501	1502	
252	1444	1503	
251	1502	1444	
273	1503	1502	
1444	1502	1503	
252	1503	1505	
273	1504	1503	
274	1505	1504	
1503	1504	1505	
253	1447	1506	
252	1505	1447	
274	1506	1505	
1447	1505	1506	
253	1506	1508	
274	1507	1506	
275	1508	1507	
1506	1507	1508	
254	1450	1509	
253	1508	1450	
275	1509	1508	
1450	1508	1509	
254	1509	1511	
275	1510	1509	
276	1511	1510	
1509	1510	1511	
255	1453	1512	
254	1511	1453	
276	1512	1511	
1453	1511	1512	
277	1513	1514	
256	1458	1513	
255	1514	1458	
1513	1458	1514	
276	1515	1512	
277	1514	1515	
255	1512	1514	
1515	1514	1512	
278	1516	1517	
257	1461	1516	
256	1517	1461	
1516	1461	1517	
277	1518	1513	
278	1517	1518	
256	1513	1517	
1518	1517	1513	
279	1519	1520	
258	1464	1519	
257	1520	1464	
1519	1464	1520	
278	1521	1516	
279	1520	1521	
257	1516	1520	
1521	1520	1516	
280	1522	1523	
259	1467	1522	
258	1523	1467	
1522	1467	1523	
279	1524	1519	
280	1523	1524	
258	1519	1523	
1524	1523	1519	
281	743	1525	
260	1469	743	
259	1525	1469	
743	1469	1525	
280	1526	1522	
281	1525	1526	
259	1522	1525	
1526	1525	1522	
260	743	1528	
281	1527	743	
282	1528	1527	
743	1527	1528	
261	1470	1529	
260	1528	1470	
282	1529	1528	
1470	1528	1529	
261	1529	1531	
282	1530	1529	
283	1531	1530	
1529	1530	1531	
262	1473	1532	
261	1531	1473	
283	1532	1531	
1473	1531	1532	
284	1533	1534	
263	1476	1533	
262	1534	1476	
1533	1476	1534	
284	1534	1535	
262	1532	1534	
283	1535	1532	
1534	1532	1535	
285	1536	1537	
264	1481	1536	
263	1537	1481	
1536	1481	1537	
284	1538	1533	
285	1537	1538	
263	1533	1537	
1538	1537	1533	
286	770	1539	
265	1483	770	
264	1539	1483	
770	1483	1539	
285	1540	1536	
286	1539	1540	
264	1536	1539	
1540	1539	1536	
266	680	1542	
287	1541	680	
288	1542	1541	
680	1541	1542	
267	1484	1543	
266	1542	1484	
288	1543	1542	
1484	1542	1543	
267	1543	1545	
288	1544	1543	
289	1545	1544	
1543	1544	1545	
268	1487	1546	
267	1545	1487	
289	1546	1545	
1487	1545	1546	
268	1546	1548	
289	1547	1546	
290	1548	1547	
1546	1547	1548	
290	1549	1548	
269	1492	1549	
268	1548	1492	
1549	1492	1548	
291	1550	1551	
270	1495	1550	
269	1551	1495	
1550	1495	1551	
290	1552	1549	
291	1551	1552	
269	1549	1551	
1552	1551	1549	
292	715	1553	
271	1497	715	
270	1553	1497	
715	1497	1553	
291	1554	1550	
292	1553	1554	
270	1550	1553	
1554	1553	1550	
271	715	1556	
292	1555	715	
293	1556	1555	
715	1555	1556	
272	1498	1557	
271	1556	1498	
293	1557	1556	
1498	1556	1557	
272	1557	1559	
293	1558	1557	
294	1559	1558	
1557	1558	1559	
273	1501	1560	
272	1559	1501	
294	1560	1559	
1501	1559	1560	
273	1560	1562	
294	1561	1560	
295	1562	1561	
1560	1561	1562	
274	1504	1563	
273	1562	1504	
295	1563	1562	
1504	1562	1563	
274	1563	1565	
295	1564	1563	
296	1565	1564	
1563	1564	1565	
275	1507	1566	
274	1565	1507	
296	1566	1565	
1507	1565	1566	
275	1566	1568	
296	1567	1566	
297	1568	1567	
1566	1567	1568	
276	1510	1569	
275	1568	1510	
297	1569	1568	
1510	1568	1569	
298	1570	1571	
277	1515	1570	
276	1571	1515	
1570	1515	1571	
297	1572	1569	
298	1571	1572	
276	1569	1571	
1572	1571	1569	
299	1573	1574	
278	1518	1573	
277	1574	1518	
1573	1518	1574	
298	1575	1570	
299	1574	1575	
277	1570	1574	
1575	1574	1570	
300	1576	1577	
279	1521	1576	
278	1577	1521	
1576	1521	1577	
299	1578	1573	
300	1577	1578	
278	1573	1577	
1578	1577	1573	
301	1579	1580	
280	1524	1579	
279	1580	1524	
1579	1524	1580	
300	1581	1576	
301	1580	1581	
279	1576	1580	
1581	1580	1576	
302	744	1582	
281	1526	744	
280	1582	1526	
744	1526	1582	
301	1583	1579	
302	1582	1583	
280	1579	1582	
1583	1582	1579	
281	744	1585	
302	1584	744	
303	1585	1584	
744	1584	1585	
282	1527	1586	
281	1585	1527	
303	1586	1585	
1527	1585	1586	
282	1586	1588	
303	1587	1586	
304	1588	1587	
1586	1587	1588	
283	1530	1589	
282	1588	1530	
304	1589	1588	
1530	1588	1589	
283	1589	1591	
304	1590	1589	
305	1591	1590	
1589	1590	1591	
305	1592	1591	
284	1535	1592	
283	1591	1535	
1592	1535	1591	
306	1593	1594	
285	1538	1593	
284	1594	1538	
1593	1538	1594	
305	1595	1592	
306	1594	1595	
284	1592	1594	
1595	1594	1592	
307	771	1596	
286	1540	771	
285	1596	1540	
771	1540	1596	
306	1597	1593	
307	1596	1597	
285	1593	1596	
1597	1596	1593	
287	681	1599	
308	1598	681	
309	1599	1598	
681	1598	1599	
288	1541	1600	
287	1599	1541	
309	1600	1599	
1541	1599	1600	
288	1600	1602	
309	1601	1600	
310	1602	1601	
1600	1601	1602	
289	1544	1603	
288	1602	1544	
310	1603	1602	
1544	1602	1603	
311	1604	1605	
290	1547	1604	
289	1605	1547	
1604	1547	1605	
311	1605	1606	
289	1603	1605	
310	1606	1603	
1605	1603	1606	
312	1607	1608	
291	1552	1607	
290	1608	1552	
1607	1552	1608	
311	1609	1604	
312	1608	1609	
290	1604	1608	
1609	1608	1604	
313	716	1610	
292	1554	716	
291	1610	1554	
716	1554	1610	
312	1611	1607	
313	1610	1611	
291	1607	1610	
1611	1610	1607	
292	716	1613	
313	1612	716	
314	1613	1612	
716	1612	1613	
293	1555	1614	
292	1613	1555	
314	1614	1613	
1555	1613	1614	
293	1614	1616	
314	1615	1614	
315	1616	1615	
1614	1615	1616	
294	1558	1617	
293	1616	1558	
315	1617	1616	
1558	1616	1617	
294	1617	1619	
315	1618	1617	
316	1619	1618	
1617	1618	1619	
295	1561	1620	
294	1619	1561	
316	1620	1619	
1561	1619	1620	
295	1620	1622	
316	1621	1620	
317	1622	1621	
1620	1621	1622	
296	1564	1623	
295	1622	1564	
317	1623	1622	
1564	1622	1623	
296	1623	1625	
317	1624	1623	
318	1625	1624	
1623	1624	1625	
297	1567	1626	
296	1625	1567	
318	1626	1625	
1567	1625	1626	
319	1627	1628	
298	1572	1627	
297	1628	1572	
1627	1572	1628	
318	1629	1626	
319	1628	1629	
297	1626	1628	
1629	1628	1626	
320	1630	1631	
299	1575	1630	
298	1631	1575	
1630	1575	1631	
319	1632	1627	
320	1631	1632	
298	1627	1631	
1632	1631	1627	
321	1633	1634	
300	1578	1633	
299	1634	1578	
1633	1578	1634	
320	1635	1630	
321	1634	1635	
299	1630	1634	
1635	1634	1630	
322	1636	1637	
301	1581	1636	
300	1637	1581	
1636	1581	1637	
321	1638	1633	
322	1637	1638	
300	1633	1637	
1638	1637	1633	
323	745	1639	
302	1583	745	
301	1639	1583	
745	1583	1639	
322	1640	1636	
323	1639	1640	
301	1636	1639	
1640	1639	1636	
302	745	1642	
323	1641	745	
324	1642	1641	
745	1641	1642	
303	1584	1643	
302	1642	1584	
324	1643	1642	
1584	1642	1643	
303	1643	1645	
324	1644	1643	
325	1645	1644	
1643	1644	1645	
304	1587	1646	
303	1645	1587	
325	1646	1645	
1587	1645	1646	
326	1647	1648	
305	1590	1647	
304	1648	1590	
1647	1590	1648	
326	1648	1649	
304	1646	1648	
325	1649	1646	
1648	1646	1649	
327	1650	1651	
306	1595	1650	
305	1651	1595	
1650	1595	1651	
326	1652	1647	
327	1651	1652	
305	1647	1651	
1652	1651	1647	
328	772	1653	
307	1597	772	
306	1653	1597	
772	1597	1653	
327	1654	1650	
328	1653	1654	
306	1650	1653	
1654	1653	1650	
308	682	1656	
329	1655	682	
330	1656	1655	
682	1655	1656	
309	1598	1657	
308	1656	1598	
330	1657	1656	
1598	1656	1657	
309	1657	1659	
330	1658	1657	
331	1659	1658	
1657	1658	1659	
310	1601	1660	
309	1659	1601	
331	1660	1659	
1601	1659	1660	
310	1660	1662	
331	1661	1660	
332	1662	1661	
1660	1661	1662	
332	1663	1662	
311	1606	1663	
310	1662	1606	
1663	1606	1662	
333	1664	1665	
312	1609	1664	
311	1665	1609	
1664	1609	1665	
332	1666	1663	
333	1665	1666	
311	1663	1665	
1666	1665	1663	
334	717	1667	
313	1611	717	
312	1667	1611	
717	1611	1667	
333	1668	1664	
334	1667	1668	
312	1664	1667	
1668	1667	1664	
313	717	1670	
334	1669	717	
335	1670	1669	
717	1669	1670	
314	1612	1671	
313	1670	1612	
335	1671	1670	
1612	1670	1671	
314	1671	1673	
335	1672	1671	
336	1673	1672	
1671	1672	1673	
315	1615	1674	
314	1673	1615	
336	1674	1673	
1615	1673	1674	
315	1674	1676	
336	1675	1674	
337	1676	1675	
1674	1675	1676	
316	1618	1677	
315	1676	1618	
337	1677	1676	
1618	1676	1677	
316	1677	1679	
337	1678	1677	
338	1679	1678	
1677	1678	1679	
317	1621	1680	
316	1679	1621	
338	1680	1679	
1621	1679	1680	
317	1680	1682	
338	1681	1680	
339	1682	1681	
1680	1681	1682	
318	1624	1683	
317	1682	1624	
339	1683	1682	
1624	1682	1683	
340	1684	1685	
319	1629	1684	
318	1685	1629	
1684	1629	1685	
339	1686	1683	
340	1685	1686	
318	1683	1685	
1686	1685	1683	
341	1687	1688	
320	1632	1687	
319	1688	1632	
1687	1632	1688	
340	1689	1684	
341	1688	1689	
319	1684	1688	
1689	1688	1684	
342	1690	1691	
321	1635	1690	
320	1691	1635	
1690	1635	1691	
341	1692	1687	
342	1691	1692	
320	1687	1691	
1692	1691	1687	
343	1693	1694	
322	1638	1693	
321	1694	1638	
1693	1638	1694	
342	1695	1690	
343	1694	1695	
321	1690	1694	
1695	1694	1690	
344	746	1696	
323	1640	746	
322	1696	1640	
746	1640	1696	
343	1697	1693	
344	1696	1697	
322	1693	1696	
1697	1696	1693	
323	746	1699	
344	1698	746	
345	1699	1698	
746	1698	1699	
324	1641	1700	
323	1699	1641	
345	1700	1699	
1641	1699	1700	
324	1700	1702	
345	1701	1700	
346	1702	1701	
1700	1701	1702	
325	1644	1703	
324	1702	1644	
346	1703	1702	
1644	1702	1703	
325	1703	1705	
346	1704	1703	
347	1705	1704	
1703	1704	1705	
347	1706	1705	
326	1649	1706	
325	1705	1649	
1706	1649	1705	
348	1707	1708	
327	1652	1707	
326	1708	1652	
1707	1652	1708	
347	1709	1706	
348	1708	1709	
326	1706	1708	
1709	1708	1706	
349	773	1710	
328	1654	773	
327	1710	1654	
773	1654	1710	
348	1711	1707	
349	1710	1711	
327	1707	1710	
1711	1710	1707	
329	683	1713	
350	1712	683	
352	1713	1712	
683	1712	1713	
330	1655	1714	
329	1713	1655	
352	1714	1713	
1655	1713	1714	
330	1714	1716	
352	1715	1714	
355	1716	1715	
1714	1715	1716	
331	1658	1717	
330	1716	1658	
355	1717	1716	
1658	1716	1717	
356	1718	1719	
332	1661	1718	
331	1719	1661	
1718	1661	1719	
356	1719	1720	
331	1717	1719	
355	1720	1717	
1719	1717	1720	
357	1721	1722	
333	1666	1721	
332	1722	1666	
1721	1666	1722	
356	1723	1718	
357	1722	1723	
332	1718	1722	
1723	1722	1718	
358	718	1724	
334	1668	718	
333	1724	1668	
718	1668	1724	
357	1725	1721	
358	1724	1725	
333	1721	1724	
1725	1724	1721	
334	718	1727	
358	1726	718	
359	1727	1726	
718	1726	1727	
335	1669	1728	
334	1727	1669	
359	1728	1727	
1669	1727	1728	
335	1728	1730	
359	1729	1728	
360	1730	1729	
1728	1729	1730	
336	1672	1731	
335	1730	1672	
360	1731	1730	
1672	1730	1731	
336	1731	1733	
360	1732	1731	
361	1733	1732	
1731	1732	1733	
337	1675	1734	
336	1733	1675	
361	1734	1733	
1675	1733	1734	
337	1734	1736	
361	1735	1734	
362	1736	1735	
1734	1735	1736	
338	1678	1737	
337	1736	1678	
362	1737	1736	
1678	1736	1737	
338	1737	1739	
362	1738	1737	
363	1739	1738	
1737	1738	1739	
339	1681	1740	
338	1739	1681	
363	1740	1739	
1681	1739	1740	
364	1741	1742	
340	1686	1741	
339	1742	1686	
1741	1686	1742	
363	1743	1740	
364	1742	1743	
339	1740	1742	
1743	1742	1740	
365	1744	1745	
341	1689	1744	
340	1745	1689	
1744	1689	1745	
364	1746	1741	
365	1745	1746	
340	1741	1745	
1746	1745	1741	
366	1747	1748	
342	1692	1747	
341	1748	1692	
1747	1692	1748	
365	1749	1744	
366	1748	1749	
341	1744	1748	
1749	1748	1744	
367	1750	1751	
343	1695	1750	
342	1751	1695	
1750	1695	1751	
366	1752	1747	
367	1751	1752	
342	1747	1751	
1752	1751	1747	
368	747	1753	
344	1697	747	
343	1753	1697	
747	1697	1753	
367	1754	1750	
368	1753	1754	
343	1750	1753	
1754	1753	1750	
344	747	1756	
368	1755	747	
369	1756	1755	
747	1755	1756	
345	1698	1757	
344	1756	1698	
369	1757	1756	
1698	1756	1757	
345	1757	1759	
369	1758	1757	
370	1759	1758	
1757	1758	1759	
346	1701	1760	
345	1759	1701	
370	1760	1759	
1701	1759	1760	
371	1761	1762	
347	1704	1761	
346	1762	1704	
1761	1704	1762	
371	1762	1763	
346	1760	1762	
370	1763	1760	
1762	1760	1763	
372	1764	1765	
348	1709	1764	
347	1765	1709	
1764	1709	1765	
371	1766	1761	
372	1765	1766	
347	1761	1765	
1766	1765	1761	
373	774	1767	
349	1711	774	
348	1767	1711	
774	1711	1767	
372	1768	1764	
373	1767	1768	
348	1764	1767	
1768	1767	1764	
350	684	1770	
351	1769	684	
376	1770	1769	
684	1769	1770	
352	1712	1771	
350	1770	1712	
376	1771	1770	
1712	1770	1771	
351	685	1773	
353	1772	685	
377	1773	1772	
685	1772	1773	
376	1769	1774	
351	1773	1769	
377	1774	1773	
1769	1773	1774	
352	1771	1776	
376	1775	1771	
378	1776	1775	
1771	1775	1776	
355	1715	1777	
352	1776	1715	
378	1777	1776	
1715	1776	1777	
353	686	1779	
354	1778	686	
379	1779	1778	
686	1778	1779	
377	1772	1780	
353	1779	1772	
379	1780	1779	
1772	1779	1780	
354	687	1782	
374	1781	687	
380	1782	1781	
687	1781	1782	
379	1778	1783	
354	1782	1778	
380	1783	1782	
1778	1782	1783	
355	1777	1785	
378	1784	1777	
381	1785	1784	
1777	1784	1785	
381	1786	1785	
356	1720	1786	
355	1785	1720	
1786	1720	1785	
382	1787	1788	
357	1723	1787	
356	1788	1723	
1787	1723	1788	
381	1789	1786	
382	1788	1789	
356	1786	1788	
1789	1788	1786	
383	719	1790	
358	1725	719	
357	1790	1725	
719	1725	1790	
382	1791	1787	
383	1790	1791	
357	1787	1790	
1791	1790	1787	
358	719	1793	
383	1792	719	
384	1793	1792	
719	1792	1793	
359	1726	1794	
358	1793	1726	
384	1794	1793	
1726	1793	1794	
359	1794	1796	
384	1795	1794	
385	1796	1795	
1794	1795	1796	
360	1729	1797	
359	1796	1729	
385	1797	1796	
1729	1796	1797	
360	1797	1799	
385	1798	1797	
386	1799	1798	
1797	1798	1799	
361	1732	1800	
360	1799	1732	
386	1800	1799	
1732	1799	1800	
361	1800	1802	
386	1801	1800	
387	1802	1801	
1800	1801	1802	
362	1735	1803	
361	1802	1735	
387	1803	1802	
1735	1802	1803	
362	1803	1805	
387	1804	1803	
388	1805	1804	
1803	1804	1805	
363	1738	1806	
362	1805	1738	
388	1806	1805	
1738	1805	1806	
389	1807	1808	
364	1743	1807	
363	1808	1743	
1807	1743	1808	
388	1809	1806	
389	1808	1809	
363	1806	1808	
1809	1808	1806	
390	1810	1811	
365	1746	1810	
364	1811	1746	
1810	1746	1811	
389	1812	1807	
390	1811	1812	
364	1807	1811	
1812	1811	1807	
391	1813	1814	
366	1749	1813	
365	1814	1749	
1813	1749	1814	
390	1815	1810	
391	1814	1815	
365	1810	1814	
1815	1814	1810	
392	1816	1817	
367	1752	1816	
366	1817	1752	
1816	1752	1817	
391	1818	1813	
392	1817	1818	
366	1813	1817	
1818	1817	1813	
393	748	1819	
368	1754	748	
367	1819	1754	
748	1754	1819	
392	1820	1816	
393	1819	1820	
367	1816	1819	
1820	1819	1816	
368	748	1822	
393	1821	748	
394	1822	1821	
748	1821	1822	
369	1755	1823	
368	1822	1755	
394	1823	1822	
1755	1822	1823	
369	1823	1825	
394	1824	1823	
395	1825	1824	
1823	1824	1825	
370	1758	1826	
369	1825	1758	
395	1826	1825	
1758	1825	1826	
370	1826	1828	
395	1827	1826	
396	1828	1827	
1826	1827	1828	
396	1829	1828	
371	1763	1829	
370	1828	1763	
1829	1763	1828	
397	1830	1831	
372	1766	1830	
371	1831	1766	
1830	1766	1831	
396	1832	1829	
397	1831	1832	
371	1829	1831	
1832	1831	1829	
398	775	1833	
373	1768	775	
372	1833	1768	
775	1768	1833	
397	1834	1830	
398	1833	1834	
372	1830	1833	
1834	1833	1830	
374	688	1836	
375	1835	688	
399	1836	1835	
688	1835	1836	
380	1781	1837	
374	1836	1781	
399	1837	1836	
1781	1836	1837	
375	689	1839	
400	1838	689	
402	1839	1838	
689	1838	1839	
399	1835	1840	
375	1839	1835	
402	1840	1839	
1835	1839	1840	
376	1774	1842	
377	1841	1774	
403	1842	1841	
1774	1841	1842	
378	1775	1843	
376	1842	1775	
403	1843	1842	
1775	1842	1843	
377	1780	1845	
379	1844	1780	
404	1845	1844	
1780	1844	1845	
403	1841	1846	
377	1845	1841	
404	1846	1845	
1841	1845	1846	
405	1847	1848	
381	1784	1847	
378	1848	1784	
1847	1784	1848	
405	1848	1849	
378	1843	1848	
403	1849	1843	
1848	1843	1849	
379	1783	1851	
380	1850	1783	
406	1851	1850	
1783	1850	1851	
404	1844	1852	
379	1851	1844	
406	1852	1851	
1844	1851	1852	
380	1837	1854	
399	1853	1837	
407	1854	1853	
1837	1853	1854	
406	1850	1855	
380	1854	1850	
407	1855	1854	
1850	1854	1855	
408	1856	1857	
382	1789	1856	
381	1857	1789	
1856	1789	1857	
405	1858	1847	
408	1857	1858	
381	1847	1857	
1858	1857	1847	
409	720	1859	
383	1791	720	
382	1859	1791	
720	1791	1859	
408	1860	1856	
409	1859	1860	
382	1856	1859	
1860	1859	1856	
383	720	1862	
409	1861	720	
410	1862	1861	
720	1861	1862	
384	1792	1863	
383	1862	1792	
410	1863	1862	
1792	1862	1863	
384	1863	1865	
410	1864	1863	
411	1865	1864	
1863	1864	1865	
385	1795	1866	
384	1865	1795	
411	1866	1865	
1795	1865	1866	
385	1866	1868	
411	1867	1866	
412	1868	1867	
1866	1867	1868	
386	1798	1869	
385	1868	1798	
412	1869	1868	
1798	1868	1869	
386	1869	1871	
412	1870	1869	
413	1871	1870	
1869	1870	1871	
387	1801	1872	
386	1871	1801	
413	1872	1871	
1801	1871	1872	
387	1872	1874	
413	1873	1872	
414	1874	1873	
1872	1873	1874	
388	1804	1875	
387	1874	1804	
414	1875	1874	
1804	1874	1875	
415	1876	1877	
389	1809	1876	
388	1877	1809	
1876	1809	1877	
414	1878	1875	
415	1877	1878	
388	1875	1877	
1878	1877	1875	
416	1879	1880	
390	1812	1879	
389	1880	1812	
1879	1812	1880	
415	1881	1876	
416	1880	1881	
389	1876	1880	
1881	1880	1876	
417	1882	1883	
391	1815	1882	
390	1883	1815	
1882	1815	1883	
416	1884	1879	
417	1883	1884	
390	1879	1883	
1884	1883	1879	
418	1885	1886	
392	1818	1885	
391	1886	1818	
1885	1818	1886	
417	1887	1882	
418	1886	1887	
391	1882	1886	
1887	1886	1882	
419	749	1888	
393	1820	749	
392	1888	1820	
749	1820	1888	
418	1889	1885	
419	1888	1889	
392	1885	1888	
1889	1888	1885	
393	749	1891	
419	1890	749	
420	1891	1890	
749	1890	1891	
394	1821	1892	
393	1891	1821	
420	1892	1891	
1821	1891	1892	
394	1892	1894	
420	1893	1892	
421	1894	1893	
1892	1893	1894	
395	1824	1895	
394	1894	1824	
421	1895	1894	
1824	1894	1895	
422	1896	1897	
396	1827	1896	
395	1897	1827	
1896	1827	1897	
422	1897	1898	
395	1895	1897	
421	1898	1895	
1897	1895	1898	
423	1899	1900	
397	1832	1899	
396	1900	1832	
1899	1832	1900	
422	1901	1896	
423	1900	1901	
396	1896	1900	
1901	1900	1896	
424	776	1902	
398	1834	776	
397	1902	1834	
776	1834	1902	
423	1903	1899	
424	1902	1903	
397	1899	1902	
1903	1902	1899	
401	691	1905	
426	1904	691	
425	1905	1904	
691	1904	1905	
399	1840	1907	
402	1906	1840	
427	1907	1906	
1840	1906	1907	
407	1853	1908	
399	1907	1853	
427	1908	1907	
1853	1907	1908	
400	690	1910	
401	1909	690	
428	1910	1909	
690	1909	1910	
402	1838	1911	
400	1910	1838	
428	1911	1910	
1838	1910	1911	
428	1909	1912	
401	1905	1909	
425	1912	1905	
1909	1905	1912	
402	1911	1914	
428	1913	1911	
429	1914	1913	
1911	1913	1914	
427	1906	1915	
402	1914	1906	
429	1915	1914	
1906	1914	1915	
403	1846	1917	
404	1916	1846	
430	1917	1916	
1846	1916	1917	
430	1918	1917	
405	1849	1918	
403	1917	1849	
1918	1849	1917	
431	1919	1920	
430	1916	1919	
404	1920	1916	
1919	1916	1920	
431	1920	1921	
404	1852	1920	
406	1921	1852	
1920	1852	1921	
432	1922	1923	
408	1858	1922	
405	1923	1858	
1922	1858	1923	
430	1924	1918	
432	1923	1924	
405	1918	1923	
1924	1923	1918	
406	1855	1926	
407	1925	1855	
433	1926	1925	
1855	1925	1926	
433	1927	1926	
431	1921	1927	
406	1926	1921	
1927	1921	1926	
434	1928	1929	
433	1925	1928	
407	1929	1925	
1928	1925	1929	
434	1929	1930	
407	1908	1929	
427	1930	1908	
1929	1908	1930	
435	721	1931	
409	1860	721	
408	1931	1860	
721	1860	1931	
432	1932	1922	
435	1931	1932	
408	1922	1931	
1932	1931	1922	
409	721	1934	
435	1933	721	
436	1934	1933	
721	1933	1934	
410	1861	1935	
409	1934	1861	
436	1935	1934	
1861	1934	1935	
410	1935	1937	
436	1936	1935	
437	1937	1936	
1935	1936	1937	
411	1864	1938	
410	1937	1864	
437	1938	1937	
1864	1937	1938	
411	1938	1940	
437	1939	1938	
438	1940	1939	
1938	1939	1940	
412	1867	1941	
411	1940	1867	
438	1941	1940	
1867	1940	1941	
412	1941	1943	
438	1942	1941	
439	1943	1942	
1941	1942	1943	
413	1870	1944	
412	1943	1870	
439	1944	1943	
1870	1943	1944	
413	1944	1946	
439	1945	1944	
440	1946	1945	
1944	1945	1946	
414	1873	1947	
413	1946	1873	
440	1947	1946	
1873	1946	1947	
441	1948	1949	
415	1878	1948	
414	1949	1878	
1948	1878	1949	
440	1950	1947	
441	1949	1950	
414	1947	1949	
1950	1949	1947	
442	1951	1952	
416	1881	1951	
415	1952	1881	
1951	1881	1952	
441	1953	1948	
442	1952	1953	
415	1948	1952	
1953	1952	1948	
443	1954	1955	
417	1884	1954	
416	1955	1884	
1954	1884	1955	
442	1956	1951	
443	1955	1956	
416	1951	1955	
1956	1955	1951	
444	1957	1958	
418	1887	1957	
417	1958	1887	
1957	1887	1958	
443	1959	1954	
444	1958	1959	
417	1954	1958	
1959	1958	1954	
445	750	1960	
419	1889	750	
418	1960	1889	
750	1889	1960	
444	1961	1957	
445	1960	1961	
418	1957	1960	
1961	1960	1957	
419	750	1963	
445	1962	750	
446	1963	1962	
750	1962	1963	
420	1890	1964	
419	1963	1890	
446	1964	1963	
1890	1963	1964	
420	1964	1966	
446	1965	1964	
447	1966	1965	
1964	1965	1966	
421	1893	1967	
420	1966	1893	
447	1967	1966	
1893	1966	1967	
421	1967	1969	
447	1968	1967	
448	1969	1968	
1967	1968	1969	
448	1970	1969	
422	1898	1970	
421	1969	1898	
1970	1898	1969	
449	1971	1972	
423	1901	1971	
422	1972	1901	
1971	1901	1972	
448	1973	1970	
449	1972	1973	
422	1970	1972	
1973	1972	1970	
450	777	1974	
424	1903	777	
423	1974	1903	
777	1903	1974	
449	1975	1971	
450	1974	1975	
423	1971	1974	
1975	1974	1971	
428	1912	1977	
425	1976	1912	
451	1977	1976	
1912	1976	1977	
426	794	1904	
452	1978	794	
425	1904	1978	
794	1978	1904	
452	1979	1978	
451	1976	1979	
425	1978	1976	
1979	1976	1978	
427	1915	1981	
429	1980	1915	
453	1981	1980	
1915	1980	1981	
453	1982	1981	
434	1930	1982	
427	1981	1930	
1982	1930	1981	
429	1913	1984	
428	1983	1913	
454	1984	1983	
1913	1983	1984	
451	1985	1977	
454	1983	1985	
428	1977	1983	
1985	1983	1977	
455	1986	1987	
453	1980	1986	
429	1987	1980	
1986	1980	1987	
455	1987	1988	
429	1984	1987	
454	1988	1984	
1987	1984	1988	
456	1989	1990	
432	1924	1989	
430	1990	1924	
1989	1924	1990	
431	1991	1919	
456	1990	1991	
430	1919	1990	
1991	1990	1919	
457	1992	1993	
456	1991	1992	
431	1993	1991	
1992	1991	1993	
433	1994	1927	
457	1993	1994	
431	1927	1993	
1994	1993	1927	
458	722	1995	
435	1932	722	
432	1995	1932	
722	1932	1995	
456	1996	1989	
458	1995	1996	
432	1989	1995	
1996	1995	1989	
459	1997	1998	
457	1994	1997	
433	1998	1994	
1997	1994	1998	
434	1999	1928	
459	1998	1999	
433	1928	1998	
1999	1998	1928	
460	2000	2001	
459	1999	2000	
434	2001	1999	
2000	1999	2001	
453	2002	1982	
460	2001	2002	
434	1982	2001	
2002	2001	1982	
435	722	2004	
458	2003	722	
461	2004	2003	
722	2003	2004	
436	1933	2005	
435	2004	1933	
461	2005	2004	
1933	2004	2005	
436	2005	2007	
461	2006	2005	
462	2007	2006	
2005	2006	2007	
437	1936	2008	
436	2007	1936	
462	2008	2007	
1936	2007	2008	
437	2008	2010	
462	2009	2008	
463	2010	2009	
2008	2009	2010	
438	1939	2011	
437	2010	1939	
463	2011	2010	
1939	2010	2011	
438	2011	2013	
463	2012	2011	
464	2013	2012	
2011	2012	2013	
439	1942	2014	
438	2013	1942	
464	2014	2013	
1942	2013	2014	
439	2014	2016	
464	2015	2014	
465	2016	2015	
2014	2015	2016	
440	1945	2017	
439	2016	1945	
465	2017	2016	
1945	2016	2017	
466	2018	2019	
441	1950	2018	
440	2019	1950	
2018	1950	2019	
465	2020	2017	
466	2019	2020	
440	2017	2019	
2020	2019	2017	
467	2021	2022	
442	1953	2021	
441	2022	1953	
2021	1953	2022	
466	2023	2018	
467	2022	2023	
441	2018	2022	
2023	2022	2018	
468	2024	2025	
443	1956	2024	
442	2025	1956	
2024	1956	2025	
467	2026	2021	
468	2025	2026	
442	2021	2025	
2026	2025	2021	
469	2027	2028	
444	1959	2027	
443	2028	1959	
2027	1959	2028	
468	2029	2024	
469	2028	2029	
443	2024	2028	
2029	2028	2024	
470	751	2030	
445	1961	751	
444	2030	1961	
751	1961	2030	
469	2031	2027	
470	2030	2031	
444	2027	2030	
2031	2030	2027	
445	751	2033	
470	2032	751	
471	2033	2032	
751	2032	2033	
446	1962	2034	
445	2033	1962	
471	2034	2033	
1962	2033	2034	
446	2034	2036	
471	2035	2034	
472	2036	2035	
2034	2035	2036	
447	1965	2037	
446	2036	1965	
472	2037	2036	
1965	2036	2037	
473	2038	2039	
448	1968	2038	
447	2039	1968	
2038	1968	2039	
473	2039	2040	
447	2037	2039	
472	2040	2037	
2039	2037	2040	
474	2041	2042	
449	1973	2041	
448	2042	1973	
2041	1973	2042	
473	2043	2038	
474	2042	2043	
448	2038	2042	
2043	2042	2038	
475	778	2044	
450	1975	778	
449	2044	1975	
778	1975	2044	
474	2045	2041	
475	2044	2045	
449	2041	2044	
2045	2044	2041	
451	2046	1985	
476	2047	2046	
454	1985	2047	
2046	2047	1985	
452	795	1979	
477	2048	795	
451	1979	2048	
795	2048	1979	
451	2048	2046	
477	2049	2048	
476	2046	2049	
2048	2049	2046	
478	2050	2051	
460	2002	2050	
453	2051	2002	
2050	2002	2051	
455	2052	1986	
478	2051	2052	
453	1986	2051	
2052	2051	1986	
479	2053	2054	
478	2052	2053	
455	2054	2052	
2053	2052	2054	
454	2047	2056	
476	2055	2047	
479	2056	2055	
2047	2055	2056	
479	2054	2056	
455	1988	2054	
454	2056	1988	
2054	1988	2056	
480	723	2057	
458	1996	723	
456	2057	1996	
723	1996	2057	
457	2058	1992	
480	2057	2058	
456	1992	2057	
2058	2057	1992	
481	724	2059	
480	2058	724	
457	2059	2058	
724	2058	2059	
459	2060	1997	
481	2059	2060	
457	1997	2059	
2060	2059	1997	
458	723	2062	
480	2061	723	
482	2062	2061	
723	2061	2062	
461	2003	2063	
458	2062	2003	
482	2063	2062	
2003	2062	2063	
483	725	2064	
481	2060	725	
459	2064	2060	
725	2060	2064	
460	2065	2000	
483	2064	2065	
459	2000	2064	
2065	2064	2000	
484	726	2066	
483	2065	726	
460	2066	2065	
726	2065	2066	
478	2067	2050	
484	2066	2067	
460	2050	2066	
2067	2066	2050	
461	2063	2069	
482	2068	2063	
485	2069	2068	
2063	2068	2069	
462	2006	2070	
461	2069	2006	
485	2070	2069	
2006	2069	2070	
462	2070	2072	
485	2071	2070	
486	2072	2071	
2070	2071	2072	
463	2009	2073	
462	2072	2009	
486	2073	2072	
2009	2072	2073	
463	2073	2075	
486	2074	2073	
487	2075	2074	
2073	2074	2075	
464	2012	2076	
463	2075	2012	
487	2076	2075	
2012	2075	2076	
464	2076	2078	
487	2077	2076	
488	2078	2077	
2076	2077	2078	
465	2015	2079	
464	2078	2015	
488	2079	2078	
2015	2078	2079	
489	2080	2081	
466	2020	2080	
465	2081	2020	
2080	2020	2081	
488	2082	2079	
489	2081	2082	
465	2079	2081	
2082	2081	2079	
490	2083	2084	
467	2023	2083	
466	2084	2023	
2083	2023	2084	
489	2085	2080	
490	2084	2085	
466	2080	2084	
2085	2084	2080	
491	2086	2087	
468	2026	2086	
467	2087	2026	
2086	2026	2087	
490	2088	2083	
491	2087	2088	
467	2083	2087	
2088	2087	2083	
492	2089	2090	
469	2029	2089	
468	2090	2029	
2089	2029	2090	
491	2091	2086	
492	2090	2091	
468	2086	2090	
2091	2090	2086	
493	752	2092	
470	2031	752	
469	2092	2031	
752	2031	2092	
492	2093	2089	
493	2092	2093	
469	2089	2092	
2093	2092	2089	
470	752	2095	
493	2094	752	
494	2095	2094	
752	2094	2095	
471	2032	2096	
470	2095	2032	
494	2096	2095	
2032	2095	2096	
471	2096	2098	
494	2097	2096	
495	2098	2097	
2096	2097	2098	
472	2035	2099	
471	2098	2035	
495	2099	2098	
2035	2098	2099	
472	2099	2101	
495	2100	2099	
496	2101	2100	
2099	2100	2101	
496	2102	2101	
473	2040	2102	
472	2101	2040	
2102	2040	2101	
497	2103	2104	
474	2043	2103	
473	2104	2043	
2103	2043	2104	
496	2105	2102	
497	2104	2105	
473	2102	2104	
2105	2104	2102	
498	779	2106	
475	2045	779	
474	2106	2045	
779	2045	2106	
497	2107	2103	
498	2106	2107	
474	2103	2106	
2107	2106	2103	
476	2108	2055	
499	2109	2108	
479	2055	2109	
2108	2109	2055	
477	796	2049	
500	2110	796	
476	2049	2110	
796	2110	2049	
476	2110	2108	
500	2111	2110	
499	2108	2111	
2110	2111	2108	
501	727	2112	
484	2067	727	
478	2112	2067	
727	2067	2112	
479	2113	2053	
501	2112	2113	
478	2053	2112	
2113	2112	2053	
502	728	2114	
501	2113	728	
479	2114	2113	
728	2113	2114	
502	2114	2115	
479	2109	2114	
499	2115	2109	
2114	2109	2115	
481	725	2117	
483	2116	725	
503	2117	2116	
725	2116	2117	
480	724	2119	
481	2118	724	
504	2119	2118	
724	2118	2119	
482	2061	2120	
480	2119	2061	
504	2120	2119	
2061	2119	2120	
504	2118	2121	
481	2117	2118	
503	2121	2117	
2118	2117	2121	
482	2120	2123	
504	2122	2120	
505	2123	2122	
2120	2122	2123	
485	2068	2124	
482	2123	2068	
505	2124	2123	
2068	2123	2124	
483	726	2126	
484	2125	726	
506	2126	2125	
726	2125	2126	
503	2116	2127	
483	2126	2116	
506	2127	2126	
2116	2126	2127	
484	727	2129	
501	2128	727	
507	2129	2128	
727	2128	2129	
506	2125	2130	
484	2129	2125	
507	2130	2129	
2125	2129	2130	
485	2124	2132	
505	2131	2124	
508	2132	2131	
2124	2131	2132	
486	2071	2133	
485	2132	2071	
508	2133	2132	
2071	2132	2133	
486	2133	2135	
508	2134	2133	
509	2135	2134	
2133	2134	2135	
487	2074	2136	
486	2135	2074	
509	2136	2135	
2074	2135	2136	
487	2136	2138	
509	2137	2136	
510	2138	2137	
2136	2137	2138	
488	2077	2139	
487	2138	2077	
510	2139	2138	
2077	2138	2139	
511	2140	2141	
489	2082	2140	
488	2141	2082	
2140	2082	2141	
510	2142	2139	
511	2141	2142	
488	2139	2141	
2142	2141	2139	
512	2143	2144	
490	2085	2143	
489	2144	2085	
2143	2085	2144	
511	2145	2140	
512	2144	2145	
489	2140	2144	
2145	2144	2140	
513	2146	2147	
491	2088	2146	
490	2147	2088	
2146	2088	2147	
512	2148	2143	
513	2147	2148	
490	2143	2147	
2148	2147	2143	
514	2149	2150	
492	2091	2149	
491	2150	2091	
2149	2091	2150	
513	2151	2146	
514	2150	2151	
491	2146	2150	
2151	2150	2146	
515	753	2152	
493	2093	753	
492	2152	2093	
753	2093	2152	
514	2153	2149	
515	2152	2153	
492	2149	2152	
2153	2152	2149	
493	753	2155	
515	2154	753	
516	2155	2154	
753	2154	2155	
494	2094	2156	
493	2155	2094	
516	2156	2155	
2094	2155	2156	
494	2156	2158	
516	2157	2156	
517	2158	2157	
2156	2157	2158	
495	2097	2159	
494	2158	2097	
517	2159	2158	
2097	2158	2159	
518	2160	2161	
496	2100	2160	
495	2161	2100	
2160	2100	2161	
518	2161	2162	
495	2159	2161	
517	2162	2159	
2161	2159	2162	
519	2163	2164	
497	2105	2163	
496	2164	2105	
2163	2105	2164	
518	2165	2160	
519	2164	2165	
496	2160	2164	
2165	2164	2160	
520	780	2166	
498	2107	780	
497	2166	2107	
780	2107	2166	
519	2167	2163	
520	2166	2167	
497	2163	2166	
2167	2166	2163	
500	797	2111	
522	2168	797	
499	2111	2168	
797	2168	2111	
522	729	2168	
502	2115	729	
499	2168	2115	
729	2115	2168	
502	729	2170	
522	2169	729	
521	2170	2169	
729	2169	2170	
501	728	2172	
502	2171	728	
523	2172	2171	
728	2171	2172	
507	2128	2173	
501	2172	2128	
523	2173	2172	
2128	2172	2173	
523	2171	2174	
502	2170	2171	
521	2174	2170	
2171	2170	2174	
503	2127	2176	
506	2175	2127	
524	2176	2175	
2127	2175	2176	
504	2121	2178	
503	2177	2121	
525	2178	2177	
2121	2177	2178	
505	2122	2179	
504	2178	2122	
525	2179	2178	
2122	2178	2179	
525	2177	2180	
503	2176	2177	
524	2180	2176	
2177	2176	2180	
505	2179	2182	
525	2181	2179	
526	2182	2181	
2179	2181	2182	
508	2131	2183	
505	2182	2131	
526	2183	2182	
2131	2182	2183	
506	2130	2185	
507	2184	2130	
527	2185	2184	
2130	2184	2185	
524	2175	2186	
506	2185	2175	
527	2186	2185	
2175	2185	2186	
507	2173	2188	
523	2187	2173	
528	2188	2187	
2173	2187	2188	
527	2184	2189	
507	2188	2184	
528	2189	2188	
2184	2188	2189	
508	2183	2191	
526	2190	2183	
529	2191	2190	
2183	2190	2191	
509	2134	2192	
508	2191	2134	
529	2192	2191	
2134	2191	2192	
509	2192	2194	
529	2193	2192	
530	2194	2193	
2192	2193	2194	
510	2137	2195	
509	2194	2137	
530	2195	2194	
2137	2194	2195	
531	2196	2197	
511	2142	2196	
510	2197	2142	
2196	2142	2197	
530	2198	2195	
531	2197	2198	
510	2195	2197	
2198	2197	2195	
532	2199	2200	
512	2145	2199	
511	2200	2145	
2199	2145	2200	
531	2201	2196	
532	2200	2201	
511	2196	2200	
2201	2200	2196	
533	2202	2203	
513	2148	2202	
512	2203	2148	
2202	2148	2203	
532	2204	2199	
533	2203	2204	
512	2199	2203	
2204	2203	2199	
534	2205	2206	
514	2151	2205	
513	2206	2151	
2205	2151	2206	
533	2207	2202	
534	2206	2207	
513	2202	2206	
2207	2206	2202	
535	754	2208	
515	2153	754	
514	2208	2153	
754	2153	2208	
534	2209	2205	
535	2208	2209	
514	2205	2208	
2209	2208	2205	
515	754	2211	
535	2210	754	
536	2211	2210	
754	2210	2211	
516	2154	2212	
515	2211	2154	
536	2212	2211	
2154	2211	2212	
516	2212	2214	
536	2213	2212	
537	2214	2213	
2212	2213	2214	
517	2157	2215	
516	2214	2157	
537	2215	2214	
2157	2214	2215	
517	2215	2217	
537	2216	2215	
538	2217	2216	
2215	2216	2217	
538	2218	2217	
518	2162	2218	
517	2217	2162	
2218	2162	2217	
539	2219	2220	
519	2165	2219	
518	2220	2165	
2219	2165	2220	
538	2221	2218	
539	2220	2221	
518	2218	2220	
2221	2220	2218	
540	781	2222	
520	2167	781	
519	2222	2167	
781	2167	2222	
539	2223	2219	
540	2222	2223	
519	2219	2222	
2223	2222	2219	
523	2174	2225	
521	2224	2174	
541	2225	2224	
2174	2224	2225	
522	798	2169	
542	2226	798	
521	2169	2226	
798	2226	2169	
542	2227	2226	
541	2224	2227	
521	2226	2224	
2227	2224	2226	
528	2187	2229	
523	2228	2187	
543	2229	2228	
2187	2228	2229	
541	2230	2225	
543	2228	2230	
523	2225	2228	
2230	2228	2225	
524	2186	2232	
527	2231	2186	
544	2232	2231	
2186	2231	2232	
525	2180	2234	
524	2233	2180	
545	2234	2233	
2180	2233	2234	
526	2181	2235	
525	2234	2181	
545	2235	2234	
2181	2234	2235	
545	2233	2236	
524	2232	2233	
544	2236	2232	
2233	2232	2236	
526	2235	2238	
545	2237	2235	
546	2238	2237	
2235	2237	2238	
529	2190	2239	
526	2238	2190	
546	2239	2238	
2190	2238	2239	
527	2189	2241	
528	2240	2189	
547	2241	2240	
2189	2240	2241	
544	2231	2242	
527	2241	2231	
547	2242	2241	
2231	2241	2242	
528	2229	2244	
543	2243	2229	
548	2244	2243	
2229	2243	2244	
547	2240	2245	
528	2244	2240	
548	2245	2244	
2240	2244	2245	
544	2242	2247	
547	2246	2242	
549	2247	2246	
2242	2246	2247	
529	2239	2249	
546	2248	2239	
550	2249	2248	
2239	2248	2249	
530	2193	2250	
529	2249	2193	
550	2250	2249	
2193	2249	2250	
551	2251	2252	
531	2198	2251	
530	2252	2198	
2251	2198	2252	
550	2253	2250	
551	2252	2253	
530	2250	2252	
2253	2252	2250	
552	2254	2255	
532	2201	2254	
531	2255	2201	
2254	2201	2255	
551	2256	2251	
552	2255	2256	
531	2251	2255	
2256	2255	2251	
553	2257	2258	
533	2204	2257	
532	2258	2204	
2257	2204	2258	
552	2259	2254	
553	2258	2259	
532	2254	2258	
2259	2258	2254	
554	2260	2261	
534	2207	2260	
533	2261	2207	
2260	2207	2261	
553	2262	2257	
554	2261	2262	
533	2257	2261	
2262	2261	2257	
555	755	2263	
535	2209	755	
534	2263	2209	
755	2209	2263	
554	2264	2260	
555	2263	2264	
534	2260	2263	
2264	2263	2260	
535	755	2266	
555	2265	755	
556	2266	2265	
755	2265	2266	
536	2210	2267	
535	2266	2210	
556	2267	2266	
2210	2266	2267	
536	2267	2269	
556	2268	2267	
557	2269	2268	
2267	2268	2269	
537	2213	2270	
536	2269	2213	
557	2270	2269	
2213	2269	2270	
558	2271	2272	
538	2216	2271	
537	2272	2216	
2271	2216	2272	
558	2272	2273	
537	2270	2272	
557	2273	2270	
2272	2270	2273	
559	2274	2275	
539	2221	2274	
538	2275	2221	
2274	2221	2275	
558	2276	2271	
559	2275	2276	
538	2271	2275	
2276	2275	2271	
560	782	2277	
540	2223	782	
539	2277	2223	
782	2223	2277	
559	2278	2274	
560	2277	2278	
539	2274	2277	
2278	2277	2274	
541	2279	2230	
561	2280	2279	
543	2230	2280	
2279	2280	2230	
542	799	2227	
562	2281	799	
541	2227	2281	
799	2281	2227	
541	2281	2279	
562	2282	2281	
561	2279	2282	
2281	2282	2279	
543	2280	2284	
561	2283	2280	
563	2284	2283	
2280	2283	2284	
543	2284	2243	
563	2285	2284	
548	2243	2285	
2284	2285	2243	
545	2236	2287	
544	2286	2236	
564	2287	2286	
2236	2286	2287	
546	2237	2288	
545	2287	2237	
564	2288	2287	
2237	2287	2288	
564	2286	2289	
544	2247	2286	
549	2289	2247	
2286	2247	2289	
550	2248	2291	
546	2290	2248	
565	2291	2290	
2248	2290	2291	
546	2288	2290	
564	2292	2288	
565	2290	2292	
2288	2292	2290	
563	2293	2285	
566	2294	2293	
548	2285	2294	
2293	2294	2285	
547	2245	2295	
548	2294	2245	
566	2295	2294	
2245	2294	2295	
549	2246	2296	
547	2295	2246	
566	2296	2295	
2246	2295	2296	
566	2297	2296	
567	2298	2297	
549	2296	2298	
2297	2298	2296	
564	2289	2299	
549	2298	2289	
567	2299	2298	
2289	2298	2299	
568	2300	2301	
551	2253	2300	
550	2301	2253	
2300	2253	2301	
565	2302	2291	
568	2301	2302	
550	2291	2301	
2302	2301	2291	
569	2303	2304	
552	2256	2303	
551	2304	2256	
2303	2256	2304	
568	2305	2300	
569	2304	2305	
551	2300	2304	
2305	2304	2300	
570	2306	2307	
553	2259	2306	
552	2307	2259	
2306	2259	2307	
569	2308	2303	
570	2307	2308	
552	2303	2307	
2308	2307	2303	
571	2309	2310	
554	2262	2309	
553	2310	2262	
2309	2262	2310	
570	2311	2306	
571	2310	2311	
553	2306	2310	
2311	2310	2306	
572	756	2312	
555	2264	756	
554	2312	2264	
756	2264	2312	
571	2313	2309	
572	2312	2313	
554	2309	2312	
2313	2312	2309	
555	756	2315	
572	2314	756	
573	2315	2314	
756	2314	2315	
556	2265	2316	
555	2315	2265	
573	2316	2315	
2265	2315	2316	
556	2316	2318	
573	2317	2316	
574	2318	2317	
2316	2317	2318	
557	2268	2319	
556	2318	2268	
574	2319	2318	
2268	2318	2319	
557	2319	2321	
574	2320	2319	
575	2321	2320	
2319	2320	2321	
575	2322	2321	
558	2273	2322	
557	2321	2273	
2322	2273	2321	
576	2323	2324	
559	2276	2323	
558	2324	2276	
2323	2276	2324	
575	2325	2322	
576	2324	2325	
558	2322	2324	
2325	2324	2322	
577	783	2326	
560	2278	783	
559	2326	2278	
783	2278	2326	
576	2327	2323	
577	2326	2327	
559	2323	2326	
2327	2326	2323	
561	2328	2283	
578	2329	2328	
563	2283	2329	
2328	2329	2283	
562	800	2282	
579	2330	800	
561	2282	2330	
800	2330	2282	
561	2330	2328	
579	2331	2330	
578	2328	2331	
2330	2331	2328	
563	2329	2333	
578	2332	2329	
580	2333	2332	
2329	2332	2333	
563	2333	2293	
580	2334	2333	
566	2293	2334	
2333	2334	2293	
581	2335	2336	
568	2302	2335	
565	2336	2302	
2335	2302	2336	
564	2299	2338	
567	2337	2299	
581	2338	2337	
2299	2337	2338	
581	2336	2338	
565	2292	2336	
564	2338	2292	
2336	2292	2338	
566	2334	2340	
580	2339	2334	
582	2340	2339	
2334	2339	2340	
566	2340	2297	
582	2341	2340	
567	2297	2341	
2340	2341	2297	
582	2342	2341	
583	2343	2342	
567	2341	2343	
2342	2343	2341	
567	2343	2337	
583	2344	2343	
581	2337	2344	
2343	2344	2337	
584	2345	2346	
569	2305	2345	
568	2346	2305	
2345	2305	2346	
581	2347	2335	
584	2346	2347	
568	2335	2346	
2347	2346	2335	
585	2348	2349	
570	2308	2348	
569	2349	2308	
2348	2308	2349	
584	2350	2345	
585	2349	2350	
569	2345	2349	
2350	2349	2345	
586	2351	2352	
571	2311	2351	
570	2352	2311	
2351	2311	2352	
585	2353	2348	
586	2352	2353	
570	2348	2352	
2353	2352	2348	
587	757	2354	
572	2313	757	
571	2354	2313	
757	2313	2354	
586	2355	2351	
587	2354	2355	
571	2351	2354	
2355	2354	2351	
572	757	2357	
587	2356	757	
588	2357	2356	
757	2356	2357	
573	2314	2358	
572	2357	2314	
588	2358	2357	
2314	2357	2358	
573	2358	2360	
588	2359	2358	
589	2360	2359	
2358	2359	2360	
574	2317	2361	
573	2360	2317	
589	2361	2360	
2317	2360	2361	
590	2362	2363	
575	2320	2362	
574	2363	2320	
2362	2320	2363	
590	2363	2364	
574	2361	2363	
589	2364	2361	
2363	2361	2364	
591	2365	2366	
576	2325	2365	
575	2366	2325	
2365	2325	2366	
590	2367	2362	
591	2366	2367	
575	2362	2366	
2367	2366	2362	
592	784	2368	
577	2327	784	
576	2368	2327	
784	2327	2368	
591	2369	2365	
592	2368	2369	
576	2365	2368	
2369	2368	2365	
578	2370	2332	
593	2371	2370	
580	2332	2371	
2370	2371	2332	
579	801	2331	
594	2372	801	
578	2331	2372	
801	2372	2331	
578	2372	2370	
594	2373	2372	
593	2370	2373	
2372	2373	2370	
580	2371	2375	
593	2374	2371	
595	2375	2374	
2371	2374	2375	
580	2375	2339	
595	2376	2375	
582	2339	2376	
2375	2376	2339	
596	2377	2378	
584	2347	2377	
581	2378	2347	
2377	2347	2378	
596	2378	2379	
581	2344	2378	
583	2379	2344	
2378	2344	2379	
582	2376	2381	
595	2380	2376	
597	2381	2380	
2376	2380	2381	
582	2381	2342	
597	2382	2381	
583	2342	2382	
2381	2382	2342	
583	2382	2379	
597	2383	2382	
596	2379	2383	
2382	2383	2379	
598	2384	2385	
585	2350	2384	
584	2385	2350	
2384	2350	2385	
596	2386	2377	
598	2385	2386	
584	2377	2385	
2386	2385	2377	
599	2387	2388	
586	2353	2387	
585	2388	2353	
2387	2353	2388	
598	2389	2384	
599	2388	2389	
585	2384	2388	
2389	2388	2384	
600	758	2390	
587	2355	758	
586	2390	2355	
758	2355	2390	
599	2391	2387	
600	2390	2391	
586	2387	2390	
2391	2390	2387	
587	758	2393	
600	2392	758	
601	2393	2392	
758	2392	2393	
588	2356	2394	
587	2393	2356	
601	2394	2393	
2356	2393	2394	
588	2394	2396	
601	2395	2394	
602	2396	2395	
2394	2395	2396	
589	2359	2397	
588	2396	2359	
602	2397	2396	
2359	2396	2397	
589	2397	2399	
602	2398	2397	
603	2399	2398	
2397	2398	2399	
603	2400	2399	
590	2364	2400	
589	2399	2364	
2400	2364	2399	
604	2401	2402	
591	2367	2401	
590	2402	2367	
2401	2367	2402	
603	2403	2400	
604	2402	2403	
590	2400	2402	
2403	2402	2400	
605	785	2404	
592	2369	785	
591	2404	2369	
785	2369	2404	
604	2405	2401	
605	2404	2405	
591	2401	2404	
2405	2404	2401	
593	2406	2374	
606	2407	2406	
595	2374	2407	
2406	2407	2374	
594	802	2373	
607	2408	802	
593	2373	2408	
802	2408	2373	
593	2408	2406	
607	2409	2408	
606	2406	2409	
2408	2409	2406	
595	2407	2411	
606	2410	2407	
608	2411	2410	
2407	2410	2411	
595	2411	2380	
608	2412	2411	
597	2380	2412	
2411	2412	2380	
609	2413	2414	
598	2386	2413	
596	2414	2386	
2413	2386	2414	
609	2414	2415	
596	2383	2414	
597	2415	2383	
2414	2383	2415	
610	2416	2417	
609	2415	2416	
597	2417	2415	
2416	2415	2417	
597	2412	2417	
608	2418	2412	
610	2417	2418	
2412	2418	2417	
611	2419	2420	
599	2389	2419	
598	2420	2389	
2419	2389	2420	
609	2421	2413	
611	2420	2421	
598	2413	2420	
2421	2420	2413	
612	759	2422	
600	2391	759	
599	2422	2391	
759	2391	2422	
611	2423	2419	
612	2422	2423	
599	2419	2422	
2423	2422	2419	
600	759	2425	
612	2424	759	
613	2425	2424	
759	2424	2425	
601	2392	2426	
600	2425	2392	
613	2426	2425	
2392	2425	2426	
601	2426	2428	
613	2427	2426	
614	2428	2427	
2426	2427	2428	
602	2395	2429	
601	2428	2395	
614	2429	2428	
2395	2428	2429	
615	2430	2431	
603	2398	2430	
602	2431	2398	
2430	2398	2431	
615	2431	2432	
602	2429	2431	
614	2432	2429	
2431	2429	2432	
616	2433	2434	
604	2403	2433	
603	2434	2403	
2433	2403	2434	
615	2435	2430	
616	2434	2435	
603	2430	2434	
2435	2434	2430	
617	786	2436	
605	2405	786	
604	2436	2405	
786	2405	2436	
616	2437	2433	
617	2436	2437	
604	2433	2436	
2437	2436	2433	
606	2438	2410	
618	2439	2438	
608	2410	2439	
2438	2439	2410	
607	803	2409	
619	2440	803	
606	2409	2440	
803	2440	2409	
606	2440	2438	
619	2441	2440	
618	2438	2441	
2440	2441	2438	
608	2439	2443	
618	2442	2439	
620	2443	2442	
2439	2442	2443	
620	2444	2443	
610	2418	2444	
608	2443	2418	
2444	2418	2443	
620	2445	2444	
621	2446	2445	
610	2444	2446	
2445	2446	2444	
621	2447	2448	
611	2421	2447	
609	2448	2421	
2447	2421	2448	
610	2446	2416	
621	2448	2446	
609	2416	2448	
2446	2448	2416	
622	760	2449	
612	2423	760	
611	2449	2423	
760	2423	2449	
621	2450	2447	
622	2449	2450	
611	2447	2449	
2450	2449	2447	
612	760	2452	
622	2451	760	
623	2452	2451	
760	2451	2452	
613	2424	2453	
612	2452	2424	
623	2453	2452	
2424	2452	2453	
613	2453	2455	
623	2454	2453	
624	2455	2454	
2453	2454	2455	
614	2427	2456	
613	2455	2427	
624	2456	2455	
2427	2455	2456	
614	2456	2458	
624	2457	2456	
625	2458	2457	
2456	2457	2458	
625	2459	2458	
615	2432	2459	
614	2458	2432	
2459	2432	2458	
626	2460	2461	
616	2435	2460	
615	2461	2435	
2460	2435	2461	
625	2462	2459	
626	2461	2462	
615	2459	2461	
2462	2461	2459	
627	787	2463	
617	2437	787	
616	2463	2437	
787	2437	2463	
626	2464	2460	
627	2463	2464	
616	2460	2463	
2464	2463	2460	
618	2465	2442	
628	2466	2465	
620	2442	2466	
2465	2466	2442	
619	804	2441	
629	2467	804	
618	2441	2467	
804	2467	2441	
618	2467	2465	
629	2468	2467	
628	2465	2468	
2467	2468	2465	
630	2469	2470	
620	2466	2469	
628	2470	2466	
2469	2466	2470	
630	762	2469	
631	2471	762	
620	2469	2471	
762	2471	2469	
631	761	2472	
622	2450	761	
621	2472	2450	
761	2450	2472	
620	2471	2445	
631	2472	2471	
621	2445	2472	
2471	2472	2445	
622	761	2474	
631	2473	761	
632	2474	2473	
761	2473	2474	
623	2451	2475	
622	2474	2451	
632	2475	2474	
2451	2474	2475	
623	2475	2477	
632	2476	2475	
633	2477	2476	
2475	2476	2477	
624	2454	2478	
623	2477	2454	
633	2478	2477	
2454	2477	2478	
634	2479	2480	
625	2457	2479	
624	2480	2457	
2479	2457	2480	
634	2480	2481	
624	2478	2480	
633	2481	2478	
2480	2478	2481	
635	2482	2483	
626	2462	2482	
625	2483	2462	
2482	2462	2483	
634	2484	2479	
635	2483	2484	
625	2479	2483	
2484	2483	2479	
636	788	2485	
627	2464	788	
626	2485	2464	
788	2464	2485	
635	2486	2482	
636	2485	2486	
626	2482	2485	
2486	2485	2482	
629	805	2468	
638	2487	805	
628	2468	2487	
805	2487	2468	
638	763	2487	
630	2470	763	
628	2487	2470	
763	2470	2487	
630	763	2489	
638	2488	763	
637	2489	2488	
763	2488	2489	
631	762	2491	
630	2490	762	
639	2491	2490	
762	2490	2491	
632	2473	2492	
631	2491	2473	
639	2492	2491	
2473	2491	2492	
639	2490	2493	
630	2489	2490	
637	2493	2489	
2490	2489	2493	
632	2492	2495	
639	2494	2492	
640	2495	2494	
2492	2494	2495	
633	2476	2496	
632	2495	2476	
640	2496	2495	
2476	2495	2496	
633	2496	2498	
640	2497	2496	
641	2498	2497	
2496	2497	2498	
641	2499	2498	
634	2481	2499	
633	2498	2481	
2499	2481	2498	
642	2500	2501	
635	2484	2500	
634	2501	2484	
2500	2484	2501	
641	2502	2499	
642	2501	2502	
634	2499	2501	
2502	2501	2499	
643	789	2503	
636	2486	789	
635	2503	2486	
789	2486	2503	
642	2504	2500	
643	2503	2504	
635	2500	2503	
2504	2503	2500	
639	2493	2506	
637	2505	2493	
644	2506	2505	
2493	2505	2506	
638	806	2488	
645	2507	806	
637	2488	2507	
806	2507	2488	
645	2508	2507	
644	2505	2508	
637	2507	2505	
2508	2505	2507	
640	2494	2510	
639	2509	2494	
646	2510	2509	
2494	2509	2510	
644	2511	2506	
646	2509	2511	
639	2506	2509	
2511	2509	2506	
647	2512	2513	
641	2497	2512	
640	2513	2497	
2512	2497	2513	
647	2513	2514	
640	2510	2513	
646	2514	2510	
2513	2510	2514	
648	2515	2516	
642	2502	2515	
641	2516	2502	
2515	2502	2516	
647	2517	2512	
648	2516	2517	
641	2512	2516	
2517	2516	2512	
649	790	2518	
643	2504	790	
642	2518	2504	
790	2504	2518	
648	2519	2515	
649	2518	2519	
642	2515	2518	
2519	2518	2515	
644	2520	2511	
650	2521	2520	
646	2511	2521	
2520	2521	2511	
645	807	2508	
651	2522	807	
644	2508	2522	
807	2522	2508	
644	2522	2520	
651	2523	2522	
650	2520	2523	
2522	2523	2520	
652	2524	2525	
648	2517	2524	
647	2525	2517	
2524	2517	2525	
646	2521	2527	
650	2526	2521	
652	2527	2526	
2521	2526	2527	
652	2525	2527	
647	2514	2525	
646	2527	2514	
2525	2514	2527	
653	791	2528	
649	2519	791	
648	2528	2519	
791	2519	2528	
652	2529	2524	
653	2528	2529	
648	2524	2528	
2529	2528	2524	
650	2530	2526	
654	2531	2530	
652	2526	2531	
2530	2531	2526	
651	808	2523	
655	2532	808	
650	2523	2532	
808	2532	2523	
650	2532	2530	
655	2533	2532	
654	2530	2533	
2532	2533	2530	
656	792	2534	
653	2529	792	
652	2534	2529	
792	2529	2534	
656	2534	2535	
652	2531	2534	
654	2535	2531	
2534	2531	2535	
655	809	2533	
657	2536	809	
654	2533	2536	
809	2536	2533	
657	793	2536	
656	2535	793	
654	2536	2535	
793	2535	2536	
