2537
0	0	
0.0666667	0	
0.0418733	0.0425885	
0	0.0625	
0.133333	0	
0.0958286	0.055802	
0.0472999	0.0937528	
0	0.125	
0	0.1875	
0.2	0	
0.162115	0.0482568	
0.142665	0.0963951	
0.0977144	0.122476	
0.0483954	0.154125	
0.0434083	0.207145	
0	0.25	
0.266667	0	
0.228129	0.0492367	
0.190918	0.0999963	
0.153046	0.143167	
0.101979	0.194099	
0	0.3125	
0.0666667	0.25	
0.0429537	0.292842	
0.333333	0	
0.29423	0.049347	
0.25448	0.0989634	
0.215607	0.14825	
0.173836	0.199061	
0.133333	0.25	
0	0.375	
0.04857	0.344631	
0.100851	0.307321	
0	0.4375	
0	0.5	
0.4	0	
0.360462	0.0495189	
0.320867	0.0991474	
0.280941	0.149083	
0.240663	0.199316	
0.2	0.25	
0.166244	0.301672	
0.0517833	0.406146	
0.103751	0.375441	
0.147897	0.347757	
0.0522805	0.468492	
0.0510024	0.530375	
0	0.5625	
0.466667	0	
0.427122	0.0494322	
0.387048	0.0993232	
0.347096	0.14931	
0.306931	0.19951	
0.266667	0.25	
0.232571	0.300177	
0.202814	0.350394	
0.106544	0.436752	
0.165826	0.403955	
0.104351	0.50018	
0.0999573	0.559824	
0.0492318	0.591568	
0	0.625	
0	0.6875	
0.533333	0	
0.493696	0.0493021	
0.453458	0.0993094	
0.413477	0.149439	
0.373443	0.199631	
0.333333	0.25	
0.299648	0.300106	
0.267574	0.35073	
0.235383	0.401751	
0.157591	0.468866	
0.205794	0.446381	
0.158728	0.53677	
0.138348	0.588753	
0.0968208	0.618036	
0.0476796	0.653552	
0.0430995	0.706935	
0	0.75	
0.6	0	
0.560106	0.0493454	
0.519876	0.0992822	
0.479903	0.149437	
0.439923	0.19964	
0.4	0.25	
0.366797	0.30001	
0.333966	0.350323	
0.301496	0.401698	
0.269649	0.459726	
0.212545	0.499013	
0.213638	0.550055	
0.185199	0.590494	
0.151033	0.638642	
0.101435	0.69376	
0.0666667	0.75	
0.0418733	0.792589	
0	0.8125	
0.666667	0	
0.626394	0.0494761	
0.58626	0.0992905	
0.546346	0.149424	
0.506433	0.199627	
0.466667	0.25	
0.433603	0.299868	
0.400695	0.349757	
0.367882	0.399722	
0.335043	0.449529	
0.315894	0.496518	
0.269792	0.532264	
0.241924	0.591734	
0.210046	0.643225	
0.174349	0.697585	
0.133333	0.75	
0.0958286	0.805802	
0.0472999	0.843753	
0	0.875	
0	0.9375	
0.733333	0	
0.692932	0.0493881	
0.652685	0.0992948	
0.612809	0.149415	
0.572959	0.199611	
0.533333	0.25	
0.500366	0.29981	
0.467521	0.349501	
0.434652	0.399139	
0.402243	0.448389	
0.37098	0.496866	
0.334007	0.544207	
0.301765	0.590535	
0.271089	0.643815	
0.236683	0.697091	
0.2	0.75	
0.162115	0.798257	
0.142665	0.846395	
0.0977144	0.872476	
0.0483954	0.904125	
0.0434083	0.957145	
0	1	
0.8	0	
0.759502	0.0494927	
0.719196	0.0993017	
0.679311	0.14941	
0.639503	0.1996	
0.6	0.25	
0.56709	0.299811	
0.534319	0.349418	
0.501578	0.398864	
0.468686	0.448185	
0.435693	0.497318	
0.40182	0.546141	
0.367112	0.595245	
0.334968	0.645184	
0.301558	0.696993	
0.266667	0.75	
0.228129	0.799237	
0.190918	0.849996	
0.153046	0.893167	
0.101979	0.944099	
0.0666667	1	
0.866667	0	
0.826165	0.0495384	
0.785777	0.0993377	
0.745861	0.149414	
0.706069	0.199593	
0.666667	0.25	
0.633773	0.299838	
0.60103	0.349428	
0.568277	0.398814	
0.535239	0.448133	
0.501932	0.497517	
0.468435	0.546862	
0.434522	0.596475	
0.400873	0.64668	
0.367407	0.697832	
0.333333	0.75	
0.29423	0.799347	
0.25448	0.848963	
0.215607	0.89825	
0.173836	0.949061	
0.133333	1	
0.933333	0	
0.893033	0.0494303	
0.852466	0.0993365	
0.812456	0.149416	
0.772651	0.199592	
0.733333	0.25	
0.70042	0.29986	
0.667641	0.349456	
0.63482	0.398826	
0.601774	0.448137	
0.568437	0.497588	
0.534994	0.547097	
0.50125	0.596919	
0.467445	0.647276	
0.433751	0.698307	
0.4	0.75	
0.360462	0.799519	
0.320867	0.849147	
0.280941	0.899083	
0.240663	0.949316	
0.2	1	
1	0	
0.959756	0.0494299	
0.919212	0.0993089	
0.879075	0.149398	
0.83924	0.199587	
0.8	0.25	
0.767044	0.299858	
0.734199	0.349467	
0.701325	0.398845	
0.668261	0.448157	
0.634944	0.49762	
0.60151	0.54716	
0.567792	0.597019	
0.533967	0.647413	
0.500249	0.698443	
0.466667	0.75	
0.427122	0.799432	
0.387048	0.849323	
0.347096	0.89931	
0.306931	0.94951	
0.266667	1	
1.06667	0	
1.02636	0.0493196	
0.985932	0.0992433	
0.945807	0.149381	
0.905675	0.199523	
0.866667	0.25	
0.833658	0.299828	
0.800752	0.349446	
0.767825	0.398846	
0.73474	0.448176	
0.701437	0.497647	
0.668001	0.547187	
0.634289	0.597024	
0.600419	0.647355	
0.56673	0.698389	
0.533333	0.75	
0.493696	0.799302	
0.453458	0.849309	
0.413477	0.899439	
0.373443	0.949631	
0.333333	1	
1.13333	0	
1.093	0.0493591	
1.05263	0.0991644	
1.01257	0.149348	
0.972691	0.199586	
0.933333	0.25	
0.900275	0.299771	
0.867329	0.349388	
0.834379	0.398827	
0.80134	0.448187	
0.767967	0.497678	
0.734506	0.547223	
0.700817	0.59705	
0.666972	0.647355	
0.63306	0.6981	
0.6	0.75	
0.560106	0.799345	
0.519876	0.849282	
0.479903	0.899437	
0.439923	0.94964	
0.4	1	
1.2	0	
1.15964	0.0493359	
1.11931	0.0991138	
1.07926	0.149283	
1.03937	0.199537	
1	0.25	
0.966831	0.299749	
0.933915	0.349325	
0.901006	0.398799	
0.868008	0.448212	
0.83456	0.497713	
0.801055	0.547276	
0.767387	0.597109	
0.733607	0.647428	
0.699965	0.698406	
0.666667	0.75	
0.626394	0.799476	
0.58626	0.849291	
0.546346	0.899424	
0.506433	0.949627	
0.466667	1	
1.26667	0	
1.22633	0.0490888	
1.18598	0.0990215	
1.14595	0.149213	
1.10607	0.199485	
1.06667	0.25	
1.03344	0.299679	
1.00054	0.349261	
0.967696	0.398729	
0.93474	0.448229	
0.901221	0.497738	
0.867667	0.547333	
0.834	0.59719	
0.800237	0.647485	
0.766601	0.698417	
0.733333	0.75	
0.692932	0.799388	
0.652685	0.849295	
0.612809	0.899415	
0.572959	0.949611	
0.533333	1	
1.33333	0	
1.29302	0.0488626	
1.25261	0.0988946	
1.21263	0.149143	
1.17277	0.19944	
1.13333	0.25	
1.10012	0.299676	
1.06722	0.349214	
1.03441	0.398647	
1.00153	0.448075	
0.967948	0.497716	
0.934354	0.547371	
0.900672	0.597279	
0.866924	0.647598	
0.833173	0.69832	
0.8	0.75	
0.759502	0.799493	
0.719196	0.849302	
0.679311	0.89941	
0.639503	0.9496	
0.6	1	
1.4	0	
1.35941	0.0492118	
1.31914	0.0988966	
1.27923	0.149106	
1.23944	0.19941	
1.2	0.25	
1.16678	0.299705	
1.13394	0.349237	
1.10115	0.398619	
1.0683	0.447952	
1.03471	0.497655	
1.00111	0.547367	
0.967407	0.597336	
0.933672	0.647729	
0.900044	0.698627	
0.866667	0.75	
0.826165	0.799538	
0.785777	0.849338	
0.745861	0.899414	
0.706069	0.949593	
0.666667	1	
1.46667	0	
1.53333	0	
1.42589	0.0493331	
1.6	0	
1.66667	0	
1.38556	0.0990104	
1.34575	0.149124	
1.30604	0.199394	
1.26667	0.25	
1.23345	0.299775	
1.20066	0.349327	
1.16788	0.39868	
1.13483	0.448037	
1.10145	0.497626	
1.06789	0.547329	
1.03419	0.597336	
1.00043	0.64778	
0.966768	0.698696	
0.933333	0.75	
0.893033	0.79943	
0.852466	0.849336	
0.812456	0.899416	
0.772651	0.949592	
0.733333	1	
1.73333	0	
1.8	0	
1.49239	0.0494183	
1.5589	0.0495007	
1.45196	0.0991086	
1.62539	0.0495887	
1.69181	0.0496679	
1.4122	0.149176	
1.37258	0.199404	
1.33333	0.25	
1.30012	0.299886	
1.26734	0.349472	
1.2346	0.398825	
1.20172	0.448068	
1.1682	0.49764	
1.13467	0.547289	
1.10098	0.597282	
1.06721	0.647756	
1.0335	0.698721	
1	0.75	
0.959756	0.79943	
0.919212	0.849309	
0.879075	0.899398	
0.83924	0.949587	
0.8	1	
1.75818	0.0495716	
1.86667	0	
1.93333	0	
1.82479	0.0502389	
1.51832	0.0992025	
1.58466	0.0993068	
1.47858	0.149238	
1.65092	0.0994352	
1.71673	0.0996043	
1.43906	0.199433	
1.4	0.25	
1.36679	0.299992	
1.33401	0.349648	
1.30136	0.399041	
1.26865	0.448274	
1.23498	0.497713	
1.20142	0.547286	
1.16773	0.597211	
1.13395	0.647663	
1.10023	0.698656	
1.06667	0.75	
1.02636	0.79932	
0.985932	0.849243	
0.945807	0.899381	
0.905675	0.949523	
0.866667	1	
1.95679	0.0435389	
2	0	
1.78138	0.100332	
1.89917	0.0554147	
1.84422	0.105772	
1.54487	0.1493	
1.61095	0.149347	
1.50545	0.199464	
1.6767	0.149389	
1.74161	0.149324	
1.46667	0.25	
1.43348	0.300026	
1.40066	0.349774	
1.36796	0.399223	
1.33498	0.448475	
1.30163	0.49785	
1.26811	0.547345	
1.23441	0.597182	
1.20063	0.647564	
1.1669	0.698556	
1.13333	0.75	
1.093	0.799359	
1.05263	0.849164	
1.01257	0.899348	
0.972691	0.949586	
0.933333	1	
1.95124	0.0948929	
2	0.0625	
1.8036	0.147892	
1.90028	0.126942	
1.85383	0.153142	
1.57172	0.199486	
1.63749	0.199408	
1.53333	0.25	
1.70297	0.199379	
1.7684	0.19941	
1.49998	0.300075	
1.46722	0.349852	
1.43448	0.399355	
1.40168	0.448706	
1.36823	0.498009	
1.33474	0.547451	
1.30103	0.597224	
1.26724	0.64754	
1.2335	0.698477	
1.2	0.75	
1.15964	0.799336	
1.11931	0.849114	
1.07926	0.899283	
1.03937	0.949537	
1	1	
1.9512	0.155596	
2	0.125	
1.83371	0.200029	
1.89895	0.194179	
1.6	0.25	
1.66667	0.25	
1.56636	0.299952	
1.73333	0.25	
1.8	0.25	
1.53377	0.349729	
1.50109	0.399494	
1.46833	0.448963	
1.43486	0.498154	
1.40132	0.547554	
1.36762	0.597304	
1.33384	0.64758	
1.30014	0.698505	
1.26667	0.75	
1.22633	0.799089	
1.18598	0.849022	
1.14595	0.899213	
1.10607	0.949485	
1.06667	1	
1.9567	0.206259	
2	0.1875	
1.86667	0.25	
1.93333	0.25	
1.69732	0.301786	
1.63119	0.300412	
1.60022	0.34922	
1.76277	0.301805	
1.82407	0.301594	
1.56776	0.399623	
1.53496	0.449335	
1.50149	0.498231	
1.46794	0.547576	
1.43423	0.597356	
1.40045	0.647643	
1.36675	0.698518	
1.33333	0.75	
1.29302	0.798863	
1.25261	0.848895	
1.21263	0.899143	
1.17277	0.94944	
1.13333	1	
1.95648	0.293529	
2	0.25	
1.89682	0.305145	
1.7285	0.354051	
1.66495	0.351748	
1.63502	0.400043	
1.78865	0.355341	
1.84578	0.36174	
1.60152	0.449917	
1.56805	0.498129	
1.53472	0.547343	
1.50088	0.59727	
1.46708	0.647662	
1.43342	0.698586	
1.4	0.75	
1.35941	0.799212	
1.31914	0.848897	
1.27923	0.899106	
1.23944	0.94941	
1.2	1	
1.95081	0.346233	
2	0.3125	
1.90247	0.380502	
1.75759	0.405877	
1.69808	0.404913	
1.66788	0.451367	
1.81323	0.406918	
1.86017	0.409768	
1.78608	0.447221	
1.63265	0.498487	
1.60226	0.546288	
1.56764	0.596865	
1.53369	0.647529	
1.50004	0.698569	
1.46667	0.75	
1.42589	0.799333	
1.38556	0.84901	
1.34575	0.899124	
1.30604	0.949394	
1.26667	1	
1.95013	0.407732	
2	0.375	
1.89885	0.438681	
1.7319	0.464562	
1.68684	0.499007	
1.84054	0.461001	
1.78716	0.497748	
1.66913	0.545823	
1.63417	0.596028	
1.60019	0.647149	
1.56659	0.698453	
1.53333	0.75	
1.49239	0.799418	
1.45196	0.849109	
1.4122	0.899176	
1.37258	0.949404	
1.33333	1	
1.94863	0.468685	
2	0.4375	
1.89508	0.497782	
1.73265	0.534769	
1.84099	0.527409	
1.79026	0.548736	
1.69958	0.593791	
1.66626	0.64643	
1.63301	0.698118	
1.6	0.75	
1.5589	0.799501	
1.51832	0.849202	
1.47858	0.899238	
1.43906	0.949433	
1.4	1	
1.94771	0.530414	
2	0.5	
1.89374	0.560505	
1.76382	0.593929	
1.8331	0.59364	
1.7315	0.645896	
1.69923	0.697935	
1.66667	0.75	
1.62539	0.799589	
1.58466	0.849307	
1.54487	0.8993	
1.50545	0.949464	
1.46667	1	
1.94814	0.592417	
2	0.5625	
1.89671	0.621965	
1.79583	0.646741	
1.85079	0.650634	
1.76482	0.697565	
1.73333	0.75	
1.69181	0.799668	
1.65092	0.849435	
1.61095	0.899347	
1.57172	0.949486	
1.53333	1	
1.95065	0.654115	
2	0.625	
1.89845	0.69291	
1.82943	0.697975	
1.8	0.75	
1.75818	0.799572	
1.71673	0.849604	
1.6767	0.899389	
1.63749	0.949408	
1.6	1	
1.95649	0.706905	
2	0.6875	
1.93333	0.75	
1.86667	0.75	
1.82479	0.800239	
1.78138	0.850332	
1.74161	0.899324	
1.70297	0.949379	
1.66667	1	
1.95679	0.793539	
2	0.75	
1.89917	0.805415	
1.84422	0.855772	
1.8036	0.897892	
1.7684	0.94941	
1.73333	1	
1.95124	0.844893	
2	0.8125	
1.90028	0.876942	
1.85383	0.903142	
1.83371	0.950029	
1.8	1	
1.9512	0.905596	
2	0.875	
1.89895	0.944179	
1.86667	1	
1.9567	0.956259	
2	0.9375	
1.93333	1	
2	1	
0	0.03125	
0	0.09375	
0	0.15625	
0	0.21875	
0.0333333	0	
0.1	0	
0.166667	0	
0.233333	0	
0.3	0	
0.366667	0	
0.433333	0	
0.5	0	
0.566667	0	
0.633333	0	
0.7	0	
0.766667	0	
0.833333	0	
0.9	0	
0.966667	0	
1.03333	0	
1.1	0	
1.16667	0	
1.23333	0	
1.3	0	
1.36667	0	
1.43333	0	
1.5	0	
1.56667	0	
1.63333	0	
1.7	0	
1.76667	0	
1.83333	0	
1.9	0	
1.96667	0	
0	0.28125	
0	0.34375	
0	0.40625	
0	0.46875	
0	0.53125	
0	0.59375	
0	0.65625	
0	0.71875	
0.0333333	0.25	
0.1	0.25	
0.166667	0.25	
0.233333	0.25	
0.3	0.25	
0.366667	0.25	
0.433333	0.25	
0.5	0.25	
0.566667	0.25	
0.633333	0.25	
0.7	0.25	
0.766667	0.25	
0.833333	0.25	
0.9	0.25	
0.966667	0.25	
1.03333	0.25	
1.1	0.25	
1.16667	0.25	
1.23333	0.25	
1.3	0.25	
1.36667	0.25	
1.43333	0.25	
1.5	0.25	
1.56667	0.25	
1.63333	0.25	
1.7	0.25	
1.76667	0.25	
1.83333	0.25	
1.9	0.25	
1.96667	0.25	
0	0.78125	
0	0.84375	
0	0.90625	
0	0.96875	
0.0333333	0.75	
0.1	0.75	
0.166667	0.75	
0.233333	0.75	
0.3	0.75	
0.366667	0.75	
0.433333	0.75	
0.5	0.75	
0.566667	0.75	
0.633333	0.75	
0.7	0.75	
0.766667	0.75	
0.833333	0.75	
0.9	0.75	
0.966667	0.75	
1.03333	0.75	
1.1	0.75	
1.16667	0.75	
1.23333	0.75	
1.3	0.75	
1.36667	0.75	
1.43333	0.75	
1.5	0.75	
1.56667	0.75	
1.63333	0.75	
1.7	0.75	
1.76667	0.75	
1.83333	0.75	
1.9	0.75	
1.96667	0.75	
0.0333333	1	
0.1	1	
0.166667	1	
0.233333	1	
0.3	1	
0.366667	1	
0.433333	1	
0.5	1	
0.566667	1	
0.633333	1	
0.7	1	
0.766667	1	
0.833333	1	
0.9	1	
0.966667	1	
1.03333	1	
1.1	1	
1.16667	1	
1.23333	1	
1.3	1	
1.36667	1	
1.43333	1	
1.5	1	
1.56667	1	
1.63333	1	
1.7	1	
1.76667	1	
1.83333	1	
1.9	1	
1.96667	1	
2	0.03125	
2	0.09375	
2	0.15625	
2	0.21875	
2	0.28125	
2	0.34375	
2	0.40625	
2	0.46875	
2	0.53125	
2	0.59375	
2	0.65625	
2	0.71875	
2	0.78125	
2	0.84375	
2	0.90625	
2	0.96875	
0.05427	0.0212943	
0.0209367	0.0212943	
0.0209367	0.0525443	
0.114581	0.027901	
0.0812476	0.027901	
0.068851	0.0491953	
0.02365	0.0781264	
0.0445866	0.0681707	
0.0715643	0.0747774	
0.02365	0.109376	
0.181058	0.0241284	
0.147724	0.0241284	
0.128972	0.0520294	
0.15239	0.072326	
0.119247	0.0760985	
0.0725072	0.108115	
0.0967715	0.0891391	
0.12019	0.109436	
0.0241977	0.139562	
0.0241977	0.170812	
0.0478476	0.123939	
0.0730549	0.138301	
0.0217041	0.197322	
0.0459018	0.180635	
0.0217041	0.228572	
0.247398	0.0246184	
0.214065	0.0246184	
0.195122	0.0487468	
0.209524	0.0746165	
0.176517	0.0741265	
0.166792	0.0981957	
0.171982	0.121582	
0.147856	0.119781	
0.12538	0.132822	
0.0726939	0.200622	
0.0751874	0.174112	
0.127513	0.168633	
0.0998469	0.158287	
0.0550375	0.228572	
0.084323	0.222049	
0.0214768	0.271421	
0.0214768	0.302671	
0.0548102	0.271421	
0.313782	0.0246735	
0.280449	0.0246735	
0.26118	0.0492919	
0.274355	0.0741552	
0.241305	0.0741	
0.222699	0.0994798	
0.184327	0.145708	
0.203263	0.124123	
0.235044	0.123606	
0.137908	0.19658	
0.163441	0.171114	
0.194722	0.173655	
0.117656	0.222049	
0.153585	0.22453	
0.024285	0.328565	
0.024285	0.359815	
0.0457618	0.318736	
0.117092	0.27866	
0.0837591	0.27866	
0.0719026	0.300081	
0.0747107	0.325976	
0.380231	0.0247594	
0.346898	0.0247594	
0.327346	0.049433	
0.340664	0.0743331	
0.307548	0.0742472	
0.287673	0.0990554	
0.248274	0.148666	
0.26771	0.124023	
0.300904	0.124115	
0.20725	0.199189	
0.228135	0.173783	
0.260802	0.1742	
0.186918	0.22453	
0.220332	0.224658	
0.183122	0.275836	
0.149789	0.275836	
0.133548	0.304496	
0.0258916	0.390573	
0.0258916	0.421823	
0.0501767	0.375388	
0.0761605	0.360036	
0.0777672	0.390794	
0.102301	0.341381	
0.157071	0.324714	
0.124374	0.327539	
0.125824	0.361599	
0.0261403	0.452996	
0.0261403	0.484246	
0.0520319	0.437319	
0.0255012	0.515187	
0.0516415	0.499433	
0.0255012	0.546437	
0.446894	0.0247161	
0.413561	0.0247161	
0.393792	0.0494755	
0.407085	0.0743777	
0.373755	0.074421	
0.353957	0.0992353	
0.367072	0.124317	
0.333981	0.124229	
0.314018	0.149197	
0.273797	0.199413	
0.293936	0.174297	
0.327013	0.17441	
0.253665	0.224658	
0.286799	0.224755	
0.249619	0.275089	
0.216286	0.275089	
0.199408	0.300924	
0.217693	0.325285	
0.184529	0.326033	
0.175356	0.349075	
0.0791638	0.421449	
0.0794124	0.452622	
0.105148	0.406096	
0.134788	0.389698	
0.136185	0.420353	
0.18432	0.377174	
0.156862	0.375856	
0.0783156	0.484336	
0.0776766	0.515277	
0.105448	0.468466	
0.0754799	0.545099	
0.102154	0.530002	
0.0246159	0.577034	
0.0501171	0.560971	
0.0745946	0.575696	
0.0246159	0.608284	
0.513515	0.024651	
0.480182	0.024651	
0.460409	0.0493671	
0.473577	0.0743057	
0.44029	0.0743708	
0.420253	0.0993163	
0.380287	0.149375	
0.400263	0.124381	
0.433468	0.124374	
0.340187	0.199571	
0.360269	0.174471	
0.39346	0.174535	
0.320132	0.224755	
0.353388	0.224815	
0.316491	0.275053	
0.283157	0.275053	
0.26611	0.300142	
0.283611	0.325418	
0.250073	0.325453	
0.235194	0.350562	
0.251478	0.376241	
0.219098	0.376072	
0.200604	0.402853	
0.132068	0.452809	
0.130971	0.484523	
0.161709	0.436411	
0.18581	0.425168	
0.181693	0.457624	
0.220589	0.424066	
0.131539	0.518475	
0.129343	0.548297	
0.15816	0.502818	
0.148538	0.562761	
0.119152	0.574288	
0.0730263	0.604802	
0.0983891	0.58893	
0.117584	0.603394	
0.0238398	0.639276	
0.0238398	0.670526	
0.0484557	0.62256	
0.0722502	0.635794	
0.0215497	0.697217	
0.0453895	0.680244	
0.0215497	0.728467	
0.580053	0.0246727	
0.54672	0.0246727	
0.526901	0.0493237	
0.539991	0.0743138	
0.506786	0.0742921	
0.486667	0.0992958	
0.499889	0.12436	
0.46668	0.124373	
0.44669	0.149438	
0.406683	0.199636	
0.4267	0.17454	
0.459913	0.174539	
0.386722	0.224815	
0.419962	0.22482	
0.383398	0.275005	
0.350065	0.275005	
0.333222	0.300058	
0.350382	0.325167	
0.316807	0.325215	
0.30077	0.350527	
0.317731	0.376011	
0.284535	0.376214	
0.268439	0.401725	
0.285572	0.430712	
0.252516	0.430739	
0.237722	0.453054	
0.185068	0.48394	
0.185637	0.517891	
0.20917	0.472697	
0.241097	0.479369	
0.213091	0.524534	
0.186183	0.543412	
0.161773	0.589623	
0.171963	0.563632	
0.199418	0.570274	
0.123927	0.628339	
0.14469	0.613697	
0.168116	0.614568	
0.0722673	0.700347	
0.0745573	0.673656	
0.126234	0.666201	
0.0991279	0.655898	
0.0548831	0.728467	
0.0840509	0.72188	
0.05427	0.771294	
0.0209367	0.771294	
0.0209367	0.802544	
0.64653	0.0247381	
0.613197	0.0247381	
0.59325	0.0494107	
0.606327	0.0743833	
0.573183	0.074318	
0.553068	0.0992864	
0.513124	0.14943	
0.533111	0.124353	
0.566303	0.124357	
0.473178	0.199634	
0.493168	0.174532	
0.526389	0.174526	
0.453295	0.22482	
0.48655	0.224814	
0.450135	0.274934	
0.416802	0.274934	
0.4002	0.299939	
0.417149	0.324812	
0.383746	0.324883	
0.367331	0.35004	
0.384288	0.374739	
0.350924	0.375023	
0.334689	0.40071	
0.351462	0.424625	
0.318269	0.425613	
0.302346	0.454627	
0.325468	0.473024	
0.292771	0.478122	
0.241715	0.54116	
0.241169	0.515639	
0.26972	0.495995	
0.292843	0.514391	
0.213561	0.591114	
0.227781	0.570894	
0.255858	0.561999	
0.180539	0.640934	
0.197622	0.61686	
0.225985	0.61748	
0.137892	0.695672	
0.162691	0.668113	
0.192198	0.670405	
0.117384	0.72188	
0.153841	0.723792	
0.114581	0.777901	
0.0812476	0.777901	
0.068851	0.799195	
0.02365	0.828126	
0.0445866	0.818171	
0.0715643	0.824777	
0.02365	0.859376	
0.713133	0.024694	
0.679799	0.024694	
0.659663	0.0494321	
0.672809	0.0743414	
0.63954	0.0743855	
0.619473	0.0992927	
0.632747	0.124355	
0.599535	0.124353	
0.579578	0.149419	
0.539696	0.199619	
0.559653	0.174518	
0.592884	0.174513	
0.519883	0.224814	
0.553146	0.224806	
0.51685	0.274905	
0.483517	0.274905	
0.466985	0.299839	
0.483944	0.324656	
0.450562	0.324684	
0.434108	0.349629	
0.451087	0.37432	
0.417673	0.374448	
0.401267	0.399431	
0.418448	0.423764	
0.385062	0.424055	
0.368643	0.448959	
0.386612	0.472628	
0.353011	0.473197	
0.343437	0.496692	
0.3019	0.538236	
0.32495	0.520363	
0.352493	0.520536	
0.271844	0.591135	
0.285779	0.5614	
0.317886	0.567371	
0.240568	0.64352	
0.256507	0.617774	
0.286427	0.617175	
0.205516	0.697338	
0.223365	0.670158	
0.253886	0.670453	
0.187175	0.723792	
0.218342	0.723546	
0.181058	0.774128	
0.147724	0.774128	
0.128972	0.802029	
0.15239	0.822326	
0.119247	0.826099	
0.0725072	0.858115	
0.0967715	0.839139	
0.12019	0.859436	
0.0241977	0.889562	
0.0241977	0.920812	
0.0478476	0.873939	
0.0730549	0.888301	
0.0217041	0.947322	
0.0459018	0.930635	
0.0217041	0.978572	
0.779751	0.0247463	
0.746418	0.0247463	
0.726217	0.0494404	
0.739349	0.0743972	
0.706064	0.0743449	
0.685941	0.0992982	
0.64606	0.149413	
0.665998	0.124353	
0.699254	0.124356	
0.606231	0.199605	
0.626156	0.174507	
0.659407	0.174505	
0.58648	0.224806	
0.619752	0.2248	
0.583545	0.274905	
0.550212	0.274905	
0.533728	0.29981	
0.550704	0.324614	
0.517342	0.324614	
0.50092	0.34946	
0.517948	0.374141	
0.484549	0.374183	
0.468115	0.399002	
0.485132	0.423525	
0.451669	0.423662	
0.435465	0.448287	
0.45219	0.472752	
0.418968	0.472854	
0.403337	0.497092	
0.367913	0.545174	
0.3864	0.521503	
0.418757	0.521729	
0.334438	0.59289	
0.350559	0.569726	
0.384466	0.570693	
0.303029	0.644499	
0.318366	0.617859	
0.35104	0.620214	
0.269121	0.697042	
0.286324	0.670404	
0.318263	0.671089	
0.251675	0.723546	
0.284112	0.723497	
0.247398	0.774618	
0.214065	0.774618	
0.195122	0.798747	
0.209524	0.824617	
0.176517	0.824127	
0.166792	0.848196	
0.171982	0.871582	
0.147856	0.869781	
0.12538	0.882822	
0.0726939	0.950622	
0.0751874	0.924112	
0.127513	0.918633	
0.0998469	0.908287	
0.0550375	0.978572	
0.084323	0.972049	
0.846416	0.0247692	
0.813082	0.0247692	
0.792834	0.0495155	
0.805971	0.074438	
0.772639	0.0744152	
0.752487	0.0993197	
0.765819	0.124376	
0.732529	0.124358	
0.712586	0.149412	
0.672786	0.199596	
0.69269	0.174502	
0.725965	0.174504	
0.653085	0.2248	
0.686368	0.224797	
0.65022	0.274919	
0.616886	0.274919	
0.600431	0.299824	
0.617401	0.324633	
0.58406	0.324619	
0.567674	0.349423	
0.584653	0.374121	
0.551298	0.374116	
0.534927	0.398839	
0.551758	0.423473	
0.518408	0.423498	
0.501963	0.448159	
0.518585	0.472825	
0.485309	0.472851	
0.468813	0.497418	
0.435127	0.546501	
0.452064	0.52209	
0.485183	0.522189	
0.400817	0.59586	
0.418171	0.571308	
0.451478	0.571668	
0.36792	0.645932	
0.383992	0.620963	
0.417698	0.621578	
0.334483	0.697413	
0.351187	0.671508	
0.38414	0.672256	
0.317446	0.723497	
0.35037	0.723916	
0.313782	0.774674	
0.280449	0.774674	
0.26118	0.799292	
0.274355	0.824155	
0.241305	0.8241	
0.222699	0.84948	
0.184327	0.895708	
0.203263	0.874123	
0.235044	0.873606	
0.137908	0.94658	
0.163441	0.921114	
0.194722	0.923655	
0.117656	0.972049	
0.153585	0.97453	
0.913183	0.0247152	
0.87985	0.0247152	
0.859599	0.0494843	
0.87275	0.0743834	
0.839315	0.0744374	
0.819121	0.0993371	
0.779158	0.149415	
0.799116	0.124377	
0.832461	0.124376	
0.73936	0.199593	
0.759256	0.174503	
0.792553	0.174504	
0.719701	0.224797	
0.752992	0.224796	
0.716877	0.27493	
0.683544	0.27493	
0.667096	0.299849	
0.684031	0.324658	
0.650707	0.324647	
0.634336	0.349442	
0.651231	0.374141	
0.617925	0.374127	
0.601549	0.39882	
0.618297	0.423481	
0.585025	0.423475	
0.568506	0.448135	
0.585106	0.472862	
0.551838	0.47286	
0.535184	0.497552	
0.501715	0.546979	
0.518463	0.522307	
0.551716	0.522342	
0.467886	0.596697	
0.484842	0.57189	
0.518122	0.572008	
0.434159	0.646978	
0.450984	0.621876	
0.484348	0.622098	
0.400579	0.69807	
0.417312	0.672494	
0.450598	0.672792	
0.383704	0.723916	
0.416876	0.724154	
0.380231	0.774759	
0.346898	0.774759	
0.327346	0.799433	
0.340664	0.824333	
0.307548	0.824247	
0.287673	0.849055	
0.248274	0.898666	
0.26771	0.874023	
0.300904	0.874115	
0.20725	0.949189	
0.228135	0.923783	
0.260802	0.9242	
0.186918	0.97453	
0.220332	0.974658	
0.979878	0.0247149	
0.946544	0.0247149	
0.926394	0.0494301	
0.939484	0.0743694	
0.906123	0.0743696	
0.885839	0.0993227	
0.899144	0.124353	
0.865771	0.124367	
0.845766	0.149407	
0.805945	0.199589	
0.825848	0.174501	
0.859158	0.174492	
0.786325	0.224796	
0.81962	0.224793	
0.783522	0.274929	
0.750188	0.274929	
0.733732	0.299859	
0.750621	0.324662	
0.71731	0.324663	
0.70092	0.349462	
0.717762	0.374156	
0.684483	0.374151	
0.668073	0.398835	
0.684793	0.423501	
0.651541	0.423491	
0.635018	0.448147	
0.651603	0.472888	
0.618359	0.472878	
0.601691	0.497604	
0.568252	0.547129	
0.584974	0.522374	
0.618227	0.52239	
0.534521	0.596969	
0.551393	0.572058	
0.584651	0.572089	
0.500706	0.647345	
0.517609	0.622166	
0.550879	0.622216	
0.467	0.698375	
0.483847	0.67286	
0.517108	0.672928	
0.450209	0.724154	
0.483458	0.724221	
0.446894	0.774716	
0.413561	0.774716	
0.393792	0.799476	
0.407085	0.824378	
0.373755	0.824421	
0.353957	0.849235	
0.367072	0.874317	
0.333981	0.874229	
0.314018	0.899197	
0.273797	0.949413	
0.293936	0.924297	
0.327013	0.92441	
0.253665	0.974658	
0.286799	0.974755	
1.04651	0.0246598	
1.01318	0.0246598	
0.993059	0.0493747	
1.00615	0.0742814	
0.972844	0.0743366	
0.952572	0.0992761	
0.912441	0.14939	
0.93251	0.124345	
0.96587	0.124312	
0.872458	0.199555	
0.892375	0.17446	
0.925741	0.174452	
0.852953	0.224793	
0.886171	0.224762	
0.850162	0.274914	
0.816829	0.274914	
0.800351	0.299843	
0.817205	0.324637	
0.783898	0.324652	
0.767475	0.349457	
0.784288	0.374146	
0.751012	0.374157	
0.734575	0.398846	
0.751283	0.423511	
0.718033	0.42351	
0.701501	0.448166	
0.718089	0.472912	
0.684849	0.472902	
0.668191	0.497634	
0.634756	0.547173	
0.651473	0.522403	
0.684719	0.522417	
0.60104	0.597021	
0.6179	0.572092	
0.651145	0.572105	
0.567193	0.647384	
0.584105	0.622187	
0.617354	0.622189	
0.533489	0.698416	
0.550348	0.672901	
0.583574	0.672872	
0.516791	0.724221	
0.550031	0.724195	
0.513515	0.774651	
0.480182	0.774651	
0.460409	0.799367	
0.473577	0.824306	
0.44029	0.824371	
0.420253	0.849316	
0.380287	0.899375	
0.400263	0.874381	
0.433468	0.874374	
0.340187	0.949571	
0.360269	0.924471	
0.39346	0.924535	
0.320132	0.974755	
0.353388	0.974815	
1.11317	0.0246796	
1.07983	0.0246796	
1.05968	0.0493393	
1.07282	0.0742618	
1.0395	0.074242	
1.01928	0.0992038	
1.0326	0.124256	
0.999252	0.124295	
0.979189	0.149365	
0.939183	0.199555	
0.959249	0.174484	
0.992631	0.174467	
0.919504	0.224762	
0.953012	0.224793	
0.916804	0.274886	
0.883471	0.274886	
0.866966	0.2998	
0.883802	0.32458	
0.850493	0.324608	
0.83404	0.349417	
0.850854	0.374108	
0.817565	0.374136	
0.801102	0.398837	
0.817859	0.423507	
0.784582	0.423516	
0.76804	0.448181	
0.784653	0.472932	
0.751354	0.472927	
0.734702	0.497663	
0.701254	0.547205	
0.717972	0.522435	
0.751237	0.52245	
0.667553	0.597037	
0.684409	0.572118	
0.717662	0.572136	
0.633695	0.647355	
0.65063	0.62219	
0.683894	0.622203	
0.599895	0.698245	
0.616739	0.672728	
0.650016	0.672728	
0.583365	0.724195	
0.61653	0.72405	
0.580053	0.774673	
0.54672	0.774673	
0.526901	0.799324	
0.539991	0.824314	
0.506786	0.824292	
0.486667	0.849296	
0.499889	0.87436	
0.46668	0.874373	
0.44669	0.899438	
0.406683	0.949636	
0.4267	0.92454	
0.459913	0.924539	
0.386722	0.974815	
0.419962	0.97482	
1.17982	0.024668	
1.14649	0.024668	
1.12632	0.0493475	
1.13948	0.0742249	
1.10616	0.0742365	
1.08597	0.0991391	
1.04592	0.149315	
1.06595	0.124224	
1.09929	0.124198	
1.00603	0.199562	
1.02597	0.174442	
1.05932	0.17441	
0.986346	0.224793	
1.01969	0.224769	
0.983416	0.274874	
0.950082	0.274874	
0.933553	0.29976	
0.950373	0.324537	
0.917095	0.324548	
0.900622	0.349357	
0.917461	0.374062	
0.884167	0.374094	
0.867692	0.398813	
0.884507	0.423506	
0.851193	0.423519	
0.834674	0.448199	
0.851284	0.472962	
0.81795	0.47295	
0.801263	0.497695	
0.76778	0.547249	
0.784511	0.522477	
0.817807	0.522494	
0.734102	0.597079	
0.750947	0.572166	
0.784221	0.572192	
0.700289	0.647391	
0.717212	0.622239	
0.750497	0.622268	
0.666512	0.698253	
0.683468	0.672881	
0.716786	0.672917	
0.649863	0.72405	
0.683316	0.724203	
0.64653	0.774738	
0.613197	0.774738	
0.59325	0.799411	
0.606327	0.824383	
0.573183	0.824318	
0.553068	0.849286	
0.513124	0.89943	
0.533111	0.874353	
0.566303	0.874357	
0.473178	0.949634	
0.493168	0.924532	
0.526389	0.924526	
0.453295	0.97482	
0.48655	0.974814	
1.2465	0.0245444	
1.21316	0.0245444	
1.19299	0.0492124	
1.20615	0.0740552	
1.17281	0.0741787	
1.15265	0.0990677	
1.16597	0.124117	
1.13263	0.124163	
1.11261	0.149248	
1.07272	0.199511	
1.09267	0.174384	
1.12601	0.174349	
1.05302	0.224769	
1.08637	0.224742	
1.05005	0.274839	
1.01672	0.274839	
1.00013	0.299714	
1.01699	0.32447	
0.983688	0.324505	
0.96723	0.349293	
0.984121	0.373995	
0.950806	0.374027	
0.934351	0.398764	
0.951218	0.423479	
0.917873	0.423514	
0.901374	0.44822	
0.917981	0.472984	
0.884615	0.472975	
0.867891	0.497725	
0.834361	0.547305	
0.851113	0.522523	
0.884444	0.522536	
0.800693	0.597149	
0.817527	0.572233	
0.850833	0.572262	
0.766922	0.647456	
0.783812	0.622297	
0.817118	0.622337	
0.733283	0.698411	
0.750104	0.672922	
0.783419	0.672951	
0.716649	0.724203	
0.749967	0.724208	
0.713133	0.774694	
0.679799	0.774694	
0.659663	0.799432	
0.672809	0.824341	
0.63954	0.824385	
0.619473	0.849293	
0.632747	0.874355	
0.599535	0.874353	
0.579578	0.899419	
0.539696	0.949619	
0.559653	0.924518	
0.592884	0.924513	
0.519883	0.974814	
0.553146	0.974806	
1.31318	0.0244313	
1.27984	0.0244313	
1.25967	0.0489757	
1.27282	0.0738786	
1.23947	0.0739917	
1.2193	0.0989581	
1.17929	0.149178	
1.1993	0.124082	
1.23262	0.124019	
1.13942	0.199463	
1.15936	0.174327	
1.1927	0.174292	
1.1197	0.224742	
1.15305	0.22472	
1.11672	0.274838	
1.08339	0.274838	
1.06678	0.299677	
1.08367	0.324445	
1.05033	0.324446	
1.03388	0.349238	
1.05082	0.373931	
1.01748	0.373954	
1.00105	0.398688	
1.01797	0.423361	
0.984611	0.423402	
0.968133	0.448152	
0.984737	0.472895	
0.951344	0.472973	
0.934585	0.497727	
0.901011	0.547352	
0.917788	0.522555	
0.951151	0.522543	
0.867336	0.597234	
0.884169	0.572306	
0.917513	0.572325	
0.833581	0.647541	
0.850462	0.622394	
0.883798	0.622438	
0.799887	0.698368	
0.816705	0.672902	
0.850048	0.672959	
0.783301	0.724208	
0.816586	0.72416	
0.779751	0.774746	
0.746418	0.774746	
0.726217	0.79944	
0.739349	0.824397	
0.706064	0.824345	
0.685941	0.849298	
0.64606	0.899413	
0.665998	0.874353	
0.699254	0.874356	
0.606231	0.949605	
0.626156	0.924507	
0.659407	0.924505	
0.58648	0.974806	
0.619752	0.9748	
1.37971	0.0246059	
1.34637	0.0246059	
1.32622	0.0490372	
1.33928	0.0740542	
1.30608	0.0738796	
1.28588	0.0988956	
1.29919	0.124001	
1.26592	0.124	
1.24593	0.149125	
1.20611	0.199425	
1.22604	0.174277	
1.25934	0.174258	
1.18639	0.22472	
1.21972	0.224705	
1.18339	0.274853	
1.15006	0.274853	
1.13345	0.29969	
1.15036	0.324471	
1.11703	0.324456	
1.10058	0.349226	
1.11755	0.373928	
1.08419	0.373917	
1.06778	0.398633	
1.08473	0.423286	
1.05136	0.4233	
1.03491	0.448013	
1.05151	0.472803	
1.01812	0.472865	
1.00133	0.497685	
0.96773	0.547369	
0.984527	0.522542	
1.01791	0.522511	
0.934039	0.597308	
0.950881	0.572354	
0.984256	0.572352	
0.900298	0.647663	
0.917172	0.622504	
0.950539	0.622533	
0.866609	0.698474	
0.883484	0.673112	
0.916858	0.673178	
0.84992	0.72416	
0.883356	0.724314	
0.846416	0.774769	
0.813082	0.774769	
0.792834	0.799516	
0.805971	0.824438	
0.772639	0.824415	
0.752487	0.84932	
0.765819	0.874376	
0.732529	0.874358	
0.712586	0.899412	
0.672786	0.949596	
0.69269	0.924502	
0.725965	0.924504	
0.653085	0.9748	
0.686368	0.974797	
1.44628	0.0246666	
1.41295	0.0246666	
1.39265	0.0492725	
1.40573	0.0741718	
1.37249	0.0741111	
1.35235	0.0989535	
1.31249	0.149115	
1.33244	0.12401	
1.36566	0.124067	
1.27274	0.199402	
1.29263	0.17425	
1.32589	0.174259	
1.25306	0.224705	
1.28635	0.224697	
1.25006	0.274888	
1.21673	0.274888	
1.20012	0.29974	
1.21705	0.324551	
1.18372	0.324516	
1.1673	0.349282	
1.18427	0.374004	
1.15091	0.373958	
1.13452	0.398649	
1.15135	0.423358	
1.11799	0.423328	
1.10157	0.447995	
1.11814	0.472831	
1.08487	0.472789	
1.06808	0.49764	
1.0345	0.547348	
1.0513	0.522492	
1.08467	0.522478	
1.0008	0.597336	
1.01765	0.572351	
1.05104	0.572332	
0.967052	0.647755	
0.983919	0.622558	
1.01731	0.622558	
0.933406	0.698661	
0.95022	0.673212	
0.9836	0.673238	
0.916689	0.724314	
0.950051	0.724348	
0.913183	0.774715	
0.87985	0.774715	
0.859599	0.799484	
0.87275	0.824383	
0.839315	0.824437	
0.819121	0.849337	
0.779158	0.899415	
0.799116	0.874377	
0.832461	0.874376	
0.73936	0.949593	
0.759256	0.924503	
0.792553	0.924504	
0.719701	0.974797	
0.752992	0.974796	
1.51286	0.0247091	
1.47953	0.0247091	
1.45914	0.0493757	
1.57945	0.0247503	
1.54612	0.0247503	
1.52564	0.0494595	
1.47218	0.0742634	
1.43893	0.0742208	
1.41876	0.0990595	
1.64603	0.0247944	
1.6127	0.0247944	
1.59214	0.0495447	
1.71257	0.0248339	
1.67924	0.0248339	
1.6586	0.0496283	
1.43208	0.124142	
1.39888	0.124093	
1.37898	0.14915	
1.33931	0.199399	
1.35916	0.174264	
1.39239	0.17429	
1.31968	0.224697	
1.35296	0.224702	
1.31673	0.274943	
1.28339	0.274943	
1.26679	0.299831	
1.28373	0.324679	
1.2504	0.324624	
1.234	0.3494	
1.25097	0.374149	
1.21763	0.374076	
1.20124	0.398753	
1.21816	0.423447	
1.1848	0.423374	
1.16828	0.448053	
1.18496	0.472854	
1.15151	0.472839	
1.13482	0.497633	
1.10128	0.547309	
1.11806	0.522458	
1.15144	0.522465	
1.06759	0.597309	
1.08444	0.572306	
1.11783	0.572286	
1.03382	0.647768	
1.0507	0.622546	
1.0841	0.622519	
1.00013	0.698708	
1.01696	0.67325	
1.05035	0.673238	
0.983384	0.724348	
1.01675	0.72436	
0.979878	0.774715	
0.946544	0.774715	
0.926394	0.79943	
0.939484	0.824369	
0.906123	0.82437	
0.885839	0.849323	
0.899144	0.874353	
0.865771	0.874367	
0.845766	0.899407	
0.805945	0.949589	
0.825848	0.924501	
0.859158	0.924492	
0.786325	0.974796	
0.81962	0.974793	
1.77909	0.0247858	
1.74576	0.0247858	
1.72499	0.0496197	
1.84573	0.0251194	
1.81239	0.0251194	
1.79148	0.0499052	
1.53861	0.0743516	
1.50536	0.0743104	
1.48514	0.0991555	
1.60503	0.0744477	
1.57178	0.0744037	
1.55149	0.0992546	
1.44539	0.149207	
1.46527	0.124173	
1.49845	0.12422	
1.67136	0.0745515	
1.63815	0.0745119	
1.61779	0.099371	
1.73745	0.0745879	
1.70427	0.0746361	
1.68382	0.0995197	
1.40582	0.199418	
1.42563	0.174304	
1.45882	0.174335	
1.38629	0.224702	
1.41953	0.224716	
1.38339	0.274996	
1.35006	0.274996	
1.33346	0.299939	
1.3504	0.32482	
1.31706	0.324767	
1.30067	0.34956	
1.31768	0.374345	
1.28435	0.374256	
1.26798	0.398933	
1.285	0.423657	
1.25162	0.42355	
1.23518	0.448171	
1.25181	0.472993	
1.21835	0.472891	
1.20159	0.497676	
1.16805	0.547288	
1.18481	0.522463	
1.2182	0.522499	
1.13436	0.597247	
1.1512	0.57225	
1.18458	0.572248	
1.10058	0.64771	
1.11747	0.622473	
1.15084	0.622437	
1.06686	0.698688	
1.08372	0.673206	
1.11709	0.673159	
1.05008	0.72436	
1.08345	0.724328	
1.04651	0.77466	
1.01318	0.77466	
0.993059	0.799375	
1.00615	0.824281	
0.972844	0.824337	
0.952572	0.849276	
0.912441	0.89939	
0.93251	0.874345	
0.96587	0.874312	
0.872458	0.949555	
0.892375	0.92446	
0.925741	0.924452	
0.852953	0.974793	
0.886171	0.974762	
1.97839	0.0217694	
1.94506	0.0217694	
1.80308	0.0752852	
1.76978	0.0749516	
1.74905	0.0999679	
1.91625	0.0277073	
1.88292	0.0277073	
1.86198	0.0528268	
1.92798	0.0494768	
1.8717	0.0805935	
1.8345	0.0780056	
1.8128	0.103052	
1.56477	0.124303	
1.5316	0.124251	
1.51173	0.149269	
1.57791	0.149324	
1.59781	0.124327	
1.63093	0.124391	
1.47225	0.199448	
1.49201	0.174351	
1.52516	0.174382	
1.69672	0.124497	
1.66381	0.124412	
1.64382	0.149368	
1.70915	0.149356	
1.72917	0.124464	
1.76149	0.124828	
1.45286	0.224716	
1.48606	0.224732	
1.45008	0.275013	
1.41674	0.275013	
1.40014	0.300009	
1.41707	0.3249	
1.38372	0.324883	
1.36733	0.349711	
1.38431	0.374498	
1.35098	0.374436	
1.33466	0.399132	
1.35147	0.423849	
1.31817	0.423758	
1.30181	0.448375	
1.31831	0.473163	
1.28514	0.473062	
1.26831	0.497781	
1.23477	0.547315	
1.25155	0.522529	
1.28487	0.522597	
1.20107	0.597196	
1.21792	0.572234	
1.25126	0.572263	
1.16729	0.647614	
1.18418	0.622388	
1.21752	0.622373	
1.13356	0.698606	
1.15043	0.67311	
1.18376	0.67306	
1.11678	0.724328	
1.15012	0.724278	
1.11317	0.77468	
1.07983	0.77468	
1.05968	0.799339	
1.07282	0.824262	
1.0395	0.824242	
1.01928	0.849204	
1.0326	0.874256	
0.999252	0.874295	
0.979189	0.899365	
0.939183	0.949555	
0.959249	0.924484	
0.992631	0.924467	
0.919504	0.974762	
0.953012	0.974793	
1.95401	0.0692159	
1.92521	0.0751538	
1.97839	0.0530194	
1.97562	0.0786965	
1.82391	0.126832	
1.79249	0.124112	
1.7726	0.148608	
1.89973	0.0911785	
1.87225	0.116357	
1.92576	0.110918	
1.82871	0.150517	
1.84902	0.129457	
1.87706	0.140042	
1.53858	0.199475	
1.5583	0.174393	
1.59134	0.174416	
1.60461	0.199447	
1.62422	0.174378	
1.6571	0.174398	
1.51939	0.224732	
1.55253	0.224743	
1.67023	0.199393	
1.68984	0.174384	
1.72229	0.174351	
1.73568	0.199394	
1.755	0.174367	
1.786	0.173651	
1.51666	0.275038	
1.48332	0.275038	
1.46673	0.300051	
1.4836	0.324963	
1.45035	0.324939	
1.43394	0.349813	
1.45085	0.374604	
1.41757	0.374564	
1.40122	0.399289	
1.41808	0.424031	
1.38482	0.423964	
1.36833	0.448591	
1.38496	0.473358	
1.3516	0.473242	
1.33493	0.49793	
1.30142	0.547398	
1.31819	0.52265	
1.35148	0.52273	
1.26772	0.597203	
1.28457	0.572284	
1.31788	0.572337	
1.23393	0.647552	
1.25083	0.622361	
1.28414	0.622382	
1.2002	0.698517	
1.21707	0.673021	
1.25037	0.673009	
1.18345	0.724278	
1.21675	0.724238	
1.17982	0.774668	
1.14649	0.774668	
1.12632	0.799348	
1.13948	0.824225	
1.10616	0.824236	
1.08597	0.849139	
1.04592	0.899315	
1.06595	0.874224	
1.09929	0.874198	
1.00603	0.949562	
1.02597	0.924442	
1.05932	0.92441	
0.986346	0.974793	
1.01969	0.974769	
1.95122	0.125245	
1.92574	0.141269	
1.97562	0.109946	
1.9756	0.140298	
1.80105	0.19972	
1.81865	0.173961	
1.84377	0.176586	
1.86633	0.197104	
1.87639	0.173661	
1.92507	0.174888	
1.89962	0.160561	
1.58586	0.224743	
1.61875	0.224704	
1.65208	0.224704	
1.68482	0.224689	
1.58318	0.274976	
1.54985	0.274976	
1.53317	0.300014	
1.71815	0.224689	
1.75087	0.224705	
1.7842	0.224705	
1.81686	0.225015	
1.55006	0.324841	
1.51687	0.324902	
1.5005	0.34979	
1.51743	0.374612	
1.48415	0.374673	
1.46778	0.399425	
1.48471	0.424229	
1.45141	0.424159	
1.435	0.448835	
1.45159	0.473558	
1.41827	0.47343	
1.40154	0.498082	
1.36803	0.547503	
1.38478	0.522782	
1.41809	0.522854	
1.33433	0.597264	
1.35118	0.572378	
1.38447	0.572429	
1.30054	0.64756	
1.31743	0.622402	
1.35073	0.622442	
1.26682	0.698491	
1.28369	0.673023	
1.31699	0.673043	
1.25009	0.724238	
1.28341	0.724253	
1.2465	0.774544	
1.21316	0.774544	
1.19299	0.799212	
1.20615	0.824055	
1.17281	0.824179	
1.15265	0.849068	
1.16597	0.874117	
1.13263	0.874163	
1.11261	0.899248	
1.07272	0.949511	
1.09267	0.924384	
1.12601	0.924349	
1.05302	0.974769	
1.08637	0.974742	
1.95395	0.180927	
1.92783	0.200219	
1.9756	0.171548	
1.97835	0.196879	
1.85019	0.225015	
1.88281	0.22209	
1.91614	0.22209	
1.94502	0.228129	
1.71533	0.275893	
1.68199	0.275893	
1.64893	0.275206	
1.61559	0.275206	
1.59877	0.300182	
1.66425	0.301099	
1.6157	0.324816	
1.58329	0.324586	
1.567	0.349475	
1.78139	0.275903	
1.74805	0.275903	
1.73005	0.301796	
1.84537	0.275797	
1.81204	0.275797	
1.79342	0.301699	
1.58399	0.374422	
1.55077	0.374676	
1.53442	0.399559	
1.55136	0.424479	
1.51802	0.424415	
1.50164	0.449149	
1.51822	0.473783	
1.48491	0.473597	
1.46817	0.498192	
1.43463	0.547565	
1.4514	0.522865	
1.48471	0.522903	
1.40093	0.59733	
1.41777	0.572455	
1.45108	0.572466	
1.36714	0.647612	
1.38404	0.622473	
1.41734	0.622499	
1.33345	0.698512	
1.35029	0.673049	
1.3836	0.673081	
1.31674	0.724253	
1.35004	0.724259	
1.31318	0.774431	
1.27984	0.774431	
1.25967	0.798976	
1.27282	0.823879	
1.23947	0.823992	
1.2193	0.848958	
1.17929	0.899178	
1.1993	0.874082	
1.23262	0.874019	
1.13942	0.949463	
1.15936	0.924327	
1.1927	0.924292	
1.1197	0.974742	
1.15305	0.97472	
1.97835	0.228129	
1.97824	0.271764	
1.9449	0.271764	
1.91508	0.277573	
1.88174	0.277573	
1.86045	0.30337	
1.92665	0.299337	
1.74564	0.327928	
1.71291	0.327918	
1.68114	0.326767	
1.64807	0.32608	
1.63259	0.350484	
1.69673	0.3529	
1.64999	0.375896	
1.61762	0.374631	
1.60139	0.399833	
1.80636	0.328467	
1.77571	0.328573	
1.75857	0.354696	
1.8713	0.333443	
1.83492	0.331667	
1.81721	0.358541	
1.61827	0.42498	
1.58464	0.42477	
1.56824	0.449626	
1.58478	0.474023	
1.5515	0.473732	
1.53477	0.49818	
1.50133	0.547459	
1.5181	0.522787	
1.55138	0.522736	
1.46755	0.597313	
1.48441	0.572423	
1.5178	0.572307	
1.43376	0.647652	
1.45065	0.622509	
1.48398	0.622466	
1.40009	0.698552	
1.41694	0.673115	
1.45025	0.673124	
1.38338	0.724259	
1.41671	0.724293	
1.37971	0.774606	
1.34637	0.774606	
1.32622	0.799037	
1.33928	0.824054	
1.30608	0.82388	
1.28588	0.848896	
1.29919	0.874001	
1.26592	0.874	
1.24593	0.899125	
1.20611	0.949425	
1.22604	0.924277	
1.25934	0.924258	
1.18639	0.97472	
1.21972	0.974705	
1.95364	0.319881	
1.92382	0.325689	
1.97824	0.303014	
1.97541	0.329367	
1.89965	0.342824	
1.87412	0.371121	
1.92664	0.363367	
1.77312	0.380609	
1.74305	0.379964	
1.71329	0.379482	
1.68152	0.378331	
1.66655	0.402478	
1.72784	0.405395	
1.68298	0.42814	
1.65145	0.425705	
1.6347	0.450642	
1.8295	0.384329	
1.80094	0.381129	
1.78541	0.406397	
1.88132	0.395135	
1.85297	0.385754	
1.8367	0.408343	
1.79965	0.427069	
1.77184	0.426549	
1.65027	0.474927	
1.61709	0.474202	
1.60035	0.498308	
1.56849	0.546816	
1.58515	0.522208	
1.61746	0.522388	
1.53426	0.597067	
1.55118	0.572104	
1.58495	0.571576	
1.50038	0.647596	
1.51728	0.6224	
1.55066	0.622197	
1.46673	0.698578	
1.48356	0.673115	
1.51686	0.673049	
1.45005	0.724293	
1.48335	0.724285	
1.44628	0.774667	
1.41295	0.774667	
1.39265	0.799272	
1.40573	0.824172	
1.37249	0.824111	
1.35235	0.848953	
1.31249	0.899115	
1.33244	0.87401	
1.36566	0.874067	
1.27274	0.949402	
1.29263	0.92425	
1.32589	0.924259	
1.25306	0.974705	
1.28635	0.974697	
1.95047	0.376983	
1.9263	0.394117	
1.97541	0.360617	
1.97507	0.391366	
1.92449	0.423207	
1.90066	0.409592	
1.87951	0.424225	
1.74475	0.435219	
1.71499	0.434737	
1.69989	0.457965	
1.75899	0.455891	
1.67736	0.475187	
1.65975	0.498747	
1.70937	0.481784	
1.86969	0.449841	
1.85035	0.435385	
1.82688	0.433959	
1.81331	0.454111	
1.81385	0.479374	
1.78662	0.472484	
1.75953	0.481155	
1.63569	0.546056	
1.65089	0.522155	
1.67798	0.522415	
1.6009	0.596446	
1.61821	0.571158	
1.65165	0.570926	
1.56694	0.647339	
1.58391	0.622007	
1.61718	0.621589	
1.53331	0.698511	
1.55014	0.672991	
1.58339	0.672801	
1.51669	0.724285	
1.54996	0.724226	
1.51286	0.774709	
1.47953	0.774709	
1.45914	0.799376	
1.47218	0.824263	
1.43893	0.824221	
1.41876	0.849059	
1.43208	0.874142	
1.39888	0.874093	
1.37898	0.89915	
1.33931	0.949399	
1.35916	0.924264	
1.39239	0.92429	
1.31968	0.974697	
1.35296	0.974702	
1.94938	0.438209	
1.92374	0.453683	
1.97507	0.422616	
1.97431	0.453093	
1.92185	0.483234	
1.89696	0.468232	
1.86781	0.479392	
1.70089	0.540296	
1.70975	0.516888	
1.75991	0.516258	
1.73228	0.499665	
1.86803	0.512596	
1.84077	0.494205	
1.81407	0.512578	
1.81563	0.538072	
1.78871	0.523242	
1.76146	0.541753	
1.66687	0.59491	
1.68435	0.569807	
1.71612	0.56428	
1.63322	0.64679	
1.65021	0.621229	
1.68292	0.62011	
1.5998	0.698285	
1.6166	0.672634	
1.64963	0.672274	
1.5833	0.724226	
1.6165	0.724059	
1.57945	0.77475	
1.54612	0.77475	
1.52564	0.799459	
1.53861	0.824352	
1.50536	0.82431	
1.48514	0.849156	
1.44539	0.899207	
1.46527	0.874173	
1.49845	0.87422	
1.40582	0.949418	
1.42563	0.924304	
1.45882	0.924335	
1.38629	0.974702	
1.41953	0.974716	
1.94817	0.49955	
1.92139	0.514098	
1.97431	0.484343	
1.97385	0.515207	
1.92073	0.545459	
1.89441	0.529143	
1.86737	0.543957	
1.7317	0.59386	
1.74824	0.564349	
1.77704	0.571333	
1.86342	0.577072	
1.83705	0.560524	
1.81168	0.571188	
1.79846	0.593784	
1.69888	0.646163	
1.71554	0.619844	
1.74766	0.619913	
1.66612	0.698027	
1.68274	0.672183	
1.71536	0.671916	
1.64984	0.724059	
1.68295	0.723968	
1.64603	0.774794	
1.6127	0.774794	
1.59214	0.799545	
1.60503	0.824448	
1.57178	0.824404	
1.55149	0.849255	
1.56477	0.874303	
1.5316	0.874251	
1.51173	0.899269	
1.47225	0.949448	
1.49201	0.924351	
1.52516	0.924382	
1.45286	0.974716	
1.48606	0.974732	
1.94792	0.561415	
1.92094	0.576461	
1.97385	0.546457	
1.97407	0.577458	
1.92242	0.607191	
1.89523	0.591235	
1.86491	0.607802	
1.76366	0.646319	
1.77982	0.620335	
1.81446	0.62019	
1.82331	0.648688	
1.84194	0.622137	
1.87375	0.6363	
1.73202	0.69775	
1.74816	0.671731	
1.78032	0.672153	
1.71628	0.723968	
1.74908	0.723782	
1.71257	0.774834	
1.67924	0.774834	
1.6586	0.799628	
1.67136	0.824552	
1.63815	0.824512	
1.61779	0.849371	
1.57791	0.899324	
1.59781	0.874327	
1.63093	0.874391	
1.53858	0.949475	
1.5583	0.924393	
1.59134	0.924416	
1.51939	0.974732	
1.55253	0.974743	
1.94939	0.623266	
1.92368	0.63804	
1.97407	0.608708	
1.97532	0.639558	
1.92455	0.673513	
1.89758	0.657438	
1.87462	0.671772	
1.86394	0.695443	
1.84011	0.674305	
1.79712	0.69777	
1.81263	0.672358	
1.78241	0.723782	
1.81471	0.723988	
1.77909	0.774786	
1.74576	0.774786	
1.72499	0.79962	
1.73745	0.824588	
1.70427	0.824636	
1.68382	0.84952	
1.69672	0.874497	
1.66381	0.874412	
1.64382	0.899368	
1.60461	0.949447	
1.62422	0.924378	
1.6571	0.924398	
1.58586	0.974743	
1.61875	0.974704	
1.95357	0.68051	
1.92747	0.699908	
1.97532	0.670808	
1.97824	0.697203	
1.91589	0.721455	
1.94491	0.728453	
1.88256	0.721455	
1.84805	0.723988	
1.84573	0.775119	
1.81239	0.775119	
1.79148	0.799905	
1.80308	0.825285	
1.76978	0.824952	
1.74905	0.849968	
1.70915	0.899356	
1.72917	0.874464	
1.76149	0.874828	
1.67023	0.949393	
1.68984	0.924384	
1.72229	0.924351	
1.65208	0.974704	
1.68482	0.974689	
1.97824	0.728453	
1.97839	0.771769	
1.94506	0.771769	
1.91625	0.777707	
1.88292	0.777707	
1.86198	0.802827	
1.92798	0.799477	
1.8717	0.830594	
1.8345	0.828006	
1.8128	0.853052	
1.82391	0.876832	
1.79249	0.874112	
1.7726	0.898608	
1.73568	0.949394	
1.755	0.924367	
1.786	0.923651	
1.71815	0.974689	
1.75087	0.974705	
1.95401	0.819216	
1.92521	0.825154	
1.97839	0.803019	
1.97562	0.828696	
1.89973	0.841178	
1.87225	0.866357	
1.92576	0.860918	
1.82871	0.900517	
1.84902	0.879457	
1.87706	0.890042	
1.80105	0.94972	
1.81865	0.923961	
1.84377	0.926586	
1.7842	0.974705	
1.81686	0.975015	
1.95122	0.875245	
1.92574	0.891269	
1.97562	0.859946	
1.9756	0.890298	
1.86633	0.947104	
1.87639	0.923661	
1.92507	0.924888	
1.89962	0.910561	
1.85019	0.975015	
1.88281	0.97209	
1.95395	0.930927	
1.92783	0.950219	
1.9756	0.921548	
1.97835	0.946879	
1.91614	0.97209	
1.94502	0.978129	
1.97835	0.978129	
