314 10
0 9
0
1
4
9
16
1007
1008
1009
1010

1 61
3
0
8
15
24
35
48
63
80
99
120
143
168
195
224
254
286
317
348
379
408
441
472
503
534
565
596
627
658
689
721
1011
1012
1013
1014
1015
1016
1017
1018
1019
1020
1021
1022
1023
1024
1025
1026
1027
1028
1029
1030
1031
1032
1033
1034
1035
1036
1037
1038
1039
1040

2 17
16
25
36
49
64
81
100
121
144
1041
1042
1043
1044
1045
1046
1047
1048

3 61
27
16
40
55
72
91
112
135
160
187
216
247
280
313
346
381
416
451
486
518
548
581
612
643
674
705
736
765
792
817
840
1049
1050
1051
1052
1053
1054
1055
1056
1057
1058
1059
1060
1061
1062
1063
1064
1065
1066
1067
1068
1069
1070
1071
1072
1073
1074
1075
1076
1077
1078

4 9
144
169
196
225
257
1079
1080
1081
1082

5 61
144
171
200
231
264
297
330
363
396
429
462
495
528
561
594
629
664
699
734
767
798
827
854
879
902
923
942
956
968
977
984
1083
1084
1085
1086
1087
1088
1089
1090
1091
1092
1093
1094
1095
1096
1097
1098
1099
1100
1101
1102
1103
1104
1105
1106
1107
1108
1109
1110
1111
1112

6 61
257
289
322
355
388
421
454
487
520
553
586
619
652
685
718
751
782
811
838
863
886
907
926
943
958
971
982
991
998
1003
1006
1113
1114
1115
1116
1117
1118
1119
1120
1121
1122
1123
1124
1125
1126
1127
1128
1129
1130
1131
1132
1133
1134
1135
1136
1137
1138
1139
1140
1141
1142

7 9
753
721
784
813
840
1143
1144
1145
1146

8 17
865
840
888
909
928
945
960
973
984
1147
1148
1149
1150
1151
1152
1153
1154

9 9
993
984
1000
1004
1006
1155
1156
1157
1158

