152 10
0 4
0 1 
1 4 
4 9 
9 16 

1 30
3 0 
8 3 
15 8 
24 15 
35 24 
48 35 
63 48 
80 63 
99 80 
120 99 
143 120 
168 143 
195 168 
224 195 
254 224 
286 254 
317 286 
348 317 
379 348 
408 379 
441 408 
472 441 
503 472 
534 503 
565 534 
596 565 
627 596 
658 627 
689 658 
721 689 

2 8
16 25 
25 36 
36 49 
49 64 
64 81 
81 100 
100 121 
121 144 

3 30
27 16 
40 27 
55 40 
72 55 
91 72 
112 91 
135 112 
160 135 
187 160 
216 187 
247 216 
280 247 
313 280 
346 313 
381 346 
416 381 
451 416 
486 451 
518 486 
548 518 
581 548 
612 581 
643 612 
674 643 
705 674 
736 705 
765 736 
792 765 
817 792 
840 817 

4 4
144 169 
169 196 
196 225 
225 257 

5 30
144 171 
171 200 
200 231 
231 264 
264 297 
297 330 
330 363 
363 396 
396 429 
429 462 
462 495 
495 528 
528 561 
561 594 
594 629 
629 664 
664 699 
699 734 
734 767 
767 798 
798 827 
827 854 
854 879 
879 902 
902 923 
923 942 
942 956 
956 968 
968 977 
977 984 

6 30
257 289 
289 322 
322 355 
355 388 
388 421 
421 454 
454 487 
487 520 
520 553 
553 586 
586 619 
619 652 
652 685 
685 718 
718 751 
751 782 
782 811 
811 838 
838 863 
863 886 
886 907 
907 926 
926 943 
943 958 
958 971 
971 982 
982 991 
991 998 
998 1003 
1003 1006 

7 4
753 721 
784 753 
813 784 
840 813 

8 8
865 840 
888 865 
909 888 
928 909 
945 928 
960 945 
973 960 
984 973 

9 4
993 984 
1000 993 
1004 1000 
1006 1004 

