1920 
2 1 0 
 2 0 3 
 5 4 1 
 5 1 6 
 2 3 6 
 2 6 1 
 7 6 3 
 7 3 8 
 10 9 4 
 10 4 11 
 5 6 11 
 5 11 4 
 12 11 6 
 12 6 13 
 7 8 13 
 7 13 6 
 14 13 8 
 14 8 15 
 17 16 9 
 17 9 18 
 10 11 18 
 10 18 9 
 19 18 11 
 19 11 20 
 12 13 20 
 12 20 11 
 21 20 13 
 21 13 22 
 14 15 22 
 14 22 13 
 23 22 15 
 23 15 24 
 26 25 16 
 26 16 27 
 17 18 27 
 17 27 16 
 28 27 18 
 28 18 29 
 19 20 29 
 19 29 18 
 30 29 20 
 30 20 31 
 21 22 31 
 21 31 20 
 32 31 22 
 32 22 33 
 23 24 33 
 23 33 22 
 34 33 24 
 34 24 35 
 37 36 25 
 37 25 38 
 26 27 38 
 26 38 25 
 39 38 27 
 39 27 40 
 28 29 40 
 28 40 27 
 41 40 29 
 41 29 42 
 30 31 42 
 30 42 29 
 43 42 31 
 43 31 44 
 32 33 44 
 32 44 31 
 45 44 33 
 45 33 46 
 34 35 46 
 34 46 33 
 47 46 35 
 47 35 48 
 50 49 36 
 50 36 51 
 37 38 51 
 37 51 36 
 52 51 38 
 52 38 53 
 39 40 53 
 39 53 38 
 54 53 40 
 54 40 55 
 41 42 55 
 41 55 40 
 56 55 42 
 56 42 57 
 43 44 57 
 43 57 42 
 58 57 44 
 58 44 59 
 45 46 59 
 45 59 44 
 60 59 46 
 60 46 61 
 47 48 61 
 47 61 46 
 62 61 48 
 62 48 63 
 65 64 49 
 65 49 66 
 50 51 66 
 50 66 49 
 67 66 51 
 67 51 68 
 52 53 68 
 52 68 51 
 69 68 53 
 69 53 70 
 54 55 70 
 54 70 53 
 71 70 55 
 71 55 72 
 56 57 72 
 56 72 55 
 73 72 57 
 73 57 74 
 58 59 74 
 58 74 57 
 75 74 59 
 75 59 76 
 60 61 76 
 60 76 59 
 77 76 61 
 77 61 78 
 62 63 78 
 62 78 61 
 79 78 63 
 79 63 80 
 82 81 64 
 82 64 83 
 65 66 83 
 65 83 64 
 84 83 66 
 84 66 85 
 67 68 85 
 67 85 66 
 86 85 68 
 86 68 87 
 69 70 87 
 69 87 68 
 88 87 70 
 88 70 89 
 71 72 89 
 71 89 70 
 90 89 72 
 90 72 91 
 73 74 91 
 73 91 72 
 92 91 74 
 92 74 93 
 75 76 93 
 75 93 74 
 94 93 76 
 94 76 95 
 77 78 95 
 77 95 76 
 96 95 78 
 96 78 97 
 79 80 97 
 79 97 78 
 98 97 80 
 98 80 99 
 101 100 81 
 101 81 102 
 82 83 102 
 82 102 81 
 103 102 83 
 103 83 104 
 84 85 104 
 84 104 83 
 105 104 85 
 105 85 106 
 86 87 106 
 86 106 85 
 107 106 87 
 107 87 108 
 88 89 108 
 88 108 87 
 109 108 89 
 109 89 110 
 90 91 110 
 90 110 89 
 111 110 91 
 111 91 112 
 92 93 112 
 92 112 91 
 113 112 93 
 113 93 114 
 94 95 114 
 94 114 93 
 115 114 95 
 115 95 116 
 96 97 116 
 96 116 95 
 117 116 97 
 117 97 118 
 98 99 118 
 98 118 97 
 119 118 99 
 119 99 120 
 122 121 100 
 122 100 123 
 101 102 123 
 101 123 100 
 124 123 102 
 124 102 125 
 103 104 125 
 103 125 102 
 126 125 104 
 126 104 127 
 105 106 127 
 105 127 104 
 128 127 106 
 128 106 129 
 107 108 129 
 107 129 106 
 130 129 108 
 130 108 131 
 109 110 131 
 109 131 108 
 132 131 110 
 132 110 133 
 111 112 133 
 111 133 110 
 134 133 112 
 134 112 135 
 113 114 135 
 113 135 112 
 136 135 114 
 136 114 137 
 115 116 137 
 115 137 114 
 138 137 116 
 138 116 139 
 117 118 139 
 117 139 116 
 140 139 118 
 140 118 141 
 119 120 141 
 119 141 118 
 142 141 120 
 142 120 143 
 145 144 121 
 145 121 146 
 122 123 146 
 122 146 121 
 147 146 123 
 147 123 148 
 124 125 148 
 124 148 123 
 149 148 125 
 149 125 150 
 126 127 150 
 126 150 125 
 151 150 127 
 151 127 152 
 128 129 152 
 128 152 127 
 153 152 129 
 153 129 154 
 130 131 154 
 130 154 129 
 155 154 131 
 155 131 156 
 132 133 156 
 132 156 131 
 157 156 133 
 157 133 158 
 134 135 158 
 134 158 133 
 159 158 135 
 159 135 160 
 136 137 160 
 136 160 135 
 161 160 137 
 161 137 162 
 138 139 162 
 138 162 137 
 163 162 139 
 163 139 164 
 140 141 164 
 140 164 139 
 165 164 141 
 165 141 166 
 142 143 166 
 142 166 141 
 167 166 143 
 167 143 168 
 170 169 144 
 170 144 171 
 145 146 171 
 145 171 144 
 172 171 146 
 172 146 173 
 147 148 173 
 147 173 146 
 174 173 148 
 174 148 175 
 149 150 175 
 149 175 148 
 176 175 150 
 176 150 177 
 151 152 177 
 151 177 150 
 178 177 152 
 178 152 179 
 153 154 179 
 153 179 152 
 180 179 154 
 180 154 181 
 155 156 181 
 155 181 154 
 182 181 156 
 182 156 183 
 157 158 183 
 157 183 156 
 184 183 158 
 184 158 185 
 159 160 185 
 159 185 158 
 186 185 160 
 186 160 187 
 161 162 187 
 161 187 160 
 188 187 162 
 188 162 189 
 163 164 189 
 163 189 162 
 190 189 164 
 190 164 191 
 165 166 191 
 165 191 164 
 192 191 166 
 192 166 193 
 167 168 193 
 167 193 166 
 194 193 168 
 194 168 195 
 197 196 169 
 197 169 198 
 170 171 198 
 170 198 169 
 199 198 171 
 199 171 200 
 172 173 200 
 172 200 171 
 201 200 173 
 201 173 202 
 174 175 202 
 174 202 173 
 203 202 175 
 203 175 204 
 176 177 204 
 176 204 175 
 205 204 177 
 205 177 206 
 178 179 206 
 178 206 177 
 207 206 179 
 207 179 208 
 180 181 208 
 180 208 179 
 209 208 181 
 209 181 210 
 182 183 210 
 182 210 181 
 211 210 183 
 211 183 212 
 184 185 212 
 184 212 183 
 213 212 185 
 213 185 214 
 186 187 214 
 186 214 185 
 215 214 187 
 215 187 216 
 188 189 216 
 188 216 187 
 217 216 189 
 217 189 218 
 190 191 218 
 190 218 189 
 219 218 191 
 219 191 220 
 192 193 220 
 192 220 191 
 221 220 193 
 221 193 222 
 194 195 222 
 194 222 193 
 223 222 195 
 223 195 224 
 226 225 196 
 226 196 227 
 197 198 227 
 197 227 196 
 228 227 198 
 228 198 229 
 199 200 229 
 199 229 198 
 230 229 200 
 230 200 231 
 201 202 231 
 201 231 200 
 232 231 202 
 232 202 233 
 203 204 233 
 203 233 202 
 234 233 204 
 234 204 235 
 205 206 235 
 205 235 204 
 236 235 206 
 236 206 237 
 207 208 237 
 207 237 206 
 238 237 208 
 238 208 239 
 209 210 239 
 209 239 208 
 240 239 210 
 240 210 241 
 211 212 241 
 211 241 210 
 242 241 212 
 242 212 243 
 213 214 243 
 213 243 212 
 244 243 214 
 244 214 245 
 215 216 245 
 215 245 214 
 246 245 216 
 246 216 247 
 217 218 247 
 217 247 216 
 248 247 218 
 248 218 249 
 219 220 249 
 219 249 218 
 250 249 220 
 250 220 251 
 221 222 251 
 221 251 220 
 252 251 222 
 252 222 253 
 223 224 253 
 223 253 222 
 255 253 224 
 255 224 254 
 256 257 225 
 256 225 258 
 226 227 258 
 226 258 225 
 259 258 227 
 259 227 260 
 228 229 260 
 228 260 227 
 261 260 229 
 261 229 262 
 230 231 262 
 230 262 229 
 263 262 231 
 263 231 264 
 232 233 264 
 232 264 231 
 265 264 233 
 265 233 266 
 234 235 266 
 234 266 233 
 267 266 235 
 267 235 268 
 236 237 268 
 236 268 235 
 269 268 237 
 269 237 270 
 238 239 270 
 238 270 237 
 271 270 239 
 271 239 272 
 240 241 272 
 240 272 239 
 273 272 241 
 273 241 274 
 242 243 274 
 242 274 241 
 275 274 243 
 275 243 276 
 244 245 276 
 244 276 243 
 277 276 245 
 277 245 278 
 246 247 278 
 246 278 245 
 279 278 247 
 279 247 280 
 248 249 280 
 248 280 247 
 281 280 249 
 281 249 282 
 250 251 282 
 250 282 249 
 283 282 251 
 283 251 284 
 252 253 284 
 252 284 251 
 285 284 253 
 287 254 286 
 285 253 288 
 255 254 288 
 255 288 253 
 287 288 254 
 256 258 289 
 256 289 257 
 290 289 258 
 290 258 291 
 259 260 291 
 259 291 258 
 292 291 260 
 292 260 293 
 261 262 293 
 261 293 260 
 294 293 262 
 294 262 295 
 263 264 295 
 263 295 262 
 296 295 264 
 296 264 297 
 265 266 297 
 265 297 264 
 298 297 266 
 298 266 299 
 267 268 299 
 267 299 266 
 300 299 268 
 300 268 301 
 269 270 301 
 269 301 268 
 302 301 270 
 302 270 303 
 271 272 303 
 271 303 270 
 304 303 272 
 304 272 305 
 273 274 305 
 273 305 272 
 306 305 274 
 306 274 307 
 275 276 307 
 275 307 274 
 308 307 276 
 308 276 309 
 277 278 309 
 277 309 276 
 310 309 278 
 310 278 311 
 279 280 311 
 279 311 278 
 312 311 280 
 312 280 313 
 281 282 313 
 281 313 280 
 314 313 282 
 314 282 315 
 283 284 315 
 283 315 282 
 316 315 284 
 318 286 317 
 316 284 319 
 285 288 319 
 285 319 284 
 287 286 320 
 287 320 288 
 318 320 286 
 321 319 288 
 321 288 320 
 290 291 322 
 290 322 289 
 323 322 291 
 323 291 324 
 292 293 324 
 292 324 291 
 325 324 293 
 325 293 326 
 294 295 326 
 294 326 293 
 327 326 295 
 327 295 328 
 296 297 328 
 296 328 295 
 329 328 297 
 329 297 330 
 298 299 330 
 298 330 297 
 331 330 299 
 331 299 332 
 300 301 332 
 300 332 299 
 333 332 301 
 333 301 334 
 302 303 334 
 302 334 301 
 335 334 303 
 335 303 336 
 304 305 336 
 304 336 303 
 337 336 305 
 337 305 338 
 306 307 338 
 306 338 305 
 339 338 307 
 339 307 340 
 308 309 340 
 308 340 307 
 341 340 309 
 341 309 342 
 310 311 342 
 310 342 309 
 343 342 311 
 343 311 344 
 312 313 344 
 312 344 311 
 345 344 313 
 345 313 346 
 314 315 346 
 314 346 313 
 347 346 315 
 349 317 348 
 347 315 350 
 316 319 350 
 316 350 315 
 351 350 319 
 318 317 352 
 318 352 320 
 349 352 317 
 353 320 352 
 351 319 354 
 321 320 354 
 321 354 319 
 353 354 320 
 323 324 355 
 323 355 322 
 356 355 324 
 356 324 357 
 325 326 357 
 325 357 324 
 358 357 326 
 358 326 359 
 327 328 359 
 327 359 326 
 360 359 328 
 360 328 361 
 329 330 361 
 329 361 328 
 362 361 330 
 362 330 363 
 331 332 363 
 331 363 330 
 364 363 332 
 364 332 365 
 333 334 365 
 333 365 332 
 366 365 334 
 366 334 367 
 335 336 367 
 335 367 334 
 368 367 336 
 368 336 369 
 337 338 369 
 337 369 336 
 370 369 338 
 370 338 371 
 339 340 371 
 339 371 338 
 372 371 340 
 372 340 373 
 341 342 373 
 341 373 340 
 374 373 342 
 374 342 375 
 343 344 375 
 343 375 342 
 376 375 344 
 376 344 377 
 345 346 377 
 345 377 344 
 378 377 346 
 380 348 379 
 378 346 381 
 347 350 381 
 347 381 346 
 382 381 350 
 349 348 383 
 349 383 352 
 380 383 348 
 384 352 383 
 382 350 385 
 351 354 385 
 351 385 350 
 353 352 386 
 353 386 354 
 384 386 352 
 387 385 354 
 387 354 386 
 356 357 388 
 356 388 355 
 389 388 357 
 389 357 390 
 358 359 390 
 358 390 357 
 391 390 359 
 391 359 392 
 360 361 392 
 360 392 359 
 393 392 361 
 393 361 394 
 362 363 394 
 362 394 361 
 395 394 363 
 395 363 396 
 364 365 396 
 364 396 363 
 397 396 365 
 397 365 398 
 366 367 398 
 366 398 365 
 399 398 367 
 399 367 400 
 368 369 400 
 368 400 367 
 401 400 369 
 401 369 402 
 370 371 402 
 370 402 369 
 403 402 371 
 403 371 404 
 372 373 404 
 372 404 371 
 405 404 373 
 405 373 406 
 374 375 406 
 374 406 373 
 407 406 375 
 409 379 408 
 407 375 410 
 376 377 410 
 376 410 375 
 411 410 377 
 411 377 412 
 378 381 412 
 378 412 377 
 413 412 381 
 380 379 414 
 380 414 383 
 409 414 379 
 415 383 414 
 413 381 416 
 382 385 416 
 382 416 381 
 417 416 385 
 384 383 418 
 384 418 386 
 415 418 383 
 419 386 418 
 417 385 420 
 387 386 420 
 387 420 385 
 419 420 386 
 389 390 421 
 389 421 388 
 422 421 390 
 422 390 423 
 391 392 423 
 391 423 390 
 424 423 392 
 424 392 425 
 393 394 425 
 393 425 392 
 426 425 394 
 426 394 427 
 395 396 427 
 395 427 394 
 428 427 396 
 428 396 429 
 397 398 429 
 397 429 396 
 430 429 398 
 430 398 431 
 399 400 431 
 399 431 398 
 432 431 400 
 432 400 433 
 401 402 433 
 401 433 400 
 434 433 402 
 434 402 435 
 403 404 435 
 403 435 402 
 436 435 404 
 436 404 437 
 405 406 437 
 405 437 404 
 438 437 406 
 438 406 439 
 407 410 439 
 407 439 406 
 440 439 410 
 442 408 441 
 409 408 443 
 409 443 414 
 442 443 408 
 444 414 443 
 440 410 445 
 411 412 445 
 411 445 410 
 446 445 412 
 446 412 447 
 413 416 447 
 413 447 412 
 448 447 416 
 415 414 449 
 415 449 418 
 444 449 414 
 450 418 449 
 448 416 451 
 417 420 451 
 417 451 416 
 419 418 452 
 419 452 420 
 450 452 418 
 453 451 420 
 453 420 452 
 422 423 454 
 422 454 421 
 455 454 423 
 455 423 456 
 424 425 456 
 424 456 423 
 457 456 425 
 457 425 458 
 426 427 458 
 426 458 425 
 459 458 427 
 459 427 460 
 428 429 460 
 428 460 427 
 461 460 429 
 461 429 462 
 430 431 462 
 430 462 429 
 463 462 431 
 463 431 464 
 432 433 464 
 432 464 431 
 465 464 433 
 465 433 466 
 434 435 466 
 434 466 433 
 467 466 435 
 467 435 468 
 436 437 468 
 436 468 435 
 469 468 437 
 469 437 470 
 438 439 470 
 438 470 437 
 471 470 439 
 473 441 472 
 471 439 474 
 440 445 474 
 440 474 439 
 475 474 445 
 442 441 476 
 442 476 443 
 473 476 441 
 477 443 476 
 444 443 478 
 444 478 449 
 477 478 443 
 479 449 478 
 475 445 480 
 446 447 480 
 446 480 445 
 481 480 447 
 481 447 482 
 448 451 482 
 448 482 447 
 483 482 451 
 450 449 484 
 450 484 452 
 479 484 449 
 485 452 484 
 483 451 486 
 453 452 486 
 453 486 451 
 485 486 452 
 455 456 487 
 455 487 454 
 488 487 456 
 488 456 489 
 457 458 489 
 457 489 456 
 490 489 458 
 490 458 491 
 459 460 491 
 459 491 458 
 492 491 460 
 492 460 493 
 461 462 493 
 461 493 460 
 494 493 462 
 494 462 495 
 463 464 495 
 463 495 462 
 496 495 464 
 496 464 497 
 465 466 497 
 465 497 464 
 498 497 466 
 498 466 499 
 467 468 499 
 467 499 466 
 500 499 468 
 500 468 501 
 469 470 501 
 469 501 468 
 502 501 470 
 504 472 503 
 502 470 505 
 471 474 505 
 471 505 470 
 506 505 474 
 473 472 507 
 473 507 476 
 504 507 472 
 508 476 507 
 506 474 509 
 475 480 509 
 475 509 474 
 510 509 480 
 477 476 511 
 477 511 478 
 508 511 476 
 512 478 511 
 479 478 513 
 479 513 484 
 512 513 478 
 514 484 513 
 510 480 515 
 481 482 515 
 481 515 480 
 516 515 482 
 516 482 517 
 483 486 517 
 483 517 482 
 485 484 518 
 485 518 486 
 514 518 484 
 519 517 486 
 519 486 518 
 488 489 520 
 488 520 487 
 521 520 489 
 521 489 522 
 490 491 522 
 490 522 489 
 523 522 491 
 523 491 524 
 492 493 524 
 492 524 491 
 525 524 493 
 525 493 526 
 494 495 526 
 494 526 493 
 527 526 495 
 527 495 528 
 496 497 528 
 496 528 495 
 529 528 497 
 529 497 530 
 498 499 530 
 498 530 497 
 531 530 499 
 531 499 532 
 500 501 532 
 500 532 499 
 533 532 501 
 535 503 534 
 533 501 536 
 502 505 536 
 502 536 501 
 537 536 505 
 504 503 538 
 504 538 507 
 535 538 503 
 539 507 538 
 537 505 540 
 506 509 540 
 506 540 505 
 541 540 509 
 508 507 542 
 508 542 511 
 539 542 507 
 543 511 542 
 541 509 544 
 510 515 544 
 510 544 509 
 545 544 515 
 512 511 546 
 512 546 513 
 543 546 511 
 547 513 546 
 514 513 548 
 514 548 518 
 547 548 513 
 549 518 548 
 545 515 550 
 516 517 550 
 516 550 515 
 551 550 517 
 551 517 552 
 519 518 552 
 519 552 517 
 549 552 518 
 521 522 553 
 521 553 520 
 554 553 522 
 554 522 555 
 523 524 555 
 523 555 522 
 556 555 524 
 556 524 557 
 525 526 557 
 525 557 524 
 558 557 526 
 558 526 559 
 527 528 559 
 527 559 526 
 560 559 528 
 560 528 561 
 529 530 561 
 529 561 528 
 562 561 530 
 562 530 563 
 531 532 563 
 531 563 530 
 564 563 532 
 566 534 565 
 564 532 567 
 533 536 567 
 533 567 532 
 568 567 536 
 535 534 569 
 535 569 538 
 566 569 534 
 570 538 569 
 568 536 571 
 537 540 571 
 537 571 536 
 572 571 540 
 539 538 573 
 539 573 542 
 570 573 538 
 574 542 573 
 572 540 575 
 541 544 575 
 541 575 540 
 576 575 544 
 543 542 577 
 543 577 546 
 574 577 542 
 578 546 577 
 576 544 579 
 545 550 579 
 545 579 544 
 580 579 550 
 547 546 581 
 547 581 548 
 578 581 546 
 582 548 581 
 549 548 583 
 549 583 552 
 582 583 548 
 580 550 584 
 551 552 584 
 551 584 550 
 585 584 552 
 585 552 583 
 554 555 586 
 554 586 553 
 587 586 555 
 587 555 588 
 556 557 588 
 556 588 555 
 589 588 557 
 589 557 590 
 558 559 590 
 558 590 557 
 591 590 559 
 591 559 592 
 560 561 592 
 560 592 559 
 593 592 561 
 593 561 594 
 562 563 594 
 562 594 561 
 595 594 563 
 597 565 596 
 595 563 598 
 564 567 598 
 564 598 563 
 599 598 567 
 566 565 600 
 566 600 569 
 597 600 565 
 601 569 600 
 599 567 602 
 568 571 602 
 568 602 567 
 603 602 571 
 570 569 604 
 570 604 573 
 601 604 569 
 605 573 604 
 603 571 606 
 572 575 606 
 572 606 571 
 607 606 575 
 574 573 608 
 574 608 577 
 605 608 573 
 609 577 608 
 607 575 610 
 576 579 610 
 576 610 575 
 611 610 579 
 578 577 612 
 578 612 581 
 609 612 577 
 613 581 612 
 611 579 614 
 580 584 614 
 580 614 579 
 615 614 584 
 582 581 616 
 582 616 583 
 613 616 581 
 617 583 616 
 615 584 618 
 585 583 618 
 585 618 584 
 617 618 583 
 587 588 619 
 587 619 586 
 620 619 588 
 620 588 621 
 589 590 621 
 589 621 588 
 622 621 590 
 622 590 623 
 591 592 623 
 591 623 590 
 624 623 592 
 624 592 625 
 593 594 625 
 593 625 592 
 626 625 594 
 628 596 627 
 626 594 629 
 595 598 629 
 595 629 594 
 630 629 598 
 597 596 631 
 597 631 600 
 628 631 596 
 632 600 631 
 630 598 633 
 599 602 633 
 599 633 598 
 634 633 602 
 601 600 635 
 601 635 604 
 632 635 600 
 636 604 635 
 634 602 637 
 603 606 637 
 603 637 602 
 638 637 606 
 605 604 639 
 605 639 608 
 636 639 604 
 640 608 639 
 638 606 641 
 607 610 641 
 607 641 606 
 642 641 610 
 609 608 643 
 609 643 612 
 640 643 608 
 644 612 643 
 642 610 645 
 611 614 645 
 611 645 610 
 646 645 614 
 613 612 647 
 613 647 616 
 644 647 612 
 648 616 647 
 646 614 649 
 615 618 649 
 615 649 614 
 617 616 650 
 617 650 618 
 648 650 616 
 651 649 618 
 651 618 650 
 620 621 652 
 620 652 619 
 653 652 621 
 653 621 654 
 622 623 654 
 622 654 621 
 655 654 623 
 655 623 656 
 624 625 656 
 624 656 623 
 657 656 625 
 659 627 658 
 657 625 660 
 626 629 660 
 626 660 625 
 661 660 629 
 628 627 662 
 628 662 631 
 659 662 627 
 663 631 662 
 661 629 664 
 630 633 664 
 630 664 629 
 665 664 633 
 632 631 666 
 632 666 635 
 663 666 631 
 667 635 666 
 665 633 668 
 634 637 668 
 634 668 633 
 669 668 637 
 636 635 670 
 636 670 639 
 667 670 635 
 671 639 670 
 669 637 672 
 638 641 672 
 638 672 637 
 673 672 641 
 640 639 674 
 640 674 643 
 671 674 639 
 675 643 674 
 673 641 676 
 642 645 676 
 642 676 641 
 677 676 645 
 644 643 678 
 644 678 647 
 675 678 643 
 679 647 678 
 677 645 680 
 646 649 680 
 646 680 645 
 681 680 649 
 648 647 682 
 648 682 650 
 679 682 647 
 683 650 682 
 681 649 684 
 651 650 684 
 651 684 649 
 683 684 650 
 653 654 685 
 653 685 652 
 686 685 654 
 686 654 687 
 655 656 687 
 655 687 654 
 688 687 656 
 690 658 689 
 688 656 691 
 657 660 691 
 657 691 656 
 692 691 660 
 659 658 693 
 659 693 662 
 690 693 658 
 694 662 693 
 692 660 695 
 661 664 695 
 661 695 660 
 696 695 664 
 663 662 697 
 663 697 666 
 694 697 662 
 698 666 697 
 696 664 699 
 665 668 699 
 665 699 664 
 700 699 668 
 667 666 701 
 667 701 670 
 698 701 666 
 702 670 701 
 700 668 703 
 669 672 703 
 669 703 668 
 704 703 672 
 671 670 705 
 671 705 674 
 702 705 670 
 706 674 705 
 704 672 707 
 673 676 707 
 673 707 672 
 708 707 676 
 675 674 709 
 675 709 678 
 706 709 674 
 710 678 709 
 708 676 711 
 677 680 711 
 677 711 676 
 712 711 680 
 679 678 713 
 679 713 682 
 710 713 678 
 714 682 713 
 712 680 715 
 681 684 715 
 681 715 680 
 683 682 716 
 683 716 684 
 714 716 682 
 717 715 684 
 717 684 716 
 686 687 718 
 686 718 685 
 719 718 687 
 720 689 721 
 719 687 722 
 688 691 722 
 688 722 687 
 723 722 691 
 690 689 724 
 690 724 693 
 720 724 689 
 725 693 724 
 723 691 726 
 692 695 726 
 692 726 691 
 727 726 695 
 694 693 728 
 694 728 697 
 725 728 693 
 729 697 728 
 727 695 730 
 696 699 730 
 696 730 695 
 731 730 699 
 698 697 732 
 698 732 701 
 729 732 697 
 733 701 732 
 731 699 734 
 700 703 734 
 700 734 699 
 735 734 703 
 702 701 736 
 702 736 705 
 733 736 701 
 737 705 736 
 735 703 738 
 704 707 738 
 704 738 703 
 739 738 707 
 706 705 740 
 706 740 709 
 737 740 705 
 741 709 740 
 739 707 742 
 708 711 742 
 708 742 707 
 743 742 711 
 710 709 744 
 710 744 713 
 741 744 709 
 745 713 744 
 743 711 746 
 712 715 746 
 712 746 711 
 747 746 715 
 714 713 748 
 714 748 716 
 745 748 713 
 749 716 748 
 747 715 750 
 717 716 750 
 717 750 715 
 749 750 716 
 719 722 751 
 719 751 718 
 752 751 722 
 720 721 753 
 720 753 724 
 754 724 753 
 752 722 755 
 723 726 755 
 723 755 722 
 756 755 726 
 725 724 757 
 725 757 728 
 754 757 724 
 758 728 757 
 756 726 759 
 727 730 759 
 727 759 726 
 760 759 730 
 729 728 761 
 729 761 732 
 758 761 728 
 762 732 761 
 760 730 763 
 731 734 763 
 731 763 730 
 764 763 734 
 733 732 765 
 733 765 736 
 762 765 732 
 766 736 765 
 764 734 767 
 735 738 767 
 735 767 734 
 768 767 738 
 737 736 769 
 737 769 740 
 766 769 736 
 770 740 769 
 768 738 771 
 739 742 771 
 739 771 738 
 772 771 742 
 741 740 773 
 741 773 744 
 770 773 740 
 774 744 773 
 772 742 775 
 743 746 775 
 743 775 742 
 776 775 746 
 745 744 777 
 745 777 748 
 774 777 744 
 778 748 777 
 776 746 779 
 747 750 779 
 747 779 746 
 749 748 780 
 749 780 750 
 778 780 748 
 781 779 750 
 781 750 780 
 752 755 782 
 752 782 751 
 783 782 755 
 754 753 784 
 754 784 757 
 785 757 784 
 783 755 786 
 756 759 786 
 756 786 755 
 787 786 759 
 758 757 788 
 758 788 761 
 785 788 757 
 789 761 788 
 787 759 790 
 760 763 790 
 760 790 759 
 791 790 763 
 762 761 792 
 762 792 765 
 789 792 761 
 793 765 792 
 791 763 794 
 764 767 794 
 764 794 763 
 795 794 767 
 766 765 796 
 766 796 769 
 793 796 765 
 797 769 796 
 795 767 798 
 768 771 798 
 768 798 767 
 799 798 771 
 770 769 800 
 770 800 773 
 797 800 769 
 801 773 800 
 799 771 802 
 772 775 802 
 772 802 771 
 803 802 775 
 774 773 804 
 774 804 777 
 801 804 773 
 805 777 804 
 803 775 806 
 776 779 806 
 776 806 775 
 807 806 779 
 778 777 808 
 778 808 780 
 805 808 777 
 809 780 808 
 807 779 810 
 781 780 810 
 781 810 779 
 809 810 780 
 783 786 811 
 783 811 782 
 812 811 786 
 785 784 813 
 785 813 788 
 814 788 813 
 812 786 815 
 787 790 815 
 787 815 786 
 816 815 790 
 789 788 817 
 789 817 792 
 814 817 788 
 818 792 817 
 816 790 819 
 791 794 819 
 791 819 790 
 820 819 794 
 793 792 821 
 793 821 796 
 818 821 792 
 822 796 821 
 820 794 823 
 795 798 823 
 795 823 794 
 824 823 798 
 797 796 825 
 797 825 800 
 822 825 796 
 826 800 825 
 824 798 827 
 799 802 827 
 799 827 798 
 828 827 802 
 801 800 829 
 801 829 804 
 826 829 800 
 830 804 829 
 828 802 831 
 803 806 831 
 803 831 802 
 832 831 806 
 805 804 833 
 805 833 808 
 830 833 804 
 834 808 833 
 832 806 835 
 807 810 835 
 807 835 806 
 809 808 836 
 809 836 810 
 834 836 808 
 837 835 810 
 837 810 836 
 812 815 838 
 812 838 811 
 839 838 815 
 814 813 840 
 814 840 817 
 841 817 840 
 839 815 842 
 816 819 842 
 816 842 815 
 843 842 819 
 818 817 844 
 818 844 821 
 841 844 817 
 845 821 844 
 843 819 846 
 820 823 846 
 820 846 819 
 847 846 823 
 822 821 848 
 822 848 825 
 845 848 821 
 849 825 848 
 847 823 850 
 824 827 850 
 824 850 823 
 851 850 827 
 826 825 852 
 826 852 829 
 849 852 825 
 853 829 852 
 851 827 854 
 828 831 854 
 828 854 827 
 855 854 831 
 830 829 856 
 830 856 833 
 853 856 829 
 857 833 856 
 855 831 858 
 832 835 858 
 832 858 831 
 859 858 835 
 834 833 860 
 834 860 836 
 857 860 833 
 861 836 860 
 859 835 862 
 837 836 862 
 837 862 835 
 861 862 836 
 839 842 863 
 839 863 838 
 864 863 842 
 841 840 865 
 841 865 844 
 866 844 865 
 864 842 867 
 843 846 867 
 843 867 842 
 868 867 846 
 845 844 869 
 845 869 848 
 866 869 844 
 870 848 869 
 868 846 871 
 847 850 871 
 847 871 846 
 872 871 850 
 849 848 873 
 849 873 852 
 870 873 848 
 874 852 873 
 872 850 875 
 851 854 875 
 851 875 850 
 876 875 854 
 853 852 877 
 853 877 856 
 874 877 852 
 878 856 877 
 876 854 879 
 855 858 879 
 855 879 854 
 880 879 858 
 857 856 881 
 857 881 860 
 878 881 856 
 882 860 881 
 880 858 883 
 859 862 883 
 859 883 858 
 861 860 884 
 861 884 862 
 882 884 860 
 885 883 862 
 885 862 884 
 864 867 886 
 864 886 863 
 887 886 867 
 866 865 888 
 866 888 869 
 889 869 888 
 887 867 890 
 868 871 890 
 868 890 867 
 891 890 871 
 870 869 892 
 870 892 873 
 889 892 869 
 893 873 892 
 891 871 894 
 872 875 894 
 872 894 871 
 895 894 875 
 874 873 896 
 874 896 877 
 893 896 873 
 897 877 896 
 895 875 898 
 876 879 898 
 876 898 875 
 899 898 879 
 878 877 900 
 878 900 881 
 897 900 877 
 901 881 900 
 899 879 902 
 880 883 902 
 880 902 879 
 903 902 883 
 882 881 904 
 882 904 884 
 901 904 881 
 905 884 904 
 903 883 906 
 885 884 906 
 885 906 883 
 905 906 884 
 887 890 907 
 887 907 886 
 908 907 890 
 889 888 909 
 889 909 892 
 910 892 909 
 908 890 911 
 891 894 911 
 891 911 890 
 912 911 894 
 893 892 913 
 893 913 896 
 910 913 892 
 914 896 913 
 912 894 915 
 895 898 915 
 895 915 894 
 916 915 898 
 897 896 917 
 897 917 900 
 914 917 896 
 918 900 917 
 916 898 919 
 899 902 919 
 899 919 898 
 920 919 902 
 901 900 921 
 901 921 904 
 918 921 900 
 922 904 921 
 920 902 923 
 903 906 923 
 903 923 902 
 905 904 924 
 905 924 906 
 922 924 904 
 925 923 906 
 925 906 924 
 908 911 926 
 908 926 907 
 927 926 911 
 910 909 928 
 910 928 913 
 929 913 928 
 927 911 930 
 912 915 930 
 912 930 911 
 931 930 915 
 914 913 932 
 914 932 917 
 929 932 913 
 933 917 932 
 931 915 934 
 916 919 934 
 916 934 915 
 935 934 919 
 918 917 936 
 918 936 921 
 933 936 917 
 937 921 936 
 935 919 938 
 920 923 938 
 920 938 919 
 939 938 923 
 922 921 940 
 922 940 924 
 937 940 921 
 941 924 940 
 939 923 942 
 925 924 942 
 925 942 923 
 941 942 924 
 927 930 943 
 927 943 926 
 944 943 930 
 929 928 945 
 929 945 932 
 946 932 945 
 944 930 947 
 931 934 947 
 931 947 930 
 948 947 934 
 933 932 949 
 933 949 936 
 946 949 932 
 950 936 949 
 948 934 951 
 935 938 951 
 935 951 934 
 952 951 938 
 937 936 953 
 937 953 940 
 950 953 936 
 954 940 953 
 952 938 955 
 939 942 955 
 939 955 938 
 941 940 956 
 941 956 942 
 954 956 940 
 957 955 942 
 957 942 956 
 944 947 958 
 944 958 943 
 959 958 947 
 946 945 960 
 946 960 949 
 961 949 960 
 959 947 962 
 948 951 962 
 948 962 947 
 963 962 951 
 950 949 964 
 950 964 953 
 961 964 949 
 965 953 964 
 963 951 966 
 952 955 966 
 952 966 951 
 967 966 955 
 954 953 968 
 954 968 956 
 965 968 953 
 969 956 968 
 967 955 970 
 957 956 970 
 957 970 955 
 969 970 956 
 959 962 971 
 959 971 958 
 972 971 962 
 961 960 973 
 961 973 964 
 974 964 973 
 972 962 975 
 963 966 975 
 963 975 962 
 976 975 966 
 965 964 977 
 965 977 968 
 974 977 964 
 978 968 977 
 976 966 979 
 967 970 979 
 967 979 966 
 969 968 980 
 969 980 970 
 978 980 968 
 981 979 970 
 981 970 980 
 972 975 982 
 972 982 971 
 983 982 975 
 974 973 984 
 974 984 977 
 985 977 984 
 983 975 986 
 976 979 986 
 976 986 975 
 987 986 979 
 978 977 988 
 978 988 980 
 985 988 977 
 989 980 988 
 987 979 990 
 981 980 990 
 981 990 979 
 989 990 980 
 983 986 991 
 983 991 982 
 992 991 986 
 985 984 993 
 985 993 988 
 994 988 993 
 992 986 995 
 987 990 995 
 987 995 986 
 989 988 996 
 989 996 990 
 994 996 988 
 997 995 990 
 997 990 996 
 992 995 998 
 992 998 991 
 999 998 995 
 994 993 1000 
 994 1000 996 
 1001 996 1000 
 999 995 1002 
 997 996 1002 
 997 1002 995 
 1001 1002 996 
 999 1002 1003 
 999 1003 998 
 1001 1000 1004 
 1001 1004 1002 
 1005 1003 1002 
 1005 1002 1004 
 1005 1004 1006 
 1005 1006 1003 
 