516 10
0 12
0 1822 
1822 1 
1 1823 
1823 4 
4 1824 
1824 5 
5 1825 
1825 11 
11 1826 
1826 12 
12 1827 
1827 21 

1 90
3 1828 
1828 0 
6 1829 
1829 3 
13 1830 
1830 6 
22 1831 
1831 13 
33 1832 
1832 22 
47 1833 
1833 33 
63 1834 
1834 47 
77 1835 
1835 63 
97 1836 
1836 77 
121 1837 
1837 97 
144 1838 
1838 121 
170 1839 
1839 144 
198 1840 
1840 170 
229 1841 
1841 198 
260 1842 
1842 229 
293 1843 
1843 260 
329 1844 
1844 293 
368 1845 
1845 329 
408 1846 
1846 368 
448 1847 
1847 408 
489 1848 
1848 448 
530 1849 
1849 489 
570 1850 
1850 530 
607 1851 
1851 570 
647 1852 
1852 607 
687 1853 
1853 647 
726 1854 
1854 687 
766 1855 
1855 726 
806 1856 
1856 766 
844 1857 
1857 806 
883 1858 
1858 844 
884 1859 
1859 883 
885 1860 
1860 884 
924 1861 
1861 885 
925 1862 
1862 924 
967 1863 
1863 925 
968 1864 
1864 967 
969 1865 
1865 968 
970 1866 
1866 969 
973 1867 
1867 970 
1020 1868 
1868 973 
1021 1869 
1869 1020 
1070 1870 
1870 1021 
1071 1871 
1871 1070 
1121 1872 
1872 1071 

2 30
21 1873 
1873 32 
32 1874 
1874 45 
45 1875 
1875 60 
60 1876 
1876 76 
76 1877 
1877 92 
92 1878 
1878 95 
95 1879 
1879 96 
96 1880 
1880 118 
118 1881 
1881 119 
119 1882 
1882 142 
142 1883 
1883 166 
166 1884 
1884 169 
169 1885 
1885 197 
197 1886 
1886 228 
228 1887 
1887 259 

3 114
30 1888 
1888 21 
42 1889 
1889 30 
55 1890 
1890 42 
70 1891 
1891 55 
86 1892 
1892 70 
87 1893 
1893 86 
106 1894 
1894 87 
129 1895 
1895 106 
153 1896 
1896 129 
178 1897 
1897 153 
179 1898 
1898 178 
207 1899 
1899 179 
238 1900 
1900 207 
269 1901 
1901 238 
301 1902 
1902 269 
302 1903 
1903 301 
338 1904 
1904 302 
377 1905 
1905 338 
418 1906 
1906 377 
457 1907 
1907 418 
458 1908 
1908 457 
497 1909 
1909 458 
537 1910 
1910 497 
576 1911 
1911 537 
577 1912 
1912 576 
616 1913 
1913 577 
656 1914 
1914 616 
696 1915 
1915 656 
735 1916 
1916 696 
736 1917 
1917 735 
775 1918 
1918 736 
814 1919 
1919 775 
853 1920 
1920 814 
893 1921 
1921 853 
894 1922 
1922 893 
936 1923 
1923 894 
983 1924 
1924 936 
1031 1925 
1925 983 
1078 1926 
1926 1031 
1079 1927 
1927 1078 
1127 1928 
1928 1079 
1176 1929 
1929 1127 
1221 1930 
1930 1176 
1222 1931 
1931 1221 
1265 1932 
1932 1222 
1266 1933 
1933 1265 
1302 1934 
1934 1266 
1303 1935 
1935 1302 
1304 1936 
1936 1303 
1340 1937 
1937 1304 
1341 1938 
1938 1342 
1343 1939 
1939 1340 
1342 1940 
1940 1344 
1344 1941 
1941 1343 
1348 1942 
1942 1341 
1349 1943 
1943 1348 
1392 1944 
1944 1349 

4 12
259 1945 
1945 292 
292 1946 
1946 326 
326 1947 
1947 328 
328 1948 
1948 366 
366 1949 
1949 367 
367 1950 
1950 407 

5 114
259 1951 
1951 290 
290 1952 
1952 289 
289 1953 
1953 322 
322 1954 
1954 358 
358 1955 
1955 359 
359 1956 
1956 397 
397 1957 
1957 438 
438 1958 
1958 478 
478 1959 
1959 517 
517 1960 
1960 518 
518 1961 
1961 557 
557 1962 
1962 597 
597 1963 
1963 636 
636 1964 
1964 637 
637 1965 
1965 676 
676 1966 
1966 716 
716 1967 
1967 756 
756 1968 
1968 795 
795 1969 
1969 796 
796 1970 
1970 834 
834 1971 
1971 873 
873 1972 
1972 914 
914 1973 
1973 956 
956 1974 
1974 957 
957 1975 
1975 1003 
1003 1976 
1976 1051 
1051 1977 
1977 1099 
1099 1978 
1978 1147 
1147 1979 
1979 1148 
1148 1980 
1980 1196 
1196 1981 
1981 1242 
1242 1982 
1982 1286 
1286 1983 
1983 1287 
1287 1984 
1984 1329 
1329 1985 
1985 1371 
1371 1986 
1986 1411 
1411 1987 
1987 1448 
1448 1988 
1988 1449 
1449 1989 
1989 1484 
1484 1990 
1990 1518 
1518 1991 
1991 1550 
1550 1992 
1992 1579 
1579 1993 
1993 1580 
1580 1994 
1994 1608 
1608 1995 
1995 1634 
1634 1996 
1996 1659 
1659 1997 
1997 1681 
1681 1998 
1998 1682 
1682 1999 
1999 1702 
1702 2000 
2000 1721 
1721 2001 
2001 1738 
1738 2002 
2002 1739 
1739 2003 
2003 1753 
1753 2004 
2004 1754 
1754 2005 
2005 1765 
1765 2006 
2006 1766 
1766 2007 
2007 1781 

6 90
407 2008 
2008 447 
447 2009 
2009 487 
487 2010 
2010 527 
527 2011 
2011 566 
566 2012 
2012 606 
606 2013 
2013 646 
646 2014 
2014 686 
686 2015 
2015 725 
725 2016 
2016 765 
765 2017 
2017 805 
805 2018 
2018 843 
843 2019 
2019 882 
882 2020 
2020 923 
923 2021 
2021 966 
966 2022 
2022 1012 
1012 2023 
2023 1060 
1060 2024 
2024 1108 
1108 2025 
2025 1157 
1157 2026 
2026 1205 
1205 2027 
2027 1251 
1251 2028 
2028 1296 
1296 2029 
2029 1339 
1339 2030 
2030 1380 
1380 2031 
2031 1420 
1420 2032 
2032 1458 
1458 2033 
2033 1493 
1493 2034 
2034 1527 
1527 2035 
2035 1559 
1559 2036 
2036 1589 
1589 2037 
2037 1617 
1617 2038 
2038 1643 
1643 2039 
2039 1668 
1668 2040 
2040 1691 
1691 2041 
2041 1711 
1711 2042 
2042 1730 
1730 2043 
2043 1748 
1748 2044 
2044 1764 
1764 2045 
2045 1778 
1778 2046 
2046 1790 
1790 2047 
2047 1800 
1800 2048 
2048 1807 
1807 2049 
2049 1813 
1813 2050 
2050 1817 
1817 2051 
2051 1820 
1820 2052 
2052 1821 

7 12
1171 2053 
2053 1121 
1218 2054 
2054 1171 
1264 2055 
2055 1218 
1308 2056 
2056 1264 
1351 2057 
2057 1308 
1392 2058 
2058 1351 

8 30
1431 2059 
2059 1392 
1468 2060 
2060 1431 
1503 2061 
2061 1468 
1536 2062 
2062 1503 
1567 2063 
2063 1536 
1597 2064 
2064 1567 
1624 2065 
2065 1597 
1650 2066 
2066 1624 
1674 2067 
2067 1650 
1696 2068 
2068 1674 
1716 2069 
2069 1696 
1735 2070 
2070 1716 
1752 2071 
2071 1735 
1768 2072 
2072 1752 
1781 2073 
2073 1768 

9 12
1792 2074 
2074 1781 
1802 2075 
2075 1792 
1809 2076 
2076 1802 
1815 2077 
2077 1809 
1819 2078 
2078 1815 
1821 2079 
2079 1819 

