462 10
0 13
0
1
4
5
9
10
17
1342
1343
1344
1345
1346
1347

1 91
3
0
8
16
25
35
46
60
76
95
116
136
161
187
216
246
275
304
333
362
391
420
443
468
497
526
554
583
606
635
664
693
719
744
745
746
777
779
811
813
846
848
882
884
885
922
1348
1349
1350
1351
1352
1353
1354
1355
1356
1357
1358
1359
1360
1361
1362
1363
1364
1365
1366
1367
1368
1369
1370
1371
1372
1373
1374
1375
1376
1377
1378
1379
1380
1381
1382
1383
1384
1385
1386
1387
1388
1389
1390
1391
1392

2 23
17
26
36
47
48
61
62
77
78
96
97
117
1393
1394
1395
1396
1397
1398
1399
1400
1401
1402
1403

3 91
28
17
39
53
69
88
109
133
158
184
213
243
272
301
330
359
388
417
447
477
507
537
567
597
627
653
678
707
736
766
798
825
859
895
931
963
981
982
984
1016
1019
1050
1052
1083
1084
1114
1404
1405
1406
1407
1408
1409
1410
1411
1412
1413
1414
1415
1416
1417
1418
1419
1420
1421
1422
1423
1424
1425
1426
1427
1428
1429
1430
1431
1432
1433
1434
1435
1436
1437
1438
1439
1440
1441
1442
1443
1444
1445
1446
1447
1448

4 13
117
141
166
167
192
193
224
1449
1450
1451
1452
1453
1454

5 91
117
143
170
199
229
258
287
316
345
374
403
432
461
490
519
548
577
607
637
667
697
727
759
792
826
861
898
935
971
1005
1038
1069
1099
1127
1153
1177
1200
1221
1239
1256
1271
1285
1294
1298
1299
1311
1455
1456
1457
1458
1459
1460
1461
1462
1463
1464
1465
1466
1467
1468
1469
1470
1471
1472
1473
1474
1475
1476
1477
1478
1479
1480
1481
1482
1483
1484
1485
1486
1487
1488
1489
1490
1491
1492
1493
1494
1495
1496
1497
1498
1499

6 91
224
253
282
311
340
369
398
427
456
485
514
543
572
601
630
659
688
717
749
782
816
851
888
925
961
995
1028
1059
1089
1117
1143
1167
1190
1211
1230
1248
1264
1279
1292
1304
1314
1323
1330
1335
1339
1341
1500
1501
1502
1503
1504
1505
1506
1507
1508
1509
1510
1511
1512
1513
1514
1515
1516
1517
1518
1519
1520
1521
1522
1523
1524
1525
1526
1527
1528
1529
1530
1531
1532
1533
1534
1535
1536
1537
1538
1539
1540
1541
1542
1543
1544

7 13
958
922
992
1025
1056
1086
1114
1545
1546
1547
1548
1549
1550

8 23
1140
1114
1164
1187
1208
1227
1245
1261
1276
1289
1301
1311
1551
1552
1553
1554
1555
1556
1557
1558
1559
1560
1561

9 13
1320
1311
1327
1333
1337
1340
1341
1562
1563
1564
1565
1566
1567

