268 10
0 7
0
1
4
5
11
12
21

1 46
3
0
6
13
22
33
47
63
77
97
121
144
170
198
229
260
293
329
368
408
448
489
530
570
607
647
687
726
766
806
844
883
884
885
924
925
967
968
969
970
973
1020
1021
1070
1071
1121

2 16
21
32
45
60
76
92
95
96
118
119
142
166
169
197
228
259

3 58
30
21
42
55
70
86
87
106
129
153
178
179
207
238
269
301
302
338
377
418
457
458
497
537
576
577
616
656
696
735
736
775
814
853
893
894
936
983
1031
1078
1079
1127
1176
1221
1222
1265
1266
1302
1303
1304
1340
1341
1342
1343
1344
1348
1349
1392

4 7
259
292
326
328
366
367
407

5 58
259
290
289
322
358
359
397
438
478
517
518
557
597
636
637
676
716
756
795
796
834
873
914
956
957
1003
1051
1099
1147
1148
1196
1242
1286
1287
1329
1371
1411
1448
1449
1484
1518
1550
1579
1580
1608
1634
1659
1681
1682
1702
1721
1738
1739
1753
1754
1765
1766
1781

6 46
407
447
487
527
566
606
646
686
725
765
805
843
882
923
966
1012
1060
1108
1157
1205
1251
1296
1339
1380
1420
1458
1493
1527
1559
1589
1617
1643
1668
1691
1711
1730
1748
1764
1778
1790
1800
1807
1813
1817
1820
1821

7 7
1171
1121
1218
1264
1308
1351
1392

8 16
1431
1392
1468
1503
1536
1567
1597
1624
1650
1674
1696
1716
1735
1752
1768
1781

9 7
1792
1781
1802
1809
1815
1819
1821

