5229
0	0	
0	0.0416667	
0.0285876	0.0289283	
0.0444444	0	
0	0.0833333	
0	0.125	
0.0319713	0.0641493	
0.0674037	0.0383783	
0.0888889	0	
0	0.166667	
0	0.208333	
0.0338892	0.106098	
0.0327561	0.147614	
0.0672359	0.0838076	
0.0982021	0.0668356	
0.112531	0.0351326	
0.133333	0	
0	0.25	
0.0311006	0.187639	
0.0285307	0.221431	
0.0592678	0.170514	
0.0746499	0.132651	
0.105461	0.10162	
0.13297	0.0701632	
0.154789	0.035369	
0.177778	0	
0	0.295455	
0.029025	0.280603	
0.0444444	0.25	
0.0668419	0.211489	
0.0944878	0.174113	
0.11908	0.138045	
0.147623	0.104688	
0.173665	0.0710059	
0.197755	0.0354532	
0.222222	0	
0	0.340909	
0.033207	0.318079	
0.0674735	0.289482	
0.0888889	0.25	
0.113296	0.212687	
0.138725	0.176045	
0.164019	0.140938	
0.190789	0.105933	
0.216437	0.0708396	
0.241541	0.0354506	
0.266667	0	
0	0.386364	
0	0.431818	
0.0349783	0.363071	
0.0678428	0.338866	
0.100073	0.319413	
0.113746	0.286216	
0.133333	0.25	
0.158172	0.213267	
0.183294	0.17722	
0.208376	0.141692	
0.234566	0.106289	
0.260255	0.0708864	
0.285715	0.0354566	
0.311111	0	
0	0.477273	
0	0.522727	
0.0365572	0.408493	
0.0360657	0.454576	
0.0733064	0.38478	
0.11115	0.361955	
0.136143	0.322374	
0.156229	0.286291	
0.177778	0.25	
0.202687	0.213664	
0.2278	0.177715	
0.25325	0.142026	
0.278835	0.10642	
0.304503	0.0709049	
0.330052	0.0354549	
0.355556	0	
0	0.568182	
0	0.613636	
0.0360671	0.500508	
0.0367297	0.54643	
0.0733398	0.43152	
0.0721322	0.477819	
0.111298	0.409753	
0.143117	0.3906	
0.157162	0.357386	
0.178861	0.3222	
0.200157	0.286277	
0.222222	0.25	
0.247105	0.213837	
0.272252	0.177899	
0.297668	0.142145	
0.323145	0.106452	
0.348836	0.0708884	
0.374444	0.0354515	
0.4	0	
0	0.659091	
0	0.704545	
0.0366396	0.591516	
0.0361289	0.635338	
0.0733851	0.523139	
0.0774277	0.571299	
0.110639	0.45373	
0.108142	0.499587	
0.153311	0.432771	
0.1801	0.395506	
0.200935	0.358404	
0.222541	0.322466	
0.244581	0.286238	
0.266667	0.25	
0.291489	0.213884	
0.316612	0.177941	
0.342017	0.142169	
0.367492	0.106453	
0.39322	0.0708855	
0.418858	0.0354535	
0.444444	0	
0	0.75	
0.030547	0.720786	
0.0402532	0.681844	
0.0710635	0.614354	
0.0690681	0.648568	
0.109802	0.543185	
0.100412	0.601178	
0.112987	0.57719	
0.144596	0.478108	
0.143421	0.522384	
0.178478	0.468344	
0.204555	0.438475	
0.224159	0.396106	
0.245212	0.358762	
0.266983	0.322424	
0.288993	0.286208	
0.311111	0.25	
0.335875	0.21388	
0.360975	0.177935	
0.488889	0	
0.386378	0.142168	
0.411865	0.106458	
0.437597	0.0709036	
0.463271	0.0354612	
0	0.791667	
0.0285876	0.778928	
0.0444444	0.75	
0.0680373	0.717538	
0.0878692	0.679503	
0.106682	0.638189	
0.143361	0.56544	
0.133873	0.604818	
0.178097	0.548201	
0.176127	0.504681	
0.210349	0.482225	
0.238107	0.463756	
0.247383	0.430615	
0.268124	0.394602	
0.289508	0.358429	
0.311336	0.322308	
0.333393	0.286165	
0.355556	0.25	
0.38028	0.213868	
0.405363	0.177928	
0.533333	0	
0.507678	0.0354712	
0.430759	0.142173	
0.456243	0.106476	
0.481966	0.0709289	
0	0.833333	
0	0.875	
0.0319713	0.814149	
0.0674037	0.788378	
0.0888889	0.75	
0.110457	0.713728	
0.132329	0.677008	
0.155442	0.638699	
0.176627	0.594288	
0.208757	0.56919	
0.220343	0.529305	
0.24804	0.49496	
0.270774	0.463172	
0.290607	0.429566	
0.311875	0.394132	
0.333682	0.358194	
0.355662	0.322203	
0.377796	0.286122	
0.4	0.25	
0.424699	0.213868	
0.449763	0.177937	
0.577778	0	
0.552085	0.0354789	
0.526355	0.0709479	
0.475146	0.142191	
0.500619	0.106503	
0	0.916667	
0	0.958333	
0.0338892	0.856098	
0.0327561	0.897614	
0.0672359	0.833808	
0.0982021	0.816836	
0.112531	0.785133	
0.133333	0.75	
0.155076	0.713381	
0.176899	0.676268	
0.197994	0.638364	
0.221401	0.604018	
0.246106	0.568029	
0.267693	0.532367	
0.290669	0.498308	
0.312607	0.464259	
0.333998	0.429542	
0.355904	0.393873	
0.377898	0.358069	
0.400013	0.322131	
0.422211	0.286089	
0.444444	0.25	
0.469119	0.213879	
0.494161	0.17796	
0.622222	0	
0.596506	0.0354842	
0.57074	0.070961	
0.544996	0.106529	
0.519529	0.142218	
0.0311006	0.937639	
0.0592678	0.920514	
0.0285307	0.971431	
0	1	
0.0746499	0.882651	
0.105461	0.85162	
0.13297	0.820163	
0.154789	0.785369	
0.177778	0.75	
0.199804	0.71334	
0.221109	0.676656	
0.242965	0.640702	
0.266514	0.604824	
0.289373	0.569241	
0.311625	0.534357	
0.33397	0.499664	
0.356024	0.464693	
0.377966	0.429429	
0.400058	0.393776	
0.422193	0.358009	
0.444402	0.322091	
0.466643	0.28607	
0.488889	0.25	
0.513533	0.213898	
0.538548	0.177989	
0.666667	0	
0.641012	0.0354942	
0.615149	0.0709788	
0.589368	0.106554	
0.563904	0.142246	
0.0944878	0.924113	
0.0668419	0.961489	
0.0444444	1	
0.11908	0.888045	
0.147623	0.854688	
0.173665	0.821006	
0.197755	0.785453	
0.222222	0.75	
0.244405	0.713754	
0.266051	0.677315	
0.288318	0.641329	
0.310943	0.605617	
0.333362	0.570253	
0.35556	0.535225	
0.37788	0.500028	
0.400015	0.464788	
0.422148	0.42936	
0.444332	0.393748	
0.466563	0.357982	
0.488826	0.322072	
0.511086	0.286062	
0.533333	0.25	
0.557937	0.213921	
0.582921	0.178019	
0.711111	0	
0.685364	0.0354904	
0.65951	0.0709717	
0.633733	0.106571	
0.608269	0.142272	
0.138725	0.926045	
0.113296	0.962687	
0.0888889	1	
0.164019	0.890938	
0.190789	0.855933	
0.216437	0.82084	
0.241541	0.785451	
0.266667	0.75	
0.288763	0.713791	
0.310748	0.67766	
0.332955	0.6418	
0.355233	0.606204	
0.377496	0.570828	
0.399755	0.535539	
0.422013	0.500212	
0.444214	0.464847	
0.466442	0.429363	
0.488704	0.393739	
0.510989	0.357968	
0.533273	0.322062	
0.555534	0.286058	
0.577778	0.25	
0.602325	0.213942	
0.627276	0.178044	
0.755556	0	
0.729846	0.0354984	
0.70401	0.070984	
0.678118	0.106582	
0.652628	0.14229	
0.183294	0.92722	
0.158172	0.963267	
0.133333	1	
0.208376	0.891692	
0.234566	0.856289	
0.260255	0.820886	
0.285715	0.785457	
0.311111	0.75	
0.333173	0.71386	
0.355237	0.677871	
0.377356	0.642098	
0.39952	0.606532	
0.42173	0.571102	
0.443991	0.535717	
0.466274	0.500307	
0.48853	0.46488	
0.510819	0.429365	
0.533128	0.393728	
0.555443	0.357964	
0.57773	0.322061	
0.59998	0.286053	
0.622222	0.25	
0.646694	0.213956	
0.671617	0.178058	
0.8	0	
0.774244	0.0355007	
0.748446	0.0709878	
0.722529	0.106592	
0.696991	0.142301	
0.2278	0.927715	
0.202687	0.963664	
0.177778	1	
0.25325	0.892026	
0.278835	0.85642	
0.304503	0.820905	
0.330052	0.785455	
0.355556	0.75	
0.377613	0.713916	
0.399656	0.677985	
0.421723	0.642244	
0.443851	0.606672	
0.46605	0.571211	
0.488313	0.535792	
0.510617	0.500347	
0.532909	0.464887	
0.555226	0.429347	
0.577551	0.3937	
0.599868	0.357931	
0.622163	0.322047	
0.644417	0.286048	
0.666667	0.25	
0.691044	0.213958	
0.715955	0.17806	
0.844444	0	
0.818662	0.0355053	
0.792769	0.0710169	
0.76693	0.106601	
0.741361	0.142305	
0.272252	0.927899	
0.247105	0.963837	
0.222222	1	
0.297668	0.892145	
0.323145	0.856452	
0.348836	0.820888	
0.374444	0.785451	
0.4	0.75	
0.422041	0.713948	
0.444059	0.678037	
0.466105	0.642302	
0.488214	0.606714	
0.51041	0.571241	
0.532691	0.535818	
0.555004	0.500356	
0.57731	0.464876	
0.59963	0.429323	
0.621953	0.393667	
0.644273	0.357902	
0.666574	0.322024	
0.68885	0.286048	
0.711111	0.25	
0.735377	0.213946	
0.760289	0.178049	
0.888889	0	
0.863083	0.0355073	
0.837199	0.0710158	
0.81134	0.106611	
0.785762	0.142309	
0.316612	0.927941	
0.291489	0.963884	
0.266667	1	
0.342017	0.892169	
0.367492	0.856453	
0.39322	0.820886	
0.418858	0.785454	
0.444444	0.75	
0.466472	0.713967	
0.488478	0.67806	
0.51052	0.642327	
0.532571	0.606656	
0.554823	0.571253	
0.577098	0.53582	
0.599413	0.500355	
0.621718	0.46487	
0.644034	0.429316	
0.666357	0.393665	
0.688682	0.357903	
0.710998	0.322033	
0.733289	0.286059	
0.755556	0.25	
0.779522	0.213883	
0.804728	0.178052	
0.933333	0	
0.907523	0.0355105	
0.881637	0.0710211	
0.855778	0.106617	
0.830197	0.142315	
0.360975	0.927935	
0.335875	0.96388	
0.311111	1	
0.386378	0.892168	
0.411865	0.856458	
0.437597	0.820904	
0.463271	0.785461	
0.488889	0.75	
0.510914	0.713982	
0.532923	0.678081	
0.554966	0.642341	
0.577078	0.606759	
0.599224	0.571233	
0.621526	0.535817	
0.64383	0.50036	
0.666137	0.464882	
0.688456	0.42934	
0.710786	0.3937	
0.977778	0	
0.733117	0.357942	
0.755436	0.322064	
0.77773	0.286076	
0.8	0.25	
0.824266	0.213947	
0.849175	0.178054	
0.952071	0.0355222	
0.926108	0.0710237	
0.900238	0.106627	
0.874645	0.142321	
0.405363	0.927928	
0.38028	0.963868	
0.355556	1	
0.430759	0.892173	
0.456243	0.856476	
0.481966	0.820929	
0.507678	0.785471	
0.533333	0.75	
0.555365	0.713993	
0.577386	0.678104	
0.599433	0.642363	
0.621541	0.606769	
0.643694	0.571241	
0.665943	0.535827	
1.02222	0	
0.68826	0.500375	
0.710571	0.464909	
0.7329	0.42938	
0.755235	0.393748	
0.996727	0.0355507	
0.777566	0.35799	
0.79988	0.322099	
0.822171	0.286092	
0.844444	0.25	
0.868417	0.213878	
0.893616	0.178059	
0.970704	0.071035	
0.944742	0.106645	
0.919106	0.142333	
0.449763	0.927937	
0.424699	0.963868	
0.4	1	
0.475146	0.892191	
0.500619	0.856503	
0.526355	0.820948	
0.552085	0.785479	
0.577778	0.75	
0.599818	0.713999	
0.621846	0.678112	
0.643896	0.642376	
0.665995	0.606771	
0.688162	0.571281	
0.710399	0.53584	
1.06667	0	
1.04109	0.035549	
0.732696	0.500393	
0.755013	0.464933	
0.777346	0.429413	
0.799681	0.393785	
1.01536	0.0710759	
0.822008	0.358025	
0.844318	0.322125	
0.86661	0.286104	
0.888889	0.25	
0.913121	0.213946	
0.938041	0.178068	
0.989286	0.106674	
0.963588	0.142353	
0.494161	0.92796	
0.469119	0.963879	
0.444444	1	
0.519529	0.892218	
0.544996	0.856529	
0.57074	0.820961	
0.596506	0.785484	
0.622222	0.75	
0.644268	0.713997	
0.666294	0.678103	
0.688339	0.642361	
0.71043	0.606761	
0.732559	0.571239	
0.754809	0.535855	
1.11111	0	
1.08568	0.0355605	
1.0599	0.0711071	
0.777128	0.500397	
0.799448	0.464943	
0.82178	0.429427	
0.84411	0.393802	
1.03382	0.106706	
0.866435	0.35804	
0.888749	0.322134	
0.911048	0.286106	
0.933333	0.25	
0.957116	0.213859	
0.982485	0.178089	
1.0081	0.142385	
0.538548	0.927989	
0.513533	0.963898	
0.488889	1	
0.563904	0.892246	
0.589368	0.856554	
0.615149	0.820979	
0.641012	0.785494	
0.666667	0.75	
0.688712	0.713991	
0.710731	0.678088	
0.732766	0.64234	
0.754852	0.606746	
0.777015	0.571265	
1.15556	0	
0.799255	0.535826	
1.1304	0.0355558	
1.10429	0.0711205	
1.0783	0.106727	
0.821554	0.500385	
0.843873	0.464941	
0.866201	0.42943	
0.888529	0.393806	
1.05258	0.142412	
0.910857	0.35804	
0.933182	0.322128	
0.955489	0.286098	
0.977778	0.25	
1.0018	0.21394	
1.02703	0.178136	
0.582921	0.928019	
0.557937	0.963921	
0.533333	1	
0.608269	0.892272	
0.633733	0.856571	
0.65951	0.820972	
0.685364	0.78549	
0.711111	0.75	
0.733154	0.713988	
0.755165	0.67808	
0.777181	0.642312	
0.79927	0.60672	
0.821385	0.571173	
1.2	0	
1.17452	0.0355464	
0.843649	0.535792	
1.14871	0.0711196	
1.12273	0.106737	
1.09701	0.142426	
0.865978	0.500378	
0.888296	0.464942	
0.91062	0.429434	
0.932948	0.393802	
1.07144	0.178152	
0.955283	0.358025	
0.977617	0.322106	
0.999932	0.286082	
1.02222	0.25	
1.04649	0.214007	
0.627276	0.928044	
0.602325	0.963942	
0.577778	1	
0.652628	0.89229	
0.678118	0.856582	
0.70401	0.820984	
0.729846	0.785498	
1.24444	0	
0.755556	0.75	
0.777598	0.713989	
0.799611	0.678086	
0.821623	0.642317	
0.843687	0.606686	
0.865857	0.571205	
1.2191	0.0355292	
1.1932	0.0710958	
0.888103	0.535791	
1.16718	0.106731	
1.14143	0.142429	
1.11584	0.178157	
0.910411	0.500387	
0.932727	0.464954	
0.955045	0.429436	
0.977371	0.39379	
1.09054	0.213956	
0.999714	0.357999	
1.02206	0.322077	
1.04438	0.286062	
1.06667	0.25	
0.671617	0.928058	
0.646694	0.963956	
0.622222	1	
0.696991	0.892301	
0.722529	0.856592	
0.748446	0.820988	
0.774244	0.785501	
1.28889	0	
1.26347	0.0355332	
0.8	0.75	
0.822043	0.71399	
0.84406	0.678093	
0.866087	0.642342	
0.888146	0.606707	
0.910231	0.571119	
1.23767	0.0710855	
1.21164	0.106728	
0.932514	0.535808	
1.18586	0.142427	
1.16021	0.178148	
1.13526	0.214004	
0.954855	0.500412	
0.977169	0.464966	
0.999478	0.429428	
1.0218	0.393759	
1.11111	0.25	
1.04414	0.357954	
1.0665	0.322035	
1.08882	0.286038	
0.715955	0.92806	
0.691044	0.963958	
0.666667	1	
0.741361	0.892305	
0.76693	0.856601	
0.792769	0.821017	
0.818662	0.785505	
1.33333	0	
1.30781	0.035546	
1.28198	0.0711143	
0.844444	0.75	
0.866489	0.713992	
0.888507	0.678097	
0.910542	0.642355	
0.932633	0.606756	
0.954797	0.571283	
1.25606	0.106735	
1.23032	0.142434	
0.976997	0.535875	
1.20463	0.178145	
1.17904	0.213893	
1.15556	0.25	
0.999321	0.50044	
1.02162	0.464963	
1.04391	0.4294	
1.06623	0.393713	
1.13327	0.286042	
1.08856	0.357901	
1.11092	0.321995	
0.760289	0.928049	
0.735377	0.963946	
0.711111	1	
0.785762	0.892309	
0.81134	0.856611	
0.837199	0.821016	
0.863083	0.785507	
1.37778	0	
1.35214	0.0355718	
1.32631	0.0711433	
1.30043	0.106758	
0.888889	0.75	
0.910935	0.713997	
0.93296	0.678109	
0.955005	0.642376	
0.977115	0.606799	
0.999292	0.571339	
1.27475	0.142446	
1.24919	0.17817	
1.02151	0.53594	
1.22389	0.213963	
1.2	0.25	
1.17767	0.286017	
1.04379	0.500445	
1.06607	0.464943	
1.08836	0.429365	
1.11065	0.393673	
1.15532	0.32198	
1.13297	0.35787	
0.804728	0.928052	
0.779522	0.963883	
0.755556	1	
0.830197	0.892315	
1.42222	0	
0.855778	0.856617	
0.881637	0.821021	
0.907523	0.785511	
1.39657	0.035603	
1.37065	0.0711796	
1.34479	0.106787	
1.31913	0.142462	
0.933333	0.75	
0.955381	0.714003	
0.977417	0.678122	
0.999475	0.642396	
1.02159	0.606821	
1.04377	0.571354	
1.29354	0.178169	
1.2686	0.214014	
1.06597	0.535923	
1.24444	0.25	
1.2221	0.286036	
1.19974	0.322003	
1.08825	0.500426	
1.11053	0.464921	
1.13281	0.429347	
1.1551	0.393669	
1.17741	0.357885	
1.46667	0	
1.51111	0	
1.55556	0	
0.849175	0.928054	
0.824266	0.963947	
0.8	1	
0.874645	0.892321	
1.44089	0.0356304	
0.900238	0.856627	
0.926108	0.821024	
0.952071	0.785522	
1.41507	0.0712194	
1.38916	0.10682	
1.36354	0.142488	
1.33793	0.178179	
0.977778	0.75	
0.999825	0.714005	
1.02187	0.678123	
1.04393	0.642396	
1.06605	0.606817	
1.08823	0.571338	
1.31241	0.213917	
1.28889	0.25	
1.11044	0.535884	
1.26656	0.28607	
1.24421	0.322057	
1.22187	0.357938	
1.13271	0.500407	
1.15499	0.464915	
1.17727	0.429359	
1.19956	0.393705	
1.48529	0.0356545	
1.52972	0.0356697	
1.6	0	
1.57416	0.0356715	
1.64444	0	
0.893616	0.928059	
0.868417	0.963878	
0.844444	1	
0.919106	0.892333	
1.45939	0.0712536	
0.944742	0.856645	
0.970704	0.821035	
0.996727	0.785551	
1.43353	0.106854	
1.40793	0.142514	
1.38245	0.178215	
1.35723	0.213987	
1.02222	0.75	
1.04427	0.714001	
1.06631	0.678113	
1.08837	0.642379	
1.11049	0.606787	
1.13267	0.571305	
1.33333	0.25	
1.31103	0.286097	
1.1549	0.535859	
1.2887	0.322108	
1.26637	0.358	
1.24405	0.393759	
1.17718	0.500401	
1.19946	0.464928	
1.22175	0.429393	
1.5038	0.0712825	
1.54824	0.0712948	
1.61862	0.0356622	
1.59269	0.0712912	
1.68889	0	
1.66308	0.0356507	
1.73333	0	
0.938041	0.928068	
0.913121	0.963946	
0.888889	1	
0.963588	0.892353	
1.47792	0.106882	
0.989286	0.856674	
1.01536	0.821076	
1.04109	0.785549	
1.45231	0.142532	
1.42681	0.178221	
1.40194	0.214041	
1.37778	0.25	
1.06667	0.75	
1.08871	0.713994	
1.11075	0.678101	
1.13281	0.642362	
1.15493	0.606768	
1.17709	0.571241	
1.3555	0.28611	
1.3332	0.322139	
1.19936	0.535853	
1.31087	0.358044	
1.28855	0.393806	
1.26624	0.429432	
1.22165	0.500412	
1.24394	0.464952	
1.52236	0.106902	
1.56682	0.106911	
1.63715	0.0712789	
1.6113	0.10691	
1.70755	0.0356569	
1.68167	0.071279	
1.77778	0	
1.75202	0.035734	
1.82222	0	
0.982485	0.928089	
0.957116	0.963859	
0.933333	1	
1.0081	0.892385	
1.49671	0.142546	
1.03382	0.856706	
1.0599	0.821107	
1.08568	0.78556	
1.47119	0.178226	
1.4459	0.213958	
1.42222	0.25	
1.39997	0.286112	
1.11111	0.75	
1.13316	0.713989	
1.15519	0.67809	
1.17725	0.642348	
1.19938	0.606756	
1.2216	0.571293	
1.37768	0.322146	
1.35536	0.35806	
1.24385	0.535872	
1.33303	0.39383	
1.31072	0.42946	
1.28842	0.464978	
1.26613	0.50043	
1.54114	0.142555	
1.58564	0.142569	
1.65578	0.106912	
1.63017	0.142593	
1.72612	0.0713612	
1.70026	0.106975	
1.79649	0.0359598	
1.77059	0.0716058	
1.86667	0	
1.84102	0.0363952	
1.91111	0	
1.95556	0	
1.02703	0.928136	
1.0018	0.96394	
0.977778	1	
1.05258	0.892412	
1.51557	0.178222	
1.0783	0.856727	
1.10429	0.821121	
1.1304	0.785556	
1.49069	0.214026	
1.46667	0.25	
1.44442	0.286105	
1.42215	0.322135	
1.15556	0.75	
1.17761	0.713989	
1.19964	0.678088	
1.2217	0.642334	
1.24384	0.606755	
1.26606	0.571295	
1.39983	0.358052	
1.3775	0.393832	
1.28831	0.535882	
1.35518	0.429473	
1.33288	0.464996	
1.31059	0.500449	
1.55998	0.178217	
1.6046	0.178252	
1.67467	0.142641	
1.64921	0.178298	
1.74471	0.107149	
1.7191	0.142755	
1.81513	0.0721575	
1.78911	0.107406	
1.88582	0.0369227	
1.85975	0.0733717	
1.93161	0.0387264	
1.97129	0.0291855	
2	0	
1.07144	0.928152	
1.04649	0.964007	
1.02222	1	
1.09701	0.892426	
1.53449	0.213898	
1.12273	0.856737	
1.14871	0.82112	
1.17452	0.785546	
1.51111	0.25	
1.48887	0.286095	
1.4666	0.322119	
1.44429	0.358036	
1.2	0.75	
1.22206	0.713992	
1.2441	0.678096	
1.26617	0.642349	
1.28832	0.606766	
1.31054	0.571322	
1.42196	0.393824	
1.39963	0.429474	
1.33278	0.535902	
1.37733	0.465006	
1.35505	0.500465	
1.57912	0.213928	
1.62399	0.214008	
1.6937	0.178359	
1.66878	0.214098	
1.76344	0.142994	
1.73809	0.178491	
1.83379	0.108243	
1.80756	0.143498	
1.90335	0.0761548	
1.87936	0.110359	
1.93925	0.0800613	
1.96799	0.0625324	
2	0.0416667	
1.11584	0.928157	
1.09054	0.963956	
1.06667	1	
1.14143	0.892429	
1.55556	0.25	
1.16718	0.856731	
1.1932	0.821096	
1.2191	0.785529	
1.53332	0.286085	
1.51105	0.322105	
1.48875	0.358024	
1.46642	0.393817	
1.24444	0.75	
1.26651	0.713995	
1.28857	0.678105	
1.31066	0.642375	
1.3328	0.606801	
1.35501	0.571341	
1.4441	0.429474	
1.42179	0.465014	
1.37724	0.535925	
1.39951	0.50048	
1.6	0.25	
1.64444	0.25	
1.71316	0.214127	
1.68889	0.25	
1.78226	0.178756	
1.7576	0.214248	
1.85122	0.144538	
1.82573	0.179159	
1.8939	0.146594	
1.92431	0.117488	
1.96578	0.102221	
2	0.0833333	
1.16021	0.928148	
1.13526	0.964004	
1.11111	1	
1.18586	0.892427	
1.57777	0.286071	
1.21164	0.856728	
1.23767	0.821086	
1.26347	0.785533	
1.55552	0.322091	
1.53323	0.358019	
1.51091	0.393823	
1.48859	0.429488	
1.28889	0.75	
1.31097	0.713996	
1.33304	0.678111	
1.35513	0.642386	
1.37728	0.60682	
1.39948	0.571364	
1.46627	0.465031	
1.44399	0.5005	
1.42172	0.535946	
1.62224	0.286043	
1.6667	0.285993	
1.73333	0.25	
1.71115	0.28593	
1.80167	0.214407	
1.77778	0.25	
1.86696	0.179373	
1.84506	0.214574	
1.90162	0.182741	
1.93317	0.165143	
1.96503	0.142484	
2	0.125	
1.20463	0.928145	
1.17904	0.963893	
1.15556	1	
1.23032	0.892434	
1.60001	0.322064	
1.25606	0.856735	
1.28198	0.821114	
1.30781	0.785546	
1.57776	0.358016	
1.55546	0.393851	
1.53313	0.429535	
1.51079	0.465079	
1.33333	0.75	
1.35542	0.713993	
1.3775	0.678108	
1.3996	0.642388	
1.42175	0.606829	
1.44394	0.571378	
1.48848	0.500539	
1.46619	0.53597	
1.64453	0.322008	
1.68903	0.321908	
1.75559	0.285901	
1.73341	0.321766	
1.82222	0.25	
1.79998	0.285851	
1.86667	0.25	
1.88734	0.214651	
1.93268	0.211265	
1.96835	0.185621	
2	0.166667	
1.24919	0.92817	
1.22389	0.963963	
1.2	1	
1.27475	0.892446	
1.62235	0.358006	
1.30043	0.856758	
1.32631	0.821143	
1.35214	0.785572	
1.6001	0.393908	
1.57775	0.429641	
1.55535	0.465192	
1.533	0.500627	
1.37778	0.75	
1.39987	0.713986	
1.42196	0.678098	
1.44406	0.642382	
1.46621	0.606834	
1.48841	0.5714	
1.51068	0.536019	
1.66699	0.357959	
1.71146	0.357775	
1.77776	0.321654	
1.75601	0.357479	
1.84442	0.285923	
1.8221	0.32163	
1.88856	0.284789	
1.91111	0.25	
1.95556	0.25	
1.9714	0.221031	
2	0.208333	
1.29354	0.928169	
1.2686	0.964014	
1.24444	1	
1.31913	0.892462	
1.64488	0.393993	
1.34479	0.856787	
1.37065	0.82118	
1.39657	0.785603	
1.62253	0.429842	
1.60003	0.465431	
1.57757	0.500829	
1.55519	0.536124	
1.42222	0.75	
1.44432	0.713981	
1.46641	0.678093	
1.48853	0.642387	
1.51069	0.606857	
1.5329	0.571443	
1.68979	0.394049	
1.73463	0.393653	
1.779	0.39261	
1.79983	0.357425	
1.86652	0.321638	
1.84389	0.357345	
1.91019	0.317703	
1.93243	0.283468	
1.96974	0.279657	
2	0.25	
1.33793	0.928179	
1.31241	0.963917	
1.28889	1	
1.36354	0.892488	
1.66767	0.430187	
1.38916	0.85682	
1.41507	0.821219	
1.44089	0.78563	
1.64497	0.465892	
1.62221	0.501256	
1.59972	0.536385	
1.57738	0.571473	
1.46667	0.75	
1.48877	0.713978	
1.51087	0.678097	
1.533	0.642408	
1.55517	0.606911	
1.71325	0.430764	
1.75827	0.42925	
1.80267	0.426178	
1.82106	0.393661	
1.85759	0.39087	
1.88997	0.362429	
1.93047	0.350845	
1.96073	0.319363	
2	0.295455	
1.38245	0.928215	
1.35723	0.963987	
1.33333	1	
1.40793	0.892514	
1.69071	0.466591	
1.43353	0.856854	
1.45939	0.821254	
1.48529	0.785655	
1.66677	0.502122	
1.64423	0.536908	
1.62191	0.571822	
1.59966	0.607006	
1.51111	0.75	
1.53322	0.713981	
1.55533	0.678113	
1.57747	0.642455	
1.73846	0.470854	
1.78263	0.462859	
1.8181	0.458787	
1.84746	0.430508	
1.88942	0.409816	
1.92711	0.38861	
1.96363	0.366006	
2	0.340909	
1.42681	0.928221	
1.40194	0.964041	
1.37778	1	
1.45231	0.892532	
1.71001	0.504197	
1.47792	0.856882	
1.5038	0.821282	
1.52972	0.78567	
1.68851	0.537889	
1.66646	0.5722	
1.64415	0.607184	
1.62194	0.64254	
1.55556	0.75	
1.57768	0.713993	
1.59979	0.678151	
1.74444	0.508136	
1.76994	0.494182	
1.80907	0.497718	
1.8512	0.477634	
1.88829	0.454012	
1.9261	0.432464	
1.9633	0.410015	
2	0.386364	
1.47119	0.928226	
1.4459	0.963958	
1.42222	1	
1.49671	0.892546	
1.73219	0.539601	
1.52236	0.856902	
1.54824	0.821295	
1.57416	0.785671	
1.71145	0.572411	
1.68865	0.607347	
1.66637	0.642638	
1.64423	0.678206	
1.6	0.75	
1.62212	0.714017	
1.77513	0.531354	
1.81628	0.537855	
1.85035	0.520894	
1.8881	0.499089	
1.92557	0.477453	
1.96295	0.454812	
2	0.431818	
1.51557	0.928222	
1.49069	0.964026	
1.46667	1	
1.54114	0.892555	
1.75473	0.571303	
1.56682	0.856911	
1.59269	0.821291	
1.61862	0.785662	
1.73283	0.607199	
1.71067	0.642664	
1.6886	0.678251	
1.66655	0.714045	
1.64444	0.75	
1.79976	0.570507	
1.84634	0.568762	
1.88826	0.544737	
1.92583	0.522803	
1.96291	0.500157	
2	0.477273	
1.55998	0.928217	
1.53449	0.963898	
1.51111	1	
1.58564	0.892569	
1.77672	0.606987	
1.6113	0.85691	
1.63715	0.821279	
1.66308	0.785651	
1.75475	0.642575	
1.73285	0.678249	
1.71091	0.714058	
1.68889	0.75	
1.82021	0.606029	
1.85662	0.609238	
1.88923	0.589963	
1.9259	0.568648	
1.9629	0.545653	
2	0.522727	
1.6046	0.928252	
1.57912	0.963928	
1.55556	1	
1.63017	0.892593	
1.79853	0.642336	
1.65578	0.856912	
1.68167	0.821279	
1.70755	0.785657	
1.77689	0.678166	
1.75521	0.71404	
1.73333	0.75	
1.8421	0.642323	
1.88748	0.637709	
1.92702	0.614064	
1.96274	0.591403	
2	0.568182	
1.64921	0.928298	
1.62399	0.964008	
1.6	1	
1.67467	0.892641	
1.82053	0.677993	
1.70026	0.856975	
1.72612	0.821361	
1.75202	0.785734	
1.79944	0.713954	
1.77778	0.75	
1.863	0.677568	
1.89909	0.680048	
1.93181	0.66018	
1.96497	0.636479	
2	0.613636	
1.6937	0.928359	
1.66878	0.964098	
1.64444	1	
1.7191	0.892755	
1.84317	0.713771	
1.74471	0.857149	
1.77059	0.821606	
1.79649	0.78596	
1.82222	0.75	
1.88564	0.713564	
1.93073	0.70999	
1.96634	0.681579	
2	0.659091	
1.73809	0.928491	
1.71316	0.964127	
1.68889	1	
1.76344	0.892994	
1.86667	0.75	
1.78911	0.857406	
1.81513	0.822158	
1.84102	0.786395	
1.91111	0.75	
1.95556	0.75	
1.97053	0.719186	
2	0.704545	
1.78226	0.928756	
1.7576	0.964248	
1.73333	1	
1.80756	0.893498	
1.88582	0.786923	
1.83379	0.858243	
1.85975	0.823372	
1.93161	0.788726	
1.97129	0.779186	
2	0.75	
1.82573	0.929159	
1.80167	0.964407	
1.77778	1	
1.85122	0.894538	
1.90335	0.826155	
1.87936	0.860359	
1.93925	0.830061	
1.96799	0.812532	
2	0.791667	
1.86696	0.929373	
1.84506	0.964574	
1.82222	1	
1.8939	0.896594	
1.92431	0.867488	
1.96578	0.852221	
2	0.833333	
1.90162	0.932741	
1.88734	0.964651	
1.86667	1	
1.93317	0.915143	
1.96503	0.892484	
2	0.875	
1.93268	0.961265	
1.91111	1	
1.96835	0.935621	
2	0.916667	
1.9714	0.971031	
1.95556	1	
2	0.958333	
2	1	
0	0.0208333	
0	0.0625	
0	0.104167	
0	0.145833	
0	0.1875	
0	0.229167	
0.0222222	0	
0.0666667	0	
0.111111	0	
0.155556	0	
0.2	0	
0.244444	0	
0.288889	0	
0.333333	0	
0.377778	0	
0.422222	0	
0.466667	0	
0.511111	0	
0.555556	0	
0.6	0	
0.644444	0	
0.688889	0	
0.733333	0	
0.777778	0	
0.822222	0	
0.866667	0	
0.911111	0	
0.955556	0	
1	0	
1.04444	0	
1.08889	0	
1.13333	0	
1.17778	0	
1.22222	0	
1.26667	0	
1.31111	0	
1.35556	0	
1.4	0	
1.44444	0	
1.48889	0	
1.53333	0	
1.57778	0	
1.62222	0	
1.66667	0	
1.71111	0	
1.75556	0	
1.8	0	
1.84444	0	
1.88889	0	
1.93333	0	
1.97778	0	
0	0.272727	
0	0.318182	
0	0.363636	
0	0.409091	
0	0.454545	
0	0.5	
0	0.545455	
0	0.590909	
0	0.636364	
0	0.681818	
0	0.727273	
0.0222222	0.25	
0.0666667	0.25	
0.111111	0.25	
0.155556	0.25	
0.2	0.25	
0.244444	0.25	
0.288889	0.25	
0.333333	0.25	
0.377778	0.25	
0.422222	0.25	
0.466667	0.25	
0.511111	0.25	
0.555556	0.25	
0.6	0.25	
0.644444	0.25	
0.688889	0.25	
0.733333	0.25	
0.777778	0.25	
0.822222	0.25	
0.866667	0.25	
0.911111	0.25	
0.955556	0.25	
1	0.25	
1.04444	0.25	
1.08889	0.25	
1.13333	0.25	
1.17778	0.25	
1.22222	0.25	
1.26667	0.25	
1.31111	0.25	
1.35556	0.25	
1.4	0.25	
1.44444	0.25	
1.48889	0.25	
1.53333	0.25	
1.57778	0.25	
1.62222	0.25	
1.66667	0.25	
1.71111	0.25	
1.75556	0.25	
1.8	0.25	
1.84444	0.25	
1.88889	0.25	
1.93333	0.25	
1.97778	0.25	
0	0.770833	
0	0.8125	
0	0.854167	
0	0.895833	
0	0.9375	
0	0.979167	
0.0222222	0.75	
0.0666667	0.75	
0.111111	0.75	
0.155556	0.75	
0.2	0.75	
0.244444	0.75	
0.288889	0.75	
0.333333	0.75	
0.377778	0.75	
0.422222	0.75	
0.466667	0.75	
0.511111	0.75	
0.555556	0.75	
0.6	0.75	
0.644444	0.75	
0.688889	0.75	
0.733333	0.75	
0.777778	0.75	
0.822222	0.75	
0.866667	0.75	
0.911111	0.75	
0.955556	0.75	
1	0.75	
1.04444	0.75	
1.08889	0.75	
1.13333	0.75	
1.17778	0.75	
1.22222	0.75	
1.26667	0.75	
1.31111	0.75	
1.35556	0.75	
1.4	0.75	
1.44444	0.75	
1.48889	0.75	
1.53333	0.75	
1.57778	0.75	
1.62222	0.75	
1.66667	0.75	
1.71111	0.75	
1.75556	0.75	
1.8	0.75	
1.84444	0.75	
1.88889	0.75	
1.93333	0.75	
1.97778	0.75	
0.0222222	1	
0.0666667	1	
0.111111	1	
0.155556	1	
0.2	1	
0.244444	1	
0.288889	1	
0.333333	1	
0.377778	1	
0.422222	1	
0.466667	1	
0.511111	1	
0.555556	1	
0.6	1	
0.644444	1	
0.688889	1	
0.733333	1	
0.777778	1	
0.822222	1	
0.866667	1	
0.911111	1	
0.955556	1	
1	1	
1.04444	1	
1.08889	1	
1.13333	1	
1.17778	1	
1.22222	1	
1.26667	1	
1.31111	1	
1.35556	1	
1.4	1	
1.44444	1	
1.48889	1	
1.53333	1	
1.57778	1	
1.62222	1	
1.66667	1	
1.71111	1	
1.75556	1	
1.8	1	
1.84444	1	
1.88889	1	
1.93333	1	
1.97778	1	
2	0.0208333	
2	0.0625	
2	0.104167	
2	0.145833	
2	0.1875	
2	0.229167	
2	0.272727	
2	0.318182	
2	0.363636	
2	0.409091	
2	0.454545	
2	0.5	
2	0.545455	
2	0.590909	
2	0.636364	
2	0.681818	
2	0.727273	
2	0.770833	
2	0.8125	
2	0.854167	
2	0.895833	
2	0.9375	
2	0.979167	
0.0142938	0.0352975	
0.0142938	0.0144641	
0.036516	0.0144641	
0.0159857	0.0737413	
0.0159857	0.052908	
0.0302795	0.0465388	
0.0559241	0.0191891	
0.0479957	0.0336533	
0.0496875	0.0512638	
0.0781463	0.0191891	
0.0169446	0.115549	
0.0169446	0.0947158	
0.0329303	0.0851238	
0.016378	0.15714	
0.016378	0.136307	
0.0333226	0.126856	
0.0505625	0.094953	
0.0496036	0.0739784	
0.0673198	0.0610929	
0.082719	0.0753216	
0.0828029	0.0526069	
0.10071	0.0175663	
0.0899676	0.0367554	
0.105367	0.0509841	
0.122932	0.0175663	
0.0155503	0.197986	
0.0155503	0.177153	
0.0319283	0.167627	
0.0142653	0.235715	
0.0142653	0.214882	
0.0298156	0.204535	
0.0451842	0.179077	
0.0460119	0.159064	
0.0542696	0.119375	
0.053703	0.140132	
0.0669589	0.151583	
0.0709429	0.108229	
0.0900556	0.117136	
0.0863486	0.092714	
0.101832	0.084228	
0.122751	0.0526479	
0.115586	0.0684994	
0.119215	0.0858918	
0.144061	0.0176845	
0.13366	0.0352508	
0.14388	0.0527661	
0.166284	0.0176845	
0.0145125	0.288029	
0.0145125	0.265302	
0.0364875	0.235715	
0.0367347	0.265302	
0.0476863	0.21646	
0.0556432	0.230744	
0.0489713	0.199564	
0.0630549	0.191002	
0.0768778	0.172314	
0.0806649	0.192801	
0.0845689	0.153382	
0.112271	0.119833	
0.0968651	0.135348	
0.106784	0.156079	
0.140296	0.0874257	
0.126542	0.103154	
0.133352	0.121366	
0.153318	0.0705846	
0.164227	0.0531875	
0.160644	0.0878471	
0.187766	0.0177266	
0.176272	0.0354111	
0.18571	0.0532295	
0.209988	0.0177266	
0.0166035	0.329494	
0.0166035	0.306767	
0.031116	0.299341	
0.055959	0.269741	
0.0482492	0.285043	
0.0503403	0.303781	
0.0778654	0.230744	
0.0781812	0.269741	
0.0900689	0.212088	
0.101092	0.231344	
0.103892	0.1934	
0.116606	0.175079	
0.12601	0.194366	
0.128903	0.157045	
0.14155	0.139491	
0.151372	0.158491	
0.155821	0.122813	
0.182227	0.0884697	
0.169206	0.105311	
0.177404	0.123436	
0.195051	0.0709228	
0.207096	0.0531464	
0.203613	0.0883865	
0.231882	0.0177253	
0.219648	0.0354519	
0.228989	0.0531451	
0.254104	0.0177253	
0.0174891	0.374717	
0.0174891	0.35199	
0.0340927	0.340575	
0.0514106	0.350968	
0.0505249	0.328472	
0.0676582	0.314174	
0.083958	0.329139	
0.0837734	0.304448	
0.101317	0.268108	
0.0906095	0.287849	
0.106909	0.302814	
0.123315	0.231344	
0.123539	0.268108	
0.135734	0.212977	
0.145753	0.231633	
0.148449	0.194656	
0.161009	0.176632	
0.170733	0.195243	
0.173656	0.159079	
0.186198	0.141315	
0.195835	0.159456	
0.199583	0.123813	
0.225502	0.0885643	
0.212678	0.106111	
0.221471	0.123991	
0.250898	0.0531685	
0.238346	0.070863	
0.247411	0.0885878	
0.276191	0.0177283	
0.263628	0.0354536	
0.272985	0.0531715	
0.298413	0.0177283	
0.0182786	0.420156	
0.0182786	0.397428	
0.0357677	0.385782	
0.0180329	0.465924	
0.0180329	0.443197	
0.0363115	0.431535	
0.0549318	0.396636	
0.0541424	0.373925	
0.0705746	0.361823	
0.0894963	0.350411	
0.0922281	0.373368	
0.105612	0.340684	
0.124944	0.304295	
0.118108	0.320893	
0.123646	0.342165	
0.144781	0.268146	
0.134987	0.286254	
0.146186	0.304333	
0.167975	0.231633	
0.167003	0.268146	
0.18043	0.213466	
0.190232	0.231832	
0.19299	0.195442	
0.205547	0.177467	
0.215244	0.195689	
0.218088	0.159703	
0.230813	0.141859	
0.240525	0.159871	
0.243908	0.124158	
0.269545	0.088653	
0.256701	0.106354	
0.266042	0.124223	
0.295109	0.0531808	
0.282379	0.0708957	
0.291669	0.0886622	
0.320581	0.0177274	
0.307883	0.0354558	
0.317277	0.0531799	
0.342804	0.0177274	
0.0180336	0.511618	
0.0180336	0.48889	
0.0360664	0.477542	
0.0183649	0.557306	
0.0183649	0.534579	
0.0363984	0.523469	
0.0547028	0.443048	
0.0549485	0.420007	
0.0733231	0.40815	
0.0540997	0.489164	
0.054099	0.466198	
0.072736	0.45467	
0.0923188	0.420637	
0.0923021	0.397266	
0.111224	0.385854	
0.127208	0.400176	
0.127134	0.376278	
0.134156	0.359671	
0.146652	0.33988	
0.15014	0.373993	
0.167545	0.304246	
0.157502	0.322287	
0.168012	0.339793	
0.188968	0.268139	
0.178193	0.286284	
0.189509	0.304239	
0.212454	0.231832	
0.21119	0.268139	
0.224896	0.213751	
0.234663	0.231919	
0.237452	0.195776	
0.250026	0.177807	
0.259678	0.195868	
0.262751	0.159963	
0.275459	0.142086	
0.28496	0.160022	
0.288252	0.124282	
0.313824	0.0886786	
0.30099	0.106436	
0.310407	0.124299	
0.339444	0.0531717	
0.326669	0.0708967	
0.33599	0.0886704	
0.365	0.0177257	
0.352248	0.0354532	
0.36164	0.0531699	
0.387222	0.0177257	
0.0183198	0.602576	
0.0183198	0.579849	
0.0366847	0.568973	
0.0180644	0.647214	
0.0180644	0.624487	
0.0363842	0.613427	
0.0550574	0.534785	
0.0547261	0.511824	
0.0727587	0.500479	
0.0570787	0.558865	
0.0570336	0.581408	
0.0754064	0.547219	
0.0913854	0.465775	
0.0919892	0.442625	
0.110968	0.431741	
0.0907636	0.511363	
0.0901372	0.488703	
0.10939	0.476658	
0.132304	0.421262	
0.131975	0.44325	
0.148214	0.411685	
0.168631	0.376446	
0.161609	0.393053	
0.166706	0.414138	
0.189898	0.340302	
0.179049	0.357895	
0.190518	0.376955	
0.211349	0.304372	
0.200701	0.322333	
0.211738	0.340435	
0.233401	0.268119	
0.222369	0.286258	
0.233561	0.304352	
0.256886	0.231919	
0.255624	0.268119	
0.269297	0.213861	
0.279078	0.231942	
0.281871	0.195891	
0.294432	0.17792	
0.304051	0.195912	
0.30714	0.160043	
0.319842	0.142157	
0.329314	0.160055	
0.332581	0.124311	
0.358164	0.0886705	
0.345319	0.106453	
0.354754	0.124311	
0.383832	0.0531685	
0.371028	0.070887	
0.380356	0.0886691	
0.409429	0.0177268	
0.396651	0.0354525	
0.406039	0.0531695	
0.431651	0.0177268	
0.0152735	0.735393	
0.0152735	0.712665	
0.0201266	0.670467	
0.0201266	0.693195	
0.0354001	0.701315	
0.0381911	0.658591	
0.0535962	0.624846	
0.0538515	0.602935	
0.0742456	0.592827	
0.0546607	0.665206	
0.0525985	0.641953	
0.0700658	0.631461	
0.0936149	0.557242	
0.0915936	0.533162	
0.108972	0.521386	
0.0857379	0.607766	
0.08892	0.586239	
0.0952074	0.574245	
0.111395	0.560187	
0.1067	0.589184	
0.126369	0.488847	
0.127617	0.465919	
0.148954	0.455439	
0.126611	0.532785	
0.125781	0.510986	
0.144008	0.500246	
0.161537	0.473226	
0.165894	0.450557	
0.178933	0.435623	
0.191517	0.453409	
0.192328	0.41699	
0.212547	0.377255	
0.20213	0.395806	
0.214357	0.41729	
0.233876	0.340614	
0.223074	0.358583	
0.234686	0.377434	
0.255782	0.304331	
0.244762	0.322445	
0.256097	0.340593	
0.27783	0.268104	
0.266787	0.286223	
0.277988	0.304316	
0.3013	0.231942	
0.300052	0.268104	
0.313682	0.213882	
0.323493	0.23194	
0.326244	0.19591	
0.338794	0.177938	
0.348425	0.195907	
0.351496	0.160052	
0.364197	0.142169	
0.373677	0.160051	
0.376935	0.12431	
0.402543	0.0886716	
0.389679	0.106455	
0.399122	0.124313	
0.428228	0.0531786	
0.415409	0.0708946	
0.424731	0.0886806	
0.453858	0.0177306	
0.47608	0.0177306	
0.441065	0.0354574	
0.450434	0.0531824	
0.0142938	0.785297	
0.0142938	0.764464	
0.0374957	0.735393	
0.036516	0.764464	
0.0492922	0.719162	
0.0562409	0.733769	
0.0541453	0.699691	
0.0640612	0.680673	
0.0779533	0.698521	
0.0784686	0.664035	
0.0888725	0.626271	
0.0878748	0.643378	
0.103547	0.619684	
0.0972753	0.658846	
0.126582	0.554313	
0.128174	0.571315	
0.143391	0.543912	
0.117143	0.602998	
0.120277	0.621504	
0.138617	0.585129	
0.12343	0.591004	
0.160759	0.535293	
0.160729	0.55682	
0.159774	0.513533	
0.160362	0.491394	
0.177112	0.526441	
0.177303	0.486512	
0.194414	0.475284	
0.193238	0.493453	
0.207452	0.46035	
0.224228	0.472991	
0.221331	0.451116	
0.225969	0.434545	
0.235771	0.41336	
0.242745	0.447186	
0.256668	0.376682	
0.246141	0.395354	
0.257753	0.412608	
0.278245	0.340427	
0.26736	0.358596	
0.278816	0.376515	
0.300164	0.304258	
0.289159	0.322366	
0.300422	0.340369	
0.322252	0.268082	
0.311193	0.286186	
0.322364	0.304236	
0.345715	0.23194	
0.344474	0.268082	
0.358077	0.213874	
0.367918	0.231934	
0.370628	0.195902	
0.383169	0.177931	
0.392822	0.195898	
0.395871	0.160048	
0.498283	0.0177356	
0.520506	0.0177356	
0.485474	0.0354662	
0.408569	0.142171	
0.418061	0.16005	
0.421312	0.124315	
0.44692	0.0886899	
0.434054	0.106467	
0.443501	0.124325	
0.472619	0.053195	
0.494822	0.0532	
0.459782	0.0709163	
0.469104	0.0887025	
0.0159857	0.823741	
0.0159857	0.802908	
0.0302795	0.796539	
0.0559241	0.769189	
0.0479957	0.783653	
0.0496875	0.801264	
0.0784631	0.733769	
0.0781463	0.769189	
0.0892473	0.715633	
0.0996731	0.731864	
0.0991632	0.696615	
0.110099	0.678255	
0.121393	0.695368	
0.119505	0.657598	
0.131062	0.638444	
0.143886	0.657854	
0.144658	0.621759	
0.15525	0.599553	
0.166035	0.616494	
0.159994	0.579864	
0.177362	0.571245	
0.192692	0.581739	
0.193427	0.558695	
0.19922	0.538753	
0.21455	0.549247	
0.198235	0.516993	
0.215346	0.505765	
0.243073	0.479358	
0.229194	0.488593	
0.234191	0.512132	
0.259078	0.446893	
0.25444	0.463464	
0.259407	0.479066	
0.279366	0.412084	
0.268995	0.43009	
0.280691	0.446369	
0.300691	0.376281	
0.289999	0.394367	
0.301241	0.411849	
0.322509	0.340251	
0.311595	0.358312	
0.322778	0.376163	
0.344528	0.304184	
0.333499	0.322256	
0.344672	0.340198	
0.366676	0.268061	
0.355594	0.286143	
0.366729	0.304162	
0.39014	0.231934	
0.388898	0.268061	
0.40249	0.213868	
0.412349	0.231934	
0.415031	0.195898	
0.427563	0.177932	
0.437231	0.195903	
0.440261	0.160055	
0.542709	0.0177395	
0.564931	0.0177395	
0.529881	0.035475	
0.517016	0.0532095	
0.53922	0.0532134	
0.50416	0.0709384	
0.452953	0.142182	
0.462455	0.160064	
0.465694	0.124334	
0.491293	0.0887157	
0.513487	0.0887253	
0.478431	0.106489	
0.487883	0.124347	
0.0169446	0.865549	
0.0169446	0.844716	
0.0329303	0.835124	
0.016378	0.90714	
0.016378	0.886307	
0.0333226	0.876856	
0.0505625	0.844953	
0.0496036	0.823978	
0.0673198	0.811093	
0.082719	0.825322	
0.0828029	0.802607	
0.10071	0.767566	
0.0899676	0.786755	
0.105367	0.800984	
0.121895	0.731864	
0.122932	0.767566	
0.132767	0.713554	
0.144205	0.73169	
0.143702	0.695194	
0.154614	0.676638	
0.165987	0.694824	
0.166171	0.657484	
0.176718	0.638532	
0.187447	0.657316	
0.187311	0.616326	
0.209698	0.621191	
0.199014	0.599153	
0.215079	0.586604	
0.227432	0.568609	
0.233754	0.586024	
0.233224	0.548667	
0.244018	0.530836	
0.256899	0.550198	
0.257866	0.513663	
0.280721	0.48074	
0.269354	0.496634	
0.279181	0.515337	
0.301607	0.446912	
0.29169	0.463715	
0.301638	0.481283	
0.322937	0.411837	
0.312303	0.429554	
0.323303	0.4469	
0.344793	0.376034	
0.333889	0.394003	
0.344951	0.411707	
0.36678	0.340136	
0.35579	0.358132	
0.366901	0.375971	
0.388904	0.304126	
0.377837	0.322167	
0.388955	0.3401	
0.411106	0.268044	
0.400004	0.286105	
0.411112	0.30411	
0.434572	0.231934	
0.433328	0.268044	
0.446909	0.213874	
0.456782	0.23194	
0.459441	0.195908	
0.471962	0.177948	
0.48164	0.195919	
0.484653	0.160075	
0.587142	0.0177421	
0.609364	0.0177421	
0.574295	0.0354816	
0.561413	0.05322	
0.583623	0.0532226	
0.548547	0.0709545	
0.535675	0.0887382	
0.557868	0.0887448	
0.522808	0.106516	
0.497338	0.142204	
0.506845	0.160089	
0.510074	0.12436	
0.532262	0.124373	
0.0155503	0.947986	
0.0155503	0.927153	
0.0319283	0.917627	
0.0451842	0.929077	
0.0460119	0.909064	
0.0142653	0.964882	
0.0298156	0.954535	
0.0142653	0.985715	
0.0542696	0.869375	
0.053703	0.890132	
0.0669589	0.901583	
0.0709429	0.858229	
0.0900556	0.867136	
0.0863486	0.842714	
0.101832	0.834228	
0.122751	0.802648	
0.115586	0.818499	
0.119215	0.835892	
0.144061	0.767685	
0.13366	0.785251	
0.14388	0.802766	
0.166427	0.73169	
0.166284	0.767685	
0.17744	0.71336	
0.188791	0.73167	
0.188352	0.694804	
0.199004	0.676462	
0.210457	0.694998	
0.209552	0.65751	
0.22048	0.639533	
0.232037	0.658679	
0.232183	0.62236	
0.243958	0.604421	
0.25474	0.622763	
0.25631	0.586427	
0.26774	0.568635	
0.277944	0.587033	
0.278533	0.550804	
0.289659	0.533362	
0.300499	0.551799	
0.301147	0.516332	
0.323289	0.481961	
0.31232	0.498986	
0.322798	0.51701	
0.345011	0.447117	
0.334316	0.464476	
0.344997	0.482179	
0.366935	0.411651	
0.355982	0.429485	
0.366995	0.447061	
0.388978	0.375923	
0.377981	0.393824	
0.389012	0.411602	
0.411103	0.34007	
0.400045	0.358039	
0.411125	0.375892	
0.433307	0.30409	
0.422207	0.322111	
0.433297	0.34005	
0.455544	0.268035	
0.444427	0.286079	
0.455522	0.30408	
0.479004	0.23194	
0.477766	0.268035	
0.491326	0.213889	
0.501211	0.231949	
0.503847	0.195929	
0.516355	0.177974	
0.526041	0.195944	
0.529039	0.160103	
0.631617	0.0177471	
0.653839	0.0177471	
0.618759	0.0354892	
0.605827	0.0532315	
0.628081	0.0532365	
0.592945	0.0709699	
0.580054	0.0887573	
0.602258	0.0887662	
0.567182	0.106541	
0.541717	0.142232	
0.551226	0.160118	
0.55445	0.124387	
0.576636	0.1244	
0.0845689	0.903382	
0.0768778	0.922314	
0.0489713	0.949564	
0.0476863	0.96646	
0.0806649	0.942801	
0.0630549	0.941002	
0.0364875	0.985715	
0.0556432	0.980744	
0.112271	0.869833	
0.0968651	0.885348	
0.106784	0.906079	
0.140296	0.837426	
0.126542	0.853154	
0.133352	0.871366	
0.153318	0.820585	
0.164227	0.803187	
0.160644	0.837847	
0.187766	0.767727	
0.176272	0.785411	
0.18571	0.80323	
0.211013	0.73167	
0.209988	0.767727	
0.222105	0.713547	
0.233313	0.731877	
0.232757	0.695205	
0.24358	0.676986	
0.255228	0.695535	
0.254508	0.659009	
0.265641	0.641016	
0.277185	0.659322	
0.277416	0.623077	
0.288729	0.605221	
0.299631	0.623473	
0.300158	0.587429	
0.311368	0.569747	
0.322153	0.587935	
0.322494	0.552305	
0.333593	0.534791	
0.344461	0.552739	
0.344765	0.517445	
0.366952	0.482361	
0.355925	0.499846	
0.36672	0.517627	
0.388991	0.447108	
0.37802	0.46474	
0.388947	0.482408	
0.411103	0.411568	
0.400057	0.429395	
0.411082	0.447074	
0.433262	0.375878	
0.422195	0.393762	
0.43324	0.411554	
0.455483	0.340036	
0.444378	0.357995	
0.455448	0.375865	
0.477734	0.304071	
0.466614	0.322081	
0.477695	0.340027	
0.499987	0.268031	
0.488864	0.286066	
0.499956	0.304067	
0.523433	0.231949	
0.52221	0.268031	
0.535735	0.21391	
0.545635	0.231961	
0.548243	0.195955	
0.560734	0.178004	
0.570429	0.19597	
0.573412	0.160133	
0.676015	0.0177452	
0.698238	0.0177452	
0.663188	0.0354923	
0.650261	0.0532329	
0.672437	0.053231	
0.63733	0.0709752	
0.624441	0.088775	
0.646622	0.0887715	
0.61155	0.106562	
0.586086	0.142259	
0.595595	0.160146	
0.598818	0.124413	
0.621001	0.124422	
0.128903	0.907045	
0.116606	0.925079	
0.0900689	0.962088	
0.103892	0.9434	
0.12601	0.944366	
0.0778654	0.980744	
0.101092	0.981344	
0.14155	0.889491	
0.151372	0.908491	
0.155821	0.872813	
0.182227	0.83847	
0.169206	0.855311	
0.177404	0.873436	
0.195051	0.820923	
0.207096	0.803146	
0.203613	0.838387	
0.231882	0.767725	
0.219648	0.785452	
0.228989	0.803145	
0.255536	0.731877	
0.254104	0.767725	
0.266584	0.713772	
0.277715	0.731895	
0.277407	0.695553	
0.2884	0.677488	
0.299755	0.695725	
0.299533	0.659495	
0.310636	0.641565	
0.321851	0.65973	
0.321949	0.623708	
0.333088	0.605911	
0.344094	0.624002	
0.344298	0.588229	
0.355429	0.570541	
0.366365	0.588516	
0.366528	0.553027	
0.377657	0.535382	
0.388626	0.553184	
0.388817	0.517784	
0.411014	0.4825	
0.399946	0.50012	
0.410884	0.517876	
0.433181	0.447103	
0.422114	0.464817	
0.433113	0.482529	
0.455387	0.411556	
0.444295	0.429362	
0.455328	0.447105	
0.477634	0.375861	
0.466518	0.393744	
0.477573	0.411551	
0.499908	0.34002	
0.488776	0.357975	
0.499847	0.375854	
0.52218	0.304062	
0.51105	0.322067	
0.522131	0.340015	
0.544434	0.268029	
0.53331	0.28606	
0.544404	0.30406	
0.567857	0.231961	
0.566656	0.268029	
0.580131	0.213932	
0.590052	0.231971	
0.592623	0.195981	
0.605098	0.178032	
0.614801	0.195993	
0.617772	0.160158	
0.720478	0.0177492	
0.742701	0.0177492	
0.707605	0.0354944	
0.694687	0.0532372	
0.716928	0.0532412	
0.68176	0.0709779	
0.668814	0.0887771	
0.691064	0.0887832	
0.655925	0.106577	
0.630448	0.142281	
0.639952	0.160167	
0.64318	0.124431	
0.665373	0.124436	
0.173656	0.909079	
0.161009	0.926632	
0.148449	0.944656	
0.135734	0.962977	
0.170733	0.945243	
0.123315	0.981344	
0.145753	0.981633	
0.186198	0.891315	
0.195835	0.909456	
0.199583	0.873813	
0.225502	0.838564	
0.212678	0.856111	
0.221471	0.873991	
0.250898	0.803169	
0.238346	0.820863	
0.247411	0.838588	
0.276191	0.767728	
0.263628	0.785454	
0.272985	0.803172	
0.299937	0.731895	
0.298413	0.767728	
0.310968	0.713825	
0.322142	0.73193	
0.321961	0.69576	
0.332992	0.677766	
0.344205	0.695866	
0.344096	0.659836	
0.355155	0.641949	
0.366296	0.659985	
0.366294	0.624151	
0.377376	0.606368	
0.388438	0.624315	
0.388508	0.58868	
0.399613	0.570965	
0.410625	0.588817	
0.410742	0.553321	
0.421873	0.535628	
0.43286	0.55341	
0.433002	0.517964	
0.455244	0.482577	
0.444143	0.500259	
0.455132	0.518012	
0.477486	0.447122	
0.466372	0.464864	
0.477402	0.482594	
0.499761	0.411552	
0.48863	0.429364	
0.499674	0.447123	
0.522058	0.375848	
0.510916	0.393734	
0.521973	0.411546	
0.544358	0.340013	
0.533216	0.357966	
0.544285	0.375846	
0.566632	0.304059	
0.555501	0.322061	
0.566586	0.340013	
0.588879	0.268026	
0.577757	0.286055	
0.588855	0.304057	
0.612274	0.231971	
0.611101	0.268026	
0.62451	0.213949	
0.634458	0.231978	
0.636985	0.196	
0.649446	0.178051	
0.659156	0.196007	
0.662122	0.160174	
0.7649	0.0177504	
0.787122	0.0177504	
0.752045	0.0354996	
0.739146	0.0532431	
0.761345	0.0532442	
0.726228	0.0709859	
0.713269	0.0887879	
0.735487	0.0887898	
0.700323	0.106587	
0.674809	0.142296	
0.684304	0.160179	
0.687554	0.124442	
0.70976	0.124446	
0.218088	0.909703	
0.205547	0.927467	
0.19299	0.945442	
0.18043	0.963466	
0.215244	0.945689	
0.167975	0.981633	
0.190232	0.981832	
0.230813	0.891859	
0.240525	0.909871	
0.243908	0.874158	
0.269545	0.838653	
0.256701	0.856354	
0.266042	0.874223	
0.295109	0.803181	
0.282379	0.820896	
0.291669	0.838662	
0.320581	0.767727	
0.307883	0.785456	
0.317277	0.80318	
0.344364	0.73193	
0.342804	0.767727	
0.355393	0.713888	
0.366584	0.731958	
0.366425	0.695894	
0.377446	0.677928	
0.388635	0.695951	
0.388506	0.660042	
0.399539	0.642171	
0.410689	0.660114	
0.410621	0.624388	
0.421685	0.606602	
0.432787	0.624458	
0.43279	0.588887	
0.44389	0.571156	
0.45495	0.588941	
0.45502	0.553464	
0.466152	0.535755	
0.477181	0.553501	
0.477293	0.51805	
0.499573	0.482614	
0.488445	0.500327	
0.499465	0.518069	
0.521864	0.447126	
0.510719	0.464884	
0.521763	0.482617	
0.544177	0.411538	
0.533023	0.429356	
0.544068	0.447117	
0.566497	0.375832	
0.55534	0.393714	
0.566389	0.411524	
0.588799	0.339996	
0.577656	0.357948	
0.58871	0.375816	
0.611071	0.30405	
0.599946	0.322054	
0.611015	0.339989	
0.633319	0.268024	
0.622198	0.28605	
0.63329	0.304047	
0.65668	0.231978	
0.655542	0.268024	
0.668869	0.213957	
0.678855	0.231979	
0.68133	0.196008	
0.693786	0.178059	
0.7035	0.196009	
0.706473	0.16018	
0.809331	0.0177526	
0.831553	0.0177526	
0.796453	0.035503	
0.783506	0.0532588	
0.805715	0.0532611	
0.770607	0.0710024	
0.757688	0.0887944	
0.77985	0.088809	
0.74473	0.106596	
0.719176	0.142303	
0.728658	0.160183	
0.731945	0.124448	
0.754146	0.124453	
0.262751	0.909963	
0.250026	0.927807	
0.237452	0.945776	
0.224896	0.963751	
0.259678	0.945868	
0.212454	0.981832	
0.234663	0.981919	
0.275459	0.892086	
0.28496	0.910022	
0.288252	0.874282	
0.313824	0.838679	
0.30099	0.856436	
0.310407	0.874299	
0.339444	0.803172	
0.326669	0.820897	
0.33599	0.83867	
0.365	0.767726	
0.352248	0.785453	
0.36164	0.80317	
0.388807	0.731958	
0.387222	0.767726	
0.399827	0.713932	
0.411021	0.731974	
0.410848	0.695967	
0.421858	0.678011	
0.43305	0.695993	
0.432891	0.660141	
0.443914	0.642273	
0.455082	0.66017	
0.454978	0.624487	
0.466032	0.606693	
0.477159	0.624508	
0.477132	0.588962	
0.48823	0.571226	
0.499312	0.588977	
0.499361	0.553516	
0.510502	0.535805	
0.52155	0.55353	
0.521654	0.518083	
0.543957	0.482621	
0.53281	0.500351	
0.543848	0.518087	
0.566268	0.447112	
0.555109	0.464881	
0.566157	0.482616	
0.588591	0.411512	
0.577428	0.429335	
0.58847	0.4471	
0.610911	0.375799	
0.599752	0.393684	
0.610791	0.411495	
0.633218	0.339974	
0.622071	0.357917	
0.633113	0.375785	
0.655495	0.304036	
0.644368	0.322035	
0.655424	0.339963	
0.677758	0.268024	
0.666633	0.286048	
0.677712	0.304036	
0.701077	0.231979	
0.69998	0.268024	
0.71321	0.213952	
0.723244	0.231973	
0.725666	0.196003	
0.738122	0.178055	
0.747833	0.195997	
0.750825	0.160177	
0.853764	0.0177536	
0.875986	0.0177536	
0.840872	0.0355063	
0.82793	0.0532605	
0.850141	0.0532616	
0.814984	0.0710164	
0.802055	0.0888138	
0.82427	0.0888132	
0.789135	0.106606	
0.763562	0.142307	
0.773026	0.160179	
0.776346	0.124455	
0.798551	0.12446	
0.30714	0.910043	
0.294432	0.92792	
0.281871	0.945891	
0.269297	0.963861	
0.304051	0.945912	
0.256886	0.981919	
0.279078	0.981942	
0.319842	0.892157	
0.329314	0.910055	
0.332581	0.874311	
0.358164	0.838671	
0.345319	0.856453	
0.354754	0.874311	
0.383832	0.803168	
0.371028	0.820887	
0.380356	0.838669	
0.409429	0.767727	
0.396651	0.785452	
0.406039	0.80317	
0.433243	0.731974	
0.431651	0.767727	
0.444257	0.713958	
0.455458	0.731983	
0.455266	0.696002	
0.466269	0.678049	
0.477475	0.696013	
0.477291	0.660181	
0.488312	0.642315	
0.499499	0.660194	
0.499367	0.62452	
0.510392	0.606685	
0.521546	0.624492	
0.521491	0.588948	
0.532616	0.571247	
0.543697	0.588955	
0.543757	0.553536	
0.554895	0.535819	
0.565961	0.553537	
0.566051	0.518088	
0.588361	0.482615	
0.577208	0.500355	
0.588256	0.518087	
0.610674	0.447096	
0.599514	0.464873	
0.610565	0.482612	
0.632993	0.411492	
0.621832	0.42932	
0.632876	0.447093	
0.655315	0.375784	
0.644155	0.393666	
0.655195	0.411491	
0.677628	0.339964	
0.666478	0.357903	
0.677519	0.375784	
0.699924	0.30404	
0.688786	0.322029	
0.69984	0.339968	
0.7222	0.26803	
0.711069	0.286054	
0.722143	0.304046	
0.745466	0.231973	
0.744422	0.26803	
0.75745	0.213914	
0.767539	0.231941	
0.769905	0.195966	
0.782509	0.178051	
0.792125	0.195967	
0.795245	0.160181	
0.898206	0.0177553	
0.920428	0.0177553	
0.885303	0.0355089	
0.87236	0.0532642	
0.89458	0.0532658	
0.859418	0.0710184	
0.846489	0.0888165	
0.868707	0.0888191	
0.833559	0.106614	
0.80798	0.142312	
0.817463	0.160183	
0.820769	0.124463	
0.842988	0.124466	
0.351496	0.910052	
0.338794	0.927938	
0.326244	0.94591	
0.313682	0.963882	
0.348425	0.945907	
0.3013	0.981942	
0.323493	0.98194	
0.364197	0.892169	
0.373677	0.910051	
0.376935	0.87431	
0.402543	0.838672	
0.389679	0.856455	
0.399122	0.874313	
0.428228	0.803179	
0.415409	0.820895	
0.424731	0.838681	
0.453858	0.767731	
0.441065	0.785457	
0.450434	0.803182	
0.477681	0.731983	
0.47608	0.767731	
0.488693	0.713974	
0.499902	0.731991	
0.499696	0.696021	
0.510701	0.67807	
0.521919	0.696031	
0.521721	0.660204	
0.532743	0.642334	
0.543945	0.660211	
0.543769	0.624498	
0.554825	0.606707	
0.566022	0.62455	
0.56595	0.589006	
0.577023	0.571243	
0.588151	0.588996	
0.588161	0.553527	
0.599312	0.535819	
0.610375	0.553525	
0.610469	0.518086	
0.632774	0.482615	
0.621621	0.500357	
0.632678	0.518089	
0.655086	0.447099	
0.643928	0.464876	
0.654984	0.482621	
0.677406	0.411503	
0.666245	0.429328	
0.677297	0.447111	
0.699734	0.375802	
0.688571	0.393682	
0.699621	0.41152	
0.722057	0.339987	
0.710899	0.357922	
0.721951	0.375821	
0.744362	0.304061	
0.733217	0.322048	
0.744276	0.340003	
0.766643	0.268038	
0.755509	0.286068	
0.766583	0.30407	
0.789761	0.231941	
0.788865	0.268038	
0.801894	0.213915	
0.812133	0.231974	
0.814497	0.196	
0.826951	0.178053	
0.83672	0.196001	
0.839686	0.160184	
0.942702	0.0177611	
0.964925	0.0177611	
0.929797	0.0355164	
0.916816	0.0532671	
0.93909	0.053273	
0.903872	0.0710224	
0.890937	0.0888242	
0.913173	0.0888255	
0.878008	0.106622	
0.852421	0.142318	
0.86191	0.160188	
0.865212	0.124469	
0.887441	0.124474	
0.395871	0.910048	
0.383169	0.927931	
0.370628	0.945902	
0.358077	0.963874	
0.392822	0.945898	
0.345715	0.98194	
0.367918	0.981934	
0.408569	0.892171	
0.418061	0.91005	
0.421312	0.874315	
0.44692	0.83869	
0.434054	0.856467	
0.443501	0.874325	
0.472619	0.803195	
0.459782	0.820916	
0.469104	0.838703	
0.498283	0.767736	
0.485474	0.785466	
0.494822	0.8032	
0.522124	0.731991	
0.520506	0.767736	
0.53314	0.713987	
0.544349	0.731997	
0.544144	0.696037	
0.555154	0.678092	
0.566375	0.696049	
0.566176	0.660222	
0.5772	0.642352	
0.588409	0.660233	
0.588256	0.624561	
0.59931	0.606764	
0.610487	0.624566	
0.610383	0.589001	
0.621459	0.571237	
0.632618	0.589005	
0.63261	0.553529	
0.643735	0.535822	
0.654819	0.553534	
0.654886	0.518093	
0.677199	0.482629	
0.666045	0.500367	
0.677102	0.518101	
0.699514	0.447124	
0.688354	0.464895	
0.699416	0.482642	
0.721843	0.41154	
0.710678	0.42936	
0.721736	0.447144	
0.744176	0.375845	
0.73301	0.393724	
0.744067	0.411564	
0.987253	0.0177753	
1.00947	0.0177753	
0.974399	0.0355365	
0.766501	0.340027	
0.755341	0.357966	
0.7664	0.375869	
0.788805	0.304088	
0.777658	0.322081	
0.788723	0.340044	
0.811085	0.268046	
0.79995	0.286084	
0.811025	0.304096	
0.834355	0.231974	
0.833307	0.268046	
0.846342	0.213913	
0.856431	0.231939	
0.858796	0.195966	
0.871395	0.178057	
0.881017	0.195969	
0.884131	0.16019	
0.961388	0.0532786	
0.983716	0.0532928	
0.948406	0.0710293	
0.935425	0.0888343	
0.957723	0.0888399	
0.92249	0.106636	
0.896875	0.142327	
0.906361	0.160196	
0.909672	0.12448	
0.931924	0.124489	
0.440261	0.910055	
0.427563	0.927932	
0.415031	0.945898	
0.40249	0.963868	
0.437231	0.945903	
0.39014	0.981934	
0.412349	0.981934	
0.452953	0.892182	
0.462455	0.910064	
0.465694	0.874334	
0.491293	0.838716	
0.478431	0.856489	
0.487883	0.874347	
0.517016	0.80321	
0.50416	0.820938	
0.513487	0.838725	
0.542709	0.767739	
0.529881	0.785475	
0.53922	0.803213	
0.566571	0.731997	
0.564931	0.767739	
0.577592	0.713996	
0.588798	0.731999	
0.588602	0.696051	
0.599616	0.678108	
0.610832	0.696055	
0.610639	0.660238	
0.621665	0.642369	
0.632871	0.660244	
0.632719	0.624573	
0.643768	0.60677	
0.654946	0.624574	
0.654845	0.589006	
0.665928	0.571261	
0.677079	0.589026	
0.677053	0.553554	
0.688171	0.535834	
0.699281	0.553561	
0.69933	0.518108	
1.03166	0.0177745	
1.05388	0.0177745	
1.01891	0.0355499	
0.721634	0.482651	
0.710478	0.500384	
0.721548	0.518117	
0.743956	0.447157	
0.732792	0.464921	
0.743854	0.482663	
0.766291	0.41158	
0.755123	0.429396	
0.76618	0.447173	
0.788624	0.375888	
0.777458	0.393767	
0.788514	0.411599	
1.00604	0.0533133	
1.02822	0.0533125	
0.99303	0.0710554	
0.810944	0.340062	
0.799787	0.358007	
0.810845	0.375905	
0.833244	0.304109	
0.822099	0.322112	
0.833163	0.340075	
0.855527	0.268052	
0.84439	0.286098	
0.855464	0.304114	
0.878653	0.231939	
0.877749	0.268052	
0.890769	0.213912	
0.901005	0.231973	
0.903369	0.196003	
0.915829	0.178064	
0.925581	0.196007	
0.928573	0.1602	
0.979995	0.0888544	
1.00232	0.0888749	
0.967014	0.106659	
0.941347	0.142343	
0.950814	0.160211	
0.954165	0.124499	
0.976437	0.124514	
0.484653	0.910075	
0.471962	0.927948	
0.459441	0.945908	
0.446909	0.963874	
0.48164	0.945919	
0.434572	0.981934	
0.456782	0.98194	
0.497338	0.892204	
0.506845	0.910089	
0.510074	0.87436	
0.535675	0.838738	
0.522808	0.856516	
0.532262	0.874373	
0.561413	0.80322	
0.548547	0.820954	
0.557868	0.838745	
0.587142	0.767742	
0.574295	0.785482	
0.583623	0.803223	
0.61102	0.731999	
0.609364	0.767742	
0.622043	0.713998	
0.633245	0.731998	
0.633057	0.696054	
0.64407	0.678107	
0.655281	0.69605	
0.655095	0.660239	
0.666118	0.642368	
0.677317	0.660232	
0.677167	0.624566	
0.688212	0.606766	
0.699384	0.624561	
0.699296	0.589021	
0.710361	0.57126	
0.721494	0.589	
0.721479	0.55354	
0.732604	0.535848	
0.743684	0.553547	
0.743752	0.518124	
1.07618	0.0177802	
1.0984	0.0177802	
1.06339	0.0355547	
1.0505	0.053328	
1.07279	0.0533338	
1.03763	0.0710915	
0.766071	0.482665	
0.754912	0.500395	
0.765968	0.518126	
0.788397	0.447178	
0.777231	0.464938	
0.788288	0.48267	
0.810731	0.411606	
0.799563	0.42942	
0.810614	0.447185	
0.833059	0.375914	
0.821896	0.393794	
0.832945	0.411614	
1.02459	0.0888908	
1.04686	0.0889064	
1.01155	0.10669	
0.855376	0.340083	
0.844221	0.358033	
0.855272	0.375921	
0.87768	0.304119	
0.866534	0.32213	
0.877592	0.340087	
0.899969	0.268053	
0.888829	0.286105	
0.899899	0.30412	
0.923227	0.231973	
0.922191	0.268053	
0.935119	0.213903	
0.945225	0.23193	
0.947579	0.195964	
0.960263	0.178078	
0.969801	0.195974	
0.973036	0.160221	
0.985842	0.142369	
0.995291	0.160237	
0.998691	0.124529	
1.02096	0.124545	
0.529039	0.910103	
0.516355	0.927974	
0.503847	0.945929	
0.491326	0.963889	
0.526041	0.945944	
0.479004	0.98194	
0.501211	0.981949	
0.541717	0.892232	
0.551226	0.910118	
0.55445	0.874387	
0.580054	0.838757	
0.567182	0.856541	
0.576636	0.8744	
0.605827	0.803232	
0.592945	0.82097	
0.602258	0.838766	
0.631617	0.767747	
0.618759	0.785489	
0.628081	0.803236	
0.655467	0.731998	
0.653839	0.767747	
0.66649	0.713994	
0.67769	0.731996	
0.677503	0.696047	
0.688513	0.678095	
0.699722	0.696039	
0.699535	0.660225	
0.710552	0.642351	
0.721748	0.660214	
0.721598	0.624551	
0.732641	0.606753	
0.743809	0.624543	
0.743706	0.588993	
0.754787	0.571252	
0.765934	0.589006	
0.765912	0.55356	
0.777032	0.535841	
0.788135	0.553546	
0.788192	0.518112	
1.12076	0.0177779	
1.14298	0.0177779	
1.10804	0.0355581	
1.09499	0.0533405	
1.11734	0.0533382	
1.08209	0.0711138	
1.0691	0.0889173	
1.09129	0.088924	
1.05606	0.106717	
0.810501	0.482664	
0.799341	0.500391	
0.810404	0.518105	
0.832827	0.447184	
0.821661	0.464942	
0.832713	0.482663	
0.855156	0.411616	
0.843991	0.429429	
0.855037	0.447186	
0.877482	0.375923	
0.866319	0.393804	
0.877365	0.411618	
1.0432	0.124559	
1.06544	0.12457	
1.03034	0.142399	
0.899803	0.340087	
0.888646	0.35804	
0.899693	0.375923	
0.922115	0.304117	
0.910966	0.322131	
0.922019	0.340084	
0.944411	0.268049	
0.933269	0.286102	
0.944335	0.304113	
0.967447	0.23193	
0.966633	0.268049	
0.97946	0.2139	
0.989791	0.23197	
0.992144	0.196014	
1.00476	0.178112	
1.01442	0.196038	
1.01756	0.16026	
1.03981	0.160274	
0.573412	0.910133	
0.560734	0.928004	
0.548243	0.945955	
0.535735	0.96391	
0.570429	0.94597	
0.523433	0.981949	
0.545635	0.981961	
0.586086	0.892259	
0.595595	0.910146	
0.598818	0.874413	
0.624441	0.838775	
0.61155	0.856562	
0.621001	0.874422	
0.650261	0.803233	
0.63733	0.820975	
0.646622	0.838771	
0.676015	0.767745	
0.663188	0.785492	
0.672437	0.803231	
0.699912	0.731996	
0.698238	0.767745	
0.710933	0.713989	
0.722133	0.731994	
0.721943	0.696038	
0.732948	0.678084	
0.74416	0.696034	
0.743966	0.66021	
0.754973	0.642326	
0.766173	0.660196	
0.766017	0.624529	
0.777061	0.606733	
0.788226	0.624516	
0.788143	0.588993	
0.7992	0.571219	
0.810328	0.588947	
0.81032	0.5535	
1.16504	0.0177732	
1.18726	0.0177732	
1.15246	0.0355511	
0.821452	0.535809	
0.832517	0.553482	
0.832601	0.518088	
1.13955	0.0533377	
1.16161	0.053333	
1.1265	0.07112	
1.11351	0.0889285	
1.13572	0.0889281	
1.10051	0.106732	
1.08765	0.124577	
1.07479	0.142419	
1.10987	0.124581	
0.854926	0.48266	
0.843766	0.500381	
0.854814	0.518085	
0.877248	0.447186	
0.866084	0.464942	
0.877137	0.48266	
0.899574	0.41162	
0.888411	0.429432	
0.899458	0.447188	
0.921902	0.375921	
0.910738	0.393804	
0.921784	0.411618	
1.06201	0.160282	
1.04923	0.178144	
1.08422	0.160289	
0.944232	0.340077	
0.93307	0.358032	
0.944115	0.375914	
0.966553	0.304102	
0.9554	0.322117	
0.96645	0.340066	
0.988855	0.268041	
0.977711	0.28609	
0.988775	0.304094	
1.01201	0.23197	
1.01108	0.268041	
1.02415	0.213974	
1.03436	0.232004	
1.03676	0.196072	
1.05896	0.19608	
0.617772	0.910158	
0.605098	0.928032	
0.592623	0.945981	
0.580131	0.963932	
0.614801	0.945993	
0.567857	0.981961	
0.590052	0.981971	
0.630448	0.892281	
0.639952	0.910167	
0.64318	0.874431	
0.668814	0.838777	
0.655925	0.856577	
0.665373	0.874436	
0.694687	0.803237	
0.68176	0.820978	
0.691064	0.838783	
0.720478	0.767749	
0.707605	0.785494	
0.716928	0.803241	
0.744355	0.731994	
0.742701	0.767749	
0.755376	0.713988	
0.766577	0.731994	
0.766382	0.696034	
0.777388	0.678083	
0.788604	0.696037	
0.788396	0.660199	
0.799402	0.642315	
0.810617	0.660202	
0.810447	0.624519	
0.821478	0.606703	
0.832655	0.624502	
0.832536	0.58893	
0.843621	0.571189	
0.854772	0.588945	
0.854753	0.553498	
1.20955	0.0177646	
1.23177	0.0177646	
1.19681	0.0355378	
1.18386	0.0533211	
1.20615	0.0533125	
1.17095	0.0711077	
0.865876	0.535792	
0.87698	0.553498	
0.87704	0.518085	
1.15794	0.0889252	
1.18019	0.0889133	
1.14496	0.106734	
1.13208	0.124583	
1.15431	0.12458	
1.11922	0.142428	
1.10642	0.160292	
1.09364	0.178155	
1.12864	0.160293	
0.899353	0.482665	
0.888195	0.500383	
0.899257	0.518089	
0.921673	0.447194	
0.910511	0.464948	
0.921569	0.482671	
0.943996	0.411619	
0.932833	0.429435	
0.943886	0.447195	
0.966327	0.375907	
0.95516	0.393796	
0.966208	0.411613	
1.08099	0.196054	
1.06852	0.213982	
1.10319	0.196057	
0.988666	0.340053	
0.977499	0.358012	
0.988543	0.375894	
1.011	0.304079	
0.999839	0.322091	
1.01089	0.340038	
1.0333	0.268031	
1.02216	0.286072	
1.03322	0.304069	
1.05658	0.232004	
1.0786	0.231978	
1.05552	0.268031	
0.662122	0.910174	
0.649446	0.928051	
0.636985	0.946	
0.62451	0.963949	
0.659156	0.946007	
0.612274	0.981971	
0.634458	0.981978	
0.674809	0.892296	
0.684304	0.910179	
0.687554	0.874442	
0.713269	0.838788	
0.700323	0.856587	
0.70976	0.874446	
0.739146	0.803243	
0.726228	0.820986	
0.735487	0.83879	
0.7649	0.76775	
0.752045	0.7855	
0.761345	0.803244	
1.25395	0.0177666	
1.27618	0.0177666	
1.24128	0.0355312	
0.788799	0.731994	
0.787122	0.76775	
0.79982	0.71399	
0.811022	0.731995	
0.810827	0.696038	
0.821835	0.678089	
0.833051	0.696042	
0.832842	0.660205	
0.843855	0.64233	
0.855074	0.660218	
0.854887	0.624514	
0.865917	0.606696	
0.877117	0.624525	
0.877002	0.588956	
0.888044	0.571162	
0.899189	0.588913	
0.899167	0.553455	
1.22839	0.0533074	
1.25057	0.0533094	
1.21543	0.0710907	
1.20242	0.0889117	
1.22466	0.0889066	
1.18941	0.106729	
0.910308	0.5358	
0.921373	0.553464	
0.921462	0.518098	
1.17652	0.124579	
1.16365	0.142428	
1.19875	0.124578	
1.15082	0.160289	
1.13802	0.178153	
1.17304	0.160288	
1.12555	0.196081	
1.1129	0.21398	
1.14773	0.196076	
0.943791	0.482683	
0.932633	0.5004	
0.943685	0.51811	
0.966107	0.447201	
0.954948	0.46496	
0.966012	0.482689	
0.988425	0.411609	
0.977261	0.429432	
0.988323	0.447197	
1.01076	0.375879	
0.999585	0.393775	
1.01064	0.411593	
1.10083	0.231978	
1.12318	0.232002	
1.0331	0.340015	
1.02193	0.357976	
1.03297	0.375857	
1.05544	0.304048	
1.04428	0.322056	
1.05532	0.339994	
1.07774	0.268019	
1.09997	0.268019	
1.0666	0.28605	
1.07766	0.304036	
0.706473	0.91018	
0.693786	0.928059	
0.68133	0.946008	
0.668869	0.963957	
0.7035	0.946009	
0.65668	0.981978	
0.678855	0.981979	
0.719176	0.892303	
0.728658	0.910183	
0.731945	0.874448	
0.757688	0.838794	
0.74473	0.856596	
0.754146	0.874453	
0.783506	0.803259	
0.770607	0.821002	
0.77985	0.838809	
0.809331	0.767753	
0.796453	0.785503	
0.805715	0.803261	
1.29835	0.017773	
1.32057	0.017773	
1.28564	0.0355396	
1.27272	0.0533237	
1.2949	0.0533301	
1.25983	0.0710999	
0.833244	0.731995	
0.831553	0.767753	
0.844266	0.713991	
0.855467	0.731996	
0.855274	0.696042	
0.866284	0.678095	
0.877498	0.696045	
0.877297	0.66022	
0.888315	0.642349	
0.899525	0.660226	
0.899344	0.624531	
0.91039	0.606731	
0.921588	0.624556	
0.921432	0.588938	
0.932514	0.571201	
0.943715	0.58902	
0.943656	0.553546	
1.24687	0.0889105	
1.26902	0.0889248	
1.23385	0.106732	
1.22098	0.124581	
1.24319	0.124585	
1.20809	0.142431	
0.954755	0.535842	
0.965897	0.553579	
0.965926	0.518144	
1.19525	0.160286	
1.18242	0.178147	
1.21748	0.16029	
1.16963	0.196021	
1.15715	0.213949	
1.19184	0.196019	
1.14541	0.232002	
1.1673	0.231947	
0.988245	0.482703	
0.977088	0.500426	
0.988159	0.518158	
1.01055	0.447195	
0.999393	0.464964	
1.01047	0.482702	
1.03286	0.411579	
1.0217	0.429414	
1.03277	0.447181	
1.05518	0.375833	
1.04401	0.393736	
1.05507	0.411556	
1.12219	0.268021	
1.14441	0.268021	
1.11105	0.28604	
1.07753	0.339968	
1.06635	0.357927	
1.07739	0.375807	
1.09987	0.304017	
1.12209	0.304019	
1.08871	0.322015	
1.09974	0.339948	
0.750825	0.910177	
0.738122	0.928055	
0.725666	0.946003	
0.71321	0.963952	
0.747833	0.945997	
0.701077	0.981979	
0.723244	0.981973	
0.763562	0.892307	
0.773026	0.910179	
0.776346	0.874455	
0.802055	0.838814	
0.789135	0.856606	
0.798551	0.87446	
0.82793	0.803261	
0.814984	0.821016	
0.82427	0.838813	
0.853764	0.767754	
0.840872	0.785506	
0.850141	0.803262	
1.34274	0.0177859	
1.36496	0.0177859	
1.32998	0.0355589	
1.31706	0.0533447	
1.33923	0.0533576	
1.30415	0.0711288	
1.29121	0.0889359	
1.31337	0.0889505	
1.27825	0.106746	
0.877689	0.731996	
0.875986	0.767754	
0.888712	0.713995	
0.899912	0.731999	
0.899721	0.696047	
0.910734	0.678103	
0.921948	0.696053	
0.921751	0.660232	
0.932773	0.642366	
0.943983	0.660243	
0.943819	0.624566	
0.954874	0.606778	
0.96606	0.624588	
0.965956	0.589041	
0.977045	0.571311	
0.988204	0.589069	
0.988145	0.553607	
1.2654	0.124591	
1.25253	0.14244	
1.28759	0.124602	
1.23975	0.160302	
1.22691	0.178158	
1.26197	0.160308	
0.999252	0.535907	
1.0104	0.553639	
1.01041	0.51819	
1.21426	0.196054	
1.20147	0.213928	
1.23654	0.196066	
1.18952	0.231947	
1.21195	0.231981	
1.16661	0.268008	
1.18883	0.268008	
1.15547	0.286029	
1.0327	0.482704	
1.02155	0.500443	
1.03265	0.518192	
1.05499	0.447171	
1.04384	0.464953	
1.05493	0.482694	
1.07729	0.411539	
1.06614	0.429382	
1.07721	0.447154	
1.09961	0.375787	
1.08844	0.393693	
1.09951	0.411519	
1.1443	0.304011	
1.16649	0.303998	
1.13312	0.321987	
1.12195	0.339932	
1.14415	0.339925	
1.11077	0.357885	
1.12181	0.375771	
0.795245	0.910181	
0.782509	0.928051	
0.769905	0.945966	
0.75745	0.963914	
0.792125	0.945967	
0.745466	0.981973	
0.767539	0.981941	
0.80798	0.892312	
0.817463	0.910183	
0.820769	0.874463	
0.846489	0.838816	
0.833559	0.856614	
0.842988	0.874466	
0.87236	0.803264	
0.859418	0.821018	
0.868707	0.838819	
0.898206	0.767755	
0.885303	0.785509	
0.89458	0.803266	
1.38717	0.0178015	
1.4094	0.0178015	
1.37436	0.0355874	
1.3614	0.0533757	
1.38361	0.0533913	
1.34848	0.0711615	
1.33555	0.0889654	
1.35772	0.0889836	
1.32261	0.106773	
1.30978	0.12461	
1.33196	0.124625	
1.29694	0.142454	
0.922134	0.731999	
0.920428	0.767755	
0.933158	0.714	
0.944357	0.732002	
0.944171	0.696056	
0.955188	0.678115	
0.966399	0.696062	
0.966211	0.660249	
0.97724	0.642386	
0.988446	0.660259	
0.988295	0.624598	
0.999353	0.60681	
1.01053	0.624608	
1.01044	0.58908	
1.02153	0.571347	
1.03268	0.589087	
1.03264	0.553647	
1.28414	0.160307	
1.27136	0.178169	
1.30633	0.160315	
1.25889	0.196092	
1.24625	0.213988	
1.28107	0.196091	
1.04374	0.535931	
1.05487	0.553639	
1.05488	0.518184	
1.23417	0.231981	
1.25652	0.232007	
1.21105	0.268018	
1.23327	0.268018	
1.19988	0.286026	
1.18871	0.30401	
1.21092	0.304019	
1.17753	0.321991	
1.07716	0.482685	
1.06602	0.500436	
1.07711	0.518175	
1.09944	0.447143	
1.0883	0.464932	
1.09939	0.482674	
1.12173	0.41151	
1.11058	0.429356	
1.12167	0.447134	
1.14403	0.37577	
1.13287	0.393671	
1.14395	0.411508	
1.16636	0.339932	
1.18857	0.339944	
1.15519	0.357877	
1.16625	0.375777	
0.839686	0.910184	
0.826951	0.928053	
0.814497	0.946	
0.801894	0.963915	
0.83672	0.946001	
0.789761	0.981941	
0.812133	0.981974	
0.852421	0.892318	
0.86191	0.910188	
0.865212	0.874469	
1.43156	0.0178152	
1.45378	0.0178152	
1.41873	0.0356167	
0.890937	0.838824	
0.878008	0.856622	
0.887441	0.874474	
0.916816	0.803267	
0.903872	0.821022	
0.913173	0.838825	
0.942702	0.767761	
0.929797	0.785516	
0.93909	0.803273	
1.40582	0.0534112	
1.42798	0.0534249	
1.39286	0.0711995	
1.37991	0.0889996	
1.40212	0.0890196	
1.36698	0.106804	
1.35416	0.124638	
1.34133	0.142475	
1.37635	0.124654	
1.32853	0.160321	
1.31573	0.178174	
1.35073	0.160334	
0.96658	0.732002	
0.964925	0.767761	
0.977603	0.714004	
0.988801	0.732002	
0.988621	0.696063	
0.999641	0.678122	
1.01085	0.696064	
1.01067	0.660259	
1.0217	0.642396	
1.0329	0.660259	
1.03276	0.624608	
1.04382	0.606819	
1.05499	0.624606	
1.05491	0.589086	
1.066	0.571346	
1.07714	0.589077	
1.0771	0.553631	
1.30297	0.196043	
1.2905	0.213965	
1.32517	0.196048	
1.27875	0.232007	
1.30065	0.231958	
1.08821	0.535904	
1.09933	0.553611	
1.09935	0.518155	
1.2555	0.268035	
1.27772	0.268035	
1.24433	0.286053	
1.23315	0.304046	
1.25538	0.304063	
1.22198	0.32203	
1.21081	0.33997	
1.23304	0.339997	
1.19964	0.357911	
1.12162	0.482664	
1.11048	0.500416	
1.12158	0.518146	
1.1439	0.447131	
1.13276	0.464918	
1.14385	0.482661	
1.16618	0.411514	
1.15504	0.429353	
1.16613	0.447137	
1.18848	0.375795	
1.21072	0.375821	
1.17733	0.393687	
1.18842	0.411532	
1.47598	0.0178273	
1.4982	0.0178273	
1.46309	0.0356425	
1.52041	0.0178348	
1.54264	0.0178348	
1.5075	0.0356621	
1.56486	0.0178357	
1.58708	0.0178357	
1.55194	0.0356706	
0.884131	0.91019	
0.871395	0.928057	
0.858796	0.945966	
0.846342	0.963913	
0.881017	0.945969	
0.834355	0.981974	
0.856431	0.981939	
0.896875	0.892327	
0.906361	0.910196	
0.909672	0.87448	
1.45014	0.053442	
1.47234	0.0534541	
1.43723	0.0712365	
0.935425	0.838834	
0.92249	0.856636	
0.931924	0.874489	
0.961388	0.803279	
0.948406	0.821029	
0.957723	0.83884	
0.987253	0.767775	
0.974399	0.785536	
0.983716	0.803293	
1.4243	0.0890365	
1.44646	0.0890536	
1.41135	0.106837	
1.39855	0.124667	
1.42073	0.124684	
1.38573	0.142501	
1.37299	0.160352	
1.36019	0.178197	
1.39519	0.160365	
1.34758	0.196083	
1.33482	0.213952	
1.36984	0.196101	
1.01102	0.732002	
1.00947	0.767775	
1.02205	0.714003	
1.03325	0.732	
1.03307	0.696062	
1.04409	0.678118	
1.05529	0.696057	
1.05512	0.660255	
1.06615	0.642388	
1.07734	0.660246	
1.07721	0.624598	
1.08827	0.606802	
1.09943	0.624583	
1.09936	0.589062	
1.11045	0.571321	
1.12158	0.589046	
1.12156	0.553595	
1.32287	0.231958	
1.34528	0.231994	
1.29996	0.268049	
1.32218	0.268049	
1.28879	0.286084	
1.13267	0.535872	
1.14379	0.553582	
1.14381	0.518133	
1.27763	0.304089	
1.29987	0.304103	
1.26646	0.322082	
1.25529	0.340028	
1.27754	0.340054	
1.24412	0.357969	
1.23296	0.375848	
1.25521	0.375879	
1.22181	0.393732	
1.16608	0.482658	
1.15495	0.500404	
1.16604	0.51813	
1.18837	0.447143	
1.17723	0.464921	
1.18832	0.482664	
1.21066	0.411549	
1.2329	0.411576	
1.19951	0.429376	
1.21061	0.44716	
1.49454	0.0534685	
1.51676	0.0534761	
1.48159	0.0712681	
1.53898	0.0534822	
1.5612	0.0534831	
1.52602	0.0712886	
1.60931	0.0178311	
1.63153	0.0178311	
1.59639	0.0356668	
1.58343	0.0534813	
1.60566	0.0534767	
1.57046	0.071293	
1.65376	0.0178253	
1.67598	0.0178253	
1.64085	0.0356564	
0.928573	0.9102	
0.915829	0.928064	
0.903369	0.946003	
0.890769	0.963912	
0.925581	0.946007	
0.878653	0.981939	
0.901005	0.981973	
0.941347	0.892343	
0.950814	0.910211	
0.954165	0.874499	
1.46866	0.0890678	
1.49086	0.0890823	
1.45573	0.106868	
0.979995	0.838854	
0.967014	0.856659	
0.976437	0.874514	
1.00604	0.803313	
0.99303	0.821055	
1.00232	0.838875	
1.03166	0.767775	
1.01891	0.78555	
1.02822	0.803312	
1.44292	0.124693	
1.43012	0.142523	
1.46512	0.124707	
1.41737	0.160367	
1.40463	0.178218	
1.43956	0.160376	
1.3922	0.196128	
1.37958	0.214014	
1.41437	0.196131	
1.3675	0.231994	
1.38986	0.23202	
1.05547	0.732	
1.05388	0.767775	
1.06649	0.713997	
1.07769	0.731997	
1.07751	0.696054	
1.08853	0.678107	
1.09973	0.696047	
1.09956	0.66024	
1.11059	0.642371	
1.12178	0.660232	
1.12165	0.624575	
1.13271	0.606778	
1.14387	0.624565	
1.1438	0.589037	
1.15488	0.571273	
1.16601	0.589005	
1.166	0.55355	
1.34442	0.268055	
1.36664	0.268055	
1.33327	0.286104	
1.32212	0.304118	
1.34435	0.304125	
1.31095	0.322124	
1.17713	0.535856	
1.18823	0.553547	
1.18827	0.518127	
1.29979	0.340076	
1.32204	0.340092	
1.28862	0.358022	
1.27746	0.375903	
1.29971	0.375925	
1.2663	0.393782	
1.25515	0.411595	
1.2774	0.411619	
1.244	0.429412	
1.21056	0.48267	
1.19942	0.500406	
1.21051	0.518132	
1.23285	0.447173	
1.25509	0.447192	
1.2217	0.46494	
1.2328	0.482682	
1.51308	0.0890922	
1.5353	0.0890984	
1.50014	0.106892	
1.55753	0.0891028	
1.57976	0.0891011	
1.54459	0.106906	
1.62789	0.0534705	
1.65011	0.0534648	
1.61492	0.071285	
1.602	0.0891004	
1.62423	0.0890942	
1.58906	0.10691	
1.69822	0.0178284	
1.72044	0.0178284	
1.68531	0.0356538	
1.67237	0.0534649	
1.69461	0.053468	
1.65941	0.071279	
1.74268	0.017867	
1.7649	0.017867	
1.72979	0.0356954	
0.973036	0.910221	
0.960263	0.928078	
0.947579	0.945964	
0.935119	0.963903	
0.969801	0.945974	
0.923227	0.981973	
0.945225	0.98193	
0.985842	0.892369	
0.995291	0.910237	
0.998691	0.874529	
1.48732	0.124714	
1.50953	0.124724	
1.47451	0.142539	
1.02459	0.838891	
1.01155	0.85669	
1.02096	0.874545	
1.0505	0.803328	
1.03763	0.821091	
1.04686	0.838906	
1.07618	0.76778	
1.06339	0.785555	
1.07279	0.803334	
1.46175	0.160379	
1.449	0.178223	
1.48395	0.160386	
1.43635	0.196089	
1.42392	0.213999	
1.45854	0.196092	
1.41208	0.23202	
1.43406	0.231979	
1.38887	0.268056	
1.4111	0.268056	
1.37774	0.286111	
1.09991	0.731997	
1.0984	0.76778	
1.11094	0.713992	
1.12213	0.731995	
1.12195	0.696045	
1.13297	0.678095	
1.14418	0.696039	
1.144	0.660226	
1.15503	0.642355	
1.16622	0.660219	
1.16609	0.624558	
1.17716	0.606762	
1.18832	0.624552	
1.18824	0.588999	
1.19934	0.571267	
1.21049	0.589025	
1.21048	0.553573	
1.36659	0.304128	
1.38882	0.304129	
1.35544	0.322143	
1.34428	0.340099	
1.36652	0.340103	
1.33312	0.358052	
1.2216	0.535863	
1.23272	0.553583	
1.23275	0.518142	
1.32195	0.375937	
1.3442	0.375945	
1.31079	0.393818	
1.29963	0.411633	
1.32188	0.411645	
1.28848	0.429446	
1.27733	0.447205	
1.29957	0.447219	
1.26618	0.464965	
1.25504	0.482691	
1.27727	0.482704	
1.24389	0.500421	
1.25499	0.518151	
1.53175	0.124728	
1.51892	0.14255	
1.55398	0.124733	
1.57623	0.12474	
1.59847	0.124739	
1.56339	0.142562	
1.64647	0.0890954	
1.66872	0.0890955	
1.63354	0.106911	
1.62074	0.124751	
1.60791	0.142581	
1.64298	0.124752	
1.71683	0.053509	
1.73907	0.0535476	
1.70389	0.0713201	
1.69096	0.0891272	
1.71319	0.0891682	
1.67802	0.106944	
1.78713	0.0179799	
1.80936	0.0179799	
1.77426	0.0358469	
1.76131	0.0536699	
1.78354	0.0537828	
1.74835	0.0714835	
1.85384	0.0181976	
1.83162	0.0181976	
1.81876	0.0361775	
1.01756	0.91026	
1.00476	0.928112	
0.992144	0.946014	
0.97946	0.9639	
1.01442	0.946038	
0.967447	0.98193	
0.989791	0.98197	
1.03034	0.892399	
1.03981	0.910274	
1.0432	0.874559	
1.50614	0.160384	
1.49338	0.178224	
1.52835	0.160388	
1.0691	0.838917	
1.05606	0.856717	
1.06544	0.87457	
1.09499	0.80334	
1.08209	0.821114	
1.09129	0.838924	
1.12076	0.767778	
1.10804	0.785558	
1.11734	0.803338	
1.48094	0.196126	
1.4683	0.213992	
1.50313	0.196124	
1.45628	0.231979	
1.47868	0.232013	
1.43332	0.268053	
1.45555	0.268053	
1.4222	0.286109	
1.41106	0.304124	
1.43328	0.30412	
1.39991	0.322141	
1.14436	0.731995	
1.14298	0.767778	
1.15538	0.713989	
1.16658	0.731994	
1.1664	0.696039	
1.17742	0.678089	
1.18863	0.696039	
1.18845	0.660218	
1.19948	0.642341	
1.21067	0.660211	
1.21054	0.624545	
1.22161	0.606755	
1.23277	0.624544	
1.23272	0.589024	
1.24383	0.571294	
1.25495	0.589025	
1.25496	0.553583	
1.38875	0.340099	
1.41099	0.340094	
1.37759	0.358056	
1.36643	0.375946	
1.38866	0.375942	
1.35527	0.393831	
1.26608	0.535877	
1.27718	0.553588	
1.27722	0.518156	
1.34411	0.411651	
1.36634	0.411653	
1.33295	0.429466	
1.3218	0.447228	
1.34403	0.447234	
1.31065	0.464987	
1.2995	0.482713	
1.32174	0.482722	
1.28836	0.500439	
1.29945	0.518165	
1.55056	0.160386	
1.53777	0.178219	
1.57281	0.160393	
1.59512	0.16041	
1.58229	0.178234	
1.61739	0.160422	
1.66523	0.124777	
1.68746	0.124808	
1.65242	0.142617	
1.63969	0.160445	
1.62691	0.178275	
1.66194	0.16047	
1.73541	0.0892552	
1.75765	0.0893775	
1.72248	0.107062	
1.70968	0.124865	
1.69689	0.142698	
1.73191	0.124952	
1.80581	0.0540587	
1.82808	0.0542764	
1.79286	0.0718817	
1.77985	0.0895059	
1.80212	0.0897817	
1.76691	0.107278	
1.89846	0.0184613	
1.87624	0.0184613	
1.86342	0.036659	
1.87278	0.0551472	
1.85038	0.0548835	
1.83744	0.0727646	
1.94358	0.0193632	
1.92136	0.0193632	
1.90871	0.0378246	
1.95145	0.033956	
1.96342	0.0145928	
1.98565	0.0145928	
1.06201	0.910282	
1.04923	0.928144	
1.03676	0.946072	
1.02415	0.963974	
1.05896	0.94608	
1.01201	0.98197	
1.03436	0.982004	
1.07479	0.892419	
1.08422	0.910289	
1.08765	0.874577	
1.52503	0.19606	
1.51259	0.213962	
1.54724	0.196057	
1.11351	0.838929	
1.10051	0.856732	
1.10987	0.874581	
1.13955	0.803338	
1.1265	0.82112	
1.13572	0.838928	
1.16504	0.767773	
1.15246	0.785551	
1.16161	0.803333	
1.5009	0.232013	
1.5228	0.231949	
1.47777	0.268047	
1.49999	0.268047	
1.46665	0.2861	
1.45551	0.304112	
1.47774	0.304107	
1.44437	0.322127	
1.43322	0.340086	
1.45544	0.340078	
1.42206	0.358044	
1.1888	0.731994	
1.18726	0.767773	
1.19983	0.71399	
1.21103	0.731996	
1.21085	0.69604	
1.22187	0.678092	
1.23308	0.696044	
1.2329	0.660215	
1.24394	0.642342	
1.25514	0.660223	
1.25501	0.624552	
1.26608	0.606761	
1.27724	0.624558	
1.27719	0.589031	
1.2883	0.571309	
1.29943	0.589044	
1.29942	0.553602	
1.41089	0.375938	
1.43312	0.37593	
1.39973	0.393828	
1.38857	0.411653	
1.41079	0.411649	
1.37741	0.429473	
1.31054	0.535892	
1.32166	0.553612	
1.32168	0.518175	
1.36626	0.44724	
1.38848	0.44724	
1.35511	0.465001	
1.34397	0.482731	
1.36619	0.482736	
1.33282	0.500457	
1.34391	0.518184	
1.56955	0.196073	
1.55681	0.213913	
1.59186	0.19609	
1.61429	0.19613	
1.60156	0.213968	
1.6366	0.196153	
1.68419	0.1605	
1.67146	0.178328	
1.7064	0.160557	
1.659	0.196198	
1.64638	0.214053	
1.68124	0.196228	
1.75407	0.125072	
1.77627	0.1252	
1.74127	0.142875	
1.72859	0.160623	
1.71589	0.178425	
1.75076	0.160743	
1.82446	0.0902	
1.84677	0.0908071	
1.81145	0.107824	
1.79833	0.125452	
1.7855	0.143246	
1.82068	0.12587	
1.91748	0.0574406	
1.89458	0.0565387	
1.88155	0.0747632	
1.86955	0.0918653	
1.89135	0.0932569	
1.85658	0.109301	
1.9213	0.0781081	
1.93543	0.0593939	
1.96964	0.0458589	
1.9498	0.0506294	
1.95362	0.0712968	
1.98565	0.0354261	
1.98399	0.0520995	
1.10642	0.910292	
1.09364	0.928155	
1.08099	0.946054	
1.06852	0.963982	
1.10319	0.946057	
1.05658	0.982004	
1.0786	0.981978	
1.11922	0.892428	
1.12864	0.910293	
1.13208	0.874583	
1.54502	0.231949	
1.56734	0.231964	
1.15794	0.838925	
1.14496	0.856734	
1.15431	0.87458	
1.18386	0.803321	
1.17095	0.821108	
1.18019	0.838913	
1.20955	0.767765	
1.19681	0.785538	
1.20615	0.803313	
1.52222	0.268042	
1.54444	0.268042	
1.5111	0.28609	
1.49996	0.3041	
1.52219	0.304095	
1.48883	0.322112	
1.47767	0.340072	
1.4999	0.340065	
1.46652	0.35803	
1.45535	0.375927	
1.47759	0.375921	
1.44419	0.39382	
1.23325	0.731996	
1.23177	0.767765	
1.24429	0.713993	
1.25548	0.731998	
1.25531	0.696046	
1.26634	0.678101	
1.27754	0.69605	
1.27737	0.660227	
1.28841	0.642362	
1.29961	0.66024	
1.29949	0.624571	
1.31056	0.606783	
1.32173	0.624588	
1.32167	0.589062	
1.33277	0.571332	
1.3439	0.589071	
1.34389	0.553622	
1.43303	0.411649	
1.45526	0.411645	
1.42187	0.429474	
1.41071	0.447244	
1.43294	0.447244	
1.39956	0.46501	
1.35501	0.535914	
1.36612	0.553633	
1.36615	0.518195	
1.38842	0.482743	
1.41065	0.482747	
1.37728	0.500473	
1.38838	0.518203	
1.58956	0.231964	
1.61199	0.232004	
1.63422	0.232004	
1.65661	0.232049	
1.70343	0.196243	
1.69097	0.214113	
1.72562	0.196309	
1.67883	0.232049	
1.70102	0.232064	
1.77285	0.160875	
1.76017	0.178624	
1.79491	0.161127	
1.74784	0.19637	
1.73538	0.214188	
1.76993	0.196502	
1.82939	0.144018	
1.84251	0.12639	
1.86529	0.127448	
1.81664	0.161328	
1.80399	0.178957	
1.83847	0.161848	
1.87256	0.145566	
1.88663	0.128476	
1.90184	0.113923	
1.9091	0.132041	
1.93178	0.0987745	
1.91383	0.0968212	
1.96688	0.0823766	
1.95252	0.0911411	
1.94505	0.109854	
1.98399	0.0729328	
1.98289	0.0927771	
1.15082	0.910289	
1.13802	0.928153	
1.12555	0.946081	
1.1129	0.96398	
1.14773	0.946076	
1.10083	0.981978	
1.12318	0.982002	
1.16365	0.892428	
1.17304	0.910288	
1.17652	0.874579	
1.56666	0.268036	
1.58889	0.268036	
1.55555	0.286078	
1.20242	0.838912	
1.18941	0.856729	
1.19875	0.874578	
1.22839	0.803307	
1.21543	0.821091	
1.22466	0.838907	
1.25395	0.767767	
1.24128	0.785531	
1.25057	0.803309	
1.54442	0.304088	
1.56665	0.304081	
1.53328	0.322098	
1.52214	0.340062	
1.54437	0.340055	
1.51099	0.358022	
1.49983	0.375924	
1.52207	0.375921	
1.48867	0.39382	
1.47751	0.411653	
1.49975	0.411656	
1.46634	0.429481	
1.2777	0.731998	
1.27618	0.767767	
1.28874	0.713996	
1.29993	0.731998	
1.29977	0.696051	
1.3108	0.678108	
1.322	0.696054	
1.32185	0.660243	
1.33289	0.64238	
1.34409	0.660248	
1.34397	0.624593	
1.35504	0.60681	
1.36621	0.624603	
1.36614	0.58908	
1.37724	0.571352	
1.38838	0.589092	
1.38836	0.553644	
1.45519	0.447253	
1.47743	0.44726	
1.44403	0.465022	
1.43289	0.482757	
1.45513	0.482765	
1.42175	0.50049	
1.39948	0.535935	
1.4106	0.553655	
1.41062	0.518213	
1.43285	0.518223	
1.61112	0.268022	
1.63334	0.268022	
1.6	0.286057	
1.65557	0.267996	
1.67779	0.267996	
1.64447	0.286018	
1.72324	0.232064	
1.74547	0.232124	
1.70002	0.267965	
1.72224	0.267965	
1.68893	0.285962	
1.79196	0.196581	
1.77963	0.214327	
1.8137	0.196783	
1.76769	0.232124	
1.78972	0.232203	
1.84635	0.179266	
1.85909	0.161955	
1.88043	0.162983	
1.83539	0.196866	
1.82336	0.21449	
1.85601	0.196973	
1.88429	0.181057	
1.89776	0.164667	
1.92874	0.141315	
1.91353	0.155868	
1.91739	0.173942	
1.96541	0.122352	
1.94467	0.129986	
1.9491	0.153813	
1.98289	0.11361	
1.98252	0.133742	
1.19525	0.910286	
1.18242	0.928147	
1.16963	0.946021	
1.15715	0.963949	
1.19184	0.946019	
1.14541	0.982002	
1.1673	0.981947	
1.20809	0.892431	
1.21748	0.91029	
1.22098	0.874581	
1.58889	0.304067	
1.61112	0.304054	
1.57776	0.322077	
1.24687	0.83891	
1.23385	0.856732	
1.24319	0.874585	
1.27272	0.803324	
1.25983	0.8211	
1.26902	0.838925	
1.29835	0.767773	
1.28564	0.78554	
1.2949	0.80333	
1.56664	0.340054	
1.58888	0.34004	
1.55549	0.358018	
1.54434	0.375935	
1.56661	0.375934	
1.53319	0.393837	
1.52202	0.411679	
1.54429	0.411693	
1.51086	0.429511	
1.49969	0.447284	
1.52196	0.447307	
1.48853	0.465055	
1.32215	0.731998	
1.32057	0.767773	
1.33319	0.713995	
1.34438	0.731997	
1.34423	0.696052	
1.35527	0.678109	
1.36646	0.69605	
1.36632	0.660247	
1.37737	0.642387	
1.38855	0.660248	
1.38844	0.624604	
1.39951	0.606824	
1.41068	0.624608	
1.41061	0.589096	
1.42171	0.571371	
1.43284	0.589103	
1.43283	0.553662	
1.47738	0.482785	
1.49963	0.482809	
1.46623	0.500519	
1.44395	0.535958	
1.45506	0.553674	
1.45509	0.518235	
1.47733	0.518254	
1.63338	0.304025	
1.65561	0.304	
1.62227	0.322036	
1.67787	0.30395	
1.70009	0.303919	
1.66678	0.321958	
1.74446	0.267951	
1.76669	0.267951	
1.73337	0.285916	
1.72228	0.303848	
1.7445	0.303834	
1.71122	0.321837	
1.81194	0.232203	
1.83364	0.232287	
1.78888	0.267926	
1.8111	0.267926	
1.77779	0.285876	
1.85586	0.232287	
1.8662	0.214612	
1.877	0.232325	
1.87715	0.197012	
1.89448	0.198696	
1.91715	0.197003	
1.91001	0.212958	
1.93292	0.188204	
1.96669	0.164052	
1.95076	0.175382	
1.95052	0.198443	
1.98252	0.154575	
1.98418	0.176144	
1.23975	0.910302	
1.22691	0.928158	
1.21426	0.946054	
1.20147	0.963928	
1.23654	0.946066	
1.18952	0.981947	
1.21195	0.981981	
1.25253	0.89244	
1.26197	0.910308	
1.2654	0.874591	
1.61118	0.340035	
1.63344	0.340007	
1.60005	0.358011	
1.29121	0.838936	
1.27825	0.856746	
1.28759	0.874602	
1.31706	0.803345	
1.30415	0.821129	
1.31337	0.83895	
1.34274	0.767786	
1.32998	0.785559	
1.33923	0.803358	
1.58893	0.375962	
1.61123	0.375957	
1.57778	0.39388	
1.5666	0.411746	
1.58892	0.411775	
1.55544	0.429588	
1.54424	0.447363	
1.56655	0.447417	
1.53307	0.465136	
1.52189	0.482853	
1.54418	0.48291	
1.51074	0.500583	
1.3666	0.731997	
1.36496	0.767786	
1.37765	0.71399	
1.38882	0.731993	
1.38869	0.696047	
1.39973	0.678103	
1.41091	0.696042	
1.41078	0.660243	
1.42183	0.642385	
1.43301	0.66024	
1.43291	0.624605	
1.44398	0.606831	
1.45514	0.624608	
1.45508	0.589106	
1.46618	0.571389	
1.47731	0.589117	
1.4773	0.553685	
1.48843	0.535994	
1.49955	0.55371	
1.49958	0.518279	
1.52184	0.518323	
1.65576	0.339984	
1.67801	0.339934	
1.64467	0.357983	
1.70025	0.339842	
1.72244	0.339771	
1.68923	0.357867	
1.76668	0.303778	
1.78887	0.303753	
1.75559	0.32171	
1.74471	0.339623	
1.76689	0.339567	
1.73374	0.357627	
1.83332	0.267962	
1.85554	0.267962	
1.8222	0.285887	
1.81104	0.303741	
1.83326	0.303777	
1.79993	0.321642	
1.87761	0.267394	
1.86649	0.285356	
1.89922	0.232325	
1.92189	0.230632	
1.89983	0.267394	
1.94412	0.230632	
1.96348	0.235515	
1.95204	0.216148	
1.96988	0.203326	
1.98418	0.196977	
1.9857	0.214682	
1.28414	0.910307	
1.27136	0.928169	
1.25889	0.946092	
1.24625	0.963988	
1.28107	0.946091	
1.23417	0.981981	
1.25652	0.982007	
1.29694	0.892454	
1.30633	0.910315	
1.30978	0.87461	
1.63361	0.375999	
1.65594	0.375976	
1.62249	0.39395	
1.33555	0.838965	
1.32261	0.856773	
1.33196	0.874625	
1.3614	0.803376	
1.34848	0.821161	
1.35772	0.838984	
1.38717	0.767801	
1.37436	0.785587	
1.38361	0.803391	
1.61131	0.411875	
1.6337	0.411917	
1.60014	0.429742	
1.58889	0.447536	
1.61128	0.447637	
1.57769	0.465312	
1.56646	0.48301	
1.5888	0.48313	
1.55529	0.500728	
1.54409	0.518375	
1.53293	0.536071	
1.56638	0.518476	
1.41105	0.731993	
1.4094	0.767801	
1.4221	0.713984	
1.43327	0.73199	
1.43314	0.696039	
1.44419	0.678095	
1.45537	0.696037	
1.45524	0.660238	
1.46629	0.642384	
1.47747	0.66024	
1.47737	0.62461	
1.48845	0.606845	
1.49961	0.624622	
1.49955	0.589129	
1.51066	0.571422	
1.52179	0.58915	
1.52179	0.553731	
1.54404	0.553783	
1.67839	0.376004	
1.70062	0.375912	
1.66733	0.394021	
1.72304	0.375714	
1.74532	0.375566	
1.71221	0.393851	
1.76751	0.375044	
1.75681	0.393132	
1.7888	0.339539	
1.81097	0.339527	
1.77792	0.357452	
1.78942	0.375017	
1.85547	0.303781	
1.87754	0.303214	
1.84431	0.321634	
1.833	0.339488	
1.85521	0.339492	
1.82186	0.357385	
1.89937	0.301246	
1.88835	0.319671	
1.92177	0.266734	
1.94399	0.266734	
1.91049	0.284128	
1.92131	0.300586	
1.95108	0.281562	
1.96265	0.264829	
1.9857	0.235515	
1.98487	0.264829	
1.32853	0.910321	
1.31573	0.928174	
1.30297	0.946043	
1.2905	0.963965	
1.32517	0.946048	
1.27875	0.982007	
1.30065	0.981958	
1.34133	0.892475	
1.35073	0.910334	
1.35416	0.874638	
1.65627	0.41209	
1.67873	0.412118	
1.6451	0.430015	
1.37991	0.839	
1.36698	0.856804	
1.37635	0.874654	
1.40582	0.803411	
1.39286	0.8212	
1.40212	0.83902	
1.43156	0.767815	
1.41873	0.785617	
1.42798	0.803425	
1.63375	0.447867	
1.65632	0.44804	
1.6225	0.465662	
1.61112	0.483344	
1.63359	0.483574	
1.59989	0.501042	
1.58865	0.518607	
1.57745	0.536254	
1.61097	0.518821	
1.56628	0.553798	
1.55514	0.571458	
1.58855	0.553929	
1.45549	0.73199	
1.45378	0.767815	
1.46654	0.713979	
1.47772	0.731989	
1.47759	0.696035	
1.48864	0.678095	
1.49982	0.696037	
1.4997	0.660242	
1.51076	0.642398	
1.52193	0.660252	
1.52184	0.624633	
1.53293	0.606884	
1.54409	0.62466	
1.54404	0.589177	
1.56628	0.589192	
1.70152	0.412406	
1.72394	0.412209	
1.69046	0.430475	
1.74645	0.411452	
1.76863	0.41093	
1.73576	0.430007	
1.79084	0.409394	
1.78047	0.427714	
1.81045	0.375543	
1.83248	0.375503	
1.80003	0.393136	
1.81186	0.40992	
1.83932	0.392265	
1.85074	0.374107	
1.90008	0.340066	
1.87824	0.342034	
1.86693	0.359887	
1.87378	0.376649	
1.91022	0.356637	
1.92033	0.334274	
1.96524	0.29951	
1.94658	0.301416	
1.93546	0.318533	
1.9456	0.335104	
1.98487	0.287556	
1.98037	0.307409	
1.37299	0.910352	
1.36019	0.928197	
1.34758	0.946083	
1.33482	0.963952	
1.36984	0.946101	
1.32287	0.981958	
1.34528	0.981994	
1.38573	0.892501	
1.39519	0.910365	
1.39855	0.874667	
1.67919	0.448389	
1.70198	0.448677	
1.66784	0.466242	
1.4243	0.839036	
1.41135	0.856837	
1.42073	0.874684	
1.45014	0.803442	
1.43723	0.821237	
1.44646	0.839054	
1.47598	0.767827	
1.46309	0.785642	
1.47234	0.803454	
1.65587	0.484007	
1.67874	0.484357	
1.64449	0.501689	
1.63322	0.519082	
1.62198	0.536647	
1.6555	0.519515	
1.61082	0.554104	
1.59964	0.571648	
1.63307	0.554365	
1.58852	0.58924	
1.57741	0.606959	
1.61078	0.589414	
1.49994	0.731989	
1.4982	0.767827	
1.51099	0.71398	
1.52217	0.731991	
1.52205	0.696039	
1.5331	0.678105	
1.54428	0.696047	
1.54417	0.660261	
1.55524	0.642432	
1.5664	0.660284	
1.56632	0.624683	
1.58856	0.624731	
1.74837	0.450052	
1.72586	0.450809	
1.71459	0.468723	
1.77045	0.446055	
1.79265	0.444519	
1.76055	0.466857	
1.80037	0.460823	
1.81039	0.442482	
1.85253	0.410689	
1.83426	0.412085	
1.82507	0.428343	
1.83278	0.444648	
1.8735	0.400343	
1.86844	0.420162	
1.88969	0.386122	
1.92879	0.369727	
1.90854	0.37552	
1.90826	0.399213	
1.96218	0.342685	
1.94705	0.358425	
1.94537	0.377308	
1.98037	0.330136	
1.98181	0.353457	
1.41737	0.910367	
1.40463	0.928218	
1.3922	0.946128	
1.37958	0.964014	
1.41437	0.946131	
1.3675	0.981994	
1.38986	0.98202	
1.43012	0.892523	
1.43956	0.910376	
1.44292	0.874693	
1.70036	0.485394	
1.72424	0.487526	
1.68839	0.50316	
1.46866	0.839068	
1.45573	0.856868	
1.46512	0.874707	
1.49454	0.803468	
1.48159	0.821268	
1.49086	0.839082	
1.52041	0.767835	
1.5075	0.785662	
1.51676	0.803476	
1.67764	0.520006	
1.66637	0.537399	
1.69926	0.521043	
1.65535	0.554554	
1.64418	0.572011	
1.67748	0.555045	
1.63303	0.589503	
1.6219	0.607095	
1.6553	0.589692	
1.6108	0.624773	
1.59971	0.642498	
1.63304	0.624862	
1.54439	0.731991	
1.54264	0.767835	
1.55545	0.713987	
1.56662	0.731997	
1.5665	0.696053	
1.57756	0.678132	
1.58873	0.696072	
1.58863	0.660303	
1.61087	0.660345	
1.72723	0.506167	
1.74145	0.489495	
1.7542	0.482518	
1.77629	0.478521	
1.75719	0.501159	
1.81359	0.478252	
1.79585	0.480288	
1.78951	0.49595	
1.84933	0.454071	
1.83465	0.46821	
1.83013	0.487676	
1.88885	0.431914	
1.86787	0.44226	
1.86974	0.465823	
1.9266	0.410537	
1.90776	0.42114	
1.90719	0.443238	
1.96346	0.38801	
1.9452	0.399313	
1.9447	0.42124	
1.98181	0.376185	
1.98165	0.398189	
1.46175	0.910379	
1.449	0.928223	
1.43635	0.946089	
1.42392	0.963999	
1.45854	0.946092	
1.41208	0.98202	
1.43406	0.981979	
1.47451	0.892539	
1.48395	0.910386	
1.48732	0.874714	
1.7211	0.521899	
1.71035	0.538745	
1.73832	0.523868	
1.51308	0.839092	
1.50014	0.856892	
1.50953	0.874724	
1.53898	0.803482	
1.52602	0.821289	
1.5353	0.839098	
1.56486	0.767836	
1.55194	0.785671	
1.5612	0.803483	
1.69998	0.55515	
1.68896	0.572305	
1.72182	0.556006	
1.67755	0.589773	
1.6664	0.607265	
1.70005	0.589879	
1.65526	0.624911	
1.64415	0.642589	
1.67751	0.624992	
1.63308	0.660373	
1.62201	0.678178	
1.6553	0.660422	
1.58884	0.731997	
1.58708	0.767836	
1.5999	0.714005	
1.61106	0.732008	
1.61096	0.696084	
1.63318	0.696111	
1.7921	0.514536	
1.77254	0.512768	
1.75979	0.519745	
1.75366	0.535477	
1.79571	0.534604	
1.81268	0.517786	
1.85077	0.499264	
1.82971	0.509306	
1.83331	0.529374	
1.88819	0.47655	
1.86965	0.488361	
1.86922	0.509991	
1.92583	0.454959	
1.90693	0.465732	
1.90683	0.488271	
1.96312	0.432413	
1.94452	0.443638	
1.94426	0.466132	
1.98165	0.420917	
1.98148	0.443315	
1.50614	0.910384	
1.49338	0.928224	
1.48094	0.946126	
1.4683	0.963992	
1.50313	0.946124	
1.45628	0.981979	
1.47868	0.982013	
1.51892	0.89255	
1.52835	0.910388	
1.53175	0.874728	
1.74346	0.555452	
1.73309	0.571857	
1.76493	0.551328	
1.55753	0.839103	
1.54459	0.856906	
1.55398	0.874733	
1.58343	0.803481	
1.57046	0.821293	
1.57976	0.839101	
1.60931	0.767831	
1.59639	0.785667	
1.60566	0.803477	
1.72214	0.589805	
1.71074	0.607273	
1.74378	0.589251	
1.69966	0.625005	
1.68852	0.642651	
1.72175	0.624932	
1.67748	0.660445	
1.66642	0.678228	
1.69964	0.660457	
1.65539	0.696125	
1.64433	0.714031	
1.67757	0.696148	
1.63328	0.732008	
1.6555	0.732022	
1.63153	0.767831	
1.80802	0.554181	
1.78745	0.55093	
1.77724	0.570905	
1.84834	0.544828	
1.83131	0.553308	
1.82305	0.569635	
1.88818	0.521913	
1.8693	0.532815	
1.8673	0.556749	
1.9257	0.500128	
1.90696	0.510946	
1.90705	0.53377	
1.96293	0.477484	
1.94424	0.488805	
1.94437	0.51148	
1.98148	0.466042	
1.98145	0.488715	
1.55056	0.910386	
1.53777	0.928219	
1.52503	0.94606	
1.51259	0.963962	
1.54724	0.946057	
1.5009	0.982013	
1.5228	0.981949	
1.56339	0.892562	
1.57281	0.910393	
1.57623	0.87474	
1.76572	0.589145	
1.75477	0.607093	
1.78824	0.588747	
1.602	0.8391	
1.58906	0.85691	
1.59847	0.874739	
1.62789	0.803471	
1.61492	0.821285	
1.62423	0.839094	
1.65376	0.767825	
1.64085	0.785656	
1.65011	0.803465	
1.74379	0.624887	
1.73271	0.642619	
1.76573	0.624781	
1.72176	0.660457	
1.71072	0.67825	
1.7438	0.660412	
1.69976	0.696155	
1.68873	0.714052	
1.72188	0.696154	
1.67772	0.732022	
1.6999	0.732029	
1.67598	0.767825	
1.80998	0.588268	
1.79846	0.606508	
1.83327	0.587396	
1.83841	0.607633	
1.85148	0.589	
1.86778	0.579363	
1.88875	0.56735	
1.87292	0.5996	
1.92587	0.545725	
1.90708	0.556692	
1.90756	0.579305	
1.9629	0.522905	
1.94436	0.534228	
1.9444	0.55715	
1.98145	0.511442	
1.98145	0.53419	
1.59512	0.91041	
1.58229	0.928234	
1.56955	0.946073	
1.55681	0.963913	
1.59186	0.94609	
1.54502	0.981949	
1.56734	0.981964	
1.60791	0.892581	
1.61739	0.910422	
1.62074	0.874751	
1.78763	0.624662	
1.77664	0.642456	
1.80937	0.624183	
1.64647	0.839095	
1.63354	0.856911	
1.64298	0.874752	
1.67237	0.803465	
1.65941	0.821279	
1.66872	0.839096	
1.69822	0.767828	
1.68531	0.785654	
1.69461	0.803468	
1.76582	0.66037	
1.75487	0.678207	
1.78771	0.660251	
1.74403	0.696145	
1.73306	0.714049	
1.76605	0.696103	
1.72212	0.732029	
1.74427	0.73202	
1.72044	0.767828	
1.83116	0.624176	
1.82032	0.64233	
1.84936	0.62578	
1.88836	0.613836	
1.87205	0.623473	
1.86479	0.640016	
1.92646	0.591356	
1.90812	0.602013	
1.90725	0.625886	
1.96282	0.568528	
1.94432	0.580025	
1.94488	0.602733	
1.98145	0.556918	
1.98137	0.579792	
1.63969	0.910445	
1.62691	0.928275	
1.61429	0.94613	
1.60156	0.963968	
1.6366	0.946153	
1.58956	0.981964	
1.61199	0.982004	
1.65242	0.892617	
1.66194	0.91047	
1.66523	0.874777	
1.80953	0.660165	
1.79871	0.678079	
1.83132	0.660158	
1.69096	0.839127	
1.67802	0.856944	
1.68746	0.874808	
1.71683	0.803509	
1.70389	0.82132	
1.71319	0.839168	
1.74268	0.767867	
1.72979	0.785695	
1.73907	0.803548	
1.78816	0.69606	
1.77732	0.713997	
1.80998	0.695974	
1.76649	0.73202	
1.78861	0.731977	
1.7649	0.767867	
1.85255	0.659945	
1.84177	0.677781	
1.87524	0.657639	
1.88105	0.678808	
1.89329	0.658879	
1.92942	0.637122	
1.90965	0.648945	
1.91545	0.670114	
1.96385	0.613941	
1.946	0.625271	
1.94839	0.648329	
1.98137	0.60252	
1.98249	0.625058	
1.68419	0.9105	
1.67146	0.928328	
1.659	0.946198	
1.64638	0.964053	
1.68124	0.946228	
1.63422	0.982004	
1.65661	0.982049	
1.69689	0.892698	
1.7064	0.910557	
1.70968	0.874865	
1.83185	0.695882	
1.8213	0.713863	
1.85309	0.69567	
1.73541	0.839255	
1.72248	0.857062	
1.73191	0.874952	
1.76131	0.80367	
1.74835	0.821484	
1.75765	0.839377	
1.78713	0.76798	
1.77426	0.785847	
1.78354	0.803783	
1.81083	0.731977	
1.8327	0.731886	
1.80936	0.76798	
1.87432	0.695566	
1.8644	0.713668	
1.89237	0.696806	
1.91491	0.695019	
1.90819	0.711777	
1.93127	0.685085	
1.96566	0.659029	
1.94908	0.670879	
1.94854	0.695784	
1.98249	0.647785	
1.98317	0.670335	
1.72859	0.910623	
1.71589	0.928425	
1.70343	0.946243	
1.69097	0.964113	
1.72562	0.946309	
1.67883	0.982049	
1.70102	0.982064	
1.74127	0.892875	
1.75076	0.910743	
1.75407	0.875072	
1.85492	0.731886	
1.87615	0.731782	
1.77985	0.839506	
1.76691	0.857278	
1.77627	0.8752	
1.80581	0.804059	
1.79286	0.821882	
1.80212	0.839782	
1.85384	0.768198	
1.83162	0.768198	
1.81876	0.786178	
1.82808	0.804276	
1.89838	0.731782	
1.92092	0.729995	
1.94314	0.729995	
1.96304	0.734593	
1.95063	0.714588	
1.96844	0.700382	
1.98317	0.693062	
1.98527	0.711866	
1.77285	0.910875	
1.76017	0.928624	
1.74784	0.94637	
1.73538	0.964188	
1.76993	0.946502	
1.72324	0.982064	
1.74547	0.982124	
1.7855	0.893246	
1.79491	0.911127	
1.79833	0.875452	
1.89846	0.768461	
1.87624	0.768461	
1.86342	0.786659	
1.82446	0.8402	
1.81145	0.857824	
1.82068	0.87587	
1.87278	0.805147	
1.85038	0.804883	
1.83744	0.822765	
1.84677	0.840807	
1.94358	0.769363	
1.92136	0.769363	
1.90871	0.787825	
1.95145	0.783956	
1.96342	0.764593	
1.98527	0.734593	
1.98565	0.764593	
1.81664	0.911328	
1.80399	0.928957	
1.79196	0.946581	
1.77963	0.964327	
1.8137	0.946783	
1.76769	0.982124	
1.78972	0.982203	
1.82939	0.894018	
1.83847	0.911848	
1.84251	0.87639	
1.91748	0.807441	
1.89458	0.806539	
1.88155	0.824763	
1.86955	0.841865	
1.89135	0.843257	
1.85658	0.859301	
1.86529	0.877448	
1.9213	0.828108	
1.93543	0.809394	
1.96964	0.795859	
1.9498	0.800629	
1.95362	0.821297	
1.98565	0.785426	
1.98399	0.8021	
1.84635	0.929266	
1.85909	0.911955	
1.83539	0.946866	
1.82336	0.96449	
1.85601	0.946973	
1.81194	0.982203	
1.83364	0.982287	
1.87256	0.895566	
1.88043	0.912983	
1.88663	0.878476	
1.90184	0.863923	
1.9091	0.882041	
1.93178	0.848774	
1.91383	0.846821	
1.96688	0.832377	
1.95252	0.841141	
1.94505	0.859854	
1.98399	0.822933	
1.98289	0.842777	
1.88429	0.931057	
1.89776	0.914667	
1.87715	0.947012	
1.8662	0.964612	
1.89448	0.948696	
1.85586	0.982287	
1.877	0.982325	
1.92874	0.891315	
1.91353	0.905868	
1.91739	0.923942	
1.96541	0.872352	
1.94467	0.879986	
1.9491	0.903813	
1.98289	0.86361	
1.98252	0.883742	
1.91715	0.947003	
1.91001	0.962958	
1.93292	0.938204	
1.89922	0.982325	
1.92189	0.980632	
1.96669	0.914052	
1.95076	0.925382	
1.95052	0.948443	
1.98252	0.904575	
1.98418	0.926144	
1.95204	0.966148	
1.96988	0.953326	
1.94412	0.980632	
1.96348	0.985515	
1.98418	0.946977	
1.9857	0.964682	
1.9857	0.985515	
