  0.01206675850
  0.00781299636
  0.00708821099
  0.00704168151
  0.00716864037
  0.00724165681
  0.00736167842
  0.00753393182
  0.00770846795
  0.00793214164
  0.00818282008
  0.00841632997
  0.00867463216
  0.00897372189
  0.00912077088
  0.00934525639
  0.00957558506
  0.00976312411
  0.00985620502
  0.01000197881
  0.01005975433
  0.01014878804
  0.01025402294
  0.01031008194
  0.01033613288
  0.01037343074
  0.01043578789
  0.01042406087
  0.01045427291
  0.01049438624
  0.01048766068
  0.01048554960
  0.01050489687
  0.01053883325
  0.01060509834
  0.01053631282
  0.01052971646
  0.01054605228
  0.01057803914
  0.01055719725
  0.01056012807
  0.01058659677
  0.01054917882
  0.01061363933
  0.01060694299
  0.01057876436
  0.01058972514
  0.01058282626
  0.01061655690
  0.01059489197
  0.01061999471
  0.01059759780
  0.01063558123
  0.01060545537
  0.01063991213
  0.01064166196
  0.01060195230
  0.01064690857
  0.01064841121
  0.01065117690
  0.01065569129
  0.01061318846
  0.01065731004
  0.01062010534
  0.01065265286
  0.01062408047
  0.01065164666
  0.01066274885
  0.01071650614
  0.01066642435
  0.01066286348
  0.01063383232
  0.01063085100
  0.01063497836
  0.01066276565
  0.01067361452
  0.01067246337
  0.01064783263
  0.01064423518
  0.01065875540
  0.01064841972
  0.01065069977
  0.01069574025
  0.01065533118
  0.01068941053
  0.01069512579
  0.01069423032
  0.01070044274
  0.01071726618
  0.01067214348
  0.01067282858
  0.01070559575
  0.01071579614
  0.01069933705
  0.01071875706
  0.01071314210
  0.01069558101
