575 20
0 8
5979
5989
5998
6006
6012
6016
6019
6020

1 14
5845
5857
5869
5881
5893
5904
5915
5926
5937
5947
5957
5967
5968
5979

2 21
5834
5822
5846
5858
5871
5883
5895
5906
5917
5928
5939
5949
5959
5970
5981
5991
6000
6008
6014
6018
6020

3 61
3719
3808
3898
3985
4071
4155
4237
4318
4393
4470
4544
4614
4681
4741
4803
4811
4872
4874
4875
4933
4987
4990
5041
5043
5093
5132
5133
5178
5189
5233
5235
5277
5279
5320
5358
5361
5399
5428
5429
5464
5465
5475
5508
5540
5543
5573
5583
5611
5637
5662
5685
5706
5725
5743
5761
5778
5793
5808
5821
5833
5845

4 35
4577
4505
4646
4712
4775
4836
4897
4954
5010
5063
5113
5161
5208
5254
5298
5340
5380
5418
5455
5491
5524
5557
5588
5616
5642
5667
5690
5711
5730
5748
5766
5783
5797
5811
5822

5 51
3241
3149
3337
3437
3534
3629
3722
3811
3901
3988
4074
4158
4240
4321
4399
4476
4551
4621
4688
4751
4814
4878
4937
4993
5047
5099
5148
5196
5243
5288
5331
5372
5411
5449
5486
5519
5552
5582
5609
5634
5659
5680
5701
5718
5734
5752
5769
5785
5794
5809
5822

6 64
366
342
392
420
451
485
539
594
652
727
815
921
1040
1154
1262
1363
1461
1560
1661
1759
1851
1939
2023
2110
2189
2268
2346
2423
2496
2570
2650
2743
2834
2929
3022
3114
3201
3290
3386
3406
3503
3505
3599
3601
3691
3693
3782
3784
3874
3876
3962
3964
4050
4051
4123
4202
4203
4266
4267
4347
4349
4427
4428
4505

7 5
3717
3718
3719
3789
3790

8 22
1960
2048
2133
2216
2296
2373
2450
2522
2594
2674
2765
2856
2949
3041
3132
3221
3315
3413
3511
3606
3698
3790

9 9
3149
3219
3220
3309
3239
3310
3311
3312
3313

10 36
1263
1155
1267
1368
1462
1561
1662
1760
1857
1948
2035
2122
2207
2286
2288
2364
2441
2442
2514
2523
2595
2597
2675
2766
2768
2772
2773
2864
2865
2868
2961
2963
3055
3057
3148
3239

11 36
1386
1485
1587
1688
1785
1876
1965
2053
2138
2222
2302
2374
2451
2524
2561
2560
2598
2600
2637
2638
2641
2679
2720
2721
2722
2723
2724
2725
2726
2727
2728
2774
2869
2964
3058
3149

12 5
1584
1684
1780
1872
1960

13 60
213
225
237
249
261
262
270
283
285
299
301
317
326
347
349
358
381
383
408
427
428
459
460
486
487
540
595
596
598
597
599
600
653
654
655
658
659
660
661
662
663
664
665
666
667
668
669
670
671
672
734
833
950
1066
1178
1286
1385
1482
1483
1584

14 9
924
836
953
1042
1069
1155
1180
1288
1386

15 51
303
288
319
323
344
369
396
425
457
494
550
611
688
778
887
1006
1121
1229
1289
1312
1313
1318
1319
1320
1321
1323
1386
1412
1413
1414
1415
1420
1489
1491
1493
1494
1593
1595
1598
1599
1600
1601
1602
1603
1604
1605
1606
1607
1608
1609
1610

16 21
0
3
9
19
31
44
57
69
81
93
105
117
129
141
142
154
166
178
187
201
213

17 35
305
288
322
341
360
342
364
385
389
410
415
440
445
472
477
507
508
513
514
515
516
517
518
519
520
521
522
523
524
525
526
527
528
529
530

18 21
50
37
62
74
86
98
110
122
134
147
160
173
186
199
212
224
236
248
260
274
288

19 11
1
0
4
5
6
10
11
12
23
24
37

