834 34
0 10
5077
5063
5089
5100
5109
5116
5122
5126
5129
5130

1 26
4855
4868
4880
4892
4904
4916
4928
4940
4952
4964
4976
4988
5000
5012
5025
5039
5054
5069
5083
5094
5104
5112
5119
5124
5128
5130

2 26
4776
4753
4796
4815
4832
4848
4861
4874
4886
4898
4910
4922
4934
4944
4956
4968
4980
4992
5002
5014
5019
5031
5033
5047
5048
5063

3 10
1064
1063
1130
1198
1201
1273
1275
1355
1357
1439

4 26
1523
1439
1618
1715
1815
1914
2016
2120
2222
2325
2425
2523
2621
2718
2815
2912
3005
3096
3182
3265
3345
3423
3497
3567
3634
3697

5 26
1063
1129
1196
1267
1347
1427
1511
1607
1704
1804
1903
2005
2109
2211
2314
2414
2512
2609
2610
2705
2706
2802
2801
2898
2897
2989

6 10
4669
4701
4728
4752
4773
4793
4811
4827
4842
4855

7 51
1337
1418
1502
1592
1690
1790
1890
1993
2095
2197
2300
2400
2498
2595
2691
2787
2883
2977
3069
3158
3239
3315
3394
3470
3542
3610
3676
3739
3801
3862
3921
3981
4038
4094
4148
4200
4250
4298
4345
4390
4433
4474
4512
4527
4562
4564
4598
4600
4634
4635
4669

8 10
4756
4753
4779
4797
4800
4801
4821
4838
4843
4855

9 51
1778
1878
1982
2084
2186
2289
2389
2487
2584
2680
2776
2872
2966
3058
3147
3232
3313
3392
3468
3540
3608
3674
3737
3799
3860
3919
3979
4036
4092
4146
4198
4248
4296
4343
4388
4431
4472
4510
4546
4581
4615
4649
4682
4712
4739
4762
4784
4804
4823
4839
4855

10 12
4412
4368
4455
4495
4533
4569
4605
4640
4673
4704
4731
4753

11 51
1363
1279
1446
1534
1631
1733
1834
1938
2042
2145
2248
2349
2449
2546
2644
2740
2836
2933
3025
3117
3201
3284
3363
3441
3514
3583
3650
3715
3778
3841
3901
3963
4021
4078
4134
4188
4239
4289
4337
4383
4427
4469
4508
4545
4579
4606
4642
4676
4707
4729
4753

12 2
4368
4321

13 74
798
851
905
961
1019
1082
1087
1089
1157
1222
1236
1312
1390
1471
1557
1562
1648
1662
1762
1860
1962
2063
2070
2172
2274
2280
2378
2476
2570
2575
2670
2758
2768
2863
2950
2959
3052
3142
3228
3229
3231
3311
3380
3381
3456
3529
3597
3663
3725
3726
3727
3787
3849
3908
3965
3966
4022
4076
4125
4126
4127
4178
4228
4275
4276
4277
4314
4315
4316
4317
4313
4319
4320
4368

14 12
3761
3697
3823
3884
3946
4004
4061
4117
4171
4223
4273
4321

15 74
850
795
904
960
1018
1024
1026
1088
1148
1163
1235
1310
1389
1470
1475
1551
1567
1661
1761
1859
1961
1968
2069
2171
2177
2279
2377
2475
2480
2574
2662
2673
2767
2854
2866
2961
3054
3143
3144
3146
3230
3300
3301
3379
3455
3528
3596
3660
3661
3662
3724
3786
3848
3903
3904
3964
4019
4069
4070
4071
4124
4177
4225
4226
4227
4265
4266
4267
4268
4269
4270
4271
4274
4321

16 10
3081
2989
3170
3255
3336
3415
3491
3563
3631
3697

17 51
577
620
664
710
760
814
869
924
982
1042
1107
1176
1249
1327
1408
1491
1580
1677
1773
1872
1976
2077
2159
2263
2362
2461
2558
2655
2749
2841
2937
3028
3119
3202
3277
3355
3357
3432
3504
3570
3571
3572
3625
3626
3627
3629
3630
3628
3636
3635
3697

18 10
2210
2108
2313
2413
2511
2608
2704
2800
2896
2989

19 51
411
373
447
483
519
555
591
633
674
714
763
816
870
919
974
1033
1096
1144
1217
1293
1375
1457
1544
1640
1738
1838
1941
2044
2146
2241
2341
2343
2440
2536
2631
2632
2633
2697
2698
2699
2700
2701
2702
2724
2818
2819
2821
2822
2913
2914
2989

20 51
217
202
236
259
280
314
353
390
425
461
498
535
572
608
650
692
737
786
839
893
947
1004
1065
1132
1202
1276
1278
1358
1440
1524
1525
1526
1601
1602
1603
1604
1605
1606
1619
1716
1717
1719
1720
1816
1915
1916
1918
1919
2020
2021
2108

21 10
1336
1337
1415
1497
1498
1584
1585
1680
1681
1778

22 10
1279
1346
1426
1506
1507
1508
1595
1691
1692
1778

23 26
340
377
416
452
489
526
563
599
641
683
728
777
830
884
938
995
1054
1118
1186
1258
1335
1414
1496
1583
1679
1778

24 12
798
853
908
957
958
1015
1076
1077
1137
1209
1210
1279

25 26
223
204
246
275
309
348
385
424
460
497
534
571
607
649
691
736
785
838
892
946
1003
1062
1127
1195
1203
1279

26 2
795
798

27 12
615
614
616
617
577
618
653
696
697
744
745
795

28 10
373
401
440
473
475
474
509
545
546
577

29 26
37
49
61
73
85
97
109
121
133
145
157
169
181
193
208
227
250
279
313
352
389
428
465
502
540
577

30 10
202
219
239
261
265
266
298
331
334
373

31 26
5
1
12
21
32
45
57
69
81
93
105
117
129
141
153
165
177
189
201
216
235
258
289
324
335
373

32 10
204
203
220
240
241
242
267
300
301
340

33 10
1
0
2
6
7
8
13
23
24
37

