1634 34
0 19
5077
5063
5089
5100
5109
5116
5122
5126
5129
5130
5131
5132
5133
5134
5135
5136
5137
5138
5139

1 51
4855
4868
4880
4892
4904
4916
4928
4940
4952
4964
4976
4988
5000
5012
5025
5039
5054
5069
5083
5094
5104
5112
5119
5124
5128
5130
5140
5141
5142
5143
5144
5145
5146
5147
5148
5149
5150
5151
5152
5153
5154
5155
5156
5157
5158
5159
5160
5161
5162
5163
5164

2 51
4776
4753
4796
4815
4832
4848
4861
4874
4886
4898
4910
4922
4934
4944
4956
4968
4980
4992
5002
5014
5019
5031
5033
5047
5048
5063
5165
5166
5167
5168
5169
5170
5171
5172
5173
5174
5175
5176
5177
5178
5179
5180
5181
5182
5183
5184
5185
5186
5187
5188
5189

3 19
1064
1063
1130
1198
1201
1273
1275
1355
1357
1439
5190
5191
5192
5193
5194
5195
5196
5197
5198

4 51
1523
1439
1618
1715
1815
1914
2016
2120
2222
2325
2425
2523
2621
2718
2815
2912
3005
3096
3182
3265
3345
3423
3497
3567
3634
3697
5199
5200
5201
5202
5203
5204
5205
5206
5207
5208
5209
5210
5211
5212
5213
5214
5215
5216
5217
5218
5219
5220
5221
5222
5223

5 51
1063
1129
1196
1267
1347
1427
1511
1607
1704
1804
1903
2005
2109
2211
2314
2414
2512
2609
2610
2705
2706
2802
2801
2898
2897
2989
5224
5225
5226
5227
5228
5229
5230
5231
5232
5233
5234
5235
5236
5237
5238
5239
5240
5241
5242
5243
5244
5245
5246
5247
5248

6 19
4669
4701
4728
4752
4773
4793
4811
4827
4842
4855
5249
5250
5251
5252
5253
5254
5255
5256
5257

7 101
1337
1418
1502
1592
1690
1790
1890
1993
2095
2197
2300
2400
2498
2595
2691
2787
2883
2977
3069
3158
3239
3315
3394
3470
3542
3610
3676
3739
3801
3862
3921
3981
4038
4094
4148
4200
4250
4298
4345
4390
4433
4474
4512
4527
4562
4564
4598
4600
4634
4635
4669
5258
5259
5260
5261
5262
5263
5264
5265
5266
5267
5268
5269
5270
5271
5272
5273
5274
5275
5276
5277
5278
5279
5280
5281
5282
5283
5284
5285
5286
5287
5288
5289
5290
5291
5292
5293
5294
5295
5296
5297
5298
5299
5300
5301
5302
5303
5304
5305
5306
5307

8 19
4756
4753
4779
4797
4800
4801
4821
4838
4843
4855
5308
5309
5310
5311
5312
5313
5314
5315
5316

9 101
1778
1878
1982
2084
2186
2289
2389
2487
2584
2680
2776
2872
2966
3058
3147
3232
3313
3392
3468
3540
3608
3674
3737
3799
3860
3919
3979
4036
4092
4146
4198
4248
4296
4343
4388
4431
4472
4510
4546
4581
4615
4649
4682
4712
4739
4762
4784
4804
4823
4839
4855
5317
5318
5319
5320
5321
5322
5323
5324
5325
5326
5327
5328
5329
5330
5331
5332
5333
5334
5335
5336
5337
5338
5339
5340
5341
5342
5343
5344
5345
5346
5347
5348
5349
5350
5351
5352
5353
5354
5355
5356
5357
5358
5359
5360
5361
5362
5363
5364
5365
5366

10 23
4412
4368
4455
4495
4533
4569
4605
4640
4673
4704
4731
4753
5367
5368
5369
5370
5371
5372
5373
5374
5375
5376
5377

11 101
1363
1279
1446
1534
1631
1733
1834
1938
2042
2145
2248
2349
2449
2546
2644
2740
2836
2933
3025
3117
3201
3284
3363
3441
3514
3583
3650
3715
3778
3841
3901
3963
4021
4078
4134
4188
4239
4289
4337
4383
4427
4469
4508
4545
4579
4606
4642
4676
4707
4729
4753
5378
5379
5380
5381
5382
5383
5384
5385
5386
5387
5388
5389
5390
5391
5392
5393
5394
5395
5396
5397
5398
5399
5400
5401
5402
5403
5404
5405
5406
5407
5408
5409
5410
5411
5412
5413
5414
5415
5416
5417
5418
5419
5420
5421
5422
5423
5424
5425
5426
5427

12 3
4368
4321
5428

13 147
798
851
905
961
1019
1082
1087
1089
1157
1222
1236
1312
1390
1471
1557
1562
1648
1662
1762
1860
1962
2063
2070
2172
2274
2280
2378
2476
2570
2575
2670
2758
2768
2863
2950
2959
3052
3142
3228
3229
3231
3311
3380
3381
3456
3529
3597
3663
3725
3726
3727
3787
3849
3908
3965
3966
4022
4076
4125
4126
4127
4178
4228
4275
4276
4277
4314
4315
4316
4317
4313
4319
4320
4368
5429
5430
5431
5432
5433
5434
5435
5436
5437
5438
5439
5440
5441
5442
5443
5444
5445
5446
5447
5448
5449
5450
5451
5452
5453
5454
5455
5456
5457
5458
5459
5460
5461
5462
5463
5464
5465
5466
5467
5468
5469
5470
5471
5472
5473
5474
5475
5476
5477
5478
5479
5480
5481
5482
5483
5484
5485
5486
5487
5488
5489
5490
5491
5492
5493
5494
5495
5496
5497
5498
5499
5500
5501

14 23
3761
3697
3823
3884
3946
4004
4061
4117
4171
4223
4273
4321
5502
5503
5504
5505
5506
5507
5508
5509
5510
5511
5512

15 147
850
795
904
960
1018
1024
1026
1088
1148
1163
1235
1310
1389
1470
1475
1551
1567
1661
1761
1859
1961
1968
2069
2171
2177
2279
2377
2475
2480
2574
2662
2673
2767
2854
2866
2961
3054
3143
3144
3146
3230
3300
3301
3379
3455
3528
3596
3660
3661
3662
3724
3786
3848
3903
3904
3964
4019
4069
4070
4071
4124
4177
4225
4226
4227
4265
4266
4267
4268
4269
4270
4271
4274
4321
5513
5514
5515
5516
5517
5518
5519
5520
5521
5522
5523
5524
5525
5526
5527
5528
5529
5530
5531
5532
5533
5534
5535
5536
5537
5538
5539
5540
5541
5542
5543
5544
5545
5546
5547
5548
5549
5550
5551
5552
5553
5554
5555
5556
5557
5558
5559
5560
5561
5562
5563
5564
5565
5566
5567
5568
5569
5570
5571
5572
5573
5574
5575
5576
5577
5578
5579
5580
5581
5582
5583
5584
5585

16 19
3081
2989
3170
3255
3336
3415
3491
3563
3631
3697
5586
5587
5588
5589
5590
5591
5592
5593
5594

17 101
577
620
664
710
760
814
869
924
982
1042
1107
1176
1249
1327
1408
1491
1580
1677
1773
1872
1976
2077
2159
2263
2362
2461
2558
2655
2749
2841
2937
3028
3119
3202
3277
3355
3357
3432
3504
3570
3571
3572
3625
3626
3627
3629
3630
3628
3636
3635
3697
5595
5596
5597
5598
5599
5600
5601
5602
5603
5604
5605
5606
5607
5608
5609
5610
5611
5612
5613
5614
5615
5616
5617
5618
5619
5620
5621
5622
5623
5624
5625
5626
5627
5628
5629
5630
5631
5632
5633
5634
5635
5636
5637
5638
5639
5640
5641
5642
5643
5644

18 19
2210
2108
2313
2413
2511
2608
2704
2800
2896
2989
5645
5646
5647
5648
5649
5650
5651
5652
5653

19 101
411
373
447
483
519
555
591
633
674
714
763
816
870
919
974
1033
1096
1144
1217
1293
1375
1457
1544
1640
1738
1838
1941
2044
2146
2241
2341
2343
2440
2536
2631
2632
2633
2697
2698
2699
2700
2701
2702
2724
2818
2819
2821
2822
2913
2914
2989
5654
5655
5656
5657
5658
5659
5660
5661
5662
5663
5664
5665
5666
5667
5668
5669
5670
5671
5672
5673
5674
5675
5676
5677
5678
5679
5680
5681
5682
5683
5684
5685
5686
5687
5688
5689
5690
5691
5692
5693
5694
5695
5696
5697
5698
5699
5700
5701
5702
5703

20 101
217
202
236
259
280
314
353
390
425
461
498
535
572
608
650
692
737
786
839
893
947
1004
1065
1132
1202
1276
1278
1358
1440
1524
1525
1526
1601
1602
1603
1604
1605
1606
1619
1716
1717
1719
1720
1816
1915
1916
1918
1919
2020
2021
2108
5704
5705
5706
5707
5708
5709
5710
5711
5712
5713
5714
5715
5716
5717
5718
5719
5720
5721
5722
5723
5724
5725
5726
5727
5728
5729
5730
5731
5732
5733
5734
5735
5736
5737
5738
5739
5740
5741
5742
5743
5744
5745
5746
5747
5748
5749
5750
5751
5752
5753

21 19
1336
1337
1415
1497
1498
1584
1585
1680
1681
1778
5754
5755
5756
5757
5758
5759
5760
5761
5762

22 19
1279
1346
1426
1506
1507
1508
1595
1691
1692
1778
5763
5764
5765
5766
5767
5768
5769
5770
5771

23 51
340
377
416
452
489
526
563
599
641
683
728
777
830
884
938
995
1054
1118
1186
1258
1335
1414
1496
1583
1679
1778
5772
5773
5774
5775
5776
5777
5778
5779
5780
5781
5782
5783
5784
5785
5786
5787
5788
5789
5790
5791
5792
5793
5794
5795
5796

24 23
798
853
908
957
958
1015
1076
1077
1137
1209
1210
1279
5797
5798
5799
5800
5801
5802
5803
5804
5805
5806
5807

25 51
223
204
246
275
309
348
385
424
460
497
534
571
607
649
691
736
785
838
892
946
1003
1062
1127
1195
1203
1279
5808
5809
5810
5811
5812
5813
5814
5815
5816
5817
5818
5819
5820
5821
5822
5823
5824
5825
5826
5827
5828
5829
5830
5831
5832

26 3
795
798
5833

27 23
615
614
616
617
577
618
653
696
697
744
745
795
5834
5835
5836
5837
5838
5839
5840
5841
5842
5843
5844

28 19
373
401
440
473
475
474
509
545
546
577
5845
5846
5847
5848
5849
5850
5851
5852
5853

29 51
37
49
61
73
85
97
109
121
133
145
157
169
181
193
208
227
250
279
313
352
389
428
465
502
540
577
5854
5855
5856
5857
5858
5859
5860
5861
5862
5863
5864
5865
5866
5867
5868
5869
5870
5871
5872
5873
5874
5875
5876
5877
5878

30 19
202
219
239
261
265
266
298
331
334
373
5879
5880
5881
5882
5883
5884
5885
5886
5887

31 51
5
1
12
21
32
45
57
69
81
93
105
117
129
141
153
165
177
189
201
216
235
258
289
324
335
373
5888
5889
5890
5891
5892
5893
5894
5895
5896
5897
5898
5899
5900
5901
5902
5903
5904
5905
5906
5907
5908
5909
5910
5911
5912

32 19
204
203
220
240
241
242
267
300
301
340
5913
5914
5915
5916
5917
5918
5919
5920
5921

33 19
1
0
2
6
7
8
13
23
24
37
5922
5923
5924
5925
5926
5927
5928
5929
5930

