1.5 0.814815 
1.5 0.833333 
1.5 0.796296 
1.4856 0.805212 
1.48709 0.820554 
1.48 0.833333 
1.5 0.777778 
1.5 0.759259 
1.5 0.740741 
1.48525 0.787277 
1.47143 0.797148 
1.46986 0.816078 
1.46 0.833333 
1.5 0.722222 
1.48469 0.768776 
1.48447 0.750174 
1.48474 0.731718 
1.46981 0.778451 
1.45621 0.788283 
1.45776 0.803241 
1.44981 0.817042 
1.44 0.833333 
1.48511 0.713538 
1.5 0.703704 
1.5 0.685185 
1.46872 0.759741 
1.47 0.72279 
1.46885 0.740843 
1.45177 0.770154 
1.44273 0.783159 
1.44094 0.799212 
1.43027 0.817052 
1.42 0.833333 
1.45821 0.714408 
1.47073 0.705577 
1.48519 0.695216 
1.48695 0.679842 
1.5 0.666667 
1.45264 0.750074 
1.45246 0.730249 
1.43654 0.758453 
1.43575 0.772921 
1.42809 0.785107 
1.42055 0.80147 
1.4102 0.81757 
1.4 0.833333 
1.44402 0.713701 
1.45385 0.699721 
1.46948 0.683025 
1.48 0.666667 
1.4363 0.741142 
1.43594 0.725985 
1.41991 0.749329 
1.41945 0.767767 
1.41014 0.785658 
1.40037 0.801761 
1.39008 0.817518 
1.38 0.833333 
1.42675 0.713511 
1.4365 0.697907 
1.44725 0.682356 
1.46 0.666667 
1.40699 0.757577 
1.4191 0.731686 
1.40352 0.744107 
1.40125 0.77168 
1.39088 0.786367 
1.38038 0.801983 
1.37012 0.817652 
1.36 0.833333 
1.40814 0.713182 
1.41803 0.697831 
1.42852 0.682287 
1.44 0.666667 
1.39142 0.756329 
1.39787 0.727676 
1.38483 0.742357 
1.38159 0.771618 
1.37101 0.786766 
1.36022 0.802059 
1.35008 0.81769 
1.34 0.833333 
1.38842 0.71232 
1.39857 0.697424 
1.4091 0.682175 
1.42 0.666667 
1.37303 0.756831 
1.37667 0.727282 
1.36487 0.742036 
1.36204 0.771789 
1.35108 0.786883 
1.34012 0.802083 
1.33 0.817685 
1.32 0.833333 
1.36772 0.712201 
1.37865 0.697166 
1.38928 0.68201 
1.4 0.666667 
1.35344 0.756888 
1.35632 0.727107 
1.34494 0.741962 
1.34224 0.771852 
1.33117 0.786933 
1.32039 0.802203 
1.30992 0.817647 
1.3 0.833333 
1.34749 0.712113 
1.35854 0.697085 
1.36933 0.681935 
1.38 0.666667 
1.33359 0.756893 
1.33624 0.727043 
1.32495 0.741933 
1.32235 0.771874 
1.31129 0.786967 
1.30047 0.802212 
1.28987 0.817584 
1.28 0.833333 
1.32747 0.712094 
1.33852 0.697068 
1.34935 0.681919 
1.36 0.666667 
1.31365 0.756892 
1.31624 0.727026 
1.30496 0.741925 
1.30243 0.771883 
1.29133 0.786963 
1.28038 0.802129 
1.27009 0.817675 
1.26 0.833333 
1.30748 0.712097 
1.31854 0.697074 
1.32937 0.681924 
1.34 0.666667 
1.29369 0.756896 
1.29626 0.727024 
1.28497 0.741939 
1.28246 0.771882 
1.27134 0.786947 
1.26053 0.802205 
1.25012 0.817689 
1.24 0.833333 
1.2875 0.712108 
1.29857 0.69709 
1.3094 0.681934 
1.32 0.666667 
1.27371 0.756902 
1.27628 0.727037 
1.26501 0.74195 
1.26247 0.77188 
1.25133 0.786942 
1.24029 0.802084 
1.23008 0.817672 
1.22 0.833333 
1.26751 0.712127 
1.27857 0.697104 
1.28948 0.681983 
1.3 0.666667 
1.25373 0.756908 
1.25629 0.72706 
1.24502 0.741969 
1.24248 0.77188 
1.23134 0.786935 
1.22051 0.802182 
1.20999 0.817613 
1.2 0.833333 
1.24753 0.712151 
1.25859 0.697126 
1.2694 0.681953 
1.28 0.666667 
1.23374 0.756909 
1.23631 0.727075 
1.22502 0.741968 
1.22249 0.771874 
1.21136 0.786929 
1.20035 0.802074 
1.19011 0.817665 
1.18 0.833333 
1.22759 0.712174 
1.23863 0.697152 
1.24947 0.681998 
1.26 0.666667 
1.21375 0.756901 
1.21634 0.727078 
1.20503 0.741955 
1.2025 0.771862 
1.19138 0.786918 
1.18055 0.802175 
1.17001 0.817615 
1.16 0.833333 
1.20763 0.712176 
1.21878 0.697214 
1.22945 0.681977 
1.24 0.666667 
1.19375 0.756875 
1.19637 0.727063 
1.18506 0.741925 
1.18247 0.771814 
1.17122 0.786799 
1.16056 0.802148 
1.15016 0.817658 
1.14 0.833333 
1 1 
1.5 0.314815 
1.5 0.333333 
1.18765 0.712149 
1.19878 0.697194 
1.20944 0.68196 
1.22 0.666667 
1.17373 0.756804 
1.17642 0.727037 
1.16509 0.741868 
1.16233 0.771675 
1.15128 0.786771 
1.14041 0.802011 
1.13018 0.817603 
1.12 0.833333 
0.98 1 
0.987114 0.987254 
1 0.981481 
1.5 0.296296 
1.4856 0.305212 
1.48709 0.320554 
1.48 0.333333 
1.16774 0.712139 
1.17873 0.697125 
1.18952 0.681979 
1.2 0.666667 
1.15365 0.756667 
1.15653 0.727011 
1.14517 0.74177 
1.1421 0.771463 
1.13106 0.78654 
1.12048 0.801868 
1.11021 0.817467 
1.1 0.833333 
0.96 1 
0.969903 0.982859 
0.985665 0.97193 
1 0.962963 
1.5 0.277778 
1.5 0.259259 
1.5 0.240741 
1.48525 0.287277 
1.47143 0.297148 
1.46986 0.316078 
1.46 0.333333 
1.14789 0.712149 
1.15894 0.69718 
1.16951 0.681954 
1.18 0.666667 
1.13346 0.756401 
1.13676 0.727016 
1.12549 0.741641 
1.11075 0.786159 
1.12176 0.771148 
1.10028 0.801447 
1.09044 0.817258 
1.08 0.833333 
0.94 1 
0.949793 0.983718 
1 0.944444 
0.957691 0.969944 
0.971366 0.963894 
0.985252 0.953975 
1 0.925926 
1 0.907407 
1.5 0.222222 
1.48469 0.268776 
1.48447 0.250174 
1.48474 0.231718 
1.46981 0.278451 
1.45621 0.288283 
1.45776 0.303241 
1.44981 0.317042 
1.44 0.333333 
1.12814 0.71224 
1.13895 0.697131 
1.14962 0.681966 
1.16 0.666667 
0.92 1 
1.11349 0.755914 
1.11724 0.727194 
1.10678 0.741532 
1.09026 0.785156 
1.10069 0.770794 
1.08123 0.801246 
1.07246 0.785064 
1.07096 0.817428 
1.06 0.833333 
0.930278 0.983674 
0.940885 0.96583 
0.984704 0.935469 
0.956247 0.954966 
0.969779 0.945147 
0.942754 0.949768 
0.984473 0.916868 
0.984671 0.898428 
1 0.888889 
1.48511 0.213538 
1.5 0.203704 
1.5 0.185185 
1.46872 0.259741 
1.47 0.22279 
1.46885 0.240843 
1.45177 0.270154 
1.44273 0.283159 
1.44094 0.299212 
1.43027 0.317052 
1.42 0.333333 
1.10849 0.712617 
1.11925 0.697192 
1.12963 0.681947 
1.14 0.666667 
0.9 1 
0.910231 0.984145 
1.09523 0.754574 
1.09769 0.728055 
1.09155 0.741396 
1.08014 0.767742 
1.06299 0.801123 
1.05543 0.78572 
1.06313 0.773421 
1.05233 0.817465 
1.04 0.833333 
0.920566 0.967982 
0.928096 0.951769 
0.968717 0.926455 
0.951743 0.936864 
0.935635 0.939646 
0.968753 0.907523 
1 0.87037 
0.96975 0.889601 
0.985049 0.88028 
1 0.851852 
1.02 0.833333 
1.45821 0.214408 
1.47073 0.205577 
1.48519 0.195216 
1.48695 0.179842 
1.5 0.166667 
1.45264 0.250074 
1.45246 0.230249 
1.43654 0.258453 
1.43575 0.272921 
1.42809 0.285107 
1.42055 0.30147 
1.4102 0.31757 
1.4 0.333333 
1.08919 0.713405 
1.0993 0.697536 
1.10965 0.681993 
1.12 0.666667 
0.88 1 
0.890097 0.984202 
0.900242 0.968353 
1.07872 0.749958 
1.0794 0.731208 
1.0627 0.757745 
1.04553 0.799833 
1.04136 0.785296 
1.04711 0.769606 
1.03026 0.816589 
1.01289 0.820322 
0.910038 0.952273 
0.919255 0.934644 
0.952744 0.916882 
0.936325 0.925184 
0.952515 0.896803 
0.958174 0.881203 
0.985192 0.861883 
0.970687 0.872506 
0.986889 0.846533 
1 0.833333 
1.44402 0.213701 
1.45385 0.199721 
1.46948 0.183025 
1.48 0.166667 
1.4363 0.241142 
1.43594 0.225985 
1.41991 0.249329 
1.41945 0.267767 
1.41014 0.285658 
1.40037 0.301761 
1.39008 0.317518 
1.38 0.333333 
1.07127 0.714521 
1.07954 0.69851 
1.08961 0.682235 
1.1 0.666667 
0.86 1 
0.870046 0.984224 
0.880165 0.96851 
0.890637 0.953106 
1.06332 0.740995 
1.06381 0.726602 
1.05702 0.716685 
1.04708 0.749677 
1.02913 0.794403 
1.02962 0.776916 
1.03088 0.759027 
1 0.814815 
1.01449 0.804844 
0.901105 0.93805 
0.906714 0.924268 
0.919848 0.916035 
0.936678 0.907682 
0.9361 0.892677 
0.944056 0.880407 
0.953862 0.866698 
0.969177 0.849757 
0.98 0.833333 
0.987114 0.820587 
1.42675 0.213511 
1.4365 0.197907 
1.44725 0.182356 
1.46 0.166667 
1.40699 0.257577 
1.4191 0.231686 
1.40352 0.244107 
1.40125 0.27168 
1.39088 0.286367 
1.38038 0.301983 
1.37012 0.317652 
1.36 0.333333 
0.84 1 
1.05864 0.700714 
1.06939 0.68283 
1.08 0.666667 
0.850005 0.984197 
0.860412 0.968699 
0.870942 0.953361 
0.881496 0.938228 
1.04804 0.729597 
1.04373 0.711679 
1.03114 0.740098 
1.01464 0.786637 
1.015 0.768177 
1.01538 0.749741 
0.985665 0.805263 
1 0.796296 
0.891353 0.923028 
0.903439 0.910882 
0.919787 0.898373 
0.927172 0.880121 
0.936505 0.864939 
0.947152 0.849084 
0.96 0.833333 
0.969903 0.816192 
1.40814 0.213182 
1.41803 0.197831 
1.42852 0.182287 
1.44 0.166667 
1.39142 0.256329 
1.39787 0.227676 
1.38483 0.242357 
1.38159 0.271618 
1.37101 0.286766 
1.36022 0.302059 
1.35008 0.31769 
1.34 0.333333 
0.82 1 
0.830122 0.984269 
1.04214 0.696345 
1.05001 0.682799 
1.06 0.666667 
0.840383 0.968647 
0.851178 0.953459 
0.862041 0.938403 
0.873024 0.923537 
1.03018 0.721444 
1.02863 0.702675 
1.01524 0.731144 
1 0.777778 
1 0.740741 
1 0.759259 
0.971366 0.797227 
0.985252 0.787308 
0.884881 0.909257 
0.898038 0.894322 
0.908429 0.879795 
0.918136 0.864532 
0.928717 0.848965 
0.94 0.833333 
0.949793 0.817051 
0.957691 0.803277 
1.38842 0.21232 
1.39857 0.197424 
1.4091 0.182175 
1.42 0.166667 
1.37303 0.256831 
1.37667 0.227282 
1.36487 0.242036 
1.36204 0.271789 
1.35108 0.286883 
1.34012 0.302083 
1.33 0.317685 
1.32 0.333333 
0.8 1 
0.810139 0.984271 
0.820437 0.968658 
1.02987 0.683568 
1.04 0.666667 
0.831291 0.953471 
0.842313 0.938445 
0.853488 0.923555 
0.864933 0.908797 
1.01473 0.712623 
1.01432 0.694549 
1 0.722222 
0.984704 0.768803 
0.984671 0.731761 
0.984473 0.750201 
0.956247 0.788299 
0.969779 0.778481 
0.876676 0.894088 
0.888041 0.879239 
0.898653 0.864212 
0.909208 0.848904 
0.92 0.833333 
0.930278 0.817007 
0.940885 0.799164 
0.942754 0.783102 
1.36772 0.212201 
1.37865 0.197166 
1.38928 0.18201 
1.4 0.166667 
1.35344 0.256888 
1.35632 0.227107 
1.34494 0.241962 
1.34224 0.271852 
1.33117 0.286933 
1.32039 0.302203 
1.30992 0.317647 
1.3 0.333333 
0.78 1 
0.790113 0.984249 
0.800324 0.968566 
0.811329 0.953453 
1.01276 0.679442 
1.02 0.666667 
0.822432 0.938441 
0.833659 0.923529 
0.845011 0.90867 
0.856438 0.893899 
1 0.703704 
1 0.685185 
0.985049 0.713613 
0.968717 0.759788 
0.96975 0.722935 
0.968753 0.740856 
0.951743 0.770197 
0.867724 0.879014 
0.878682 0.863981 
0.889351 0.848754 
0.9 0.833333 
0.935635 0.772979 
0.910231 0.817478 
0.920566 0.801315 
0.928096 0.785102 
1.34749 0.212113 
1.35854 0.197085 
1.36933 0.181935 
1.38 0.166667 
1.33359 0.256893 
1.33624 0.227043 
1.32495 0.241933 
1.32235 0.271874 
1.31129 0.286967 
1.30047 0.302212 
1.28987 0.317584 
1.28 0.333333 
0.76 1 
0.770041 0.984201 
0.780553 0.968715 
0.791371 0.953458 
0.802487 0.938433 
1 0.666667 
0.813728 0.923508 
0.82504 0.908605 
0.836367 0.893784 
0.847736 0.878951 
0.985192 0.695216 
0.986889 0.679867 
0.970687 0.70584 
0.958174 0.714537 
0.952744 0.750216 
0.952515 0.730137 
0.936325 0.758517 
0.858647 0.863865 
0.869396 0.84867 
0.88 0.833333 
0.890097 0.817535 
0.919255 0.767977 
0.900242 0.801686 
0.910038 0.785606 
1.32747 0.212094 
1.33852 0.197068 
1.34935 0.181919 
1.36 0.166667 
1.31365 0.256892 
1.31624 0.227026 
1.30496 0.241925 
1.30243 0.271883 
1.29133 0.286963 
1.28038 0.302129 
1.27009 0.317675 
1.26 0.333333 
0.74 1 
0.749945 0.984157 
0.760579 0.968743 
0.771437 0.953499 
0.782527 0.938442 
0.793762 0.923504 
1 0.577288 
1 0.592817 
1 0.609569 
1 0.627591 
1 0.646822 
0.987063 0.653432 
0.98 0.666667 
0.805044 0.908589 
0.816353 0.893734 
0.827599 0.878837 
0.838653 0.863817 
0.969177 0.68309 
0.953862 0.700032 
0.944056 0.71374 
0.936678 0.741016 
0.9361 0.726011 
0.919848 0.749368 
0.849436 0.848639 
0.906714 0.757601 
0.86 0.833333 
0.870046 0.817557 
0.880165 0.801843 
0.901105 0.771383 
0.890637 0.786439 
1.30748 0.212097 
1.31854 0.197074 
1.32937 0.181924 
1.34 0.166667 
1.29369 0.256896 
1.29626 0.227024 
1.28497 0.241939 
1.28246 0.271882 
1.27134 0.286947 
1.26053 0.302205 
1.25012 0.317689 
1.24 0.333333 
0.72 1 
0.730087 0.98427 
0.740427 0.968663 
1 0.562892 
0.751426 0.953507 
0.762548 0.93846 
0.773782 0.923513 
0.988521 0.570188 
0.785056 0.908592 
0.987183 0.585205 
0.98635 0.601326 
0.98568 0.618702 
0.985551 0.637155 
0.969766 0.649331 
0.96 0.666667 
0.796374 0.893731 
0.807632 0.878834 
0.818711 0.86382 
0.829489 0.848641 
0.947152 0.682417 
0.936505 0.698272 
0.927172 0.713454 
0.919787 0.731707 
0.903439 0.744215 
0.84 0.833333 
0.891353 0.756362 
0.850005 0.81753 
0.860412 0.802033 
0.870942 0.786694 
0.881496 0.771562 
1.2875 0.212108 
1.29857 0.19709 
1.3094 0.181934 
1.32 0.166667 
1.27371 0.256902 
1.27628 0.227037 
1.26501 0.24195 
1.26247 0.27188 
1.25133 0.286942 
1.24029 0.302084 
1.23008 0.317672 
1.22 0.333333 
0.7 1 
0.710013 0.984256 
0.720201 0.968571 
0.731336 0.953483 
1 0.549547 
1 0.537175 
0.989682 0.556617 
0.976867 0.562991 
0.742529 0.938469 
0.753785 0.923527 
0.76506 0.908606 
0.975118 0.577242 
0.776386 0.89374 
0.973369 0.592566 
0.971938 0.608962 
0.970801 0.627055 
0.954348 0.633128 
0.947781 0.65052 
0.94 0.666667 
0.787669 0.878853 
0.79875 0.863838 
0.809613 0.848685 
0.82 0.833333 
0.928717 0.682298 
0.918136 0.697865 
0.908429 0.713128 
0.898038 0.727655 
0.884881 0.742591 
0.830122 0.817602 
0.873024 0.756871 
0.840383 0.80198 
0.851178 0.786792 
0.862041 0.771736 
1.26751 0.212127 
1.27857 0.197104 
1.28948 0.181983 
1.3 0.166667 
1.25373 0.256908 
1.25629 0.22706 
1.24502 0.241969 
1.24248 0.27188 
1.23134 0.286935 
1.22051 0.302182 
1.20999 0.317613 
1.2 0.333333 
0.68 1 
0.689891 0.984217 
0.700429 0.968751 
0.711305 0.953502 
0.722495 0.938477 
0.990259 0.544551 
0.990781 0.532636 
1 0.525706 
1 0.515074 
0.978607 0.550277 
0.963638 0.56894 
0.965181 0.55433 
0.733772 0.92354 
0.745061 0.908621 
0.756388 0.893752 
0.96113 0.583559 
0.950458 0.574287 
0.767667 0.878861 
0.958214 0.599065 
0.957214 0.615057 
0.943597 0.621648 
0.936928 0.635157 
0.928727 0.650846 
0.92 0.666667 
0.778873 0.863913 
0.789518 0.848656 
0.8 0.833333 
0.810139 0.817605 
0.909208 0.682237 
0.898653 0.697545 
0.888041 0.712572 
0.876676 0.727421 
0.864933 0.74213 
0.820437 0.801991 
0.853488 0.756889 
0.831291 0.786805 
0.842313 0.771779 
1.24753 0.212151 
1.25859 0.197126 
1.2694 0.181953 
1.28 0.166667 
1.23374 0.256909 
1.23631 0.227075 
1.22502 0.241968 
1.22249 0.271874 
1.21136 0.286929 
1.20035 0.302074 
1.19011 0.317665 
1.18 0.333333 
0.66 1 
0.67002 0.984289 
0.680235 0.96867 
0.691302 0.953532 
0.702477 0.938494 
0.713757 0.923553 
0.981607 0.538151 
0.982527 0.529203 
0.990294 0.521029 
1 0.505 
0.992712 0.511671 
0.994817 0.5 
1 0.495 
0.970456 0.542256 
0.952796 0.561156 
0.942666 0.566011 
0.960213 0.544099 
0.953643 0.55047 
0.725053 0.908636 
0.736381 0.893765 
0.747658 0.87887 
0.945704 0.58914 
0.936815 0.576914 
0.758729 0.863846 
0.940818 0.60545 
0.928679 0.619451 
0.918759 0.6354 
0.909227 0.650932 
0.9 0.666667 
0.769582 0.848684 
0.78 0.833333 
0.790113 0.817582 
0.800324 0.801899 
0.889351 0.682087 
0.878682 0.697315 
0.867724 0.712347 
0.856438 0.727232 
0.845011 0.742003 
0.811329 0.786787 
0.833659 0.756862 
0.822432 0.771774 
1.22759 0.212174 
1.23863 0.197152 
1.24947 0.181998 
1.26 0.166667 
1.21375 0.256901 
1.21634 0.227078 
1.20503 0.241955 
1.2025 0.271862 
1.19138 0.286918 
1.18055 0.302175 
1.17001 0.317615 
1.16 0.333333 
0.64 1 
0.649925 0.98425 
0.660471 0.968809 
0.671315 0.953556 
0.682476 0.938512 
0.69375 0.923565 
0.70505 0.908649 
0.930427 0.563951 
0.972844 0.531329 
0.978085 0.521098 
0.983627 0.512252 
0.98964 0.505 
0.989628 0.495 
0.993208 0.487997 
1 0.484926 
0.961076 0.5342 
0.941185 0.552899 
0.949054 0.539279 
0.917761 0.564133 
0.716367 0.893774 
0.727643 0.878877 
0.738846 0.863917 
0.928209 0.590629 
0.923209 0.577457 
0.910858 0.573265 
0.74949 0.848654 
0.920277 0.604817 
0.909463 0.620089 
0.899428 0.635597 
0.889699 0.651078 
0.88 0.666667 
0.76 0.833333 
0.770041 0.817534 
0.780553 0.802049 
0.791371 0.786792 
0.869396 0.682003 
0.858647 0.697199 
0.847736 0.712285 
0.836367 0.727118 
0.82504 0.741938 
0.802487 0.771766 
0.813728 0.756841 
1.20763 0.212176 
1.21878 0.197214 
1.22945 0.181977 
1.24 0.166667 
1.19375 0.256875 
1.19637 0.227063 
1.18506 0.241925 
1.18247 0.271814 
1.17122 0.286799 
1.16056 0.302148 
1.15016 0.317658 
1.14 0.333333 
0.62 1 
0.63012 0.984334 
0.640516 0.968825 
0.651211 0.953491 
0.662458 0.938506 
0.673743 0.923569 
0.685036 0.908653 
0.696358 0.89378 
0.925363 0.551796 
0.966388 0.523491 
0.972263 0.513684 
0.978437 0.505 
0.978462 0.495 
0.983816 0.485808 
0.992512 0.479241 
1 0.474294 
0.953853 0.525852 
0.933401 0.539958 
0.940242 0.527536 
0.904286 0.56369 
0.911343 0.55201 
0.707611 0.878876 
0.71871 0.863861 
0.7295 0.848664 
0.910308 0.588432 
0.897968 0.576547 
0.74 0.833333 
0.899903 0.604958 
0.889644 0.62027 
0.879669 0.635646 
0.869837 0.651105 
0.86 0.666667 
0.749945 0.81749 
0.760579 0.802076 
0.771437 0.786832 
0.782527 0.771775 
0.849436 0.681973 
0.838653 0.69715 
0.827599 0.71217 
0.816353 0.727067 
0.805044 0.741922 
0.793762 0.756837 
1.18765 0.212149 
1.19878 0.197194 
1.20944 0.18196 
1.22 0.166667 
1.17373 0.256804 
1.17642 0.227037 
1.16509 0.241868 
1.16233 0.271675 
1.15128 0.286771 
1.14041 0.302011 
1.13018 0.317603 
1.12 0.333333 
0.6 1 
0.610149 0.984322 
0.620397 0.968735 
0.631334 0.953545 
0.642457 0.938494 
0.653741 0.923561 
0.665039 0.908651 
0.676358 0.89378 
0.687606 0.87888 
0.918678 0.540087 
1 0.462825 
1 0.450453 
0.959765 0.514809 
0.966304 0.505 
0.966462 0.495 
0.971374 0.486721 
0.97506 0.478011 
0.983349 0.473801 
0.991185 0.46815 
0.946599 0.515807 
0.925884 0.52815 
0.932737 0.51627 
0.890358 0.564097 
0.897431 0.55209 
0.904535 0.540257 
0.698733 0.86389 
0.709707 0.848771 
0.72 0.833333 
0.882493 0.576534 
0.890043 0.591084 
0.730087 0.817603 
0.879747 0.605064 
0.869642 0.620274 
0.85974 0.635598 
0.849883 0.651054 
0.84 0.666667 
0.740427 0.801997 
0.751426 0.78684 
0.762548 0.771793 
0.773782 0.756847 
0.829489 0.681974 
0.818711 0.697154 
0.807632 0.712167 
0.796374 0.727064 
0.785056 0.741926 
1.16774 0.212139 
1.17873 0.197125 
1.18952 0.181979 
1.2 0.166667 
1.15365 0.256667 
1.15653 0.227011 
1.14517 0.24177 
1.1421 0.271463 
1.13106 0.28654 
1.12048 0.301868 
1.11021 0.317467 
1.1 0.333333 
0.58 1 
0.590091 0.984251 
0.6006 0.968797 
0.61139 0.95354 
0.622497 0.938492 
0.63375 0.923548 
0.645055 0.908641 
0.656353 0.893764 
0.667601 0.878867 
0.67871 0.863883 
0.911637 0.528431 
1 0.437108 
0.990068 0.456298 
0.989043 0.44353 
0.953163 0.505 
0.953532 0.495 
0.959519 0.485461 
0.965559 0.476785 
0.973447 0.468797 
0.98118 0.462441 
0.93935 0.505 
0.91861 0.51662 
0.925394 0.505 
0.869592 0.572672 
0.876431 0.563533 
0.88351 0.552106 
0.89055 0.540354 
0.89757 0.528541 
0.689675 0.848805 
0.7 0.833333 
0.710013 0.817589 
0.869543 0.588227 
0.856884 0.57632 
0.720201 0.801904 
0.859428 0.604928 
0.849603 0.62014 
0.839766 0.635435 
0.829904 0.650962 
0.82 0.666667 
0.731336 0.786816 
0.742529 0.771802 
0.753785 0.756861 
0.76506 0.74194 
0.809613 0.682018 
0.79875 0.697172 
0.787669 0.712186 
0.776386 0.727074 
1.14789 0.212149 
1.15894 0.19718 
1.16951 0.181954 
1.18 0.166667 
1.13346 0.256401 
1.13676 0.227016 
1.12549 0.241641 
1.11075 0.286159 
1.12176 0.271148 
1.10028 0.301447 
1.09044 0.317258 
1.08 0.333333 
-0.5 0.833333 
-0.5 0.814815 
0.56 1 
0.570049 0.984174 
0.580573 0.968721 
0.591461 0.953534 
0.60254 0.938481 
0.613775 0.923536 
0.625044 0.908617 
0.636355 0.89374 
0.647594 0.878835 
0.658724 0.863868 
0.669611 0.848748 
1 0.422712 
1 0.407183 
0.90455 0.516742 
0.988063 0.429738 
0.978954 0.450472 
0.976977 0.437369 
0.939862 0.495 
0.94663 0.484524 
0.953582 0.474807 
0.961269 0.465899 
0.969757 0.457839 
0.92591 0.495 
0.911439 0.505 
0.911956 0.495 
0.86293 0.563603 
0.869679 0.552099 
0.876611 0.540397 
0.883579 0.528593 
0.890547 0.516782 
0.849151 0.564407 
0.68 0.833333 
0.689891 0.81755 
0.700429 0.802084 
0.848598 0.59085 
0.841683 0.576977 
0.82936 0.573909 
0.711305 0.786835 
0.839398 0.604869 
0.829629 0.619721 
0.819794 0.635198 
0.809927 0.65085 
0.8 0.666667 
0.722495 0.77181 
0.733772 0.756873 
0.745061 0.741954 
0.756388 0.727086 
0.789518 0.681989 
0.778873 0.697246 
0.767667 0.712194 
1.12814 0.21224 
1.13895 0.197131 
1.14962 0.181966 
1.16 0.166667 
1.11349 0.255914 
1.11724 0.227194 
1.10678 0.241532 
1.09026 0.285156 
1.10069 0.270794 
1.08123 0.301246 
1.07246 0.285064 
1.07096 0.317428 
1.06 0.333333 
-0.487112 0.820322 
-0.48 0.833333 
-0.5 0.796296 
-0.485515 0.804844 
0.54 1 
0.550211 0.984283 
0.560686 0.968771 
0.571505 0.953524 
0.58258 0.938471 
1 0.390431 
0.593801 0.923523 
0.605083 0.908607 
0.616366 0.893721 
0.627596 0.878802 
0.638656 0.863788 
0.649541 0.848664 
0.66 0.833333 
0.987012 0.414823 
0.986023 0.398406 
0.835484 0.564242 
0.897483 0.505 
0.975135 0.423115 
0.966646 0.445486 
0.96394 0.432028 
0.933011 0.483799 
0.940297 0.473143 
0.948225 0.463184 
0.957033 0.454041 
0.919081 0.483263 
0.898001 0.495 
0.905066 0.482949 
0.85587 0.552376 
0.862726 0.540494 
0.869633 0.528649 
0.876577 0.516813 
0.883527 0.505 
0.842123 0.552576 
0.822212 0.564677 
0.67002 0.817622 
0.680235 0.802004 
0.691302 0.786865 
0.828185 0.587561 
0.819286 0.576073 
0.702477 0.771827 
0.819349 0.603572 
0.809692 0.61924 
0.799841 0.634982 
0.789928 0.650804 
0.78 0.666667 
0.713757 0.756886 
0.725053 0.741969 
0.736381 0.727099 
0.747658 0.712203 
0.769582 0.682017 
0.758729 0.697179 
1.10849 0.212617 
1.11925 0.197192 
1.12963 0.181947 
1.14 0.166667 
1.09523 0.254574 
1.09769 0.228055 
1.09155 0.241396 
1.08014 0.267742 
1.06299 0.301123 
1.05543 0.28572 
1.06313 0.273421 
1.05233 0.317465 
1.04 0.333333 
-0.46 0.833333 
-0.469739 0.816589 
-0.5 0.777778 
-0.485362 0.786637 
-0.470873 0.794403 
-0.5 0.759259 
0.52 1 
1.02 0.333333 
0.530204 0.984289 
0.5407 0.96878 
0.551532 0.953526 
0.562603 0.938462 
0.573817 0.923512 
1 0.372409 
1 0.353178 
0.98564 0.381234 
0.585075 0.908586 
0.596377 0.893709 
0.607621 0.87879 
0.618691 0.863766 
0.62947 0.848605 
0.64 0.833333 
0.649925 0.817584 
0.972788 0.407847 
0.969857 0.390354 
0.828384 0.552861 
0.884047 0.495 
0.961008 0.417785 
0.953174 0.44131 
0.95003 0.428184 
0.92631 0.471861 
0.934039 0.46076 
0.943115 0.450588 
0.912253 0.470936 
0.891028 0.482878 
0.898079 0.470574 
0.848878 0.540645 
0.855714 0.52873 
0.862623 0.516848 
0.869572 0.505 
0.870093 0.495 
0.835048 0.540844 
0.808003 0.567705 
0.814699 0.553593 
0.660471 0.802142 
0.671315 0.786889 
0.682476 0.771845 
0.808848 0.586529 
0.69375 0.756899 
0.799368 0.603307 
0.789711 0.619159 
0.779864 0.634949 
0.769943 0.650773 
0.76 0.666667 
0.70505 0.741982 
0.716367 0.727108 
0.727643 0.712211 
0.738846 0.697251 
0.74949 0.681987 
1.08919 0.213405 
1.0993 0.197536 
1.10965 0.181993 
1.12 0.166667 
1.07872 0.249958 
1.0794 0.231208 
1.0627 0.257745 
1.04553 0.299833 
1.04136 0.285296 
1.04711 0.269606 
1.03026 0.316589 
1.01289 0.320322 
-0.44 0.833333 
-0.447666 0.817465 
-0.454467 0.799833 
-0.485001 0.768177 
-0.470382 0.776916 
-0.458636 0.785296 
-0.5 0.740741 
-0.484623 0.749741 
-0.5 0.722222 
0.5 1 
0.510126 0.984259 
0.48 1 
1 0.333333 
0.520504 0.968662 
0.531482 0.953496 
0.542596 0.938449 
0.553821 0.923503 
0.565078 0.908581 
0.985733 0.362915 
0.987108 0.346745 
0.971773 0.372895 
0.960012 0.379695 
0.57639 0.893708 
0.587643 0.878795 
0.598737 0.863773 
0.609616 0.848619 
0.62 0.833333 
0.63012 0.817667 
0.640516 0.802158 
0.957643 0.402641 
0.955112 0.389763 
0.821235 0.54114 
0.877024 0.482948 
0.94596 0.413418 
0.938282 0.437531 
0.937571 0.424734 
0.919765 0.458695 
0.927925 0.446729 
0.905278 0.457803 
0.88396 0.470724 
0.890897 0.458123 
0.841808 0.528843 
0.848677 0.516892 
0.855616 0.505 
0.863067 0.483039 
0.856139 0.495 
0.827914 0.52899 
0.795965 0.575339 
0.794245 0.563715 
0.801135 0.553758 
0.807408 0.541401 
0.651211 0.786824 
0.662458 0.771839 
0.673743 0.756902 
0.788948 0.587888 
0.685036 0.741986 
0.779658 0.603452 
0.769854 0.619123 
0.759927 0.634896 
0.749969 0.650745 
0.74 0.666667 
0.696358 0.727114 
0.707611 0.712209 
0.71871 0.697194 
0.7295 0.681997 
1.07127 0.214521 
1.07954 0.19851 
1.08961 0.182235 
1.1 0.166667 
1 0.0185185 
1 0 
1.06332 0.240995 
1.06381 0.226602 
1.05702 0.216685 
1.04708 0.249677 
1.02913 0.294403 
1.02962 0.276916 
1.03088 0.259027 
1.01449 0.304844 
1 0.314815 
-0.42 0.833333 
-0.429039 0.817428 
-0.437005 0.801123 
-0.444565 0.78572 
-0.469117 0.759027 
-0.452892 0.769606 
-0.484761 0.731144 
-0.468862 0.740098 
-0.5 0.703704 
-0.485272 0.712623 
-0.5 0.685185 
0.46 1 
0.490009 0.984213 
0.50056 0.968737 
0.469918 0.984187 
0.987114 0.320587 
0.98 0.333333 
0.511426 0.95348 
0.522563 0.938434 
0.53381 0.923492 
0.545081 0.908576 
0.556401 0.893712 
0.96988 0.351028 
0.956108 0.366325 
0.946595 0.379783 
0.567668 0.878816 
0.578747 0.863793 
0.589641 0.848644 
0.6 0.833333 
0.610149 0.817656 
0.620397 0.802068 
0.631334 0.786879 
0.941128 0.396689 
0.814024 0.529147 
0.869968 0.470978 
0.928829 0.413609 
0.923061 0.430845 
0.912809 0.443978 
0.897864 0.444503 
0.876771 0.458812 
0.883428 0.446325 
0.834736 0.516951 
0.84166 0.505 
0.842185 0.495 
0.85606 0.471153 
0.84913 0.483124 
0.820805 0.517023 
0.779557 0.570454 
0.786112 0.553928 
0.79333 0.541514 
0.800086 0.529251 
0.642457 0.771827 
0.653741 0.756894 
0.665039 0.741985 
0.770168 0.588005 
0.763059 0.575331 
0.676358 0.727113 
0.760003 0.603291 
0.749964 0.618993 
0.739984 0.634817 
0.729993 0.650713 
0.72 0.666667 
0.687606 0.712213 
0.698733 0.697223 
0.709707 0.682104 
1.05864 0.200714 
1.06939 0.18283 
1.08 0.166667 
1 0.037037 
0.985192 0.0285497 
0.986889 0.0132001 
0.98 0 
1.04804 0.229597 
1.04373 0.211679 
1.03114 0.240098 
1.01464 0.286637 
1.015 0.268177 
1.01538 0.249741 
0.985665 0.305263 
1 0.296296 
-0.4 0.833333 
-0.409563 0.817258 
-0.418768 0.801246 
-0.427544 0.785064 
-0.436868 0.773421 
-0.452918 0.749677 
-0.437302 0.757745 
-0.469817 0.721444 
-0.451959 0.729597 
-0.48568 0.694549 
-0.471373 0.702675 
-0.487239 0.679442 
-0.5 0.666667 
0.44 1 
0.450049 0.984282 
0.480531 0.968754 
0.491411 0.953499 
0.460333 0.968669 
0.969903 0.316192 
0.96 0.333333 
0.502533 0.938431 
0.513791 0.923484 
0.525073 0.908568 
0.536405 0.893711 
0.547679 0.878826 
0.948943 0.349245 
0.938203 0.365184 
0.929014 0.381066 
0.55883 0.863857 
0.569527 0.848632 
0.58 0.833333 
0.590091 0.817585 
0.6006 0.802131 
0.61139 0.786874 
0.622497 0.771825 
0.919893 0.397364 
0.806876 0.517085 
0.862933 0.459179 
0.910974 0.413786 
0.904246 0.428812 
0.889638 0.432462 
0.869433 0.447294 
0.875299 0.435953 
0.827705 0.505 
0.828231 0.495 
0.849078 0.459341 
0.835228 0.483123 
0.842187 0.471252 
0.813749 0.505 
0.764522 0.563523 
0.772549 0.553952 
0.779207 0.54149 
0.786079 0.529257 
0.792924 0.5171 
0.750871 0.567584 
0.63375 0.756882 
0.645055 0.741974 
0.656353 0.727097 
0.750215 0.586939 
0.667601 0.712201 
0.740161 0.603232 
0.730173 0.618945 
0.720023 0.634728 
0.710002 0.650678 
0.7 0.666667 
0.67871 0.697217 
0.689675 0.682139 
1.04214 0.196345 
1.05001 0.182799 
1.06 0.166667 
1 0.0555556 
1 0.0740741 
0.985049 0.0469463 
0.970687 0.0391729 
0.969177 0.0164232 
0.96 0 
1.03018 0.221444 
1.02863 0.202675 
1.01524 0.231144 
1 0.277778 
1 0.259259 
1 0.240741 
0.971366 0.297227 
0.985252 0.287308 
-0.38 0.833333 
-0.389789 0.817467 
-0.39972 0.801447 
-0.409739 0.785156 
-0.419865 0.767742 
-0.421276 0.749958 
-0.436681 0.740995 
-0.436191 0.726602 
-0.456268 0.711679 
-0.442979 0.716685 
-0.457864 0.696345 
-0.470134 0.683568 
-0.48 0.666667 
0.42 1 
0.4 1 
0.38 1 
0.430011 0.984281 
0.440104 0.968577 
0.471362 0.953501 
0.482513 0.938441 
0.451269 0.953479 
0.957691 0.303277 
0.949793 0.317051 
0.94 0.333333 
0.493775 0.923485 
0.505062 0.908556 
0.516403 0.893706 
0.527698 0.878834 
0.538777 0.863827 
0.929335 0.349305 
0.91922 0.36538 
0.909496 0.381469 
0.549642 0.848665 
0.56 0.833333 
0.570049 0.817507 
0.580573 0.802054 
0.591461 0.786867 
0.60254 0.771815 
0.613775 0.756869 
0.899916 0.397563 
0.799793 0.505 
0.855795 0.447406 
0.889902 0.414521 
0.878583 0.42466 
0.862372 0.435987 
0.868431 0.426496 
0.814277 0.495 
0.821313 0.483089 
0.842208 0.447566 
0.83533 0.459413 
0.82834 0.471208 
0.800323 0.495 
0.757799 0.552965 
0.765143 0.541137 
0.772048 0.529155 
0.778946 0.517067 
0.785838 0.505 
0.738194 0.575414 
0.737398 0.563793 
0.744379 0.553123 
0.625044 0.74195 
0.636355 0.727074 
0.647594 0.712169 
0.730478 0.588333 
0.658724 0.697201 
0.720646 0.603122 
0.710299 0.618803 
0.700072 0.634673 
0.689977 0.650644 
0.68 0.666667 
0.669611 0.682081 
1.02987 0.183568 
1.04 0.166667 
1 0.0925926 
1 0.111111 
0.984671 0.0650947 
0.984473 0.0835344 
0.96975 0.0562681 
0.958174 0.0478699 
0.953862 0.033365 
0.947152 0.0157505 
0.94 0 
1.01473 0.212623 
1.01432 0.194549 
1 0.222222 
0.984704 0.268803 
0.984473 0.250201 
0.984671 0.231761 
0.956247 0.288299 
0.969779 0.278481 
0.36 1 
0.34 1 
0.32 1 
0.3 1 
0.28 1 
0.26 1 
-0.36 0.833333 
-0.369816 0.817603 
-0.379525 0.801868 
-0.389246 0.786159 
-0.39931 0.770794 
-0.404772 0.754574 
-0.408446 0.741396 
-0.4206 0.731208 
-0.428732 0.714521 
-0.441355 0.700714 
-0.449993 0.682799 
-0.46 0.666667 
0.24 1 
0.409958 0.984271 
0.389882 0.984245 
0.370043 0.984311 
0.419976 0.96856 
0.43118 0.953464 
0.462483 0.93845 
0.473764 0.923497 
0.442445 0.938456 
0.942754 0.283102 
0.940885 0.299164 
0.930278 0.317007 
0.92 0.333333 
0.485054 0.908559 
0.496392 0.8937 
0.507702 0.878832 
0.518948 0.863922 
0.529543 0.848645 
0.909645 0.349355 
0.899401 0.365372 
0.88959 0.381169 
0.54 0.833333 
0.550211 0.817617 
0.560686 0.802104 
0.571505 0.786858 
0.58258 0.771804 
0.605083 0.74194 
0.593801 0.756856 
0.879693 0.396863 
0.786369 0.495 
0.848923 0.435457 
0.869554 0.412458 
0.85635 0.423318 
0.835485 0.436206 
0.807379 0.483006 
0.81444 0.471118 
0.828624 0.44762 
0.821541 0.459246 
0.793427 0.482913 
0.75098 0.541045 
0.757999 0.529041 
0.764947 0.516982 
0.771882 0.505 
0.772415 0.495 
0.721999 0.570339 
0.729149 0.553819 
0.736843 0.541126 
0.707307 0.562513 
0.616366 0.727054 
0.627596 0.712136 
0.638656 0.697122 
0.711318 0.587424 
0.705074 0.574231 
0.649541 0.681998 
0.700687 0.602756 
0.690227 0.618611 
0.680021 0.634639 
0.66997 0.650655 
0.66 0.666667 
1.01276 0.179442 
1.02 0.166667 
1 0.12963 
1 0.148148 
0.984704 0.102136 
0.985252 0.120641 
0.968753 0.0741895 
0.968717 0.0931217 
0.952515 0.06347 
0.944056 0.0470737 
0.936505 0.0316058 
0.928717 0.0156314 
0.92 0 
1 0.203704 
1 0.185185 
0.985049 0.213613 
0.968717 0.259788 
0.96975 0.222935 
0.968753 0.240856 
0.951743 0.270197 
0.349996 0.984284 
0.330112 0.984339 
0.310075 0.984311 
0.289988 0.98427 
0.269862 0.98425 
0.250018 0.984306 
-0.34 0.833333 
-0.34984 0.817658 
-0.359591 0.802011 
-0.368941 0.78654 
-0.378243 0.771148 
-0.386514 0.755914 
-0.393219 0.741532 
-0.402313 0.728055 
-0.410811 0.713405 
-0.420458 0.69851 
-0.430606 0.68283 
-0.44 0.666667 
0.22 1 
0.2 1 
0.22994 0.984263 
0.18 1 
0.16 1 
0.400367 0.968769 
0.380252 0.968706 
0.360507 0.968839 
0.411214 0.953505 
0.422429 0.938471 
0.453754 0.923513 
0.465055 0.908582 
0.433747 0.92353 
0.935635 0.272979 
0.928096 0.285102 
0.920566 0.301315 
0.910231 0.317478 
0.9 0.333333 
0.476391 0.893706 
0.487668 0.878815 
0.498859 0.863866 
0.509518 0.848635 
0.52 0.833333 
0.889673 0.349309 
0.879482 0.365072 
0.869627 0.380373 
0.530204 0.817623 
0.5407 0.802113 
0.551532 0.786859 
0.562603 0.771795 
0.573817 0.756845 
0.596377 0.727042 
0.585075 0.741919 
0.859677 0.394848 
0.779469 0.482858 
0.841706 0.423581 
0.849691 0.408292 
0.828987 0.426996 
0.822222 0.436076 
0.800503 0.47079 
0.807625 0.458833 
0.814903 0.447086 
0.786532 0.470559 
0.743931 0.528981 
0.750954 0.516974 
0.757926 0.505 
0.758461 0.495 
0.765511 0.482898 
0.715837 0.55346 
0.722754 0.54124 
0.729901 0.529052 
0.693513 0.565882 
0.701396 0.552666 
0.607621 0.712123 
0.618691 0.6971 
0.62947 0.681939 
0.691229 0.584873 
0.64 0.666667 
0.680303 0.602196 
0.670024 0.618608 
0.659946 0.634687 
0.649946 0.650671 
1 0.166667 
0.985665 0.138597 
0.987114 0.153921 
0.969779 0.111814 
0.971366 0.13056 
0.952744 0.083549 
0.951743 0.103531 
0.936678 0.0743491 
0.9361 0.0593439 
0.927172 0.0467875 
0.918136 0.0311987 
0.909208 0.0155707 
0.9 0 
0.985192 0.195216 
0.986889 0.179867 
0.970687 0.20584 
0.958174 0.214537 
0.952744 0.250216 
0.952515 0.230137 
0.936325 0.258517 
0.340392 0.968769 
0.320245 0.968688 
0.30019 0.968625 
0.280414 0.968785 
0.260233 0.968703 
0.240475 0.968825 
-0.32 0.833333 
-0.329986 0.817615 
-0.339442 0.802148 
-0.348723 0.786771 
-0.357897 0.771463 
-0.36654 0.756401 
-0.374511 0.741641 
-0.38276 0.727194 
-0.391509 0.712617 
-0.400699 0.697536 
-0.410387 0.682235 
-0.42 0.666667 
0.14 1 
0.210049 0.984304 
0.189834 0.984196 
0.220341 0.968737 
0.170124 0.984342 
0.150205 0.984364 
0.39128 0.953549 
0.371334 0.95358 
0.351384 0.953605 
0.402449 0.938498 
0.413751 0.92355 
0.445074 0.908606 
0.456407 0.893731 
0.42508 0.908629 
0.919255 0.267977 
0.910038 0.285606 
0.900242 0.301686 
0.890097 0.317535 
0.88 0.333333 
0.467679 0.878834 
0.478778 0.863829 
0.489739 0.848707 
0.5 0.833333 
0.510126 0.817593 
0.86974 0.34911 
0.859505 0.364621 
0.849813 0.379662 
0.520504 0.801995 
0.531482 0.78683 
0.542596 0.771783 
0.553821 0.756836 
0.565078 0.741914 
0.587643 0.712129 
0.57639 0.727042 
0.83968 0.394989 
0.772565 0.470544 
0.82909 0.412033 
0.816704 0.423789 
0.808631 0.434734 
0.793621 0.458174 
0.800774 0.44601 
0.779606 0.457879 
0.736966 0.516978 
0.74397 0.505 
0.744507 0.495 
0.75154 0.483028 
0.75861 0.470759 
0.708869 0.540975 
0.715923 0.52901 
0.722991 0.516978 
0.680607 0.572584 
0.681072 0.561827 
0.687901 0.55246 
0.694948 0.540707 
0.598737 0.697106 
0.609616 0.681953 
0.62 0.666667 
0.669811 0.585599 
0.629963 0.650724 
0.659849 0.602726 
0.649823 0.618786 
0.639919 0.634771 
0.98 0.166667 
0.969903 0.149526 
0.956247 0.121632 
0.957691 0.136611 
0.942754 0.116435 
0.936325 0.0918507 
0.935635 0.106313 
0.919848 0.0827014 
0.919787 0.0650399 
0.908429 0.0464613 
0.898653 0.0308788 
0.889351 0.0154208 
0.88 0 
0.969177 0.18309 
0.953862 0.200032 
0.944056 0.21374 
0.936678 0.241016 
0.9361 0.226011 
0.919848 0.249368 
0.331348 0.95358 
0.311289 0.95354 
0.291294 0.953547 
0.271302 0.953564 
0.251321 0.953579 
0.231358 0.953592 
-0.3 0.833333 
-0.309895 0.817665 
-0.319446 0.802175 
-0.328777 0.786799 
-0.33767 0.771675 
-0.346347 0.756667 
-0.354831 0.74177 
-0.363236 0.727016 
-0.371864 0.71224 
-0.380747 0.697192 
-0.390346 0.681993 
-0.4 0.666667 
0.12 1 
0.1 1 
0.130239 0.984321 
0.08 1 
0.06 1 
0.200514 0.96883 
0.180582 0.968865 
0.211386 0.9536 
0.160644 0.968879 
0.14063 0.968812 
0.382483 0.938525 
0.362519 0.938547 
0.342534 0.938553 
0.393768 0.92357 
0.405089 0.908647 
0.436426 0.893761 
0.447709 0.878867 
0.416438 0.893783 
0.906714 0.257601 
0.901105 0.271383 
0.890637 0.286439 
0.880165 0.301843 
0.870046 0.317557 
0.86 0.333333 
0.458862 0.863898 
0.469631 0.8487 
0.48 0.833333 
0.490009 0.817547 
0.50056 0.80207 
0.849826 0.348972 
0.839814 0.364487 
0.829807 0.380005 
0.511426 0.786813 
0.522563 0.771767 
0.53381 0.756825 
0.545081 0.741909 
0.556401 0.727045 
0.578747 0.697126 
0.567668 0.712149 
0.819567 0.395704 
0.765647 0.458143 
0.808929 0.410056 
0.804869 0.423321 
0.794218 0.432446 
0.786686 0.444884 
0.772581 0.44488 
0.730015 0.505 
0.730553 0.495 
0.737554 0.483118 
0.744612 0.471045 
0.75178 0.458852 
0.701996 0.528864 
0.709027 0.516957 
0.716059 0.505 
0.667848 0.566471 
0.673802 0.552195 
0.681012 0.540577 
0.688058 0.528769 
0.656224 0.574662 
0.65449 0.562946 
0.589641 0.681977 
0.6 0.666667 
0.609972 0.650742 
0.649225 0.587952 
0.619942 0.634829 
0.639926 0.603214 
0.629995 0.61897 
0.96 0.166667 
0.949793 0.150385 
0.940885 0.132497 
0.928096 0.118435 
0.919255 0.101311 
0.906714 0.0909347 
0.903439 0.0775482 
0.898038 0.0609886 
0.888041 0.0459054 
0.878682 0.030648 
0.869396 0.0153363 
0.86 0 
0.947152 0.182417 
0.936505 0.198272 
0.927172 0.213454 
0.919787 0.231707 
0.903439 0.244215 
0.322516 0.938539 
0.302494 0.938527 
0.282486 0.938529 
0.262491 0.938537 
0.242509 0.938547 
0.222533 0.938557 
-0.28 0.833333 
-0.290008 0.817613 
-0.29965 0.802074 
-0.308625 0.786918 
-0.317527 0.771814 
-0.326274 0.756804 
-0.334907 0.741868 
-0.343466 0.727011 
-0.352113 0.712149 
-0.361052 0.697131 
-0.370368 0.681947 
-0.38 0.666667 
0.110286 0.984219 
0.0903944 0.984065 
0.120593 0.968639 
0.02 1 
0.04 1 
0.0709735 0.984263 
0.0525503 0.98427 
0.191448 0.953629 
0.171378 0.953572 
0.202563 0.938567 
0.151384 0.953546 
0.131144 0.95334 
0.373786 0.923587 
0.353802 0.923598 
0.333805 0.923599 
0.385103 0.90866 
0.39643 0.893788 
0.427761 0.878905 
0.438832 0.863887 
0.407761 0.878914 
0.891353 0.256362 
0.881496 0.271562 
0.870942 0.286694 
0.860412 0.302033 
0.850005 0.31753 
0.84 0.333333 
0.449636 0.84872 
0.46 0.833333 
0.469918 0.81752 
0.480531 0.802087 
0.491411 0.786833 
0.829977 0.348979 
0.819954 0.36468 
0.810012 0.380509 
0.502533 0.771765 
0.513791 0.756817 
0.525073 0.741901 
0.536405 0.727045 
0.547679 0.712159 
0.569527 0.681966 
0.55883 0.69719 
0.799883 0.396635 
0.758736 0.445922 
0.790839 0.415007 
0.779314 0.429893 
0.765499 0.432558 
0.716599 0.495 
0.723577 0.483087 
0.730575 0.471184 
0.737587 0.459193 
0.744434 0.44714 
0.695084 0.516901 
0.702103 0.505 
0.702644 0.495 
0.660836 0.552625 
0.667206 0.540616 
0.674157 0.528715 
0.681148 0.516862 
0.639475 0.569887 
0.645723 0.553643 
0.58 0.666667 
0.589994 0.650742 
0.599956 0.634845 
0.630428 0.587681 
0.62311 0.575151 
0.610133 0.619051 
0.620259 0.60317 
0.94 0.166667 
0.930278 0.15034 
0.920566 0.134648 
0.910038 0.118939 
0.901105 0.104717 
0.891353 0.089695 
0.884881 0.0759241 
0.876676 0.0607545 
0.867724 0.0456803 
0.858647 0.0305321 
0.849436 0.015306 
0.84 0 
0.928717 0.182298 
0.918136 0.197865 
0.908429 0.213128 
0.898038 0.227655 
0.884881 0.242591 
0.313794 0.923591 
0.293783 0.923587 
0.273777 0.923589 
0.253787 0.923597 
0.233806 0.923607 
0.213825 0.923614 
0.0129894 0.986891 
0 1 
-0.26 0.833333 
-0.269916 0.817672 
-0.27949 0.802182 
-0.288641 0.786929 
-0.2975 0.771862 
-0.306248 0.756875 
-0.314944 0.741925 
-0.323575 0.727037 
-0.332262 0.712139 
-0.341064 0.69718 
-0.350375 0.681966 
-0.36 0.666667 
0.100582 0.968326 
0.081198 0.968243 
0.110802 0.952878 
0.0302794 0.983455 
0.0630347 0.968153 
0.0460164 0.966877 
0.182563 0.938554 
0.162506 0.938495 
0.193835 0.923611 
0.142198 0.938287 
0.121298 0.937897 
0.365091 0.908668 
0.345117 0.908675 
0.325101 0.908672 
0.376421 0.893788 
0.387695 0.878891 
0.41909 0.864017 
0.429573 0.84869 
0.398867 0.863925 
0.873024 0.256871 
0.862041 0.271736 
0.851178 0.286792 
0.840383 0.30198 
0.830122 0.317602 
0.82 0.333333 
0.44 0.833333 
0.450049 0.817615 
0.460333 0.802002 
0.471362 0.786834 
0.482513 0.771774 
0.810073 0.349124 
0.800018 0.364954 
0.790003 0.381015 
0.493775 0.756818 
0.505062 0.741889 
0.516403 0.72704 
0.527698 0.712168 
0.538777 0.69716 
0.56 0.666667 
0.549642 0.681998 
0.779947 0.397518 
0.62413 0.563338 
0.750848 0.435195 
0.768714 0.41518 
0.754793 0.42426 
0.709627 0.483031 
0.716566 0.471131 
0.723576 0.459229 
0.730531 0.447525 
0.737097 0.436137 
0.688148 0.505 
0.68869 0.495 
0.695708 0.482961 
0.653205 0.540834 
0.660216 0.52876 
0.66721 0.516853 
0.674192 0.505 
0.632469 0.553725 
0.639174 0.541253 
0.610794 0.567494 
0.570012 0.650717 
0.580104 0.634843 
0.59025 0.619102 
0.610572 0.586709 
0.600509 0.603394 
0.92 0.166667 
0.910231 0.150812 
0.900242 0.135019 
0.890637 0.119772 
0.881496 0.104895 
0.873024 0.0902038 
0.864933 0.0754636 
0.856438 0.0605653 
0.847736 0.045618 
0.838653 0.0304832 
0.829489 0.0153076 
0.82 0 
0.909208 0.182237 
0.898653 0.197545 
0.888041 0.212572 
0.876676 0.227421 
0.864933 0.24213 
0.305113 0.908666 
0.285086 0.908663 
0.265089 0.908668 
0.245114 0.908682 
0.22513 0.908693 
0.205132 0.908692 
0.0145785 0.971487 
0 0.981481 
-0.24 0.833333 
-0.249882 0.817689 
-0.259714 0.802084 
-0.268662 0.786935 
-0.277513 0.771874 
-0.286254 0.756901 
-0.29497 0.741955 
-0.303629 0.727063 
-0.31235 0.712149 
-0.321274 0.697125 
-0.330492 0.681954 
-0.34 0.666667 
0.0904591 0.952007 
0.0721815 0.952681 
0.100737 0.937061 
0.0292898 0.960949 
0.0552887 0.952586 
0.0413567 0.95217 
0.0627785 0.940372 
0.173825 0.923579 
0.153744 0.923474 
0.185141 0.908687 
0.133519 0.923209 
0.113866 0.922766 
0.356418 0.89379 
0.336424 0.893792 
0.316426 0.893786 
0.367666 0.878881 
0.378793 0.863899 
0.40952 0.848667 
0.42 0.833333 
0.389565 0.848694 
0.853488 0.256889 
0.842313 0.271779 
0.831291 0.286805 
0.820437 0.301991 
0.810139 0.317605 
0.8 0.333333 
0.430011 0.817614 
0.440104 0.80191 
0.451269 0.786813 
0.462483 0.771783 
0.473764 0.75683 
0.790023 0.349188 
0.780021 0.365142 
0.770037 0.381154 
0.485054 0.741893 
0.496392 0.727033 
0.507702 0.712165 
0.518948 0.697256 
0.529543 0.681978 
0.550006 0.650679 
0.54 0.666667 
0.760071 0.396709 
0.598565 0.575933 
0.617749 0.553539 
0.742611 0.423722 
0.750592 0.410211 
0.730446 0.426778 
0.702677 0.470855 
0.709556 0.458869 
0.716686 0.447153 
0.723854 0.436173 
0.674736 0.495 
0.681785 0.482905 
0.688825 0.470686 
0.646231 0.528954 
0.65326 0.516889 
0.660236 0.505 
0.660782 0.495 
0.625172 0.541305 
0.632246 0.529059 
0.596982 0.564332 
0.604184 0.553524 
0.56012 0.634736 
0.570399 0.61893 
0.580851 0.603694 
0.591039 0.58846 
0.9 0.166667 
0.890097 0.150868 
0.880165 0.135177 
0.870942 0.120027 
0.862041 0.105069 
0.853488 0.0902219 
0.845011 0.0753362 
0.836367 0.0604511 
0.827599 0.0455036 
0.818711 0.0304869 
0.809613 0.0153515 
0.8 0 
0.889351 0.182087 
0.878682 0.197315 
0.867724 0.212347 
0.856438 0.227232 
0.845011 0.242003 
0.296422 0.893778 
0.276426 0.893778 
0.25643 0.893788 
0.236438 0.893804 
0.216447 0.893815 
0.196463 0.893819 
0.0147959 0.953098 
0 0.962963 
-0.22 0.833333 
-0.229913 0.817675 
-0.239473 0.802205 
-0.248665 0.786942 
-0.257524 0.77188 
-0.266264 0.756909 
-0.274979 0.741968 
-0.283661 0.727078 
-0.292371 0.712176 
-0.301224 0.697194 
-0.310483 0.681979 
-0.32 0.666667 
0.0803301 0.934727 
0.095385 0.921369 
0.0297265 0.943839 
0.0469444 0.936214 
0.0626654 0.924562 
0.165172 0.908663 
0.145242 0.908609 
0.176507 0.893825 
0.125599 0.908572 
0.106912 0.908816 
0.347661 0.878879 
0.327683 0.878883 
0.307684 0.878868 
0.358731 0.863867 
0.369575 0.84872 
0.4 0.833333 
0.409958 0.817604 
0.38 0.833333 
0.833659 0.256862 
0.822432 0.271774 
0.811329 0.286787 
0.800324 0.301899 
0.790113 0.317582 
0.78 0.333333 
0.419976 0.801893 
0.43118 0.786797 
0.442445 0.771789 
0.453754 0.756846 
0.465055 0.741916 
0.770002 0.349225 
0.760025 0.36502 
0.750186 0.380583 
0.476391 0.72704 
0.487668 0.712148 
0.498859 0.697199 
0.509518 0.681968 
0.52 0.666667 
0.540046 0.634648 
0.529978 0.650659 
0.740948 0.395605 
0.582043 0.570636 
0.611092 0.541348 
0.730344 0.412249 
0.718278 0.423751 
0.695794 0.458387 
0.702639 0.446116 
0.710151 0.43476 
0.667851 0.482868 
0.674941 0.470633 
0.682071 0.458243 
0.639286 0.516947 
0.646281 0.505 
0.646828 0.495 
0.653897 0.482831 
0.618223 0.52915 
0.625308 0.516985 
0.589322 0.554072 
0.597023 0.541389 
0.550271 0.618608 
0.560825 0.602595 
0.571408 0.587561 
0.565257 0.574706 
0.567546 0.563522 
0.88 0.166667 
0.870046 0.15089 
0.860412 0.135366 
0.851178 0.120126 
0.842313 0.105112 
0.833659 0.0901956 
0.82504 0.0752718 
0.816353 0.0604005 
0.807632 0.0455004 
0.79875 0.0305052 
0.789518 0.0153227 
0.78 0 
0.869396 0.182003 
0.858647 0.197199 
0.847736 0.212285 
0.836367 0.227118 
0.82504 0.241938 
0.28769 0.878858 
0.267697 0.878863 
0.247704 0.878883 
0.227733 0.878916 
0.207724 0.878918 
0.187732 0.878919 
0.0151807 0.934906 
0 0.944444 
-0.2 0.833333 
-0.21013 0.817584 
-0.219619 0.802129 
-0.228664 0.786947 
-0.237531 0.77188 
-0.246273 0.756908 
-0.254982 0.741969 
-0.263689 0.727075 
-0.272414 0.712174 
-0.28122 0.697214 
-0.290557 0.68196 
-0.3 0.666667 
0.078846 0.916648 
0.0916107 0.908134 
0.0309499 0.925775 
0.0632767 0.907542 
0.047192 0.916399 
0.156597 0.893837 
0.136806 0.893893 
0.167793 0.878941 
0.117218 0.894117 
0.0973641 0.894742 
0.338739 0.863866 
0.318853 0.86391 
0.29874 0.863824 
0.349609 0.848731 
0.36 0.833333 
0.389882 0.817578 
0.400367 0.802102 
0.370043 0.817644 
0.813728 0.256841 
0.802487 0.271766 
0.791371 0.286792 
0.780553 0.302049 
0.770041 0.317534 
0.76 0.333333 
0.411214 0.786838 
0.422429 0.771805 
0.433747 0.756863 
0.445074 0.741939 
0.456407 0.727065 
0.750003 0.349127 
0.740047 0.364782 
0.73003 0.380219 
0.467679 0.712168 
0.478778 0.697162 
0.489739 0.68204 
0.5 0.666667 
0.509945 0.65066 
0.530043 0.618572 
0.519937 0.634644 
0.719793 0.395876 
0.575897 0.553758 
0.604199 0.529182 
0.709738 0.409799 
0.705893 0.423391 
0.689002 0.445518 
0.696173 0.432838 
0.660997 0.47058 
0.668135 0.458403 
0.67573 0.445822 
0.632325 0.505 
0.632874 0.495 
0.639926 0.482816 
0.647028 0.470517 
0.611314 0.517043 
0.618369 0.505 
0.582927 0.54146 
0.59018 0.529186 
0.540412 0.602179 
0.551769 0.584607 
0.553861 0.566868 
0.56123 0.553173 
0.86 0.166667 
0.850005 0.150864 
0.840383 0.135313 
0.831291 0.120138 
0.822432 0.105108 
0.813728 0.0901744 
0.805044 0.0752552 
0.796374 0.0603973 
0.787669 0.0455196 
0.778873 0.0305797 
0.769582 0.0153502 
0.76 0 
0.849436 0.181973 
0.838653 0.19715 
0.827599 0.21217 
0.816353 0.227067 
0.805044 0.241922 
0.278877 0.863868 
0.258778 0.863835 
0.238891 0.863928 
0.218927 0.863967 
0.198787 0.863894 
0.178806 0.863908 
0.015444 0.91645 
0 0.925926 
-0.18 0.833333 
-0.190081 0.817647 
-0.199533 0.802212 
-0.208665 0.786963 
-0.217542 0.771882 
-0.22629 0.756902 
-0.234991 0.74195 
-0.243708 0.72706 
-0.252467 0.712151 
-0.261366 0.697152 
-0.27055 0.681977 
-0.28 0.666667 
0.079118 0.89782 
0.0637659 0.893388 
0.0312121 0.906844 
0.0481403 0.896446 
0.147912 0.878991 
0.128126 0.879131 
0.158871 0.863938 
0.108403 0.879481 
0.0890888 0.880408 
0.329496 0.84866 
0.309568 0.848664 
0.289514 0.848628 
0.34 0.833333 
0.349996 0.817618 
0.380252 0.80204 
0.39128 0.786882 
0.360507 0.802172 
0.793762 0.256837 
0.782527 0.271775 
0.771437 0.286832 
0.760579 0.302076 
0.749945 0.31749 
0.74 0.333333 
0.402449 0.771831 
0.413751 0.756883 
0.42508 0.741962 
0.436426 0.727095 
0.447709 0.7122 
0.729999 0.349039 
0.720041 0.364707 
0.709994 0.380341 
0.458862 0.697232 
0.469631 0.682033 
0.519854 0.602707 
0.48 0.666667 
0.489931 0.650671 
0.499882 0.634685 
0.509854 0.618708 
0.700071 0.396748 
0.568934 0.541258 
0.597342 0.517026 
0.691861 0.415956 
0.681604 0.431701 
0.654142 0.458143 
0.661022 0.446432 
0.668747 0.435958 
0.61892 0.495 
0.62593 0.482833 
0.640196 0.458084 
0.633018 0.470579 
0.604414 0.505 
0.604966 0.495 
0.576203 0.529098 
0.583355 0.517034 
0.529716 0.585987 
0.540901 0.572354 
0.541247 0.562124 
0.548283 0.552892 
0.555084 0.541046 
0.516127 0.574885 
0.84 0.166667 
0.830122 0.150936 
0.820437 0.135324 
0.811329 0.12012 
0.802487 0.105099 
0.793762 0.0901702 
0.785056 0.0752589 
0.776386 0.0604069 
0.767667 0.0455275 
0.758729 0.0305123 
0.74949 0.0153208 
0.74 0 
0.829489 0.181974 
0.818711 0.197154 
0.807632 0.212167 
0.796374 0.227064 
0.785056 0.241926 
0.269652 0.848636 
0.249589 0.848673 
0.229538 0.848677 
0.209705 0.848762 
0.189544 0.848697 
0.16956 0.848708 
0.0153215 0.897842 
0 0.907407 
-0.16 0.833333 
-0.14 0.833333 
-0.169997 0.817685 
-0.179606 0.802203 
-0.188711 0.786967 
-0.197575 0.771883 
-0.206313 0.756896 
-0.215032 0.741939 
-0.223719 0.727037 
-0.232491 0.712127 
-0.241413 0.697126 
-0.250534 0.681998 
-0.26 0.666667 
0.0711597 0.881216 
0.0570694 0.883399 
0.030224 0.888157 
0.0437119 0.878397 
0.13898 0.863998 
0.119188 0.864129 
0.149744 0.848786 
0.0993079 0.864272 
0.079158 0.864905 
0.32 0.833333 
0.3 0.833333 
0.28 0.833333 
0.330112 0.817672 
0.340392 0.802102 
0.371334 0.786913 
0.382483 0.771858 
0.351384 0.786938 
0.773782 0.256847 
0.762548 0.271793 
0.751426 0.28684 
0.740427 0.301997 
0.730087 0.317603 
0.72 0.333333 
0.393768 0.756903 
0.405089 0.74198 
0.416438 0.727116 
0.427761 0.712238 
0.438832 0.697221 
0.710102 0.349033 
0.70012 0.364861 
0.690109 0.381245 
0.449636 0.682053 
0.509612 0.587796 
0.46 0.666667 
0.500041 0.603171 
0.469911 0.650663 
0.479962 0.634748 
0.490027 0.618874 
0.680231 0.39892 
0.562253 0.529032 
0.590458 0.505 
0.669319 0.418299 
0.647473 0.444824 
0.655689 0.431252 
0.611925 0.482824 
0.618939 0.470629 
0.633475 0.445047 
0.626093 0.4582 
0.591012 0.495 
0.597954 0.482774 
0.569398 0.516992 
0.576502 0.505 
0.528284 0.566498 
0.534447 0.553179 
0.548394 0.528937 
0.541394 0.541021 
0.514513 0.563708 
0.500014 0.570729 
0.82 0.166667 
0.810139 0.150938 
0.800324 0.135233 
0.791371 0.120125 
0.782527 0.105109 
0.773782 0.0901799 
0.76506 0.0752729 
0.756388 0.060419 
0.747658 0.0455366 
0.738846 0.0305839 
0.7295 0.0153307 
0.72 0 
0.809613 0.182018 
0.79875 0.197172 
0.787669 0.212186 
0.776386 0.227074 
0.76506 0.24194 
0.26 0.833333 
0.24 0.833333 
0.22 0.833333 
0.2 0.833333 
0.18 0.833333 
0.16 0.833333 
0.0147255 0.879312 
0 0.888889 
-0.12 0.833333 
-0.1 0.833333 
-0.149924 0.81769 
-0.129876 0.817652 
-0.159884 0.802083 
-0.168828 0.786933 
-0.177647 0.771874 
-0.18635 0.756892 
-0.195043 0.741925 
-0.203739 0.727024 
-0.212501 0.712108 
-0.221426 0.697104 
-0.230604 0.681953 
-0.24 0.666667 
0.0587218 0.867365 
0.0285302 0.86931 
0.0421321 0.863062 
0.129649 0.848748 
0.109645 0.84876 
0.14 0.833333 
0.0895847 0.848992 
0.0693124 0.84952 
0.310075 0.817645 
0.289988 0.817604 
0.269862 0.817583 
0.320245 0.802021 
0.331348 0.786913 
0.362519 0.77188 
0.373786 0.756921 
0.342534 0.771886 
0.753785 0.256861 
0.742529 0.271802 
0.731336 0.286816 
0.720201 0.301904 
0.710013 0.317589 
0.7 0.333333 
0.385103 0.741993 
0.39643 0.727121 
0.407761 0.712248 
0.41909 0.69735 
0.429573 0.682023 
0.690113 0.349243 
0.680207 0.365408 
0.670201 0.382143 
0.44 0.666667 
0.490535 0.587868 
0.449966 0.650693 
0.480374 0.603082 
0.459976 0.634746 
0.47009 0.618873 
0.483568 0.575132 
0.659828 0.399127 
0.555471 0.516932 
0.577058 0.495 
0.648767 0.414771 
0.640316 0.429989 
0.626197 0.433221 
0.604872 0.470526 
0.611812 0.458411 
0.619148 0.44637 
0.58402 0.482751 
0.590945 0.47039 
0.562547 0.505 
0.563104 0.495 
0.521034 0.55325 
0.527617 0.541104 
0.541542 0.516957 
0.534533 0.528988 
0.506429 0.553654 
0.484561 0.563344 
0.492812 0.553704 
0.8 0.166667 
0.790113 0.150915 
0.780553 0.135382 
0.771437 0.120166 
0.762548 0.105127 
0.753785 0.090194 
0.745061 0.0752878 
0.736381 0.060432 
0.727643 0.0455441 
0.71871 0.0305273 
0.709707 0.0154373 
0.7 0 
0.789518 0.181989 
0.778873 0.197246 
0.767667 0.212194 
0.756388 0.227086 
0.745061 0.241954 
0.250018 0.817639 
0.22994 0.817596 
0.210049 0.817637 
0.189834 0.817529 
0.170124 0.817676 
0.150205 0.817698 
0.0143473 0.861218 
0 0.87037 
-0.06 0.833333 
-0.08 0.833333 
-0.109919 0.817518 
-0.0898021 0.81757 
-0.13978 0.802059 
-0.119624 0.801983 
-0.148917 0.786883 
-0.157757 0.771852 
-0.166414 0.756893 
-0.175053 0.741933 
-0.183762 0.727026 
-0.192516 0.712097 
-0.20143 0.69709 
-0.210521 0.681983 
-0.22 0.666667 
0.0500239 0.849505 
0.0299773 0.850416 
0.12 0.833333 
0.1 0.833333 
0.130239 0.817654 
0.08 0.833333 
0.06 0.833333 
0.30019 0.801959 
0.280414 0.802118 
0.260233 0.802036 
0.311289 0.786873 
0.322516 0.771873 
0.353802 0.756932 
0.365091 0.742002 
0.333805 0.756932 
0.733772 0.256873 
0.722495 0.27181 
0.711305 0.286835 
0.700429 0.302084 
0.689891 0.31755 
0.68 0.333333 
0.376421 0.727122 
0.387695 0.712224 
0.398867 0.697259 
0.40952 0.682 
0.42 0.666667 
0.670065 0.349429 
0.660079 0.365752 
0.649795 0.382174 
0.429982 0.650703 
0.470947 0.586562 
0.439996 0.634742 
0.460613 0.603139 
0.450187 0.618891 
0.458861 0.575392 
0.471237 0.567218 
0.457897 0.563727 
0.639293 0.398379 
0.548591 0.505 
0.570087 0.482778 
0.628251 0.415548 
0.613096 0.436766 
0.615249 0.425885 
0.597743 0.457958 
0.604469 0.445914 
0.577075 0.470426 
0.584096 0.457754 
0.54915 0.495 
0.556141 0.482814 
0.513663 0.541183 
0.534635 0.505 
0.520628 0.529026 
0.527618 0.51694 
0.499632 0.541318 
0.478096 0.553323 
0.485572 0.541201 
0.78 0.166667 
0.770041 0.150867 
0.760579 0.135409 
0.751426 0.120174 
0.742529 0.105136 
0.733772 0.0902063 
0.725053 0.0753023 
0.716367 0.0604411 
0.707611 0.0455422 
0.698733 0.0305566 
0.689675 0.0154719 
0.68 0 
0.769582 0.182017 
0.758729 0.197179 
0.747658 0.212203 
0.736381 0.227099 
0.725053 0.241969 
0.240475 0.802159 
0.220341 0.80207 
0.200514 0.802163 
0.180582 0.802198 
0.160644 0.802212 
0.14063 0.802145 
0.012851 0.846047 
0 0.851852 
-0.02 0.833333 
-0.04 0.833333 
-0.0501945 0.817042 
-0.0697278 0.817052 
-0.0996285 0.801761 
-0.0794471 0.80147 
-0.128991 0.786766 
-0.109122 0.786367 
-0.137958 0.771789 
-0.146558 0.756888 
-0.155059 0.741962 
-0.163759 0.727043 
-0.172535 0.712094 
-0.181458 0.697074 
-0.190601 0.681934 
-0.2 0.666667 
0.04 0.833333 
0.02 0.833333 
0.110286 0.817552 
0.0903944 0.817399 
0.120593 0.801972 
0.0709735 0.817596 
0.0525503 0.817603 
0.291294 0.78688 
0.271302 0.786898 
0.251321 0.786912 
0.302494 0.771861 
0.313794 0.756925 
0.345117 0.742009 
0.356418 0.727124 
0.325101 0.742005 
0.713757 0.256886 
0.702477 0.271827 
0.691302 0.286865 
0.680235 0.302004 
0.67002 0.317622 
0.66 0.333333 
0.367666 0.712215 
0.378793 0.697232 
0.389565 0.682028 
0.4 0.666667 
0.409978 0.650698 
0.64999 0.349501 
0.639845 0.365742 
0.629527 0.381901 
0.419978 0.634754 
0.451162 0.588114 
0.430373 0.618845 
0.440918 0.603312 
0.442459 0.569931 
0.464728 0.553049 
0.449605 0.553961 
0.618929 0.397836 
0.535196 0.495 
0.563135 0.470539 
0.608658 0.412932 
0.600716 0.430029 
0.590679 0.444235 
0.570189 0.458276 
0.577945 0.445238 
0.542198 0.482839 
0.549202 0.470576 
0.521242 0.495 
0.506658 0.529061 
0.52068 0.505 
0.513669 0.516971 
0.492658 0.529104 
0.471524 0.541161 
0.478648 0.52908 
0.76 0.166667 
0.749945 0.150823 
0.740427 0.13533 
0.731336 0.12015 
0.722495 0.105143 
0.713757 0.0902193 
0.70505 0.0753156 
0.696358 0.0604471 
0.687606 0.0455462 
0.67871 0.03055 
0.669611 0.0154144 
0.66 0 
0.74949 0.181987 
0.738846 0.197251 
0.727643 0.212211 
0.716367 0.227108 
0.70505 0.241982 
0.231358 0.786926 
0.211386 0.786933 
0.191448 0.786963 
0.171378 0.786905 
0.151384 0.786879 
0.131144 0.786673 
0 0.833333 
-0.0129081 0.820554 
0.0129894 0.820224 
-0.0301399 0.816078 
-0.0422418 0.803241 
-0.0590572 0.799212 
-0.0898563 0.785658 
-0.0719114 0.785107 
-0.118408 0.771618 
-0.0987457 0.77168 
-0.126975 0.756831 
-0.135134 0.742036 
-0.143675 0.727107 
-0.152507 0.712113 
-0.161479 0.697068 
-0.170626 0.681924 
-0.18 0.666667 
0.0302794 0.816788 
0.081198 0.801576 
0.100582 0.801659 
0.110802 0.786212 
0.0630347 0.801487 
0.0460164 0.800211 
0.282486 0.771862 
0.262491 0.77187 
0.242509 0.771881 
0.293783 0.75692 
0.305113 0.742 
0.336424 0.727125 
0.347661 0.712213 
0.316426 0.72712 
0.69375 0.256899 
0.682476 0.271845 
0.671315 0.286889 
0.660471 0.302142 
0.649925 0.317584 
0.64 0.333333 
0.358731 0.697201 
0.369575 0.682054 
0.38 0.666667 
0.38997 0.65069 
0.399986 0.634713 
0.629919 0.349496 
0.619754 0.365637 
0.609484 0.381738 
0.410155 0.618723 
0.432159 0.587414 
0.421004 0.602645 
0.425713 0.574458 
0.427807 0.5628 
0.436477 0.553483 
0.457466 0.541217 
0.443382 0.541319 
0.599272 0.397681 
0.528254 0.482844 
0.556129 0.458287 
0.589559 0.413998 
0.583299 0.430473 
0.562801 0.446549 
0.570263 0.435671 
0.535283 0.470621 
0.542348 0.458253 
0.5143 0.482818 
0.507287 0.495 
0.499702 0.517008 
0.506724 0.505 
0.485736 0.516963 
0.464634 0.529093 
0.471759 0.516997 
0.74 0.166667 
0.730087 0.150937 
0.720201 0.135238 
0.711305 0.120168 
0.702477 0.10516 
0.69375 0.090232 
0.685036 0.0753195 
0.676358 0.0604467 
0.667601 0.045534 
0.658724 0.0305348 
0.649541 0.0153309 
0.64 0 
0.7295 0.181997 
0.71871 0.197194 
0.707611 0.212209 
0.696358 0.227114 
0.685036 0.241986 
0.222533 0.77189 
0.202563 0.7719 
0.182563 0.771887 
0.162506 0.771828 
0.142198 0.771621 
0.121298 0.771231 
0 0.814815 
-0.0144005 0.805212 
0.0145785 0.804821 
-0.0285684 0.797148 
-0.0437885 0.788283 
-0.05727 0.783159 
-0.0642452 0.772921 
-0.0805508 0.767767 
-0.108585 0.756329 
-0.0930051 0.757577 
-0.115168 0.742357 
-0.123326 0.727282 
-0.132276 0.712201 
-0.141457 0.697085 
-0.150653 0.681919 
-0.16 0.666667 
0.0292898 0.794282 
0.0721815 0.786015 
0.0904591 0.78534 
0.100737 0.770394 
0.0552887 0.785919 
0.0413567 0.785503 
0.0627785 0.773705 
0.273777 0.756922 
0.253787 0.75693 
0.233806 0.75694 
0.285086 0.741996 
0.296422 0.727111 
0.327683 0.712217 
0.338739 0.697199 
0.307684 0.712202 
0.673743 0.256902 
0.662458 0.271839 
0.651211 0.286824 
0.640516 0.302158 
0.63012 0.317667 
0.62 0.333333 
0.349609 0.682065 
0.36 0.666667 
0.369957 0.650685 
0.379972 0.634715 
0.390085 0.618685 
0.609907 0.34946 
0.599785 0.365592 
0.589594 0.381856 
0.400459 0.60239 
0.411964 0.58518 
0.414266 0.566636 
0.421804 0.552988 
0.429462 0.541081 
0.450626 0.52911 
0.436654 0.529062 
0.579025 0.398722 
0.521329 0.470586 
0.549102 0.445504 
0.56973 0.417979 
0.556757 0.431355 
0.528377 0.458534 
0.535994 0.445998 
0.507366 0.470441 
0.500332 0.482788 
0.493333 0.495 
0.492768 0.505 
0.478813 0.505 
0.457773 0.517022 
0.464857 0.505 
0.72 0.166667 
0.710013 0.150923 
0.700429 0.135418 
0.691302 0.120198 
0.682476 0.105179 
0.673743 0.0902356 
0.665039 0.075318 
0.656353 0.0604308 
0.647594 0.0455022 
0.638656 0.0304548 
0.62947 0.0152721 
0.62 0 
0.709707 0.182104 
0.698733 0.197223 
0.687606 0.212213 
0.676358 0.227113 
0.665039 0.241985 
0.213825 0.756948 
0.193835 0.756944 
0.173825 0.756912 
0.153744 0.756807 
0.133519 0.756542 
0.113866 0.7561 
0 0.796296 
-0.0147453 0.787277 
0.0147959 0.786431 
-0.0301932 0.778451 
-0.0482275 0.770154 
-0.0634573 0.758453 
-0.0800949 0.749329 
-0.0964783 0.744107 
-0.102129 0.727676 
-0.111576 0.71232 
-0.121348 0.697166 
-0.130667 0.681935 
-0.14 0.666667 
0.0297265 0.777173 
0.0803301 0.76806 
0.095385 0.754703 
0.0469444 0.769547 
0.0626654 0.757895 
0.265089 0.742001 
0.245114 0.742015 
0.22513 0.742026 
0.276426 0.727112 
0.28769 0.712191 
0.318853 0.697243 
0.329496 0.681993 
0.29874 0.697157 
0.653741 0.256894 
0.642457 0.271827 
0.631334 0.286879 
0.620397 0.302068 
0.610149 0.317656 
0.6 0.333333 
0.34 0.666667 
0.349974 0.650676 
0.359977 0.634721 
0.369941 0.618796 
0.380039 0.602766 
0.589937 0.349452 
0.579868 0.365678 
0.569723 0.382271 
0.390038 0.585875 
0.401439 0.572496 
0.376428 0.574946 
0.401671 0.56208 
0.408882 0.552541 
0.415598 0.540855 
0.422736 0.528944 
0.443829 0.516982 
0.429861 0.516966 
0.5596 0.399553 
0.514387 0.458098 
0.541946 0.431839 
0.549607 0.416082 
0.521061 0.446583 
0.528973 0.435503 
0.500471 0.457715 
0.493371 0.470384 
0.486338 0.482775 
0.479379 0.495 
0.465425 0.495 
0.450901 0.505 
0.451471 0.495 
0.7 0.166667 
0.689891 0.150883 
0.680235 0.135337 
0.671315 0.120223 
0.662458 0.105172 
0.653741 0.0902277 
0.645055 0.0753075 
0.6 0 
0.636355 0.0604072 
0.627596 0.0454691 
0.618691 0.0304331 
0.609616 0.0152861 
0.689675 0.182139 
0.67871 0.197217 
0.667601 0.212201 
0.656353 0.227097 
0.645055 0.241974 
0.205132 0.742026 
0.185141 0.74202 
0.165172 0.741997 
0.145242 0.741942 
0.125599 0.741905 
0.106912 0.742149 
0 0.777778 
-0.0153097 0.768776 
0.0151807 0.768239 
-0.0312755 0.759741 
-0.0473629 0.750074 
-0.0637043 0.741142 
-0.0808994 0.731686 
-0.0918646 0.713182 
-0.101425 0.697424 
-0.110715 0.68201 
-0.12 0.666667 
0.0309499 0.759109 
0.078846 0.749981 
0.0916107 0.741468 
0.0632767 0.740875 
0.047192 0.749732 
0.25643 0.727122 
0.236438 0.727137 
0.216447 0.727148 
0.267697 0.712196 
0.278877 0.697201 
0.309568 0.681997 
0.32 0.666667 
0.289514 0.681961 
0.63375 0.256882 
0.622497 0.271825 
0.61139 0.286874 
0.6006 0.302131 
0.590091 0.317585 
0.58 0.333333 
0.329984 0.650654 
0.340015 0.634684 
0.350107 0.618777 
0.360189 0.603024 
0.369706 0.58765 
0.569968 0.349513 
0.559916 0.3659 
0.549809 0.382579 
0.388703 0.566385 
0.375216 0.563276 
0.360119 0.569752 
0.394601 0.552732 
0.401845 0.540731 
0.40886 0.528848 
0.415933 0.516913 
0.436946 0.505 
0.42299 0.505 
0.539706 0.399686 
0.507713 0.444614 
0.529341 0.41827 
0.515904 0.431135 
0.493567 0.444706 
0.486421 0.457906 
0.479318 0.470399 
0.472332 0.482747 
0.458338 0.482686 
0.437517 0.495 
0.444372 0.482661 
0.68 0.166667 
0.67002 0.150955 
0.58 0 
0.660471 0.135476 
0.651211 0.120158 
0.642457 0.10516 
0.63375 0.0902149 
0.625044 0.0752833 
0.589641 0.0153104 
0.616366 0.0603876 
0.607621 0.0454568 
0.598737 0.0304392 
0.669611 0.182081 
0.658724 0.197201 
0.647594 0.212169 
0.636355 0.227074 
0.625044 0.24195 
0.196463 0.727152 
0.176507 0.727158 
0.156597 0.72717 
0.136806 0.727226 
0.117218 0.727451 
0.0973641 0.728075 
0 0.759259 
-0.0155272 0.750174 
0.015444 0.749783 
-0.0640582 0.725985 
-0.0311482 0.740843 
-0.0475392 0.730249 
-0.0732527 0.713511 
-0.0819743 0.697831 
-0.0908968 0.682175 
-0.1 0.666667 
0.0312121 0.740178 
0.079118 0.731153 
0.0637659 0.726721 
0.0481403 0.729779 
0.247704 0.712217 
0.227733 0.712249 
0.207724 0.712251 
0.258778 0.697168 
0.269652 0.681969 
0.3 0.666667 
0.309984 0.650636 
0.28 0.666667 
0.613775 0.256869 
0.60254 0.271815 
0.591461 0.286867 
0.580573 0.302054 
0.570049 0.317507 
0.56 0.333333 
0.320023 0.634627 
0.330116 0.618663 
0.340472 0.602733 
0.35088 0.587388 
0.549968 0.349614 
0.53988 0.366017 
0.529786 0.382472 
0.34373 0.574722 
0.344942 0.563139 
0.381526 0.553293 
0.366809 0.553401 
0.353241 0.553469 
0.388013 0.54093 
0.394976 0.528858 
0.401997 0.516903 
0.409034 0.505 
0.423563 0.495 
0.409609 0.495 
0.520088 0.399165 
0.500886 0.429418 
0.509167 0.414483 
0.486331 0.432471 
0.479577 0.44611 
0.472231 0.458018 
0.465255 0.470288 
0.45124 0.470119 
0.430432 0.482734 
0.437286 0.470182 
0.66 0.166667 
0.649925 0.150917 
0.56 0 
0.569527 0.015299 
0.640516 0.135491 
0.631334 0.120212 
0.622497 0.105158 
0.613775 0.0902024 
0.605083 0.0752734 
0.578747 0.0304593 
0.596377 0.0603756 
0.587643 0.0454621 
0.649541 0.181998 
0.638656 0.197122 
0.627596 0.212136 
0.616366 0.227054 
0.605083 0.24194 
0.187732 0.712252 
0.167793 0.712274 
0.147912 0.712325 
0.128126 0.712465 
0.108403 0.712815 
0.0890888 0.713742 
0 0.740741 
-0.0152603 0.731718 
0.0153215 0.731175 
-0.0559787 0.713701 
-0.0299967 0.72279 
-0.0417876 0.714408 
-0.0635049 0.697907 
-0.0714752 0.682287 
-0.08 0.666667 
0.030224 0.721491 
0.0711597 0.714549 
0.0570694 0.716732 
0.0437119 0.71173 
0.238891 0.697262 
0.218927 0.697301 
0.198787 0.697227 
0.249589 0.682006 
0.26 0.666667 
0.289969 0.650634 
0.299988 0.634587 
0.269952 0.650645 
0.593801 0.256856 
0.58258 0.271804 
0.571505 0.286858 
0.560686 0.302104 
0.550211 0.317617 
0.54 0.333333 
0.310108 0.618551 
0.320421 0.602657 
0.331121 0.585877 
0.529929 0.34963 
0.519833 0.365952 
0.509852 0.382114 
0.331551 0.567271 
0.338209 0.552873 
0.374076 0.541055 
0.36002 0.541124 
0.345895 0.54091 
0.381048 0.52893 
0.388055 0.51691 
0.395078 0.505 
0.395655 0.495 
0.416497 0.48288 
0.402553 0.483021 
0.499638 0.398249 
0.488608 0.415623 
0.475776 0.425472 
0.473599 0.43644 
0.464706 0.445826 
0.458124 0.457506 
0.444114 0.457179 
0.423386 0.470536 
0.430198 0.45774 
0.64 0.166667 
0.63012 0.151001 
0.54 0 
0.549642 0.0153314 
0.55883 0.0305235 
0.620397 0.135401 
0.61139 0.120207 
0.60254 0.105148 
0.593801 0.0901897 
0.585075 0.0752524 
0.567668 0.0454824 
0.57639 0.0603749 
0.62947 0.181939 
0.618691 0.1971 
0.607621 0.212123 
0.596377 0.227042 
0.585075 0.241919 
0.178806 0.697241 
0.158871 0.697271 
0.13898 0.697332 
0.119188 0.697463 
0.0993079 0.697605 
0.079158 0.698238 
0 0.722222 
-0.0148899 0.713538 
0.0147255 0.712645 
-0.0461495 0.699721 
-0.0292739 0.705577 
-0.0527502 0.682356 
-0.06 0.666667 
0.0285302 0.702643 
0.0587218 0.700699 
0.0421321 0.696396 
0.229538 0.68201 
0.209705 0.682096 
0.189544 0.68203 
0.24 0.666667 
0.249938 0.650663 
0.279911 0.634611 
0.289951 0.618467 
0.259858 0.634649 
0.573817 0.256845 
0.562603 0.271795 
0.551532 0.286859 
0.5407 0.302113 
0.530204 0.317623 
0.52 0.333333 
0.300152 0.602311 
0.311029 0.587648 
0.319426 0.574606 
0.509893 0.349533 
0.499819 0.365631 
0.489702 0.381524 
0.318272 0.563346 
0.325242 0.552847 
0.33187 0.540933 
0.367064 0.528958 
0.353038 0.52895 
0.339016 0.528945 
0.374096 0.516924 
0.381123 0.505 
0.381701 0.495 
0.388627 0.483063 
0.409449 0.470954 
0.395505 0.471135 
0.479509 0.397321 
0.468951 0.411946 
0.460936 0.429103 
0.451214 0.443525 
0.436635 0.443949 
0.416453 0.45869 
0.423303 0.445896 
0.62 0.166667 
0.610149 0.150989 
0.52 0 
0.529543 0.0153117 
0.538777 0.0304936 
0.547679 0.0454926 
0.6006 0.135464 
0.591461 0.120201 
0.58258 0.105138 
0.573817 0.0901784 
0.565078 0.0752478 
0.556401 0.0603785 
0.609616 0.181953 
0.598737 0.197106 
0.587643 0.212129 
0.57639 0.227042 
0.565078 0.241914 
0.16956 0.682041 
0.149744 0.682119 
0.129649 0.682081 
0.109645 0.682093 
0.0895847 0.682325 
0.0693124 0.682853 
0 0.703704 
-0.0148083 0.695216 
0.0143473 0.694551 
-0.0305191 0.683025 
-0.04 0.666667 
0.0299773 0.68375 
0.0500239 0.682838 
0.22 0.666667 
0.2 0.666667 
0.18 0.666667 
0.229935 0.650684 
0.239851 0.634707 
0.269785 0.618564 
0.279749 0.602147 
0.249692 0.618692 
0.553821 0.256836 
0.542596 0.271783 
0.531482 0.28683 
0.520504 0.301995 
0.510126 0.317593 
0.5 0.333333 
0.290017 0.583165 
0.305156 0.568889 
0.29018 0.565365 
0.489879 0.349425 
0.479787 0.36536 
0.469725 0.381185 
0.310252 0.553672 
0.317842 0.541056 
0.325014 0.528964 
0.360118 0.516961 
0.34613 0.516958 
0.33215 0.516969 
0.367167 0.505 
0.367747 0.495 
0.374712 0.48306 
0.381656 0.471091 
0.402355 0.459169 
0.388529 0.459073 
0.459895 0.39681 
0.449536 0.41293 
0.44277 0.427585 
0.428372 0.431074 
0.409107 0.447217 
0.4148 0.43551 
0.6 0.166667 
0.590091 0.150918 
0.5 0 
0.509518 0.0153015 
0.518948 0.0305892 
0.527698 0.0455009 
0.536405 0.0603781 
0.580573 0.135387 
0.571505 0.120191 
0.562603 0.105129 
0.553821 0.0901692 
0.545081 0.0752423 
0.589641 0.181977 
0.578747 0.197126 
0.567668 0.212149 
0.556401 0.227045 
0.545081 0.241909 
0.16 0.666667 
0.14 0.666667 
0.12 0.666667 
0.06 0.666667 
0.1 0.666667 
0.08 0.666667 
0 0.685185 
-0.0130487 0.679842 
0.012851 0.679381 
-0.02 0.666667 
0.02 0.666667 
0.04 0.666667 
0.209945 0.650703 
0.189926 0.650707 
0.169957 0.650807 
0.219893 0.63474 
0.22979 0.618817 
0.259462 0.602639 
0.268836 0.586952 
0.239546 0.602945 
0.53381 0.256825 
0.522563 0.271767 
0.511426 0.286813 
0.50056 0.30207 
0.490009 0.317547 
0.48 0.333333 
0.275014 0.568842 
0.297137 0.554232 
0.283113 0.554254 
0.469843 0.349312 
0.459795 0.365189 
0.449759 0.381008 
0.303937 0.541503 
0.311042 0.529069 
0.318182 0.517007 
0.353211 0.505 
0.339256 0.505 
0.3253 0.505 
0.353793 0.495 
0.360782 0.483032 
0.367783 0.471099 
0.374784 0.45909 
0.395241 0.447058 
0.38164 0.446882 
0.439648 0.397035 
0.429558 0.414214 
0.418141 0.424005 
0.401579 0.435195 
0.408132 0.425841 
0.58 0.166667 
0.570049 0.15084 
0.48 0 
0.489739 0.0153736 
0.498859 0.0305327 
0.507702 0.0454982 
0.516403 0.060373 
0.525073 0.0752343 
0.560686 0.135438 
0.551532 0.120192 
0.542596 0.105116 
0.53381 0.0901588 
0.569527 0.181966 
0.55883 0.19719 
0.547679 0.212159 
0.536405 0.227045 
0.525073 0.241901 
0.149922 0.650852 
0.130014 0.65089 
0.110094 0.650868 
0.0509258 0.65039 
0.0706145 0.650697 
0.0902511 0.65076 
0 0.666667 
0.012825 0.653235 
0.0299527 0.648932 
0.199961 0.634802 
0.179995 0.634921 
0.160074 0.635108 
0.210059 0.618927 
0.219997 0.603188 
0.249215 0.586289 
0.260753 0.57465 
0.229414 0.58776 
0.236602 0.575148 
0.513791 0.256817 
0.502533 0.271765 
0.491411 0.286833 
0.480531 0.302087 
0.262033 0.563435 
0.469918 0.31752 
0.46 0.333333 
0.269892 0.553856 
0.290182 0.541708 
0.276415 0.541643 
0.449879 0.349237 
0.439781 0.365033 
0.429607 0.380816 
0.297173 0.529295 
0.30424 0.517065 
0.311344 0.505 
0.339839 0.495 
0.325885 0.495 
0.31193 0.495 
0.346811 0.482994 
0.353858 0.470988 
0.360986 0.459069 
0.368115 0.447319 
0.388237 0.434813 
0.375026 0.435591 
0.419531 0.396432 
0.409736 0.411971 
0.396404 0.422526 
0.56 0.166667 
0.550211 0.15095 
0.46 0 
0.469631 0.0153665 
0.478778 0.0304952 
0.487668 0.0454814 
0.496392 0.0603665 
0.505062 0.0752226 
0.513791 0.0901506 
0.5407 0.135447 
0.531482 0.120163 
0.522563 0.1051 
0.549642 0.181998 
0.538777 0.19716 
0.527698 0.212168 
0.516403 0.22704 
0.505062 0.241889 
0.140067 0.635217 
0.0440627 0.633561 
0.120112 0.635227 
0.100272 0.635103 
0.0618298 0.6348 
0.0807015 0.634931 
0.0141721 0.637089 
0 0.646822 
0.0280649 0.627044 
0.0398822 0.620073 
0.190243 0.619047 
0.170351 0.619334 
0.150295 0.619584 
0.200468 0.602968 
0.210915 0.587408 
0.248666 0.567731 
0.235472 0.56332 
0.220267 0.569869 
0.493775 0.256818 
0.482513 0.271774 
0.471362 0.286834 
0.460333 0.302002 
0.255339 0.55337 
0.450049 0.317615 
0.44 0.333333 
0.262534 0.541432 
0.283324 0.529347 
0.26945 0.529286 
0.429869 0.349108 
0.419721 0.364713 
0.409562 0.380034 
0.290326 0.517119 
0.297389 0.505 
0.297976 0.495 
0.332835 0.482837 
0.318849 0.482711 
0.30487 0.482688 
0.339841 0.47078 
0.347 0.458727 
0.354442 0.44693 
0.361843 0.43586 
0.381032 0.42299 
0.368654 0.426681 
0.399254 0.394777 
0.388863 0.407492 
0.54 0.166667 
0.530204 0.150956 
0.44 0 
0.449636 0.0153864 
0.458862 0.0305651 
0.467679 0.0455011 
0.476391 0.060373 
0.485054 0.0752261 
0.493775 0.0901515 
0.502533 0.105098 
0.520504 0.135328 
0.511426 0.120146 
0.529543 0.181978 
0.518948 0.197256 
0.507702 0.212165 
0.496392 0.227033 
0.485054 0.241893 
0.130196 0.619764 
0.0537581 0.620228 
0.0445533 0.610225 
0.110199 0.619649 
0.090349 0.619266 
0.0709159 0.618991 
0.0142323 0.618804 
0 0.627591 
0.0300149 0.60956 
0.0422885 0.597342 
0.140707 0.604301 
0.180913 0.603447 
0.160883 0.604028 
0.191436 0.585866 
0.203908 0.574799 
0.205359 0.563065 
0.242123 0.553295 
0.226838 0.553772 
0.213628 0.553682 
0.473764 0.25683 
0.462483 0.271783 
0.451269 0.286813 
0.440104 0.30191 
0.248585 0.541269 
0.430011 0.317614 
0.42 0.333333 
0.255526 0.529196 
0.276415 0.517114 
0.262491 0.517086 
0.409871 0.348941 
0.399749 0.364323 
0.389685 0.379354 
0.283433 0.505 
0.284022 0.495 
0.290911 0.482759 
0.325825 0.470332 
0.297788 0.470259 
0.311788 0.470142 
0.332906 0.457955 
0.34015 0.44586 
0.348356 0.43455 
0.356185 0.423263 
0.368743 0.411495 
0.379261 0.394605 
0.52 0.166667 
0.510126 0.150926 
0.42 0 
0.429573 0.0153568 
0.438832 0.0305541 
0.447709 0.0455338 
0.456407 0.0603978 
0.465055 0.0752491 
0.473764 0.0901632 
0.482513 0.105108 
0.491411 0.120166 
0.50056 0.135404 
0.509518 0.181968 
0.498859 0.197199 
0.487668 0.212148 
0.476391 0.22704 
0.465055 0.241916 
0.120397 0.604887 
0.131987 0.590517 
0.0591543 0.603256 
0.0998969 0.603677 
0.080119 0.603255 
0.0545899 0.587203 
0.0139846 0.601334 
0 0.609569 
0.0271203 0.592086 
0.038767 0.582393 
0.15066 0.587043 
0.172043 0.589341 
0.179795 0.575821 
0.191951 0.567177 
0.198877 0.553195 
0.23444 0.541225 
0.220391 0.541367 
0.206424 0.541215 
0.453754 0.256846 
0.442445 0.271789 
0.43118 0.286797 
0.419976 0.301893 
0.241542 0.529122 
0.409958 0.317604 
0.4 0.333333 
0.24854 0.517063 
0.269477 0.505 
0.255522 0.505 
0.389894 0.348823 
0.379912 0.364017 
0.369935 0.379598 
0.270068 0.495 
0.276966 0.482851 
0.283847 0.47055 
0.31876 0.457331 
0.290665 0.457928 
0.304642 0.457277 
0.325875 0.444595 
0.333542 0.432337 
0.344431 0.423068 
0.348801 0.409885 
0.359473 0.395372 
0.5 0.166667 
0.490009 0.15088 
0.4 0 
0.40952 0.0153335 
0.41909 0.0306836 
0.427761 0.0455713 
0.436426 0.0604281 
0.445074 0.0752722 
0.453754 0.0901793 
0.462483 0.105116 
0.471362 0.120167 
0.480531 0.13542 
0.489739 0.18204 
0.478778 0.197162 
0.467679 0.212168 
0.456407 0.227065 
0.445074 0.241939 
0.147626 0.572607 
0.138248 0.57799 
0.109263 0.587384 
0.124321 0.574849 
0.0716747 0.586991 
0.0890544 0.587621 
0.0964915 0.574768 
0.0627148 0.575952 
0.0499825 0.571934 
0.0127812 0.585133 
0 0.592817 
0.0249016 0.576725 
0.0361581 0.567759 
0.17822 0.564186 
0.163134 0.570497 
0.149499 0.562482 
0.185399 0.553447 
0.192359 0.541246 
0.227506 0.529157 
0.213508 0.529154 
0.199521 0.529134 
0.433747 0.256863 
0.422429 0.271805 
0.411214 0.286838 
0.400367 0.302102 
0.234563 0.517051 
0.389882 0.317578 
0.38 0.333333 
0.241566 0.505 
0.256114 0.495 
0.24216 0.495 
0.370009 0.348759 
0.360094 0.364393 
0.350227 0.380215 
0.263032 0.482878 
0.269934 0.470771 
0.276826 0.458608 
0.283567 0.446465 
0.311534 0.443534 
0.297322 0.444343 
0.318778 0.429217 
0.33089 0.414582 
0.339883 0.396463 
0.48 0.166667 
0.469918 0.150854 
0.38 0 
0.389565 0.015361 
0.398867 0.0305919 
0.407761 0.0455809 
0.416438 0.0604493 
0.42508 0.0752952 
0.433747 0.0901965 
0.442445 0.105122 
0.451269 0.120146 
0.460333 0.135336 
0.469631 0.182033 
0.458862 0.197232 
0.447709 0.2122 
0.436426 0.227095 
0.42508 0.241962 
0.136671 0.564882 
0.123589 0.561989 
0.109494 0.566593 
0.0952284 0.562506 
0.0796014 0.569598 
0.0625768 0.562231 
0.0469967 0.558535 
0.011685 0.570263 
0 0.577288 
0.0229917 0.562518 
0.0333391 0.554373 
0.17082 0.553991 
0.157665 0.553316 
0.143581 0.552304 
0.178384 0.541358 
0.185549 0.529136 
0.220588 0.517034 
0.206608 0.517052 
0.192646 0.517038 
0.413751 0.256883 
0.402449 0.271831 
0.39128 0.286882 
0.380252 0.30204 
0.22761 0.505 
0.370043 0.317644 
0.36 0.333333 
0.228206 0.495 
0.249119 0.482819 
0.235223 0.482743 
0.350085 0.348963 
0.340167 0.364831 
0.330267 0.380967 
0.256026 0.470736 
0.262972 0.45873 
0.269984 0.447166 
0.275895 0.436168 
0.289701 0.432444 
0.303825 0.428409 
0.310498 0.413608 
0.320285 0.397507 
0.46 0.166667 
0.450049 0.150949 
0.36 0 
0.369575 0.0153869 
0.378793 0.0305654 
0.387695 0.0455573 
0.39643 0.0604547 
0.405089 0.0753133 
0.413751 0.0902163 
0.422429 0.105138 
0.43118 0.120131 
0.440104 0.135244 
0.449636 0.182053 
0.438832 0.197221 
0.427761 0.212238 
0.416438 0.227116 
0.405089 0.24198 
0.12983 0.551954 
0.115622 0.551946 
0.10194 0.552711 
0.0865911 0.552953 
0.0725354 0.55236 
0.057034 0.549044 
0.0428929 0.545856 
0.0109338 0.556389 
0 0.562892 
0.0209987 0.549428 
0.0300083 0.542111 
0.164536 0.541245 
0.150891 0.540758 
0.13677 0.540386 
0.171621 0.529099 
0.178703 0.517 
0.213655 0.505 
0.199699 0.505 
0.185743 0.505 
0.393768 0.256903 
0.382483 0.271858 
0.371334 0.286913 
0.360507 0.302172 
0.214252 0.495 
0.349996 0.317618 
0.34 0.333333 
0.221314 0.482718 
0.242218 0.470439 
0.228409 0.470285 
0.330134 0.349203 
0.320198 0.365248 
0.310204 0.381504 
0.249105 0.458311 
0.256042 0.446552 
0.2638 0.435902 
0.269839 0.427424 
0.278709 0.425266 
0.289628 0.414731 
0.299967 0.397918 
0.44 0.166667 
0.430011 0.150947 
0.34 0 
0.349609 0.015398 
0.358731 0.0305341 
0.367666 0.0455479 
0.376421 0.060455 
0.385103 0.0753262 
0.393768 0.0902368 
0.402449 0.105165 
0.411214 0.120172 
0.419976 0.135227 
0.429573 0.182023 
0.41909 0.19735 
0.407761 0.212248 
0.39643 0.227121 
0.385103 0.241993 
0.122746 0.540216 
0.108693 0.540398 
0.0943953 0.540491 
0.0800148 0.540055 
0.0656363 0.538571 
0.0516195 0.536507 
0.0385322 0.533942 
0.00997295 0.543614 
0 0.549547 
0.0189596 0.53727 
0.0265309 0.530804 
0.157755 0.528918 
0.143804 0.528621 
0.129787 0.528481 
0.164756 0.516978 
0.171788 0.505 
0.200298 0.495 
0.186344 0.495 
0.17239 0.495 
0.373786 0.256921 
0.362519 0.27188 
0.351384 0.286938 
0.340392 0.302102 
0.207364 0.482718 
0.330112 0.317672 
0.32 0.333333 
0.214516 0.470317 
0.235484 0.457614 
0.221772 0.457676 
0.310106 0.349359 
0.300101 0.365499 
0.290048 0.381825 
0.242622 0.444679 
0.250149 0.432753 
0.260839 0.425089 
0.269953 0.414694 
0.279889 0.398124 
0.42 0.166667 
0.409958 0.150937 
0.32 0 
0.329496 0.0153268 
0.338739 0.0305328 
0.347661 0.0455461 
0.356418 0.0604569 
0.365091 0.075335 
0.373786 0.0902541 
0.382483 0.105192 
0.39128 0.120215 
0.400367 0.135435 
0.40952 0.182 
0.398867 0.197259 
0.387695 0.212224 
0.376421 0.227122 
0.365091 0.242002 
0.11576 0.528518 
0.10165 0.52852 
0.087482 0.528308 
0.0594662 0.526549 
0.0733614 0.52766 
0.0461673 0.525046 
0.0341338 0.522927 
0.00931922 0.531445 
0 0.537175 
0.0170474 0.52601 
0.0248044 0.521948 
0.150827 0.516859 
0.136851 0.516766 
0.122853 0.516751 
0.157832 0.505 
0.158436 0.495 
0.193376 0.482678 
0.179376 0.482619 
0.165385 0.482627 
0.353802 0.256932 
0.342534 0.271886 
0.331348 0.286913 
0.320245 0.302021 
0.200509 0.470279 
0.310075 0.317645 
0.3 0.333333 
0.207779 0.458042 
0.228812 0.444193 
0.215641 0.445582 
0.290036 0.349445 
0.279996 0.365609 
0.269869 0.3818 
0.236149 0.428628 
0.250261 0.414135 
0.259872 0.397774 
0.4 0.166667 
0.389882 0.150911 
0.3 0 
0.309568 0.0153308 
0.318853 0.0305764 
0.327683 0.0455499 
0.336424 0.0604582 
0.345117 0.075342 
0.353802 0.090265 
0.362519 0.105213 
0.371334 0.120247 
0.380252 0.135373 
0.389565 0.182028 
0.378793 0.197232 
0.367666 0.212215 
0.356418 0.227124 
0.345117 0.242009 
0.10883 0.516742 
0.0947364 0.516664 
0.0807253 0.516463 
0.0532211 0.515369 
0.0668363 0.516015 
0.0402777 0.51454 
0.0281706 0.513825 
0.00753581 0.52068 
0 0.525706 
0.0165119 0.514401 
0.143876 0.505 
0.129921 0.505 
0.115965 0.505 
0.144482 0.495 
0.151418 0.482734 
0.186441 0.470077 
0.172367 0.469966 
0.158334 0.470146 
0.333805 0.256932 
0.322516 0.271873 
0.311289 0.286873 
0.30019 0.301959 
0.193604 0.457702 
0.289988 0.317604 
0.28 0.333333 
0.200763 0.44625 
0.221205 0.430979 
0.208612 0.43512 
0.269983 0.349453 
0.259905 0.365554 
0.249759 0.381459 
0.228719 0.414296 
0.239417 0.397633 
0.38 0.166667 
0.370043 0.150977 
0.28 0 
0.289514 0.0152944 
0.29874 0.0304904 
0.307684 0.0455349 
0.316426 0.0604531 
0.325101 0.0753387 
0.333805 0.0902652 
0.342534 0.105219 
0.351384 0.120272 
0.360507 0.135505 
0.369575 0.182054 
0.358731 0.197201 
0.347661 0.212213 
0.336424 0.227125 
0.325101 0.242005 
0.102009 0.505 
0.0880536 0.505 
0.0740979 0.505 
0.0464717 0.505 
0.0601443 0.505 
0.03354 0.505 
0.0215256 0.505 
0.00673699 0.512158 
0 0.515074 
0.0103603 0.505 
0.130528 0.495 
0.116573 0.495 
0.102619 0.495 
0.137481 0.482879 
0.144388 0.470516 
0.179439 0.457009 
0.16524 0.457059 
0.151204 0.457772 
0.313794 0.256925 
0.302494 0.271861 
0.291294 0.28688 
0.280414 0.302118 
0.186812 0.443944 
0.269862 0.317583 
0.26 0.333333 
0.19519 0.430666 
0.209298 0.418056 
0.249964 0.349446 
0.239922 0.365506 
0.229745 0.381567 
0.218611 0.398623 
0.36 0.166667 
0.349996 0.150951 
0.26 0 
0.269652 0.0153022 
0.278877 0.0305343 
0.28769 0.0455243 
0.296422 0.0604447 
0.305113 0.0753329 
0.313794 0.090258 
0.322516 0.105206 
0.331348 0.120247 
0.340392 0.135436 
0.349609 0.182065 
0.338739 0.197199 
0.327683 0.212217 
0.316426 0.22712 
0.305113 0.242 
0.0337614 0.495 
0.0886653 0.495 
0.0747112 0.495 
0.0607575 0.495 
0.0469305 0.495 
0.0275777 0.485103 
0.0216009 0.495 
0.010372 0.495 
0 0.505 
0.00518306 0.5 
0.123558 0.483035 
0.109615 0.483044 
0.0956165 0.48304 
0.130511 0.470853 
0.137373 0.458572 
0.172178 0.443182 
0.143968 0.446104 
0.157923 0.444197 
0.293783 0.25692 
0.282486 0.271862 
0.271302 0.286898 
0.260233 0.302036 
0.179701 0.428826 
0.250018 0.317639 
0.24 0.333333 
0.18939 0.414156 
0.199781 0.398946 
0.229991 0.349474 
0.219934 0.365572 
0.209797 0.381857 
0.34 0.166667 
0.330112 0.151006 
0.24 0 
0.249589 0.0153394 
0.258778 0.0305015 
0.267697 0.0455293 
0.276426 0.0604452 
0.285086 0.0753298 
0.293783 0.0902535 
0.302494 0.105194 
0.311289 0.120207 
0.320245 0.135354 
0.329496 0.181993 
0.318853 0.197243 
0.307684 0.212202 
0.296422 0.227111 
0.285086 0.241996 
0.0404681 0.4846 
0.0815685 0.483128 
0.0675334 0.483385 
0.0537879 0.483898 
0.03391 0.475097 
0.0219595 0.476864 
0.0160975 0.487359 
0.00724007 0.488239 
0 0.495 
0.11664 0.470927 
0.102686 0.470977 
0.0885591 0.47097 
0.123629 0.458873 
0.130537 0.447253 
0.136404 0.435906 
0.163952 0.428056 
0.149995 0.432245 
0.273777 0.256922 
0.262491 0.27187 
0.251321 0.286912 
0.240475 0.302159 
0.170515 0.413442 
0.22994 0.317596 
0.22 0.333333 
0.180011 0.397589 
0.189906 0.381913 
0.210002 0.349486 
0.199938 0.36568 
0.32 0.166667 
0.310075 0.150978 
0.22 0 
0.229538 0.0153434 
0.238891 0.0305952 
0.247704 0.0455502 
0.25643 0.0604549 
0.265089 0.0753344 
0.273777 0.0902557 
0.282486 0.105195 
0.291294 0.120213 
0.30019 0.135292 
0.309568 0.181997 
0.29874 0.197157 
0.28769 0.212191 
0.276426 0.227112 
0.265089 0.242001 
0.0468412 0.473502 
0.0743177 0.471304 
0.0601969 0.471902 
0.0394184 0.464161 
0.0272482 0.465642 
0.0170707 0.469381 
0.00985281 0.478601 
0 0.484926 
0.109834 0.458661 
0.0957938 0.458499 
0.0813656 0.458828 
0.116879 0.446911 
0.12458 0.43615 
0.139385 0.425058 
0.130406 0.42792 
0.149919 0.414359 
0.253787 0.25693 
0.242509 0.271881 
0.231358 0.286926 
0.220341 0.30207 
0.160035 0.397858 
0.210049 0.317637 
0.2 0.333333 
0.169979 0.381769 
0.179951 0.365678 
0.18999 0.349512 
0.3 0.166667 
0.289988 0.150937 
0.2 0 
0.209705 0.0154291 
0.218927 0.0306341 
0.227733 0.0455824 
0.236438 0.0604705 
0.245114 0.0753483 
0.253787 0.0902637 
0.262491 0.105204 
0.271302 0.120231 
0.280414 0.135452 
0.289514 0.181961 
0.278877 0.197201 
0.267697 0.212196 
0.25643 0.227122 
0.245114 0.242015 
0.0529724 0.460907 
0.0666075 0.459259 
0.0430082 0.452623 
0.0336016 0.457018 
0.0259715 0.455675 
0.0175846 0.460032 
0.00854395 0.466313 
0 0.474294 
0.103376 0.445755 
0.0738357 0.44652 
0.0889413 0.445801 
0.111116 0.433242 
0.121321 0.425378 
0.130199 0.41486 
0.140027 0.39823 
0.233806 0.25694 
0.222533 0.27189 
0.211386 0.286933 
0.200514 0.302163 
0.149996 0.381892 
0.189834 0.317529 
0.18 0.333333 
0.159976 0.365685 
0.169981 0.349508 
0.28 0.166667 
0.269862 0.150916 
0.18 0 
0.189544 0.0153636 
0.198787 0.0305606 
0.207724 0.0455843 
0.216447 0.0604812 
0.22513 0.0753597 
0.233806 0.0902737 
0.242509 0.105214 
0.251321 0.120245 
0.260233 0.135369 
0.269652 0.181969 
0.258778 0.197168 
0.247704 0.212217 
0.236438 0.227137 
0.22513 0.242026 
0.0569567 0.446095 
0.0671251 0.433634 
0.0435567 0.441033 
0.0315578 0.446334 
0.0198651 0.449348 
0.00906901 0.455108 
0 0.462825 
0.0970894 0.430658 
0.0820975 0.433707 
0.0737721 0.424126 
0.110306 0.414717 
0.129984 0.382052 
0.120027 0.398361 
0.213825 0.256948 
0.202563 0.2719 
0.191448 0.286963 
0.180582 0.302198 
0.139983 0.36576 
0.170124 0.317676 
0.16 0.333333 
0.149975 0.34951 
0.26 0.166667 
0.250018 0.150973 
0.16 0 
0.16956 0.0153746 
0.178806 0.0305743 
0.187732 0.0455857 
0.196463 0.0604856 
0.205132 0.075359 
0.213825 0.0902809 
0.222533 0.105223 
0.231358 0.120259 
0.240475 0.135492 
0.249589 0.182006 
0.238891 0.197262 
0.227733 0.212249 
0.216447 0.227148 
0.205132 0.242026 
0.14 0 
0.0639322 0.421595 
0.051591 0.428685 
0.0353163 0.4311 
0.0219312 0.436871 
0.00968616 0.442817 
0 0.450453 
0.0887706 0.417056 
0.0719447 0.410984 
0.120021 0.365897 
0.100152 0.39898 
0.110062 0.382357 
0.193835 0.256944 
0.182563 0.271887 
0.171378 0.286905 
0.160644 0.302212 
0.130006 0.349585 
0.150205 0.317698 
0.14 0.333333 
0.24 0.166667 
0.22994 0.15093 
0.149744 0.0154527 
0.158871 0.0306043 
0.167793 0.0456077 
0.176507 0.0604915 
0.185141 0.0753532 
0.193835 0.0902774 
0.202563 0.105234 
0.211386 0.120267 
0.220341 0.135403 
0.229538 0.18201 
0.218927 0.197301 
0.207724 0.212251 
0.196463 0.227152 
0.185141 0.24202 
0.12 0 
0.129649 0.0154146 
0.1 0 
0.055099 0.410646 
0.0391511 0.416689 
0.0243855 0.422647 
0.0109521 0.429607 
0 0.437108 
0.0817049 0.398722 
0.066217 0.399403 
0.110063 0.349685 
0.100132 0.36618 
0.0900676 0.382684 
0.173825 0.256912 
0.162506 0.271828 
0.151384 0.286879 
0.14063 0.302145 
0.12 0.333333 
0.130239 0.317654 
0.22 0.166667 
0.210049 0.150971 
0.13898 0.030665 
0.147912 0.0456581 
0.156597 0.0605035 
0.165172 0.07533 
0.173825 0.0902456 
0.182563 0.105221 
0.191448 0.120296 
0.200514 0.135497 
0.209705 0.182096 
0.198787 0.197227 
0.187732 0.212252 
0.176507 0.227158 
0.165172 0.241997 
0.109645 0.0154266 
0.119188 0.030796 
0.08 0 
0.0895847 0.0156584 
0.06 0 
0.0540208 0.392746 
0.0402509 0.40036 
0.026136 0.407126 
0.0126248 0.414766 
0 0.422712 
0.1 0.333333 
0.0695207 0.383596 
0.0902226 0.34984 
0.0804038 0.36682 
0.153744 0.256807 
0.142198 0.271621 
0.131144 0.286673 
0.120593 0.301972 
0.110286 0.317552 
0.2 0.166667 
0.189834 0.150862 
0.128126 0.0457982 
0.136806 0.0605595 
0.145242 0.0752755 
0.153744 0.0901403 
0.162506 0.105161 
0.171378 0.120239 
0.180582 0.135532 
0.189544 0.18203 
0.178806 0.197241 
0.167793 0.212274 
0.156597 0.22717 
0.145242 0.241942 
0.0993079 0.0309383 
0.108403 0.0461482 
0.0693124 0.0161865 
0.079158 0.0315713 
0.0500239 0.0161717 
0.04 0 
0.02 0 
0.0539215 0.378552 
0.0407271 0.383027 
0.027086 0.389968 
0.0133179 0.398323 
0 0.407183 
0.0903944 0.317399 
0.08 0.333333 
0.062393 0.366263 
0.0707422 0.349768 
0.133519 0.256542 
0.121298 0.271231 
0.110802 0.286212 
0.100582 0.301659 
0.18 0.166667 
0.170124 0.151009 
0.117218 0.0607839 
0.125599 0.0752384 
0.133519 0.0898752 
0.142198 0.104954 
0.151384 0.120212 
0.160644 0.135545 
0.16956 0.182041 
0.158871 0.197271 
0.147912 0.212325 
0.136806 0.227226 
0.125599 0.241905 
0.0973641 0.0614083 
0.0890888 0.0470751 
0.0711597 0.0478822 
0.0587218 0.034032 
0.0421321 0.0297291 
0.0299773 0.0170829 
0.012851 0.0127141 
0 0 
0.0445464 0.366628 
0.0284316 0.372296 
0.0138643 0.381015 
0 0.390431 
0.081198 0.301576 
0.0709735 0.317596 
0.06 0.333333 
0.0516823 0.349126 
0.113866 0.2561 
0.100737 0.270394 
0.0904591 0.28534 
0.0721815 0.286015 
0.16 0.166667 
0.150205 0.151031 
0.106912 0.0754825 
0.113866 0.0894329 
0.121298 0.104564 
0.131144 0.120007 
0.14063 0.135478 
0.149744 0.182119 
0.13898 0.197332 
0.128126 0.212465 
0.117218 0.227451 
0.106912 0.242149 
0.0916107 0.074801 
0.079118 0.0644864 
0.0637659 0.0600548 
0.0570694 0.0500652 
0.0437119 0.0450636 
0.0285302 0.0359767 
0.0143473 0.0278846 
0 0.0185185 
0.0301228 0.350505 
0.0142677 0.362613 
0 0.372409 
0.0630347 0.301487 
0.0525503 0.317603 
0.04 0.333333 
0.095385 0.254703 
0.0803301 0.26806 
0.0552887 0.285919 
0.0627785 0.273705 
0.14 0.166667 
0.130239 0.150987 
0.095385 0.088036 
0.100737 0.103727 
0.110802 0.119545 
0.120593 0.135306 
0.129649 0.182081 
0.119188 0.197463 
0.0916107 0.241468 
0.108403 0.212815 
0.0973641 0.228075 
0.078846 0.0833146 
0.0632767 0.0742085 
0.0481403 0.0631123 
0.030224 0.054824 
0.0147255 0.0459785 
0 0.037037 
0.02 0.333333 
0.0130503 0.346534 
0 0.353178 
0.0460164 0.300211 
0.0302794 0.316788 
0.0129894 0.320224 
0.0413567 0.285503 
0.078846 0.249981 
0.0626654 0.257895 
0.0469444 0.269547 
0.12 0.166667 
0.110286 0.150885 
0.0803301 0.101394 
0.0904591 0.118673 
0.100582 0.134992 
0.109645 0.182093 
0.0993079 0.197605 
0.079118 0.231153 
0.0890888 0.213742 
0.0626654 0.0912282 
0.047192 0.0830656 
0.0312121 0.0735112 
0.0153215 0.0645083 
0 0.0555556 
0 0.333333 
0.0292898 0.294282 
0.0145785 0.304821 
0 0.314815 
0.0297265 0.277173 
0.0632767 0.240875 
0.0637659 0.226721 
0.047192 0.249732 
0.0309499 0.259109 
0.1 0.166667 
0.0903944 0.150732 
0.0627785 0.107038 
0.0721815 0.119348 
0.081198 0.134909 
0.0895847 0.182325 
0.079158 0.198238 
0.0711597 0.214549 
0.0469444 0.10288 
0.0309499 0.092442 
0.015444 0.0831165 
0 0.0740741 
0.0570694 0.216732 
-0.0129081 0.320554 
-0.02 0.333333 
0.0147959 0.286431 
-0.0144005 0.305212 
0 0.296296 
0.0151807 0.268239 
0.0481403 0.229779 
0.0312121 0.240178 
0.015444 0.249783 
0.08 0.166667 
0.0709735 0.150929 
0.0552887 0.119253 
0.0630347 0.13482 
0.0693124 0.182853 
0.0587218 0.200699 
0.0413567 0.118836 
0.0297265 0.110506 
0.0151807 0.101573 
0 0.0925926 
0.0437119 0.21173 
-0.0301399 0.316078 
-0.04 0.333333 
0 0.277778 
-0.0285684 0.297148 
-0.0147453 0.287277 
0 0.259259 
0 0.240741 
0.030224 0.221491 
0.0153215 0.231175 
0.06 0.166667 
0.0525503 0.150936 
0.0460164 0.133544 
0.0500239 0.182838 
0.0421321 0.196396 
0.0292898 0.127615 
0.0147959 0.119765 
0 0.111111 
0.0285302 0.202643 
-0.0422418 0.303241 
-0.0501945 0.317042 
-0.06 0.333333 
-0.0153097 0.268776 
-0.0437885 0.288283 
-0.0301932 0.278451 
-0.0155272 0.250174 
-0.0152603 0.231718 
0 0.222222 
0.0147255 0.212645 
0.04 0.166667 
0.0302794 0.150121 
0.0299773 0.18375 
0.0145785 0.138154 
0 0.12963 
0.0143473 0.194551 
-0.05727 0.283159 
-0.0590572 0.299212 
-0.0697278 0.317052 
-0.08 0.333333 
-0.0312755 0.259741 
-0.0482275 0.270154 
-0.0311482 0.240843 
-0.0299967 0.22279 
-0.0148899 0.213538 
0 0.203704 
0.02 0.166667 
0.0129894 0.153557 
0.012851 0.179381 
0 0.148148 
0 0.185185 
-0.0642452 0.272921 
-0.0719114 0.285107 
-0.0794471 0.30147 
-0.0898021 0.31757 
-0.1 0.333333 
-0.0473629 0.250074 
-0.0634573 0.258453 
-0.0475392 0.230249 
-0.0417876 0.214408 
-0.0292739 0.205577 
-0.0148083 0.195216 
0 0.166667 
-0.0130487 0.179842 
-0.0805508 0.267767 
-0.0898563 0.285658 
-0.0996285 0.301761 
-0.109919 0.317518 
-0.12 0.333333 
-0.0800949 0.249329 
-0.0637043 0.241142 
-0.0640582 0.225985 
-0.0559787 0.213701 
-0.0461495 0.199721 
-0.0305191 0.183025 
-0.02 0.166667 
-0.0930051 0.257577 
-0.0987457 0.27168 
-0.109122 0.286367 
-0.119624 0.301983 
-0.129876 0.317652 
-0.14 0.333333 
-0.0964783 0.244107 
-0.0808994 0.231686 
-0.0732527 0.213511 
-0.0635049 0.197907 
-0.0527502 0.182356 
-0.04 0.166667 
-0.108585 0.256329 
-0.118408 0.271618 
-0.128991 0.286766 
-0.13978 0.302059 
-0.149924 0.31769 
-0.16 0.333333 
-0.115168 0.242357 
-0.102129 0.227676 
-0.0918646 0.213182 
-0.0819743 0.197831 
-0.0714752 0.182287 
-0.06 0.166667 
-0.126975 0.256831 
-0.137958 0.271789 
-0.148917 0.286883 
-0.159884 0.302083 
-0.169997 0.317685 
-0.18 0.333333 
-0.135134 0.242036 
-0.123326 0.227282 
-0.111576 0.21232 
-0.101425 0.197424 
-0.0908968 0.182175 
-0.08 0.166667 
-0.146558 0.256888 
-0.157757 0.271852 
-0.168828 0.286933 
-0.179606 0.302203 
-0.190081 0.317647 
-0.2 0.333333 
-0.155059 0.241962 
-0.143675 0.227107 
-0.132276 0.212201 
-0.121348 0.197166 
-0.110715 0.18201 
-0.1 0.166667 
-0.166414 0.256893 
-0.177647 0.271874 
-0.188711 0.286967 
-0.199533 0.302212 
-0.21013 0.317584 
-0.22 0.333333 
-0.175053 0.241933 
-0.163759 0.227043 
-0.152507 0.212113 
-0.141457 0.197085 
-0.130667 0.181935 
-0.12 0.166667 
-0.18635 0.256892 
-0.197575 0.271883 
-0.208665 0.286963 
-0.219619 0.302129 
-0.229913 0.317675 
-0.24 0.333333 
-0.195043 0.241925 
-0.183762 0.227026 
-0.172535 0.212094 
-0.161479 0.197068 
-0.150653 0.181919 
-0.14 0.166667 
-0.206313 0.256896 
-0.217542 0.271882 
-0.228664 0.286947 
-0.26 0.333333 
-0.239473 0.302205 
-0.249882 0.317689 
-0.215032 0.241939 
-0.203739 0.227024 
-0.192516 0.212097 
-0.181458 0.197074 
-0.170626 0.181924 
-0.16 0.166667 
-0.22629 0.256902 
-0.237531 0.27188 
-0.248665 0.286942 
-0.28 0.333333 
-0.269916 0.317672 
-0.259714 0.302084 
-0.234991 0.24195 
-0.223719 0.227037 
-0.212501 0.212108 
-0.20143 0.19709 
-0.190601 0.181934 
-0.18 0.166667 
-0.246273 0.256908 
-0.257524 0.27188 
-0.268662 0.286935 
-0.3 0.333333 
-0.290008 0.317613 
-0.27949 0.302182 
-0.254982 0.241969 
-0.243708 0.22706 
-0.232491 0.212127 
-0.221426 0.197104 
-0.210521 0.181983 
-0.2 0.166667 
-0.266264 0.256909 
-0.277513 0.271874 
-0.288641 0.286929 
-0.32 0.333333 
-0.309895 0.317665 
-0.29965 0.302074 
-0.274979 0.241968 
-0.263689 0.227075 
-0.252467 0.212151 
-0.241413 0.197126 
-0.230604 0.181953 
-0.22 0.166667 
-0.286254 0.256901 
-0.2975 0.271862 
-0.308625 0.286918 
-0.34 0.333333 
-0.329986 0.317615 
-0.319446 0.302175 
-0.29497 0.241955 
-0.283661 0.227078 
-0.272414 0.212174 
-0.261366 0.197152 
-0.250534 0.181998 
-0.24 0.166667 
-0.306248 0.256875 
-0.36 0.333333 
-0.317527 0.271814 
-0.328777 0.286799 
-0.34984 0.317658 
-0.339442 0.302148 
-0.314944 0.241925 
-0.303629 0.227063 
-0.292371 0.212176 
-0.28122 0.197214 
-0.27055 0.181977 
-0.26 0.166667 
-0.326274 0.256804 
-0.38 0.333333 
-0.369816 0.317603 
-0.33767 0.271675 
-0.348723 0.286771 
-0.359591 0.302011 
-0.4 0.333333 
-0.334907 0.241868 
-0.323575 0.227037 
-0.31235 0.212149 
-0.301224 0.197194 
-0.290557 0.18196 
-0.28 0.166667 
-0.346347 0.256667 
-0.389789 0.317467 
-0.379525 0.301868 
-0.357897 0.271463 
-0.368941 0.28654 
-0.42 0.333333 
-0.409563 0.317258 
-0.44 0.333333 
-0.354831 0.24177 
-0.343466 0.227011 
-0.332262 0.212139 
-0.321274 0.197125 
-0.310483 0.181979 
-0.3 0.166667 
-0.36654 0.256401 
-0.39972 0.301447 
-0.389246 0.286159 
-0.378243 0.271148 
-0.429039 0.317428 
-0.418768 0.301246 
-0.447666 0.317465 
-0.46 0.333333 
-0.48 0.333333 
-0.374511 0.241641 
-0.363236 0.227016 
-0.352113 0.212149 
-0.341064 0.19718 
-0.330492 0.181954 
-0.32 0.166667 
-0.386514 0.255914 
-0.409739 0.285156 
-0.39931 0.270794 
-0.437005 0.301123 
-0.427544 0.285064 
-0.454467 0.299833 
-0.469739 0.316589 
-0.487112 0.320322 
-0.5 0.333333 
-0.393219 0.241532 
-0.38276 0.227194 
-0.371864 0.21224 
-0.361052 0.197131 
-0.350375 0.181966 
-0.34 0.166667 
-0.404772 0.254574 
-0.419865 0.267742 
-0.444565 0.28572 
-0.436868 0.273421 
-0.458636 0.285296 
-0.470873 0.294403 
-0.485515 0.304844 
-0.5 0.314815 
-0.408446 0.241396 
-0.402313 0.228055 
-0.391509 0.212617 
-0.380747 0.197192 
-0.370368 0.181947 
-0.36 0.166667 
-0.421276 0.249958 
-0.437302 0.257745 
-0.452892 0.269606 
-0.470382 0.276916 
-0.485362 0.286637 
-0.5 0.296296 
-0.4206 0.231208 
-0.410811 0.213405 
-0.400699 0.197536 
-0.390346 0.181993 
-0.38 0.166667 
-0.436681 0.240995 
-0.436191 0.226602 
-0.452918 0.249677 
-0.469117 0.259027 
-0.485001 0.268177 
-0.5 0.277778 
-0.428732 0.214521 
-0.420458 0.19851 
-0.410387 0.182235 
-0.4 0.166667 
-0.442979 0.216685 
-0.451959 0.229597 
-0.468862 0.240098 
-0.484623 0.249741 
-0.5 0.259259 
-0.441355 0.200714 
-0.430606 0.18283 
-0.42 0.166667 
-0.456268 0.211679 
-0.469817 0.221444 
-0.484761 0.231144 
-0.5 0.240741 
-0.457864 0.196345 
-0.449993 0.182799 
-0.44 0.166667 
-0.471373 0.202675 
-0.485272 0.212623 
-0.5 0.222222 
-0.470134 0.183568 
-0.46 0.166667 
-0.48568 0.194549 
-0.5 0.203704 
-0.487239 0.179442 
-0.48 0.166667 
-0.5 0.185185 
-0.5 0.166667 
