  0.29957060478
  0.40430522559
  0.29935597520
  0.17044726391
  0.16095305326
  0.17014526678
  0.14387839368
  0.12694391048
  0.10404024308
  0.06764669217
  0.04146871716
  0.02402979856
  0.01666791463
  0.01313618542
  0.01159986298
  0.01015511600
  0.00935537905
  0.00590228097
  0.00353875125
  0.00335677198
  0.00363046229
  0.00408726234
  0.00443717195
  0.00320114318
  0.00282169023
  0.00222390342
  0.00222363712
  0.00221609211
  0.00216162750
  0.00202214391
  0.00203663610
  0.00204517979
  0.00203458888
  0.00194152349
  0.00183410747
  0.00182170686
  0.00179937367
  0.00176110870
  0.00166923951
  0.00167201819
  0.00167932903
  0.00168864447
  0.00167998479
  0.00160548128
  0.00161727909
  0.00163382879
  0.00165268688
  0.00167370576
  0.00169664837
  0.00172114767
  0.00174624035
  0.00176576908
  0.00174168768
  0.00167555209
  0.00167746240
  0.00168056638
  0.00168902363
  0.00170020313
  0.00171325697
  0.00172696724
  0.00172853570
  0.00170870630
  0.00165758621
  0.00161766443
  0.00161857172
  0.00162175495
  0.00162593933
  0.00162170073
  0.00157335579
  0.00155844277
  0.00149036272
  0.00140522950
  0.00121164957
  0.00108055414
  0.00096423801
  0.00084854057
  0.00075730967
  0.00056039671
  0.00040499307
  0.00038454164
  0.00036823612
  0.00035285757
  0.00033840214
  0.00032485727
  0.00031220049
  0.00030040232
  0.00028941711
  0.00027916219
  0.00026948030
  0.00026008532
  0.00025056943
  0.00024086933
  0.00023245463
  0.00022709391
  0.00022397769
  0.00022216316
  0.00022152594
  0.00022208106
  0.00022383057
  0.00022676961
