271 30
0 3
0 2 
2 5 
5 1 

1 10
4 0 
11 4 
18 11 
25 18 
32 25 
39 32 
47 39 
55 47 
66 55 
76 66 

2 10
1 8 
8 15 
15 22 
22 27 
27 33 
33 41 
41 52 
52 64 
64 77 
77 73 

3 3
93 74 
91 115 
115 93 

4 2
118 91 
148 118 

5 2
74 95 
95 127 

6 3
155 127 
148 172 
172 155 

7 5
112 113 
92 119 
121 92 
113 121 
119 148 

8 16
148 177 
177 202 
202 225 
225 244 
244 230 
230 254 
254 276 
276 296 
296 319 
319 352 
352 384 
384 415 
415 444 
444 478 
478 510 
510 543 

9 30
127 157 
157 183 
183 209 
209 233 
233 259 
259 283 
283 305 
305 331 
331 364 
364 396 
396 427 
427 458 
458 494 
494 526 
526 555 
555 574 
574 603 
603 630 
630 657 
657 684 
684 711 
711 736 
736 759 
759 784 
784 809 
809 834 
834 858 
858 882 
882 904 
904 926 

10 15
141 112 
169 141 
193 169 
217 193 
241 217 
265 241 
289 265 
315 289 
349 315 
382 349 
413 382 
445 413 
479 445 
511 479 
543 511 

11 5
234 210 
260 234 
284 260 
306 284 
340 306 

12 5
190 214 
214 239 
239 264 
264 287 
287 308 

13 52
460 429 
496 460 
531 496 
563 531 
591 563 
617 591 
642 617 
669 642 
696 669 
721 696 
744 721 
769 744 
794 769 
819 794 
844 819 
869 844 
894 869 
919 894 
945 919 
968 945 
994 968 
1021 994 
1046 1021 
1069 1046 
1092 1069 
1117 1092 
1142 1117 
1165 1142 
1184 1165 
1199 1184 
1210 1199 
1217 1210 
1224 1217 
1231 1224 
1238 1231 
1245 1238 
1252 1245 
1259 1252 
1266 1259 
1273 1266 
1280 1273 
1287 1280 
1294 1287 
1301 1294 
1308 1301 
1315 1308 
1322 1315 
1329 1322 
1338 1329 
1345 1338 
1349 1345 
1351 1349 

14 9
348 381 
381 412 
412 442 
442 474 
474 506 
506 539 
539 569 
569 597 
597 623 

15 25
648 623 
675 648 
702 675 
727 702 
750 727 
775 750 
800 775 
825 800 
850 825 
875 850 
900 875 
928 900 
953 928 
977 953 
1003 977 
1030 1003 
1055 1030 
1078 1055 
1101 1078 
1126 1101 
1151 1126 
1174 1151 
1193 1174 
1206 1193 
1216 1206 

16 13
926 951 
951 974 
974 1000 
1000 1027 
1027 1052 
1052 1075 
1075 1098 
1098 1123 
1123 1148 
1148 1171 
1171 1190 
1190 1205 
1205 1216 

17 10
926 927 
927 944 
944 967 
966 986 
992 966 
967 993 
986 1010 
993 1016 
1016 992 
1010 1033 

18 9
1033 1057 
1057 1080 
1080 1103 
1103 1128 
1128 1153 
1153 1176 
1176 1195 
1195 1207 
1207 1216 

19 18
1216 1223 
1223 1230 
1230 1237 
1237 1244 
1244 1251 
1251 1258 
1258 1265 
1265 1272 
1272 1279 
1279 1286 
1286 1293 
1293 1300 
1300 1307 
1307 1314 
1314 1321 
1321 1327 
1327 1331 
1331 1337 

20 3
1337 1343 
1343 1348 
1348 1351 

21 2
96 76 
128 96 

22 2
73 89 
89 109 

23 3
158 128 
184 158 
210 184 

24 3
109 138 
138 166 
166 190 

25 3
335 314 
314 340 
365 335 

26 3
313 332 
308 337 
337 313 

27 2
397 365 
429 397 

28 2
332 334 
334 348 

29 3
573 543 
599 573 
623 599 

