542 30
0 6
0 1352 
1352 2 
2 1353 
1353 5 
5 1354 
1354 1 

1 20
4 1355 
1355 0 
11 1356 
1356 4 
18 1357 
1357 11 
25 1358 
1358 18 
32 1359 
1359 25 
39 1360 
1360 32 
47 1361 
1361 39 
55 1362 
1362 47 
66 1363 
1363 55 
76 1364 
1364 66 

2 20
1 1365 
1365 8 
8 1366 
1366 15 
15 1367 
1367 22 
22 1368 
1368 27 
27 1369 
1369 33 
33 1370 
1370 41 
41 1371 
1371 52 
52 1372 
1372 64 
64 1373 
1373 77 
77 1374 
1374 73 

3 6
93 1375 
1375 74 
91 1376 
1376 115 
115 1377 
1377 93 

4 4
118 1378 
1378 91 
148 1379 
1379 118 

5 4
74 1380 
1380 95 
95 1381 
1381 127 

6 6
155 1382 
1382 127 
148 1383 
1383 172 
172 1384 
1384 155 

7 10
112 1385 
1385 113 
92 1386 
1386 119 
121 1387 
1387 92 
113 1388 
1388 121 
119 1389 
1389 148 

8 32
148 1390 
1390 177 
177 1391 
1391 202 
202 1392 
1392 225 
225 1393 
1393 244 
244 1394 
1394 230 
230 1395 
1395 254 
254 1396 
1396 276 
276 1397 
1397 296 
296 1398 
1398 319 
319 1399 
1399 352 
352 1400 
1400 384 
384 1401 
1401 415 
415 1402 
1402 444 
444 1403 
1403 478 
478 1404 
1404 510 
510 1405 
1405 543 

9 60
127 1406 
1406 157 
157 1407 
1407 183 
183 1408 
1408 209 
209 1409 
1409 233 
233 1410 
1410 259 
259 1411 
1411 283 
283 1412 
1412 305 
305 1413 
1413 331 
331 1414 
1414 364 
364 1415 
1415 396 
396 1416 
1416 427 
427 1417 
1417 458 
458 1418 
1418 494 
494 1419 
1419 526 
526 1420 
1420 555 
555 1421 
1421 574 
574 1422 
1422 603 
603 1423 
1423 630 
630 1424 
1424 657 
657 1425 
1425 684 
684 1426 
1426 711 
711 1427 
1427 736 
736 1428 
1428 759 
759 1429 
1429 784 
784 1430 
1430 809 
809 1431 
1431 834 
834 1432 
1432 858 
858 1433 
1433 882 
882 1434 
1434 904 
904 1435 
1435 926 

10 30
141 1436 
1436 112 
169 1437 
1437 141 
193 1438 
1438 169 
217 1439 
1439 193 
241 1440 
1440 217 
265 1441 
1441 241 
289 1442 
1442 265 
315 1443 
1443 289 
349 1444 
1444 315 
382 1445 
1445 349 
413 1446 
1446 382 
445 1447 
1447 413 
479 1448 
1448 445 
511 1449 
1449 479 
543 1450 
1450 511 

11 10
234 1451 
1451 210 
260 1452 
1452 234 
284 1453 
1453 260 
306 1454 
1454 284 
340 1455 
1455 306 

12 10
190 1456 
1456 214 
214 1457 
1457 239 
239 1458 
1458 264 
264 1459 
1459 287 
287 1460 
1460 308 

13 104
460 1461 
1461 429 
496 1462 
1462 460 
531 1463 
1463 496 
563 1464 
1464 531 
591 1465 
1465 563 
617 1466 
1466 591 
642 1467 
1467 617 
669 1468 
1468 642 
696 1469 
1469 669 
721 1470 
1470 696 
744 1471 
1471 721 
769 1472 
1472 744 
794 1473 
1473 769 
819 1474 
1474 794 
844 1475 
1475 819 
869 1476 
1476 844 
894 1477 
1477 869 
919 1478 
1478 894 
945 1479 
1479 919 
968 1480 
1480 945 
994 1481 
1481 968 
1021 1482 
1482 994 
1046 1483 
1483 1021 
1069 1484 
1484 1046 
1092 1485 
1485 1069 
1117 1486 
1486 1092 
1142 1487 
1487 1117 
1165 1488 
1488 1142 
1184 1489 
1489 1165 
1199 1490 
1490 1184 
1210 1491 
1491 1199 
1217 1492 
1492 1210 
1224 1493 
1493 1217 
1231 1494 
1494 1224 
1238 1495 
1495 1231 
1245 1496 
1496 1238 
1252 1497 
1497 1245 
1259 1498 
1498 1252 
1266 1499 
1499 1259 
1273 1500 
1500 1266 
1280 1501 
1501 1273 
1287 1502 
1502 1280 
1294 1503 
1503 1287 
1301 1504 
1504 1294 
1308 1505 
1505 1301 
1315 1506 
1506 1308 
1322 1507 
1507 1315 
1329 1508 
1508 1322 
1338 1509 
1509 1329 
1345 1510 
1510 1338 
1349 1511 
1511 1345 
1351 1512 
1512 1349 

14 18
348 1513 
1513 381 
381 1514 
1514 412 
412 1515 
1515 442 
442 1516 
1516 474 
474 1517 
1517 506 
506 1518 
1518 539 
539 1519 
1519 569 
569 1520 
1520 597 
597 1521 
1521 623 

15 50
648 1522 
1522 623 
675 1523 
1523 648 
702 1524 
1524 675 
727 1525 
1525 702 
750 1526 
1526 727 
775 1527 
1527 750 
800 1528 
1528 775 
825 1529 
1529 800 
850 1530 
1530 825 
875 1531 
1531 850 
900 1532 
1532 875 
928 1533 
1533 900 
953 1534 
1534 928 
977 1535 
1535 953 
1003 1536 
1536 977 
1030 1537 
1537 1003 
1055 1538 
1538 1030 
1078 1539 
1539 1055 
1101 1540 
1540 1078 
1126 1541 
1541 1101 
1151 1542 
1542 1126 
1174 1543 
1543 1151 
1193 1544 
1544 1174 
1206 1545 
1545 1193 
1216 1546 
1546 1206 

16 26
926 1547 
1547 951 
951 1548 
1548 974 
974 1549 
1549 1000 
1000 1550 
1550 1027 
1027 1551 
1551 1052 
1052 1552 
1552 1075 
1075 1553 
1553 1098 
1098 1554 
1554 1123 
1123 1555 
1555 1148 
1148 1556 
1556 1171 
1171 1557 
1557 1190 
1190 1558 
1558 1205 
1205 1559 
1559 1216 

17 20
926 1560 
1560 927 
927 1561 
1561 944 
944 1562 
1562 967 
966 1563 
1563 986 
992 1564 
1564 966 
967 1565 
1565 993 
986 1566 
1566 1010 
993 1567 
1567 1016 
1016 1568 
1568 992 
1010 1569 
1569 1033 

18 18
1033 1570 
1570 1057 
1057 1571 
1571 1080 
1080 1572 
1572 1103 
1103 1573 
1573 1128 
1128 1574 
1574 1153 
1153 1575 
1575 1176 
1176 1576 
1576 1195 
1195 1577 
1577 1207 
1207 1578 
1578 1216 

19 36
1216 1579 
1579 1223 
1223 1580 
1580 1230 
1230 1581 
1581 1237 
1237 1582 
1582 1244 
1244 1583 
1583 1251 
1251 1584 
1584 1258 
1258 1585 
1585 1265 
1265 1586 
1586 1272 
1272 1587 
1587 1279 
1279 1588 
1588 1286 
1286 1589 
1589 1293 
1293 1590 
1590 1300 
1300 1591 
1591 1307 
1307 1592 
1592 1314 
1314 1593 
1593 1321 
1321 1594 
1594 1327 
1327 1595 
1595 1331 
1331 1596 
1596 1337 

20 6
1337 1597 
1597 1343 
1343 1598 
1598 1348 
1348 1599 
1599 1351 

21 4
96 1600 
1600 76 
128 1601 
1601 96 

22 4
73 1602 
1602 89 
89 1603 
1603 109 

23 6
158 1604 
1604 128 
184 1605 
1605 158 
210 1606 
1606 184 

24 6
109 1607 
1607 138 
138 1608 
1608 166 
166 1609 
1609 190 

25 6
335 1610 
1610 314 
314 1611 
1611 340 
365 1612 
1612 335 

26 6
313 1613 
1613 332 
308 1614 
1614 337 
337 1615 
1615 313 

27 4
397 1616 
1616 365 
429 1617 
1617 397 

28 4
332 1618 
1618 334 
334 1619 
1619 348 

29 6
573 1620 
1620 543 
599 1621 
1621 573 
623 1622 
1622 599 

