301 30
0 4
0
2
5
1

1 11
4
0
11
18
25
32
39
47
55
66
76

2 11
1
8
15
22
27
33
41
52
64
77
73

3 4
93
74
91
115

4 3
118
91
148

5 3
74
95
127

6 4
155
127
148
172

7 6
112
113
92
119
121
148

8 17
148
177
202
225
244
230
254
276
296
319
352
384
415
444
478
510
543

9 31
127
157
183
209
233
259
283
305
331
364
396
427
458
494
526
555
574
603
630
657
684
711
736
759
784
809
834
858
882
904
926

10 16
141
112
169
193
217
241
265
289
315
349
382
413
445
479
511
543

11 6
234
210
260
284
306
340

12 6
190
214
239
264
287
308

13 53
460
429
496
531
563
591
617
642
669
696
721
744
769
794
819
844
869
894
919
945
968
994
1021
1046
1069
1092
1117
1142
1165
1184
1199
1210
1217
1224
1231
1238
1245
1252
1259
1266
1273
1280
1287
1294
1301
1308
1315
1322
1329
1338
1345
1349
1351

14 10
348
381
412
442
474
506
539
569
597
623

15 26
648
623
675
702
727
750
775
800
825
850
875
900
928
953
977
1003
1030
1055
1078
1101
1126
1151
1174
1193
1206
1216

16 14
926
951
974
1000
1027
1052
1075
1098
1123
1148
1171
1190
1205
1216

17 11
926
927
944
967
966
986
992
993
1010
1016
1033

18 10
1033
1057
1080
1103
1128
1153
1176
1195
1207
1216

19 19
1216
1223
1230
1237
1244
1251
1258
1265
1272
1279
1286
1293
1300
1307
1314
1321
1327
1331
1337

20 4
1337
1343
1348
1351

21 3
96
76
128

22 3
73
89
109

23 4
158
128
184
210

24 4
109
138
166
190

25 4
335
314
340
365

26 4
313
332
308
337

27 3
397
365
429

28 3
332
334
348

29 4
573
543
599
623

