2488 
3 2 0 
 3 0 4 
 6 5 2 
 7 1 5 
 7 8 1 
 3 9 2 
 3 4 9 
 6 2 9 
 10 9 4 
 10 4 11 
 7 12 8 
 7 5 12 
 6 9 12 
 6 12 5 
 13 12 9 
 14 8 12 
 14 15 8 
 10 16 9 
 10 11 16 
 13 9 16 
 17 16 11 
 17 11 18 
 14 19 15 
 14 12 19 
 13 16 19 
 13 19 12 
 20 19 16 
 21 15 19 
 21 22 15 
 17 23 16 
 17 18 23 
 20 16 23 
 24 23 18 
 24 18 25 
 21 19 26 
 21 26 22 
 20 23 26 
 20 26 19 
 28 26 23 
 29 27 22 
 29 22 26 
 24 30 23 
 24 25 30 
 28 23 30 
 31 30 25 
 31 25 32 
 34 33 27 
 29 26 35 
 29 35 27 
 28 30 35 
 28 35 26 
 34 27 35 
 36 35 30 
 31 37 30 
 31 32 37 
 36 30 37 
 38 37 32 
 38 32 39 
 40 41 33 
 34 42 33 
 34 35 42 
 40 33 42 
 43 42 35 
 36 44 35 
 36 37 44 
 43 35 44 
 45 44 37 
 38 46 37 
 38 39 46 
 45 37 46 
 48 46 39 
 48 39 47 
 40 50 41 
 40 42 50 
 49 50 42 
 51 41 50 
 51 52 41 
 43 53 42 
 43 44 53 
 49 42 53 
 54 53 44 
 56 47 55 
 45 57 44 
 45 46 57 
 54 44 57 
 58 57 46 
 48 59 46 
 48 47 59 
 58 46 59 
 56 59 47 
 49 60 50 
 49 53 60 
 61 50 60 
 62 60 53 
 51 63 52 
 51 50 63 
 61 63 50 
 65 52 63 
 65 64 52 
 67 55 66 
 54 68 53 
 54 57 68 
 62 53 68 
 69 68 57 
 56 55 70 
 56 70 59 
 67 70 55 
 58 71 57 
 58 59 71 
 69 57 71 
 72 71 59 
 72 59 70 
 75 66 76 
 78 77 64 
 79 73 77 
 61 60 80 
 61 80 63 
 62 68 80 
 62 80 60 
 81 63 80 
 82 80 68 
 65 63 83 
 65 83 64 
 78 64 83 
 81 83 63 
 67 66 84 
 67 84 70 
 75 84 66 
 85 70 84 
 69 71 86 
 69 86 68 
 82 68 86 
 87 86 71 
 72 70 88 
 72 88 71 
 87 71 88 
 85 88 70 
 89 73 90 
 79 90 73 
 94 74 93 
 94 95 74 
 96 97 76 
 75 76 97 
 75 97 84 
 97 98 84 
 79 77 99 
 79 99 90 
 78 83 99 
 78 99 77 
 81 80 100 
 81 100 83 
 82 86 100 
 82 100 80 
 101 99 83 
 101 83 100 
 90 99 102 
 103 100 86 
 85 104 88 
 85 84 104 
 98 104 84 
 105 88 104 
 87 106 86 
 87 88 106 
 103 86 106 
 107 106 88 
 107 88 108 
 105 108 88 
 89 90 109 
 110 109 90 
 110 90 111 
 102 111 90 
 114 113 112 
 116 115 91 
 117 93 115 
 116 91 118 
 120 119 92 
 122 121 113 
 123 92 121 
 120 92 124 
 123 124 92 
 94 93 125 
 94 125 95 
 117 125 93 
 126 95 125 
 126 127 95 
 96 128 97 
 129 97 128 
 98 97 130 
 98 130 104 
 129 130 97 
 131 104 130 
 102 99 132 
 102 132 111 
 101 100 132 
 101 132 99 
 103 106 132 
 103 132 100 
 133 132 106 
 134 111 132 
 105 104 135 
 105 135 108 
 131 135 104 
 107 108 136 
 107 136 106 
 133 106 136 
 137 108 135 
 137 136 108 
 110 138 109 
 110 111 138 
 139 138 111 
 139 111 140 
 134 140 111 
 114 112 141 
 122 113 142 
 114 141 142 
 114 142 113 
 143 142 141 
 116 118 144 
 116 144 115 
 117 115 144 
 117 144 125 
 145 144 118 
 146 125 144 
 145 118 148 
 149 148 119 
 120 150 119 
 120 124 150 
 147 150 124 
 149 119 150 
 123 121 151 
 123 151 124 
 122 142 151 
 122 151 121 
 147 124 152 
 153 151 142 
 154 152 124 
 154 124 151 
 126 125 155 
 126 155 127 
 146 155 125 
 156 127 155 
 156 157 127 
 129 128 158 
 129 158 130 
 158 159 130 
 131 130 160 
 131 160 135 
 159 160 130 
 160 161 135 
 134 132 162 
 134 162 140 
 133 136 162 
 133 162 132 
 163 162 136 
 164 140 162 
 137 135 165 
 137 165 136 
 163 136 165 
 161 165 135 
 139 166 138 
 139 140 166 
 167 166 140 
 167 140 168 
 164 168 140 
 143 141 169 
 153 142 170 
 143 169 170 
 143 170 142 
 171 170 169 
 145 148 172 
 145 172 144 
 146 144 172 
 146 172 155 
 173 172 148 
 174 155 172 
 147 152 176 
 147 176 150 
 175 176 152 
 149 177 148 
 149 150 177 
 173 148 177 
 178 177 150 
 178 150 176 
 154 151 179 
 154 179 152 
 153 170 179 
 153 179 151 
 175 152 179 
 180 179 170 
 156 155 181 
 156 181 157 
 174 181 155 
 182 157 181 
 182 183 157 
 159 158 184 
 159 184 160 
 184 185 160 
 161 160 186 
 161 186 165 
 185 186 160 
 164 162 187 
 164 187 168 
 163 165 187 
 163 187 162 
 188 187 165 
 188 165 186 
 189 168 187 
 167 168 190 
 167 190 166 
 191 190 168 
 191 168 192 
 189 192 168 
 171 169 193 
 180 170 194 
 171 193 194 
 171 194 170 
 195 194 193 
 173 177 197 
 173 197 172 
 174 172 197 
 174 197 181 
 198 197 177 
 199 181 197 
 175 179 200 
 175 200 176 
 196 200 179 
 201 176 200 
 178 202 177 
 178 176 202 
 201 202 176 
 198 177 202 
 180 194 203 
 180 203 179 
 196 179 203 
 204 203 194 
 182 181 207 
 182 207 183 
 199 207 181 
 208 183 207 
 208 209 183 
 185 184 210 
 185 210 186 
 210 211 186 
 189 187 212 
 189 212 192 
 188 186 212 
 188 212 187 
 211 212 186 
 213 192 212 
 191 192 214 
 191 214 190 
 215 214 192 
 215 192 216 
 213 216 192 
 195 193 217 
 204 194 218 
 195 217 218 
 195 218 194 
 219 218 217 
 196 220 200 
 196 203 220 
 205 206 220 
 205 220 203 
 221 220 206 
 222 200 220 
 198 202 224 
 198 224 197 
 199 197 224 
 199 224 207 
 223 207 224 
 201 200 225 
 201 225 202 
 222 225 200 
 226 224 202 
 226 202 225 
 205 203 228 
 205 228 206 
 204 218 228 
 204 228 203 
 227 228 218 
 229 206 228 
 206 230 221 
 229 230 206 
 208 231 209 
 208 207 231 
 223 231 207 
 232 209 231 
 232 233 209 
 211 210 234 
 211 234 212 
 235 212 234 
 213 212 236 
 213 236 216 
 235 236 212 
 237 216 236 
 237 238 216 
 215 216 239 
 215 239 214 
 240 239 216 
 240 216 238 
 219 217 241 
 227 218 242 
 219 241 242 
 219 242 218 
 243 242 241 
 221 230 244 
 221 244 220 
 222 244 225 
 222 220 244 
 245 225 244 
 246 244 230 
 223 247 231 
 223 224 247 
 248 247 224 
 249 231 247 
 226 225 250 
 226 250 224 
 245 250 225 
 248 224 250 
 227 242 252 
 227 252 228 
 251 252 242 
 253 228 252 
 229 228 254 
 229 254 230 
 253 254 228 
 246 230 255 
 256 255 230 
 256 230 254 
 232 257 233 
 232 231 257 
 249 257 231 
 258 233 257 
 258 259 233 
 235 234 260 
 235 260 236 
 261 236 260 
 237 236 262 
 237 262 238 
 261 262 236 
 263 238 262 
 240 238 264 
 240 264 239 
 263 264 238 
 243 241 265 
 251 242 266 
 243 265 266 
 243 266 242 
 267 266 265 
 245 244 268 
 245 268 250 
 246 255 268 
 246 268 244 
 249 247 269 
 249 269 257 
 248 250 269 
 248 269 247 
 270 268 255 
 271 269 250 
 271 250 268 
 272 257 269 
 251 273 252 
 251 266 273 
 273 266 274 
 273 275 252 
 253 252 276 
 253 276 254 
 275 276 252 
 277 254 276 
 270 255 278 
 279 278 255 
 256 254 280 
 256 280 255 
 279 255 280 
 277 280 254 
 258 257 281 
 258 281 259 
 272 281 257 
 282 259 281 
 282 283 259 
 261 260 284 
 261 284 262 
 285 262 284 
 263 262 286 
 263 286 264 
 285 286 262 
 288 287 264 
 288 264 286 
 267 265 289 
 274 266 290 
 267 289 290 
 267 290 266 
 291 290 289 
 271 268 293 
 271 293 269 
 272 269 293 
 272 293 281 
 270 278 293 
 270 293 268 
 294 293 278 
 295 281 293 
 275 273 296 
 275 296 276 
 274 290 296 
 274 296 273 
 292 296 290 
 297 276 296 
 294 278 298 
 299 298 278 
 277 276 300 
 277 300 280 
 297 300 276 
 279 280 301 
 279 301 278 
 299 278 301 
 302 301 280 
 302 280 300 
 282 303 283 
 282 281 303 
 295 303 281 
 304 283 303 
 304 305 283 
 285 284 306 
 285 306 286 
 307 286 306 
 309 308 287 
 307 310 286 
 311 286 310 
 288 286 312 
 288 312 287 
 309 287 312 
 311 312 286 
 291 289 315 
 292 290 316 
 291 315 316 
 291 316 290 
 317 316 315 
 292 319 296 
 292 316 319 
 318 319 316 
 320 296 319 
 295 321 303 
 295 293 321 
 294 298 321 
 294 321 293 
 322 303 321 
 323 321 298 
 297 296 324 
 297 324 300 
 320 324 296 
 325 300 324 
 299 301 326 
 299 326 298 
 323 298 326 
 327 326 301 
 302 300 328 
 302 328 301 
 325 328 300 
 327 301 328 
 304 329 305 
 304 303 329 
 322 329 303 
 330 305 329 
 330 331 305 
 333 332 313 
 336 314 335 
 338 337 308 
 339 313 337 
 307 306 340 
 307 340 310 
 341 340 314 
 342 310 340 
 309 312 343 
 309 343 308 
 338 308 343 
 310 344 311 
 311 344 312 
 342 344 310 
 345 343 312 
 345 312 344 
 333 313 346 
 313 339 346 
 341 314 347 
 336 347 314 
 317 315 349 
 318 316 350 
 317 349 350 
 317 350 316 
 351 350 349 
 318 352 319 
 318 350 352 
 353 319 352 
 320 319 354 
 320 354 324 
 353 354 319 
 355 324 354 
 322 321 356 
 322 356 329 
 323 326 356 
 323 356 321 
 357 329 356 
 358 356 326 
 325 324 359 
 325 359 328 
 355 359 324 
 327 328 360 
 327 360 326 
 358 326 360 
 361 360 328 
 361 328 359 
 330 329 362 
 330 362 331 
 357 362 329 
 363 331 362 
 363 364 331 
 366 335 365 
 334 332 367 
 334 367 348 
 333 346 367 
 333 367 332 
 368 348 367 
 369 367 346 
 336 335 370 
 336 370 347 
 366 370 335 
 371 347 370 
 339 337 372 
 339 372 346 
 338 343 372 
 337 338 372 
 373 372 343 
 374 346 372 
 341 347 375 
 341 375 340 
 342 340 375 
 342 375 344 
 376 344 375 
 347 377 375 
 345 344 378 
 345 378 343 
 373 343 378 
 376 378 344 
 369 346 379 
 374 379 346 
 377 347 380 
 371 380 347 
 368 381 348 
 351 349 382 
 352 350 384 
 351 382 384 
 351 384 350 
 383 384 382 
 385 352 384 
 353 386 354 
 353 352 386 
 385 386 352 
 387 354 386 
 355 354 388 
 355 388 359 
 387 388 354 
 389 359 388 
 358 360 390 
 358 390 356 
 357 356 390 
 357 390 362 
 391 362 390 
 392 390 360 
 361 359 393 
 361 393 360 
 389 393 359 
 392 360 393 
 363 362 394 
 363 394 364 
 391 394 362 
 395 364 394 
 395 396 364 
 397 398 365 
 366 365 398 
 366 398 370 
 399 370 398 
 368 367 400 
 368 400 381 
 369 379 400 
 369 400 367 
 401 400 379 
 402 381 400 
 371 370 403 
 371 403 380 
 399 403 370 
 404 380 403 
 374 372 405 
 374 405 379 
 373 378 405 
 373 405 372 
 377 380 406 
 377 406 375 
 376 375 406 
 376 406 378 
 407 405 378 
 407 378 406 
 408 379 405 
 409 406 380 
 401 379 410 
 408 410 379 
 409 380 411 
 404 411 380 
 402 412 381 
 383 382 413 
 383 415 384 
 383 413 415 
 414 415 413 
 416 384 415 
 385 417 386 
 385 384 417 
 416 417 384 
 418 386 417 
 387 419 388 
 387 386 419 
 418 419 386 
 420 388 419 
 389 388 421 
 389 421 393 
 420 421 388 
 392 393 422 
 392 422 390 
 391 390 422 
 391 422 394 
 423 394 422 
 424 422 393 
 424 393 421 
 395 394 425 
 395 425 396 
 423 425 394 
 426 396 425 
 426 427 396 
 397 429 398 
 428 398 429 
 399 398 430 
 399 430 403 
 428 430 398 
 431 403 430 
 402 400 432 
 402 432 412 
 401 410 432 
 401 432 400 
 433 412 432 
 434 432 410 
 404 403 435 
 404 435 411 
 431 435 403 
 436 411 435 
 408 405 437 
 408 437 410 
 407 406 437 
 407 437 405 
 409 411 437 
 409 437 406 
 438 410 437 
 439 437 411 
 434 410 440 
 438 440 410 
 439 411 441 
 436 441 411 
 433 442 412 
 414 444 415 
 443 415 444 
 414 413 445 
 414 445 444 
 446 444 445 
 416 447 417 
 416 415 447 
 443 447 415 
 449 417 447 
 418 450 419 
 418 417 450 
 449 450 417 
 451 419 450 
 420 453 421 
 420 419 453 
 451 453 419 
 452 421 453 
 424 421 454 
 424 454 422 
 423 422 454 
 423 454 425 
 452 454 421 
 455 425 454 
 426 456 427 
 426 425 456 
 455 456 425 
 457 427 456 
 457 458 427 
 428 429 460 
 428 460 430 
 461 430 460 
 431 430 462 
 431 462 435 
 461 462 430 
 463 435 462 
 433 432 464 
 433 464 442 
 434 440 464 
 434 464 432 
 465 442 464 
 466 464 440 
 436 435 467 
 436 467 441 
 463 467 435 
 468 441 467 
 438 437 469 
 438 469 440 
 439 441 469 
 439 469 437 
 466 440 470 
 468 471 441 
 472 470 440 
 472 440 469 
 473 469 441 
 473 441 471 
 465 474 442 
 443 475 447 
 443 444 475 
 448 447 475 
 448 475 459 
 476 459 475 
 477 475 444 
 446 478 444 
 477 444 478 
 446 445 479 
 446 479 478 
 480 478 479 
 449 481 450 
 449 447 481 
 448 459 481 
 448 481 447 
 482 481 459 
 483 450 481 
 451 485 453 
 451 450 485 
 483 485 450 
 452 486 454 
 452 453 486 
 484 454 486 
 487 486 453 
 487 453 485 
 482 459 489 
 488 489 459 
 455 490 456 
 455 454 490 
 484 490 454 
 491 456 490 
 457 492 458 
 457 456 492 
 491 492 456 
 493 458 492 
 493 494 458 
 488 459 495 
 476 495 459 
 461 460 496 
 461 496 462 
 497 462 496 
 463 462 498 
 463 498 467 
 497 498 462 
 499 467 498 
 465 464 500 
 465 500 474 
 466 470 500 
 466 500 464 
 501 474 500 
 502 500 470 
 468 467 503 
 468 503 471 
 499 503 467 
 504 471 503 
 472 469 505 
 472 505 470 
 473 471 505 
 473 505 469 
 502 470 505 
 504 505 471 
 501 506 474 
 477 478 507 
 477 507 475 
 476 475 507 
 476 507 495 
 508 495 507 
 509 507 478 
 480 510 478 
 509 478 510 
 480 479 511 
 510 480 511 
 483 512 485 
 483 481 512 
 482 489 512 
 482 512 481 
 513 512 489 
 514 485 512 
 484 515 490 
 484 486 515 
 516 515 486 
 517 490 515 
 487 518 486 
 487 485 518 
 514 518 485 
 516 486 518 
 488 495 520 
 488 520 489 
 519 520 495 
 513 489 521 
 522 521 489 
 522 489 520 
 491 490 523 
 491 523 492 
 517 523 490 
 524 492 523 
 493 492 525 
 493 525 494 
 524 525 492 
 527 494 525 
 527 526 494 
 519 495 528 
 508 528 495 
 497 496 531 
 497 531 498 
 532 498 531 
 499 498 533 
 499 533 503 
 532 533 498 
 534 503 533 
 501 500 535 
 501 535 506 
 502 505 535 
 502 535 500 
 504 503 536 
 504 536 505 
 534 536 503 
 537 506 535 
 538 535 505 
 538 505 536 
 537 539 506 
 509 510 540 
 509 540 507 
 508 540 528 
 508 507 540 
 541 528 540 
 542 540 510 
 511 543 510 
 542 510 543 
 514 512 544 
 514 544 518 
 513 521 544 
 513 544 512 
 517 515 545 
 517 545 523 
 516 518 545 
 516 545 515 
 546 544 521 
 547 545 518 
 547 518 544 
 548 523 545 
 519 528 549 
 519 549 520 
 529 549 528 
 529 530 549 
 550 520 549 
 551 549 530 
 522 520 552 
 522 552 521 
 546 521 552 
 550 552 520 
 524 523 553 
 524 553 525 
 548 553 523 
 554 525 553 
 556 555 526 
 527 525 557 
 527 557 526 
 554 557 525 
 556 526 557 
 551 530 558 
 559 558 530 
 529 528 560 
 529 560 530 
 541 560 528 
 559 530 561 
 562 561 530 
 562 530 560 
 532 531 563 
 532 563 533 
 564 533 563 
 534 533 565 
 534 565 536 
 564 565 533 
 566 536 565 
 537 535 567 
 537 567 539 
 538 536 567 
 538 567 535 
 566 567 536 
 568 539 567 
 568 569 539 
 542 543 570 
 542 570 540 
 541 570 560 
 541 540 570 
 571 570 543 
 572 560 570 
 571 543 573 
 575 574 555 
 547 544 576 
 547 576 545 
 548 545 576 
 548 576 553 
 546 552 576 
 546 576 544 
 550 549 577 
 550 577 552 
 551 558 577 
 551 577 549 
 578 552 577 
 578 576 552 
 579 553 576 
 580 577 558 
 554 553 581 
 554 581 557 
 579 581 553 
 556 557 582 
 556 582 555 
 575 555 582 
 583 582 557 
 583 557 581 
 580 558 584 
 585 584 558 
 559 586 558 
 559 561 586 
 585 558 586 
 587 586 561 
 587 561 588 
 589 588 561 
 562 560 590 
 562 590 561 
 589 561 590 
 572 590 560 
 564 563 591 
 564 591 565 
 592 565 591 
 566 565 593 
 566 593 567 
 592 593 565 
 594 567 593 
 568 567 595 
 568 595 569 
 594 595 567 
 596 569 595 
 596 597 569 
 571 573 598 
 571 598 570 
 572 598 590 
 572 570 598 
 600 598 573 
 600 573 599 
 601 590 598 
 602 603 574 
 575 582 604 
 575 604 574 
 602 574 604 
 605 604 582 
 579 576 606 
 579 606 581 
 578 577 606 
 578 606 576 
 580 584 606 
 580 606 577 
 607 581 606 
 608 606 584 
 583 581 609 
 583 609 582 
 605 582 609 
 607 609 581 
 585 586 610 
 585 610 584 
 608 584 610 
 611 610 586 
 587 588 612 
 587 612 586 
 611 586 612 
 613 612 588 
 589 590 614 
 589 614 588 
 613 588 614 
 601 615 590 
 616 614 590 
 616 590 615 
 592 591 617 
 592 617 593 
 618 593 617 
 594 593 619 
 594 619 595 
 618 619 593 
 620 595 619 
 596 595 621 
 596 621 597 
 620 621 595 
 622 597 621 
 622 623 597 
 624 599 623 
 600 599 625 
 600 625 598 
 601 598 625 
 601 625 615 
 624 625 599 
 626 615 625 
 602 628 603 
 602 604 628 
 627 628 604 
 629 603 628 
 629 630 603 
 605 609 631 
 605 631 604 
 627 604 631 
 607 632 609 
 607 606 632 
 608 610 632 
 608 632 606 
 634 631 609 
 634 609 632 
 635 632 610 
 611 612 636 
 611 636 610 
 635 610 636 
 637 636 612 
 613 614 639 
 613 639 612 
 637 612 639 
 640 639 614 
 616 615 641 
 616 641 614 
 640 614 641 
 626 641 615 
 618 617 642 
 618 642 619 
 643 619 642 
 620 619 644 
 620 644 621 
 643 644 619 
 645 621 644 
 622 621 646 
 622 646 623 
 645 646 621 
 647 623 646 
 624 623 648 
 624 648 625 
 647 648 623 
 649 625 648 
 626 625 650 
 626 650 641 
 649 650 625 
 651 641 650 
 627 652 628 
 627 631 652 
 633 638 652 
 633 652 631 
 653 652 638 
 654 628 652 
 629 655 630 
 629 628 655 
 654 655 628 
 656 630 655 
 656 657 630 
 634 632 658 
 634 658 631 
 633 631 658 
 633 658 638 
 635 636 658 
 635 658 632 
 659 638 658 
 660 658 636 
 637 639 662 
 637 662 636 
 660 636 662 
 661 662 639 
 653 638 663 
 659 663 638 
 640 641 664 
 640 664 639 
 661 639 664 
 651 665 641 
 667 664 641 
 667 641 665 
 643 642 669 
 643 669 644 
 670 644 669 
 645 644 671 
 645 671 646 
 670 671 644 
 672 646 671 
 647 646 673 
 647 673 648 
 672 673 646 
 674 648 673 
 649 648 675 
 649 675 650 
 674 675 648 
 676 650 675 
 651 650 677 
 651 677 665 
 676 677 650 
 678 665 677 
 654 679 655 
 654 652 679 
 653 663 679 
 653 679 652 
 680 679 663 
 681 655 679 
 656 655 682 
 656 682 657 
 681 682 655 
 683 657 682 
 683 684 657 
 660 685 658 
 660 662 685 
 659 658 685 
 659 685 663 
 686 663 685 
 687 685 662 
 661 688 662 
 661 664 688 
 666 668 688 
 666 688 664 
 689 688 668 
 690 662 688 
 687 662 691 
 690 691 662 
 680 663 692 
 686 692 663 
 667 665 693 
 667 693 664 
 666 664 693 
 666 693 668 
 678 693 665 
 694 668 693 
 689 668 695 
 694 695 668 
 670 669 696 
 670 696 671 
 697 671 696 
 672 671 698 
 672 698 673 
 697 698 671 
 699 673 698 
 674 673 700 
 674 700 675 
 699 700 673 
 701 675 700 
 676 675 702 
 676 702 677 
 701 702 675 
 703 677 702 
 678 677 704 
 678 704 693 
 703 704 677 
 705 693 704 
 681 679 706 
 681 706 682 
 680 692 706 
 680 706 679 
 707 706 692 
 708 682 706 
 683 682 709 
 683 709 684 
 708 709 682 
 710 684 709 
 710 711 684 
 686 685 712 
 686 712 692 
 687 691 712 
 687 712 685 
 690 688 713 
 690 713 691 
 689 695 713 
 689 713 688 
 714 692 712 
 715 691 713 
 715 712 691 
 716 713 695 
 707 692 717 
 714 717 692 
 694 693 718 
 694 718 695 
 705 718 693 
 719 695 718 
 716 695 720 
 719 720 695 
 697 696 721 
 697 721 698 
 722 698 721 
 699 698 723 
 699 723 700 
 722 723 698 
 724 700 723 
 701 700 725 
 701 725 702 
 724 725 700 
 726 702 725 
 703 702 727 
 703 727 704 
 726 727 702 
 728 704 727 
 705 704 729 
 705 729 718 
 728 729 704 
 730 718 729 
 708 706 731 
 708 731 709 
 707 717 731 
 707 731 706 
 732 731 717 
 733 709 731 
 710 709 734 
 710 734 711 
 733 734 709 
 735 711 734 
 735 736 711 
 714 712 737 
 714 737 717 
 716 720 737 
 716 737 713 
 715 713 737 
 715 737 712 
 738 717 737 
 739 737 720 
 732 717 740 
 738 740 717 
 719 718 741 
 719 741 720 
 730 741 718 
 742 720 741 
 739 720 743 
 742 743 720 
 722 721 744 
 722 744 723 
 745 723 744 
 724 723 746 
 724 746 725 
 745 746 723 
 747 725 746 
 726 725 748 
 726 748 727 
 747 748 725 
 749 727 748 
 728 727 750 
 728 750 729 
 749 750 727 
 751 729 750 
 730 729 752 
 730 752 741 
 751 752 729 
 753 741 752 
 733 731 754 
 733 754 734 
 732 740 754 
 732 754 731 
 755 734 754 
 756 754 740 
 735 734 757 
 735 757 736 
 755 757 734 
 758 736 757 
 758 759 736 
 738 737 760 
 738 760 740 
 739 743 760 
 739 760 737 
 761 740 760 
 762 760 743 
 756 740 763 
 761 763 740 
 742 741 764 
 742 764 743 
 753 764 741 
 765 743 764 
 762 743 766 
 765 766 743 
 745 744 769 
 745 769 746 
 770 746 769 
 747 746 771 
 747 771 748 
 770 771 746 
 772 748 771 
 749 748 773 
 749 773 750 
 772 773 748 
 774 750 773 
 751 750 775 
 751 775 752 
 774 775 750 
 776 752 775 
 753 752 777 
 753 777 764 
 776 777 752 
 778 764 777 
 755 754 779 
 755 779 757 
 756 779 754 
 756 763 779 
 780 757 779 
 781 779 763 
 758 757 782 
 758 782 759 
 780 782 757 
 783 759 782 
 783 784 759 
 761 760 785 
 761 785 763 
 762 766 785 
 762 785 760 
 767 768 785 
 767 785 766 
 786 763 785 
 787 785 768 
 781 763 788 
 786 788 763 
 765 764 789 
 765 789 766 
 778 789 764 
 790 766 789 
 767 766 791 
 767 791 768 
 790 791 766 
 792 768 791 
 787 768 793 
 792 793 768 
 770 769 794 
 770 794 771 
 795 771 794 
 772 771 796 
 772 796 773 
 795 796 771 
 797 773 796 
 774 773 798 
 774 798 775 
 797 798 773 
 799 775 798 
 776 775 800 
 776 800 777 
 799 800 775 
 801 777 800 
 778 777 802 
 778 802 789 
 801 802 777 
 803 789 802 
 780 779 804 
 780 804 782 
 781 804 779 
 781 788 804 
 805 782 804 
 806 804 788 
 783 782 807 
 783 807 784 
 805 807 782 
 808 784 807 
 808 809 784 
 786 810 788 
 786 785 810 
 787 793 810 
 787 810 785 
 811 788 810 
 812 810 793 
 806 788 813 
 811 813 788 
 790 789 814 
 790 814 791 
 803 814 789 
 815 791 814 
 792 791 816 
 792 816 793 
 815 816 791 
 817 793 816 
 812 793 818 
 817 818 793 
 795 794 819 
 795 819 796 
 820 796 819 
 797 796 821 
 797 821 798 
 820 821 796 
 822 798 821 
 799 798 823 
 799 823 800 
 822 823 798 
 824 800 823 
 801 800 825 
 801 825 802 
 824 825 800 
 826 802 825 
 803 802 827 
 803 827 814 
 826 827 802 
 828 814 827 
 805 804 829 
 805 829 807 
 806 829 804 
 806 813 829 
 830 807 829 
 831 829 813 
 808 807 832 
 808 832 809 
 830 832 807 
 833 809 832 
 833 834 809 
 811 810 835 
 811 835 813 
 812 818 835 
 812 835 810 
 836 813 835 
 837 835 818 
 831 813 838 
 836 838 813 
 815 814 839 
 815 839 816 
 828 839 814 
 840 816 839 
 817 816 841 
 817 841 818 
 840 841 816 
 842 818 841 
 837 818 843 
 842 843 818 
 820 819 844 
 820 844 821 
 845 821 844 
 822 821 846 
 822 846 823 
 845 846 821 
 847 823 846 
 824 823 848 
 824 848 825 
 847 848 823 
 849 825 848 
 826 825 850 
 826 850 827 
 849 850 825 
 851 827 850 
 828 827 852 
 828 852 839 
 851 852 827 
 853 839 852 
 830 829 854 
 830 854 832 
 831 854 829 
 831 838 854 
 855 832 854 
 856 854 838 
 833 832 857 
 833 857 834 
 855 857 832 
 859 858 834 
 859 834 857 
 836 835 860 
 836 860 838 
 837 843 860 
 837 860 835 
 861 838 860 
 862 860 843 
 856 838 863 
 861 863 838 
 840 839 864 
 840 864 841 
 853 864 839 
 865 841 864 
 842 841 866 
 842 866 843 
 865 866 841 
 867 843 866 
 862 843 868 
 867 868 843 
 845 844 869 
 845 869 846 
 870 846 869 
 847 846 871 
 847 871 848 
 870 871 846 
 872 848 871 
 849 848 873 
 849 873 850 
 872 873 848 
 874 850 873 
 851 850 875 
 851 875 852 
 874 875 850 
 876 852 875 
 853 852 877 
 853 877 864 
 876 877 852 
 878 864 877 
 855 854 879 
 855 879 857 
 856 879 854 
 856 863 879 
 880 857 879 
 881 879 863 
 883 882 858 
 859 857 884 
 859 884 858 
 880 884 857 
 883 858 884 
 861 860 885 
 861 885 863 
 862 885 860 
 862 868 885 
 886 863 885 
 887 885 868 
 881 863 888 
 886 888 863 
 865 864 889 
 865 889 866 
 878 889 864 
 890 866 889 
 867 866 891 
 867 891 868 
 890 891 866 
 892 868 891 
 887 868 893 
 892 893 868 
 870 869 894 
 870 894 871 
 895 871 894 
 872 871 896 
 872 896 873 
 895 896 871 
 897 873 896 
 874 873 898 
 874 898 875 
 897 898 873 
 899 875 898 
 876 875 900 
 876 900 877 
 899 900 875 
 901 877 900 
 878 877 902 
 878 902 889 
 901 902 877 
 903 889 902 
 905 904 882 
 880 879 906 
 880 906 884 
 881 888 906 
 881 906 879 
 883 884 907 
 883 907 882 
 905 882 907 
 908 907 884 
 908 884 906 
 909 906 888 
 886 885 910 
 886 910 888 
 887 910 885 
 887 893 910 
 911 888 910 
 912 910 893 
 909 888 913 
 911 913 888 
 890 889 914 
 890 914 891 
 903 914 889 
 915 891 914 
 892 891 916 
 892 916 893 
 915 916 891 
 917 893 916 
 912 893 918 
 917 918 893 
 895 894 919 
 895 919 896 
 920 896 919 
 897 896 921 
 897 921 898 
 920 921 896 
 922 898 921 
 899 898 923 
 899 923 900 
 922 923 898 
 924 900 923 
 925 926 904 
 901 900 928 
 901 928 902 
 924 928 900 
 929 902 928 
 903 902 930 
 903 930 914 
 929 930 902 
 931 914 930 
 905 907 932 
 905 932 904 
 925 904 932 
 933 932 907 
 908 906 934 
 908 934 907 
 909 913 934 
 909 934 906 
 933 907 934 
 911 910 935 
 911 935 913 
 912 935 910 
 912 918 935 
 936 935 918 
 937 913 935 
 937 934 913 
 915 914 938 
 915 938 916 
 931 938 914 
 939 916 938 
 917 916 940 
 917 940 918 
 939 940 916 
 936 918 941 
 942 941 918 
 942 918 940 
 943 944 927 
 920 919 945 
 920 945 921 
 946 921 945 
 922 921 947 
 922 947 923 
 946 947 921 
 948 923 947 
 924 923 949 
 924 949 928 
 948 949 923 
 950 928 949 
 927 926 951 
 925 932 951 
 925 951 926 
 943 927 951 
 952 951 932 
 929 928 953 
 929 953 930 
 950 953 928 
 954 930 953 
 931 930 955 
 931 955 938 
 954 955 930 
 956 938 955 
 933 934 957 
 933 957 932 
 952 932 957 
 958 957 934 
 937 935 959 
 937 959 934 
 936 941 959 
 936 959 935 
 958 934 959 
 960 959 941 
 939 938 961 
 939 961 940 
 956 961 938 
 962 940 961 
 942 940 963 
 942 963 941 
 960 941 963 
 962 963 940 
 943 951 964 
 943 964 944 
 965 944 964 
 965 967 944 
 946 945 968 
 946 968 947 
 969 947 968 
 948 947 970 
 948 970 949 
 969 970 947 
 971 949 970 
 950 949 972 
 950 972 953 
 971 972 949 
 973 953 972 
 964 951 974 
 952 957 974 
 952 974 951 
 975 974 957 
 976 964 974 
 954 953 977 
 954 977 955 
 973 977 953 
 978 955 977 
 956 955 979 
 956 979 961 
 978 979 955 
 980 961 979 
 958 959 981 
 958 981 957 
 975 957 981 
 982 981 959 
 960 963 983 
 960 983 959 
 982 959 983 
 962 961 984 
 962 984 963 
 980 984 961 
 985 963 984 
 985 983 963 
 987 986 966 
 965 964 988 
 965 988 967 
 976 988 964 
 989 967 988 
 987 966 990 
 991 990 966 
 991 966 992 
 989 993 967 
 969 968 994 
 969 994 970 
 995 970 994 
 971 970 996 
 971 996 972 
 995 996 970 
 997 972 996 
 973 972 998 
 973 998 977 
 997 998 972 
 999 977 998 
 975 981 1000 
 975 1000 974 
 976 974 1000 
 976 1000 988 
 1001 1000 981 
 1002 988 1000 
 978 977 1003 
 978 1003 979 
 999 1003 977 
 1004 979 1003 
 980 979 1005 
 980 1005 984 
 1004 1005 979 
 1006 984 1005 
 982 983 1007 
 982 1007 981 
 1001 981 1007 
 1008 1007 983 
 985 984 1009 
 985 1009 983 
 1008 983 1009 
 1006 1009 984 
 1011 1010 986 
 987 990 1013 
 987 1013 986 
 1012 1013 990 
 1011 986 1013 
 989 988 1014 
 989 1014 993 
 1002 1014 988 
 991 992 1015 
 991 1015 990 
 1012 990 1015 
 992 1016 1017 
 1017 1015 992 
 1018 993 1014 
 1016 993 1018 
 995 994 1021 
 995 1021 996 
 1022 996 1021 
 997 996 1023 
 997 1023 998 
 1022 1023 996 
 1024 998 1023 
 999 998 1025 
 999 1025 1003 
 1024 1025 998 
 1026 1003 1025 
 1001 1007 1027 
 1001 1027 1000 
 1002 1000 1027 
 1002 1027 1014 
 1028 1027 1007 
 1029 1014 1027 
 1004 1003 1030 
 1004 1030 1005 
 1026 1030 1003 
 1031 1005 1030 
 1032 1033 1010 
 1006 1005 1034 
 1006 1034 1009 
 1031 1034 1005 
 1035 1009 1034 
 1008 1009 1036 
 1008 1036 1007 
 1028 1007 1036 
 1037 1036 1009 
 1037 1009 1038 
 1035 1038 1009 
 1011 1013 1039 
 1011 1039 1010 
 1032 1010 1039 
 1012 1015 1040 
 1012 1040 1013 
 1019 1020 1040 
 1019 1040 1015 
 1041 1013 1040 
 1041 1039 1013 
 1042 1040 1020 
 1018 1014 1043 
 1018 1043 1016 
 1017 1016 1043 
 1017 1043 1015 
 1019 1015 1043 
 1019 1043 1020 
 1029 1043 1014 
 1044 1020 1043 
 1044 1045 1020 
 1042 1020 1045 
 1022 1021 1046 
 1022 1046 1023 
 1047 1023 1046 
 1024 1023 1048 
 1024 1048 1025 
 1047 1048 1023 
 1049 1025 1048 
 1026 1025 1050 
 1026 1050 1030 
 1049 1050 1025 
 1051 1030 1050 
 1028 1052 1027 
 1028 1036 1052 
 1027 1052 1029 
 1029 1052 1043 
 1053 1052 1036 
 1054 1043 1052 
 1031 1055 1034 
 1031 1030 1055 
 1051 1055 1030 
 1056 1034 1055 
 1032 1039 1057 
 1032 1057 1033 
 1058 1057 1039 
 1035 1059 1038 
 1035 1034 1059 
 1056 1059 1034 
 1060 1038 1059 
 1037 1061 1036 
 1037 1038 1061 
 1053 1036 1061 
 1062 1061 1038 
 1062 1038 1063 
 1060 1063 1038 
 1041 1040 1064 
 1041 1064 1039 
 1042 1045 1064 
 1042 1064 1040 
 1058 1039 1064 
 1065 1064 1045 
 1044 1043 1066 
 1044 1066 1045 
 1054 1066 1043 
 1067 1045 1066 
 1067 1068 1045 
 1065 1045 1068 
 1047 1046 1069 
 1047 1069 1048 
 1070 1048 1069 
 1049 1048 1071 
 1049 1071 1050 
 1070 1071 1048 
 1072 1050 1071 
 1051 1050 1073 
 1051 1073 1055 
 1072 1073 1050 
 1074 1055 1073 
 1053 1075 1052 
 1053 1061 1075 
 1052 1075 1054 
 1054 1075 1066 
 1076 1075 1061 
 1077 1066 1075 
 1056 1078 1059 
 1056 1055 1078 
 1074 1078 1055 
 1079 1059 1078 
 1058 1064 1080 
 1058 1080 1057 
 1081 1080 1064 
 1060 1082 1063 
 1060 1059 1082 
 1079 1082 1059 
 1083 1063 1082 
 1062 1084 1061 
 1062 1063 1084 
 1076 1061 1084 
 1085 1084 1063 
 1085 1063 1086 
 1083 1086 1063 
 1065 1068 1087 
 1065 1087 1064 
 1081 1064 1087 
 1088 1087 1068 
 1067 1066 1089 
 1067 1089 1068 
 1077 1089 1066 
 1090 1068 1089 
 1090 1091 1068 
 1088 1068 1091 
 1070 1069 1092 
 1070 1092 1071 
 1093 1071 1092 
 1072 1071 1094 
 1072 1094 1073 
 1093 1094 1071 
 1095 1073 1094 
 1074 1073 1096 
 1074 1096 1078 
 1095 1096 1073 
 1097 1078 1096 
 1076 1098 1075 
 1076 1084 1098 
 1077 1098 1089 
 1077 1075 1098 
 1099 1098 1084 
 1100 1089 1098 
 1079 1101 1082 
 1079 1078 1101 
 1097 1101 1078 
 1102 1082 1101 
 1081 1103 1080 
 1081 1087 1103 
 1104 1103 1087 
 1083 1105 1086 
 1083 1082 1105 
 1102 1105 1082 
 1106 1086 1105 
 1085 1107 1084 
 1085 1086 1107 
 1099 1084 1107 
 1108 1107 1086 
 1108 1086 1109 
 1110 1109 1086 
 1110 1086 1111 
 1106 1111 1086 
 1088 1112 1087 
 1088 1091 1112 
 1104 1087 1112 
 1113 1112 1091 
 1090 1114 1091 
 1090 1089 1114 
 1100 1114 1089 
 1115 1091 1114 
 1115 1116 1091 
 1113 1091 1116 
 1093 1092 1117 
 1093 1117 1094 
 1118 1094 1117 
 1095 1094 1119 
 1095 1119 1096 
 1118 1119 1094 
 1120 1096 1119 
 1097 1096 1121 
 1097 1121 1101 
 1120 1121 1096 
 1122 1101 1121 
 1099 1123 1098 
 1099 1107 1123 
 1100 1123 1114 
 1100 1098 1123 
 1124 1114 1123 
 1125 1123 1107 
 1102 1126 1105 
 1102 1101 1126 
 1122 1126 1101 
 1127 1105 1126 
 1104 1128 1103 
 1104 1112 1128 
 1129 1128 1112 
 1106 1130 1111 
 1106 1105 1130 
 1127 1130 1105 
 1131 1111 1130 
 1108 1109 1132 
 1108 1132 1107 
 1125 1107 1132 
 1133 1132 1109 
 1110 1111 1134 
 1110 1134 1109 
 1133 1109 1134 
 1131 1135 1111 
 1136 1134 1111 
 1136 1111 1135 
 1113 1137 1112 
 1113 1116 1137 
 1129 1112 1137 
 1138 1137 1116 
 1115 1139 1116 
 1115 1114 1139 
 1124 1139 1114 
 1140 1116 1139 
 1140 1141 1116 
 1138 1116 1141 
 1118 1117 1142 
 1118 1142 1119 
 1143 1119 1142 
 1120 1119 1144 
 1120 1144 1121 
 1143 1144 1119 
 1145 1121 1144 
 1122 1121 1146 
 1122 1146 1126 
 1145 1146 1121 
 1147 1126 1146 
 1125 1132 1148 
 1125 1148 1123 
 1124 1148 1139 
 1124 1123 1148 
 1149 1148 1132 
 1150 1139 1148 
 1127 1151 1130 
 1127 1126 1151 
 1147 1151 1126 
 1152 1130 1151 
 1129 1153 1128 
 1129 1137 1153 
 1154 1153 1137 
 1131 1130 1155 
 1131 1155 1135 
 1152 1155 1130 
 1156 1135 1155 
 1133 1134 1157 
 1133 1157 1132 
 1149 1132 1157 
 1158 1157 1134 
 1136 1135 1159 
 1136 1159 1134 
 1158 1134 1159 
 1156 1159 1135 
 1138 1141 1160 
 1138 1160 1137 
 1154 1137 1160 
 1161 1160 1141 
 1140 1139 1162 
 1140 1162 1141 
 1150 1162 1139 
 1163 1141 1162 
 1163 1164 1141 
 1161 1141 1164 
 1143 1142 1165 
 1143 1165 1144 
 1166 1144 1165 
 1145 1144 1167 
 1145 1167 1146 
 1166 1167 1144 
 1168 1146 1167 
 1147 1146 1169 
 1147 1169 1151 
 1168 1169 1146 
 1170 1151 1169 
 1157 1171 1149 
 1149 1171 1148 
 1150 1148 1171 
 1150 1171 1162 
 1172 1162 1171 
 1171 1157 1173 
 1152 1151 1174 
 1155 1152 1174 
 1170 1174 1151 
 1174 1175 1155 
 1154 1160 1176 
 1154 1176 1153 
 1177 1176 1160 
 1156 1155 1178 
 1156 1178 1159 
 1175 1178 1155 
 1158 1159 1179 
 1158 1179 1157 
 1173 1157 1179 
 1180 1179 1159 
 1180 1159 1178 
 1164 1181 1161 
 1161 1181 1160 
 1177 1160 1181 
 1163 1162 1182 
 1164 1163 1182 
 1172 1182 1162 
 1183 1164 1182 
 1183 1181 1164 
 1166 1165 1184 
 1166 1184 1167 
 1185 1167 1184 
 1168 1167 1186 
 1168 1186 1169 
 1185 1186 1167 
 1187 1169 1186 
 1170 1169 1188 
 1170 1188 1174 
 1187 1188 1169 
 1189 1174 1188 
 1179 1190 1173 
 1173 1190 1171 
 1172 1171 1190 
 1182 1172 1190 
 1190 1179 1191 
 1190 1192 1182 
 1175 1174 1193 
 1178 1175 1193 
 1189 1193 1174 
 1193 1194 1178 
 1181 1195 1177 
 1177 1195 1176 
 1195 1181 1196 
 1180 1178 1197 
 1180 1197 1179 
 1191 1179 1197 
 1194 1197 1178 
 1183 1182 1198 
 1183 1198 1181 
 1192 1198 1182 
 1196 1181 1198 
 1185 1184 1199 
 1185 1199 1186 
 1200 1186 1199 
 1187 1186 1201 
 1187 1201 1188 
 1200 1201 1186 
 1202 1188 1201 
 1189 1188 1203 
 1189 1203 1193 
 1202 1203 1188 
 1204 1193 1203 
 1191 1197 1205 
 1191 1205 1190 
 1192 1190 1205 
 1192 1205 1198 
 1194 1193 1206 
 1194 1206 1197 
 1204 1206 1193 
 1196 1198 1207 
 1196 1207 1195 
 1208 1205 1197 
 1208 1197 1206 
 1209 1207 1198 
 1209 1198 1205 
 1200 1199 1210 
 1200 1210 1201 
 1211 1201 1210 
 1202 1201 1212 
 1202 1212 1203 
 1211 1212 1201 
 1213 1203 1212 
 1204 1203 1214 
 1204 1214 1206 
 1213 1214 1203 
 1215 1206 1214 
 1208 1206 1216 
 1208 1216 1205 
 1209 1205 1216 
 1209 1216 1207 
 1215 1216 1206 
 1211 1210 1217 
 1211 1217 1212 
 1218 1212 1217 
 1213 1212 1219 
 1213 1219 1214 
 1218 1219 1212 
 1220 1214 1219 
 1215 1214 1221 
 1215 1221 1216 
 1220 1221 1214 
 1222 1216 1221 
 1222 1223 1216 
 1218 1217 1224 
 1218 1224 1219 
 1225 1219 1224 
 1220 1219 1226 
 1220 1226 1221 
 1225 1226 1219 
 1227 1221 1226 
 1222 1221 1228 
 1222 1228 1223 
 1227 1228 1221 
 1229 1223 1228 
 1229 1230 1223 
 1225 1224 1231 
 1225 1231 1226 
 1232 1226 1231 
 1227 1226 1233 
 1227 1233 1228 
 1232 1233 1226 
 1234 1228 1233 
 1229 1228 1235 
 1229 1235 1230 
 1234 1235 1228 
 1236 1230 1235 
 1236 1237 1230 
 1232 1231 1238 
 1232 1238 1233 
 1239 1233 1238 
 1234 1233 1240 
 1234 1240 1235 
 1239 1240 1233 
 1241 1235 1240 
 1236 1235 1242 
 1236 1242 1237 
 1241 1242 1235 
 1243 1237 1242 
 1243 1244 1237 
 1239 1238 1245 
 1239 1245 1240 
 1246 1240 1245 
 1241 1240 1247 
 1241 1247 1242 
 1246 1247 1240 
 1248 1242 1247 
 1243 1242 1249 
 1243 1249 1244 
 1248 1249 1242 
 1250 1244 1249 
 1250 1251 1244 
 1246 1245 1252 
 1246 1252 1247 
 1253 1247 1252 
 1248 1247 1254 
 1248 1254 1249 
 1253 1254 1247 
 1255 1249 1254 
 1250 1249 1256 
 1250 1256 1251 
 1255 1256 1249 
 1257 1251 1256 
 1257 1258 1251 
 1253 1252 1259 
 1253 1259 1254 
 1260 1254 1259 
 1255 1254 1261 
 1255 1261 1256 
 1260 1261 1254 
 1262 1256 1261 
 1257 1256 1263 
 1257 1263 1258 
 1262 1263 1256 
 1264 1258 1263 
 1264 1265 1258 
 1260 1259 1266 
 1260 1266 1261 
 1267 1261 1266 
 1262 1261 1268 
 1262 1268 1263 
 1267 1268 1261 
 1269 1263 1268 
 1264 1263 1270 
 1264 1270 1265 
 1269 1270 1263 
 1271 1265 1270 
 1271 1272 1265 
 1267 1266 1273 
 1267 1273 1268 
 1274 1268 1273 
 1269 1268 1275 
 1269 1275 1270 
 1274 1275 1268 
 1276 1270 1275 
 1271 1270 1277 
 1271 1277 1272 
 1276 1277 1270 
 1278 1272 1277 
 1278 1279 1272 
 1274 1273 1280 
 1274 1280 1275 
 1281 1275 1280 
 1276 1275 1282 
 1276 1282 1277 
 1281 1282 1275 
 1283 1277 1282 
 1278 1277 1284 
 1278 1284 1279 
 1283 1284 1277 
 1285 1279 1284 
 1285 1286 1279 
 1281 1280 1287 
 1281 1287 1282 
 1288 1282 1287 
 1283 1282 1289 
 1283 1289 1284 
 1288 1289 1282 
 1290 1284 1289 
 1285 1284 1291 
 1285 1291 1286 
 1290 1291 1284 
 1292 1286 1291 
 1292 1293 1286 
 1288 1287 1294 
 1288 1294 1289 
 1295 1289 1294 
 1290 1289 1296 
 1290 1296 1291 
 1295 1296 1289 
 1297 1291 1296 
 1292 1291 1298 
 1292 1298 1293 
 1297 1298 1291 
 1299 1293 1298 
 1299 1300 1293 
 1295 1294 1301 
 1295 1301 1296 
 1302 1296 1301 
 1297 1296 1303 
 1297 1303 1298 
 1302 1303 1296 
 1304 1298 1303 
 1299 1298 1305 
 1299 1305 1300 
 1304 1305 1298 
 1306 1300 1305 
 1306 1307 1300 
 1302 1301 1308 
 1302 1308 1303 
 1309 1303 1308 
 1304 1303 1310 
 1304 1310 1305 
 1309 1310 1303 
 1311 1305 1310 
 1306 1305 1312 
 1306 1312 1307 
 1311 1312 1305 
 1313 1307 1312 
 1313 1314 1307 
 1309 1308 1315 
 1309 1315 1310 
 1316 1310 1315 
 1311 1310 1317 
 1311 1317 1312 
 1316 1317 1310 
 1318 1312 1317 
 1313 1312 1319 
 1313 1319 1314 
 1318 1319 1312 
 1320 1314 1319 
 1320 1321 1314 
 1316 1315 1322 
 1316 1322 1317 
 1323 1317 1322 
 1318 1317 1324 
 1318 1324 1319 
 1323 1324 1317 
 1325 1319 1324 
 1320 1319 1326 
 1320 1326 1321 
 1325 1326 1319 
 1328 1327 1321 
 1328 1321 1326 
 1323 1322 1329 
 1323 1329 1324 
 1330 1324 1329 
 1332 1331 1327 
 1325 1324 1333 
 1325 1333 1326 
 1330 1333 1324 
 1334 1326 1333 
 1328 1326 1335 
 1328 1335 1327 
 1332 1327 1335 
 1334 1335 1326 
 1336 1337 1331 
 1330 1329 1338 
 1330 1338 1333 
 1339 1333 1338 
 1332 1335 1340 
 1332 1340 1331 
 1336 1331 1340 
 1334 1333 1341 
 1334 1341 1335 
 1339 1341 1333 
 1342 1340 1335 
 1342 1335 1341 
 1336 1340 1343 
 1336 1343 1337 
 1344 1343 1340 
 1339 1338 1345 
 1339 1345 1341 
 1346 1341 1345 
 1342 1341 1347 
 1342 1347 1340 
 1344 1340 1347 
 1346 1347 1341 
 1344 1347 1348 
 1344 1348 1343 
 1346 1345 1349 
 1346 1349 1347 
 1350 1348 1347 
 1350 1347 1349 
 1350 1349 1351 
 1350 1351 1348 
 