  0.25481969598
  0.35770603507
  0.17559638374
  0.08130128423
  0.06488998913
  0.05006482873
  0.03921128886
  0.03461196512
  0.02924602346
  0.02393207824
  0.01899443587
  0.01665793050
  0.01333111208
  0.01221034508
  0.01066751551
  0.01147528742
  0.01152927849
  0.01060053475
  0.01096558196
  0.01088893890
  0.01096199130
  0.01133411662
  0.01141778473
  0.01193780741
  0.01182555172
  0.01229594860
  0.01285536021
  0.01223479054
  0.01305526408
  0.01140973428
  0.01391001171
  0.01132234362
  0.01456509127
  0.01170553052
  0.01499602690
  0.01181184655
  0.01295536178
  0.00814199691
  0.01976500270
  0.02379954229
  0.00438060239
  0.05985230081
  0.06073658604
  0.00321751936
  0.07507266669
  0.07133357696
  0.00277744249
  0.07771514095
  0.07427783310
  0.00246713453
  0.07940345171
  0.07623215339
  0.00234761857
  0.07917896991
  0.07627175080
  0.00233095295
  0.07811842347
  0.07545141354
  0.00223407383
  0.07810080520
  0.07566717715
  0.00221547568
  0.07761532361
  0.07528631825
  0.00221921924
  0.07719262004
  0.07490879073
  0.00223024072
  0.07689088080
  0.07464445411
  0.00224750857
  0.07656256829
  0.07441304123
  0.00220876468
  0.07680120026
  0.07468710589
  0.00221039882
  0.07685300921
  0.07467729970
  0.00221188878
  0.07692920647
  0.07474118566
  0.00221891859
  0.07686602986
  0.07472352496
  0.00223723564
  0.07672745147
  0.07464774135
  0.00225894746
  0.07656066344
  0.07454008918
  0.00227300567
  0.07641509484
  0.07447184576
  0.00229506642
  0.07620333355
  0.07429954930
  0.00231727472
  0.07601078310
  0.07414112217
  0.00234012170
  0.07588162802
  0.07404147190
  0.00234366065
  0.07599606598
  0.07414758116
  0.00234751962
  0.07608612137
  0.07421127444
  0.00236214903
  0.07600279493
  0.07408763039
  0.00237453514
  0.07581642240
  0.07384710844
  0.00239013835
  0.07538832552
  0.07338258281
  0.00243328819
  0.07456386846
  0.07256416826
  0.00250378134
  0.07350252668
  0.07159867265
  0.00248552725
  0.07340876086
  0.07161671364
  0.00249997644
  0.07318475434
  0.07140031090
  0.00251799389
  0.07298739128
  0.07120253191
  0.00254001781
  0.07278403190
  0.07099069049
  0.00256822338
  0.07255505468
  0.07074960027
  0.00259621912
  0.07236393214
  0.07054138779
  0.00262017913
  0.07221623767
  0.07037007287
  0.00263522057
