  0.00956780929
  0.00638381273
  0.00777269332
  0.00809357270
  0.00783411477
  0.00766548442
  0.00758792622
  0.00751058587
  0.00743229885
  0.00737863326
  0.00733453136
  0.00731956265
  0.00749099472
  0.00752719562
  0.00752795382
  0.00751148813
  0.00749159995
  0.00747300339
  0.00745434658
  0.00742978876
  0.00741296884
  0.00739315302
  0.00737034927
  0.00734839641
  0.00732168131
  0.00729600984
  0.00710606372
  0.00707278750
  0.00703678116
  0.00699015665
  0.00695776699
  0.00691172645
  0.00691060376
  0.00687520568
  0.00687835858
  0.00689232632
  0.00699202630
  0.00706216170
  0.00707308929
  0.00709413304
  0.00708146239
  0.00708338256
  0.00711234739
  0.00708908178
  0.00708916388
  0.00711677760
  0.00709266326
  0.00709245480
  0.00711532486
  0.00709521964
  0.00709500663
  0.00711225209
  0.00709730345
  0.00709713091
  0.00710862727
  0.00709834622
  0.00709807919
  0.00710540686
  0.00709982004
  0.00709950184
  0.00708900719
  0.00710209974
  0.00710195633
  0.00708619544
  0.00710305197
  0.00710311083
  0.00708397006
  0.00710330624
  0.00710346299
  0.00708214696
  0.00710385901
  0.00710381484
  0.00708087080
  0.00710346219
  0.00710304039
  0.00707794210
  0.00710353105
  0.00710256511
  0.00707688851
  0.00710326901
  0.00710235804
  0.00707543296
  0.00710244533
  0.00710202492
  0.00707409616
  0.00710216041
  0.00710114081
  0.00707385658
  0.00710195719
  0.00710116122
  0.00707367881
  0.00710173500
  0.00710116900
  0.00707391364
  0.00710196102
  0.00710121859
  0.00707348413
  0.00710191039
  0.00710135297
  0.00707462952
  0.00710171682
  0.00710201459
  0.00707428034
  0.00710315041
  0.00710152388
  0.00707587828
  0.00710309048
  0.00710265672
  0.00707615998
  0.00710384232
  0.00710300092
  0.00707652211
  0.00710406932
  0.00710324963
  0.00707634399
  0.00710425840
  0.00710304718
  0.00707581689
  0.00710371282
  0.00710215905
  0.00707571675
  0.00710278891
  0.00710091684
  0.00707719745
  0.00710230384
  0.00710115219
  0.00707854236
  0.00710272199
  0.00710117745
  0.00708015531
  0.00710347082
  0.00710106796
  0.00708164446
  0.00710319678
  0.00710150391
  0.00708228196
  0.00710359012
  0.00710140284
  0.00708281384
  0.00710335506
  0.00710123251
  0.00708316754
  0.00710345658
  0.00710129442
  0.00708336678
  0.00710366644
