1284 30
0 11
443
495
496
499
500
444
5350
5351
5352
5353
5354

1 37
498
443
559
622
685
748
812
874
937
1001
1002
1010
1011
1012
1084
1156
1231
1234
1313
5355
5356
5357
5358
5359
5360
5361
5362
5363
5364
5365
5366
5367
5368
5369
5370
5371
5372

2 37
444
502
563
627
690
754
818
877
939
1005
1073
1080
1081
1082
1150
1151
1215
1216
1295
5373
5374
5375
5376
5377
5378
5379
5380
5381
5382
5383
5384
5385
5386
5387
5388
5389
5390

3 13
5311
5322
5331
5338
5343
5347
5349
5391
5392
5393
5394
5395
5396

4 9
5271
5282
5294
5297
5311
5397
5398
5399
5400

5 9
5341
5333
5345
5348
5349
5401
5402
5403
5404

6 17
5271
5283
5293
5305
5316
5317
5323
5326
5333
5405
5406
5407
5408
5409
5410
5411
5412

7 23
5041
5070
5097
5122
5147
5169
5190
5209
5227
5244
5258
5271
5413
5414
5415
5416
5417
5418
5419
5420
5421
5422
5423

8 91
4240
4207
4270
4304
4336
4367
4368
4397
4428
4458
4461
4486
4517
4547
4550
4581
4583
4609
4639
4640
4668
4698
4727
4728
4729
4759
4787
4817
4847
4878
4908
4937
4966
4996
5027
5058
5086
5113
5138
5162
5184
5204
5223
5241
5257
5271
5424
5425
5426
5427
5428
5429
5430
5431
5432
5433
5434
5435
5436
5437
5438
5439
5440
5441
5442
5443
5444
5445
5446
5447
5448
5449
5450
5451
5452
5453
5454
5455
5456
5457
5458
5459
5460
5461
5462
5463
5464
5465
5466
5467
5468

9 185
1568
1493
1641
1713
1781
1846
1909
1969
2028
2086
2143
2199
2255
2310
2364
2418
2474
2529
2593
2667
2744
2823
2897
2967
3033
3099
3162
3223
3281
3338
3395
3450
3504
3558
3613
3666
3716
3763
3809
3851
3891
3931
3970
4007
4042
4077
4111
4147
4185
4221
4256
4290
4324
4356
4387
4418
4448
4478
4508
4539
4569
4599
4630
4659
4688
4718
4748
4778
4808
4838
4869
4899
4928
4957
4987
5018
5049
5077
5104
5129
5153
5175
5195
5214
5232
5248
5262
5274
5287
5300
5314
5325
5333
5469
5470
5471
5472
5473
5474
5475
5476
5477
5478
5479
5480
5481
5482
5483
5484
5485
5486
5487
5488
5489
5490
5491
5492
5493
5494
5495
5496
5497
5498
5499
5500
5501
5502
5503
5504
5505
5506
5507
5508
5509
5510
5511
5512
5513
5514
5515
5516
5517
5518
5519
5520
5521
5522
5523
5524
5525
5526
5527
5528
5529
5530
5531
5532
5533
5534
5535
5536
5537
5538
5539
5540
5541
5542
5543
5544
5545
5546
5547
5548
5549
5550
5551
5552
5553
5554
5555
5556
5557
5558
5559
5560

10 61
4207
4241
4274
4308
4339
4370
4401
4432
4462
4493
4524
4554
4585
4616
4646
4675
4705
4736
4766
4793
4824
4855
4886
4915
4919
4947
4975
4978
5008
5009
5041
5561
5562
5563
5564
5565
5566
5567
5568
5569
5570
5571
5572
5573
5574
5575
5576
5577
5578
5579
5580
5581
5582
5583
5584
5585
5586
5587
5588
5589
5590

11 21
2074
2016
2131
2187
2242
2296
2350
2404
2458
2513
2570
5591
5592
5593
5594
5595
5596
5597
5598
5599
5600

12 21
2010
2069
2126
2183
2236
2291
2345
2399
2452
2459
2514
5601
5602
5603
5604
5605
5606
5607
5608
5609
5610

13 199
5
16
26
35
43
51
59
66
73
80
87
94
101
108
115
122
129
136
143
150
157
164
171
178
185
196
212
233
261
301
345
392
442
494
556
619
683
747
811
873
936
1000
1069
1140
1214
1291
1370
1452
1533
1608
1681
1752
1820
1884
1947
2007
2066
2123
2180
2235
2290
2344
2398
2451
2506
2561
2624
2697
2774
2852
2877
2804
2926
2947
2995
3012
3061
3078
3126
3141
3188
3201
3248
3259
3306
3316
3362
3371
3417
3426
3471
3479
3524
3531
3532
3578
3581
3582
3583
3584
5611
5612
5613
5614
5615
5616
5617
5618
5619
5620
5621
5622
5623
5624
5625
5626
5627
5628
5629
5630
5631
5632
5633
5634
5635
5636
5637
5638
5639
5640
5641
5642
5643
5644
5645
5646
5647
5648
5649
5650
5651
5652
5653
5654
5655
5656
5657
5658
5659
5660
5661
5662
5663
5664
5665
5666
5667
5668
5669
5670
5671
5672
5673
5674
5675
5676
5677
5678
5679
5680
5681
5682
5683
5684
5685
5686
5687
5688
5689
5690
5691
5692
5693
5694
5695
5696
5697
5698
5699
5700
5701
5702
5703
5704
5705
5706
5707
5708
5709

14 41
2807
2880
2950
3015
3081
3144
3204
3262
3319
3375
3430
3483
3536
3592
3644
3694
3742
3789
3832
3871
3911
5710
5711
5712
5713
5714
5715
5716
5717
5718
5719
5720
5721
5722
5723
5724
5725
5726
5727
5728
5729

15 153
594
597
658
715
723
785
787
845
907
914
970
1039
1047
1117
1120
1192
1264
1272
1350
1354
1435
1515
1518
1586
1658
1666
1735
1798
1806
1869
1872
1933
1987
1994
2053
2110
2112
2167
2169
2218
2273
2280
2334
2388
2390
2442
2446
2499
2553
2557
2619
2621
2687
2764
2771
2843
2916
2923
2991
3017
3083
3146
3207
3265
3322
3379
3434
3488
3542
3597
3650
3700
3747
3793
3834
3873
3911
5730
5731
5732
5733
5734
5735
5736
5737
5738
5739
5740
5741
5742
5743
5744
5745
5746
5747
5748
5749
5750
5751
5752
5753
5754
5755
5756
5757
5758
5759
5760
5761
5762
5763
5764
5765
5766
5767
5768
5769
5770
5771
5772
5773
5774
5775
5776
5777
5778
5779
5780
5781
5782
5783
5784
5785
5786
5787
5788
5789
5790
5791
5792
5793
5794
5795
5796
5797
5798
5799
5800
5801
5802
5803
5804
5805

16 81
346
341
381
382
383
384
385
393
409
426
427
429
428
445
461
462
463
464
465
477
503
534
535
536
537
538
566
594
631
695
760
826
889
954
1023
1096
1169
1246
1326
1410
1493
5806
5807
5808
5809
5810
5811
5812
5813
5814
5815
5816
5817
5818
5819
5820
5821
5822
5823
5824
5825
5826
5827
5828
5829
5830
5831
5832
5833
5834
5835
5836
5837
5838
5839
5840
5841
5842
5843
5844
5845

17 39
318
278
362
407
457
515
577
641
704
768
833
895
960
1028
1100
1172
1249
1328
1411
1493
5846
5847
5848
5849
5850
5851
5852
5853
5854
5855
5856
5857
5858
5859
5860
5861
5862
5863
5864

18 39
187
186
192
199
201
208
218
220
229
244
245
254
278
290
331
372
419
471
532
594
5865
5866
5867
5868
5869
5870
5871
5872
5873
5874
5875
5876
5877
5878
5879
5880
5881
5882
5883

19 75
8
1
19
29
38
46
54
62
69
76
83
90
97
104
111
118
125
132
139
146
153
160
167
174
181
190
205
226
251
284
325
369
415
418
469
526
533
594
5884
5885
5886
5887
5888
5889
5890
5891
5892
5893
5894
5895
5896
5897
5898
5899
5900
5901
5902
5903
5904
5905
5906
5907
5908
5909
5910
5911
5912
5913
5914
5915
5916
5917
5918
5919
5920

20 17
1
0
2
3
4
9
10
11
5
5921
5922
5923
5924
5925
5926
5927
5928

21 9
1393
1313
1475
1554
1627
5929
5930
5931
5932

22 9
1295
1374
1457
1539
1613
5933
5934
5935
5936

23 13
1699
1627
1767
1833
1896
1957
2016
5937
5938
5939
5940
5941
5942

24 13
1613
1687
1757
1824
1888
1950
2010
5943
5944
5945
5946
5947
5948

25 13
2627
2626
2628
2629
2637
2638
2570
5949
5950
5951
5952
5953
5954

26 13
2572
2571
2514
2574
2575
2576
2577
5955
5956
5957
5958
5959
5960

27 9
2698
2628
2724
2725
2804
5961
5962
5963
5964

28 9
2571
2578
2651
2728
2807
5965
5966
5967
5968

29 17
3911
3953
3991
4028
4063
4098
4133
4171
4207
5969
5970
5971
5972
5973
5974
5975
5976

