657 30
0 6
443
495
496
499
500
444

1 19
498
443
559
622
685
748
812
874
937
1001
1002
1010
1011
1012
1084
1156
1231
1234
1313

2 19
444
502
563
627
690
754
818
877
939
1005
1073
1080
1081
1082
1150
1151
1215
1216
1295

3 7
5311
5322
5331
5338
5343
5347
5349

4 5
5271
5282
5294
5297
5311

5 5
5341
5333
5345
5348
5349

6 9
5271
5283
5293
5305
5316
5317
5323
5326
5333

7 12
5041
5070
5097
5122
5147
5169
5190
5209
5227
5244
5258
5271

8 46
4240
4207
4270
4304
4336
4367
4368
4397
4428
4458
4461
4486
4517
4547
4550
4581
4583
4609
4639
4640
4668
4698
4727
4728
4729
4759
4787
4817
4847
4878
4908
4937
4966
4996
5027
5058
5086
5113
5138
5162
5184
5204
5223
5241
5257
5271

9 93
1568
1493
1641
1713
1781
1846
1909
1969
2028
2086
2143
2199
2255
2310
2364
2418
2474
2529
2593
2667
2744
2823
2897
2967
3033
3099
3162
3223
3281
3338
3395
3450
3504
3558
3613
3666
3716
3763
3809
3851
3891
3931
3970
4007
4042
4077
4111
4147
4185
4221
4256
4290
4324
4356
4387
4418
4448
4478
4508
4539
4569
4599
4630
4659
4688
4718
4748
4778
4808
4838
4869
4899
4928
4957
4987
5018
5049
5077
5104
5129
5153
5175
5195
5214
5232
5248
5262
5274
5287
5300
5314
5325
5333

10 31
4207
4241
4274
4308
4339
4370
4401
4432
4462
4493
4524
4554
4585
4616
4646
4675
4705
4736
4766
4793
4824
4855
4886
4915
4919
4947
4975
4978
5008
5009
5041

11 11
2074
2016
2131
2187
2242
2296
2350
2404
2458
2513
2570

12 11
2010
2069
2126
2183
2236
2291
2345
2399
2452
2459
2514

13 100
5
16
26
35
43
51
59
66
73
80
87
94
101
108
115
122
129
136
143
150
157
164
171
178
185
196
212
233
261
301
345
392
442
494
556
619
683
747
811
873
936
1000
1069
1140
1214
1291
1370
1452
1533
1608
1681
1752
1820
1884
1947
2007
2066
2123
2180
2235
2290
2344
2398
2451
2506
2561
2624
2697
2774
2852
2877
2804
2926
2947
2995
3012
3061
3078
3126
3141
3188
3201
3248
3259
3306
3316
3362
3371
3417
3426
3471
3479
3524
3531
3532
3578
3581
3582
3583
3584

14 21
2807
2880
2950
3015
3081
3144
3204
3262
3319
3375
3430
3483
3536
3592
3644
3694
3742
3789
3832
3871
3911

15 77
594
597
658
715
723
785
787
845
907
914
970
1039
1047
1117
1120
1192
1264
1272
1350
1354
1435
1515
1518
1586
1658
1666
1735
1798
1806
1869
1872
1933
1987
1994
2053
2110
2112
2167
2169
2218
2273
2280
2334
2388
2390
2442
2446
2499
2553
2557
2619
2621
2687
2764
2771
2843
2916
2923
2991
3017
3083
3146
3207
3265
3322
3379
3434
3488
3542
3597
3650
3700
3747
3793
3834
3873
3911

16 41
346
341
381
382
383
384
385
393
409
426
427
429
428
445
461
462
463
464
465
477
503
534
535
536
537
538
566
594
631
695
760
826
889
954
1023
1096
1169
1246
1326
1410
1493

17 20
318
278
362
407
457
515
577
641
704
768
833
895
960
1028
1100
1172
1249
1328
1411
1493

18 20
187
186
192
199
201
208
218
220
229
244
245
254
278
290
331
372
419
471
532
594

19 38
8
1
19
29
38
46
54
62
69
76
83
90
97
104
111
118
125
132
139
146
153
160
167
174
181
190
205
226
251
284
325
369
415
418
469
526
533
594

20 9
1
0
2
3
4
9
10
11
5

21 5
1393
1313
1475
1554
1627

22 5
1295
1374
1457
1539
1613

23 7
1699
1627
1767
1833
1896
1957
2016

24 7
1613
1687
1757
1824
1888
1950
2010

25 7
2627
2626
2628
2629
2637
2638
2570

26 7
2572
2571
2514
2574
2575
2576
2577

27 5
2698
2628
2724
2725
2804

28 5
2571
2578
2651
2728
2807

29 9
3911
3953
3991
4028
4063
4098
4133
4171
4207

