1254 30
0 10
443 5350 
5350 495 
495 5351 
5351 496 
496 5352 
5352 499 
499 5353 
5353 500 
500 5354 
5354 444 

1 36
498 5355 
5355 443 
559 5356 
5356 498 
622 5357 
5357 559 
685 5358 
5358 622 
748 5359 
5359 685 
812 5360 
5360 748 
874 5361 
5361 812 
937 5362 
5362 874 
1001 5363 
5363 937 
1002 5364 
5364 1001 
1010 5365 
5365 1002 
1011 5366 
5366 1010 
1012 5367 
5367 1011 
1084 5368 
5368 1012 
1156 5369 
5369 1084 
1231 5370 
5370 1156 
1234 5371 
5371 1231 
1313 5372 
5372 1234 

2 36
444 5373 
5373 502 
502 5374 
5374 563 
563 5375 
5375 627 
627 5376 
5376 690 
690 5377 
5377 754 
754 5378 
5378 818 
818 5379 
5379 877 
877 5380 
5380 939 
939 5381 
5381 1005 
1005 5382 
5382 1073 
1073 5383 
5383 1080 
1080 5384 
5384 1081 
1081 5385 
5385 1082 
1082 5386 
5386 1150 
1150 5387 
5387 1151 
1151 5388 
5388 1215 
1215 5389 
5389 1216 
1216 5390 
5390 1295 

3 12
5311 5391 
5391 5322 
5322 5392 
5392 5331 
5331 5393 
5393 5338 
5338 5394 
5394 5343 
5343 5395 
5395 5347 
5347 5396 
5396 5349 

4 8
5271 5397 
5397 5282 
5282 5398 
5398 5294 
5294 5399 
5399 5297 
5297 5400 
5400 5311 

5 8
5341 5401 
5401 5333 
5345 5402 
5402 5341 
5348 5403 
5403 5345 
5349 5404 
5404 5348 

6 16
5271 5405 
5405 5283 
5283 5406 
5406 5293 
5293 5407 
5407 5305 
5305 5408 
5408 5316 
5316 5409 
5409 5317 
5317 5410 
5410 5323 
5323 5411 
5411 5326 
5326 5412 
5412 5333 

7 22
5041 5413 
5413 5070 
5070 5414 
5414 5097 
5097 5415 
5415 5122 
5122 5416 
5416 5147 
5147 5417 
5417 5169 
5169 5418 
5418 5190 
5190 5419 
5419 5209 
5209 5420 
5420 5227 
5227 5421 
5421 5244 
5244 5422 
5422 5258 
5258 5423 
5423 5271 

8 90
4240 5424 
5424 4207 
4270 5425 
5425 4240 
4304 5426 
5426 4270 
4336 5427 
5427 4304 
4367 5428 
5428 4336 
4368 5429 
5429 4367 
4397 5430 
5430 4368 
4428 5431 
5431 4397 
4458 5432 
5432 4428 
4461 5433 
5433 4458 
4486 5434 
5434 4461 
4517 5435 
5435 4486 
4547 5436 
5436 4517 
4550 5437 
5437 4547 
4581 5438 
5438 4550 
4583 5439 
5439 4581 
4609 5440 
5440 4583 
4639 5441 
5441 4609 
4640 5442 
5442 4639 
4668 5443 
5443 4640 
4698 5444 
5444 4668 
4727 5445 
5445 4698 
4728 5446 
5446 4727 
4729 5447 
5447 4728 
4759 5448 
5448 4729 
4787 5449 
5449 4759 
4817 5450 
5450 4787 
4847 5451 
5451 4817 
4878 5452 
5452 4847 
4908 5453 
5453 4878 
4937 5454 
5454 4908 
4966 5455 
5455 4937 
4996 5456 
5456 4966 
5027 5457 
5457 4996 
5058 5458 
5458 5027 
5086 5459 
5459 5058 
5113 5460 
5460 5086 
5138 5461 
5461 5113 
5162 5462 
5462 5138 
5184 5463 
5463 5162 
5204 5464 
5464 5184 
5223 5465 
5465 5204 
5241 5466 
5466 5223 
5257 5467 
5467 5241 
5271 5468 
5468 5257 

9 184
1568 5469 
5469 1493 
1641 5470 
5470 1568 
1713 5471 
5471 1641 
1781 5472 
5472 1713 
1846 5473 
5473 1781 
1909 5474 
5474 1846 
1969 5475 
5475 1909 
2028 5476 
5476 1969 
2086 5477 
5477 2028 
2143 5478 
5478 2086 
2199 5479 
5479 2143 
2255 5480 
5480 2199 
2310 5481 
5481 2255 
2364 5482 
5482 2310 
2418 5483 
5483 2364 
2474 5484 
5484 2418 
2529 5485 
5485 2474 
2593 5486 
5486 2529 
2667 5487 
5487 2593 
2744 5488 
5488 2667 
2823 5489 
5489 2744 
2897 5490 
5490 2823 
2967 5491 
5491 2897 
3033 5492 
5492 2967 
3099 5493 
5493 3033 
3162 5494 
5494 3099 
3223 5495 
5495 3162 
3281 5496 
5496 3223 
3338 5497 
5497 3281 
3395 5498 
5498 3338 
3450 5499 
5499 3395 
3504 5500 
5500 3450 
3558 5501 
5501 3504 
3613 5502 
5502 3558 
3666 5503 
5503 3613 
3716 5504 
5504 3666 
3763 5505 
5505 3716 
3809 5506 
5506 3763 
3851 5507 
5507 3809 
3891 5508 
5508 3851 
3931 5509 
5509 3891 
3970 5510 
5510 3931 
4007 5511 
5511 3970 
4042 5512 
5512 4007 
4077 5513 
5513 4042 
4111 5514 
5514 4077 
4147 5515 
5515 4111 
4185 5516 
5516 4147 
4221 5517 
5517 4185 
4256 5518 
5518 4221 
4290 5519 
5519 4256 
4324 5520 
5520 4290 
4356 5521 
5521 4324 
4387 5522 
5522 4356 
4418 5523 
5523 4387 
4448 5524 
5524 4418 
4478 5525 
5525 4448 
4508 5526 
5526 4478 
4539 5527 
5527 4508 
4569 5528 
5528 4539 
4599 5529 
5529 4569 
4630 5530 
5530 4599 
4659 5531 
5531 4630 
4688 5532 
5532 4659 
4718 5533 
5533 4688 
4748 5534 
5534 4718 
4778 5535 
5535 4748 
4808 5536 
5536 4778 
4838 5537 
5537 4808 
4869 5538 
5538 4838 
4899 5539 
5539 4869 
4928 5540 
5540 4899 
4957 5541 
5541 4928 
4987 5542 
5542 4957 
5018 5543 
5543 4987 
5049 5544 
5544 5018 
5077 5545 
5545 5049 
5104 5546 
5546 5077 
5129 5547 
5547 5104 
5153 5548 
5548 5129 
5175 5549 
5549 5153 
5195 5550 
5550 5175 
5214 5551 
5551 5195 
5232 5552 
5552 5214 
5248 5553 
5553 5232 
5262 5554 
5554 5248 
5274 5555 
5555 5262 
5287 5556 
5556 5274 
5300 5557 
5557 5287 
5314 5558 
5558 5300 
5325 5559 
5559 5314 
5333 5560 
5560 5325 

10 60
4207 5561 
5561 4241 
4241 5562 
5562 4274 
4274 5563 
5563 4308 
4308 5564 
5564 4339 
4339 5565 
5565 4370 
4370 5566 
5566 4401 
4401 5567 
5567 4432 
4432 5568 
5568 4462 
4462 5569 
5569 4493 
4493 5570 
5570 4524 
4524 5571 
5571 4554 
4554 5572 
5572 4585 
4585 5573 
5573 4616 
4616 5574 
5574 4646 
4646 5575 
5575 4675 
4675 5576 
5576 4705 
4705 5577 
5577 4736 
4736 5578 
5578 4766 
4766 5579 
5579 4793 
4793 5580 
5580 4824 
4824 5581 
5581 4855 
4855 5582 
5582 4886 
4886 5583 
5583 4915 
4915 5584 
5584 4919 
4919 5585 
5585 4947 
4947 5586 
5586 4975 
4975 5587 
5587 4978 
4978 5588 
5588 5008 
5008 5589 
5589 5009 
5009 5590 
5590 5041 

11 20
2074 5591 
5591 2016 
2131 5592 
5592 2074 
2187 5593 
5593 2131 
2242 5594 
5594 2187 
2296 5595 
5595 2242 
2350 5596 
5596 2296 
2404 5597 
5597 2350 
2458 5598 
5598 2404 
2513 5599 
5599 2458 
2570 5600 
5600 2513 

12 20
2010 5601 
5601 2069 
2069 5602 
5602 2126 
2126 5603 
5603 2183 
2183 5604 
5604 2236 
2236 5605 
5605 2291 
2291 5606 
5606 2345 
2345 5607 
5607 2399 
2399 5608 
5608 2452 
2452 5609 
5609 2459 
2459 5610 
5610 2514 

13 198
5 5611 
5611 16 
16 5612 
5612 26 
26 5613 
5613 35 
35 5614 
5614 43 
43 5615 
5615 51 
51 5616 
5616 59 
59 5617 
5617 66 
66 5618 
5618 73 
73 5619 
5619 80 
80 5620 
5620 87 
87 5621 
5621 94 
94 5622 
5622 101 
101 5623 
5623 108 
108 5624 
5624 115 
115 5625 
5625 122 
122 5626 
5626 129 
129 5627 
5627 136 
136 5628 
5628 143 
143 5629 
5629 150 
150 5630 
5630 157 
157 5631 
5631 164 
164 5632 
5632 171 
171 5633 
5633 178 
178 5634 
5634 185 
185 5635 
5635 196 
196 5636 
5636 212 
212 5637 
5637 233 
233 5638 
5638 261 
261 5639 
5639 301 
301 5640 
5640 345 
345 5641 
5641 392 
392 5642 
5642 442 
442 5643 
5643 494 
494 5644 
5644 556 
556 5645 
5645 619 
619 5646 
5646 683 
683 5647 
5647 747 
747 5648 
5648 811 
811 5649 
5649 873 
873 5650 
5650 936 
936 5651 
5651 1000 
1000 5652 
5652 1069 
1069 5653 
5653 1140 
1140 5654 
5654 1214 
1214 5655 
5655 1291 
1291 5656 
5656 1370 
1370 5657 
5657 1452 
1452 5658 
5658 1533 
1533 5659 
5659 1608 
1608 5660 
5660 1681 
1681 5661 
5661 1752 
1752 5662 
5662 1820 
1820 5663 
5663 1884 
1884 5664 
5664 1947 
1947 5665 
5665 2007 
2007 5666 
5666 2066 
2066 5667 
5667 2123 
2123 5668 
5668 2180 
2180 5669 
5669 2235 
2235 5670 
5670 2290 
2290 5671 
5671 2344 
2344 5672 
5672 2398 
2398 5673 
5673 2451 
2451 5674 
5674 2506 
2506 5675 
5675 2561 
2561 5676 
5676 2624 
2624 5677 
5677 2697 
2697 5678 
5678 2774 
2774 5679 
5679 2852 
2877 5680 
5680 2804 
2852 5681 
5681 2926 
2947 5682 
5682 2877 
2926 5683 
5683 2995 
3012 5684 
5684 2947 
2995 5685 
5685 3061 
3078 5686 
5686 3012 
3061 5687 
5687 3126 
3141 5688 
5688 3078 
3126 5689 
5689 3188 
3201 5690 
5690 3141 
3188 5691 
5691 3248 
3259 5692 
5692 3201 
3248 5693 
5693 3306 
3316 5694 
5694 3259 
3306 5695 
5695 3362 
3371 5696 
5696 3316 
3362 5697 
5697 3417 
3426 5698 
5698 3371 
3417 5699 
5699 3471 
3479 5700 
5700 3426 
3471 5701 
5701 3524 
3531 5702 
5702 3479 
3532 5703 
5703 3531 
3524 5704 
5704 3578 
3581 5705 
5705 3532 
3578 5706 
5706 3582 
3583 5707 
5707 3581 
3582 5708 
5708 3584 
3584 5709 
5709 3583 

14 40
2807 5710 
5710 2880 
2880 5711 
5711 2950 
2950 5712 
5712 3015 
3015 5713 
5713 3081 
3081 5714 
5714 3144 
3144 5715 
5715 3204 
3204 5716 
5716 3262 
3262 5717 
5717 3319 
3319 5718 
5718 3375 
3375 5719 
5719 3430 
3430 5720 
5720 3483 
3483 5721 
5721 3536 
3536 5722 
5722 3592 
3592 5723 
5723 3644 
3644 5724 
5724 3694 
3694 5725 
5725 3742 
3742 5726 
5726 3789 
3789 5727 
5727 3832 
3832 5728 
5728 3871 
3871 5729 
5729 3911 

15 152
594 5730 
5730 597 
597 5731 
5731 658 
658 5732 
5732 715 
715 5733 
5733 723 
723 5734 
5734 785 
785 5735 
5735 787 
787 5736 
5736 845 
845 5737 
5737 907 
907 5738 
5738 914 
914 5739 
5739 970 
970 5740 
5740 1039 
1039 5741 
5741 1047 
1047 5742 
5742 1117 
1117 5743 
5743 1120 
1120 5744 
5744 1192 
1192 5745 
5745 1264 
1264 5746 
5746 1272 
1272 5747 
5747 1350 
1350 5748 
5748 1354 
1354 5749 
5749 1435 
1435 5750 
5750 1515 
1515 5751 
5751 1518 
1518 5752 
5752 1586 
1586 5753 
5753 1658 
1658 5754 
5754 1666 
1666 5755 
5755 1735 
1735 5756 
5756 1798 
1798 5757 
5757 1806 
1806 5758 
5758 1869 
1869 5759 
5759 1872 
1872 5760 
5760 1933 
1933 5761 
5761 1987 
1987 5762 
5762 1994 
1994 5763 
5763 2053 
2053 5764 
5764 2110 
2110 5765 
5765 2112 
2112 5766 
5766 2167 
2167 5767 
5767 2169 
2169 5768 
5768 2218 
2218 5769 
5769 2273 
2273 5770 
5770 2280 
2280 5771 
5771 2334 
2334 5772 
5772 2388 
2388 5773 
5773 2390 
2390 5774 
5774 2442 
2442 5775 
5775 2446 
2446 5776 
5776 2499 
2499 5777 
5777 2553 
2553 5778 
5778 2557 
2557 5779 
5779 2619 
2619 5780 
5780 2621 
2621 5781 
5781 2687 
2687 5782 
5782 2764 
2764 5783 
5783 2771 
2771 5784 
5784 2843 
2843 5785 
5785 2916 
2916 5786 
5786 2923 
2923 5787 
5787 2991 
2991 5788 
5788 3017 
3017 5789 
5789 3083 
3083 5790 
5790 3146 
3146 5791 
5791 3207 
3207 5792 
5792 3265 
3265 5793 
5793 3322 
3322 5794 
5794 3379 
3379 5795 
5795 3434 
3434 5796 
5796 3488 
3488 5797 
5797 3542 
3542 5798 
5798 3597 
3597 5799 
5799 3650 
3650 5800 
5800 3700 
3700 5801 
5801 3747 
3747 5802 
5802 3793 
3793 5803 
5803 3834 
3834 5804 
5804 3873 
3873 5805 
5805 3911 

16 80
346 5806 
5806 341 
341 5807 
5807 381 
381 5808 
5808 382 
382 5809 
5809 383 
383 5810 
5810 384 
384 5811 
5811 385 
393 5812 
5812 346 
385 5813 
5813 409 
409 5814 
5814 426 
426 5815 
5815 427 
427 5816 
5816 429 
429 5817 
5817 428 
445 5818 
5818 393 
428 5819 
5819 461 
461 5820 
5820 462 
462 5821 
5821 463 
463 5822 
5822 464 
464 5823 
5823 465 
465 5824 
5824 477 
503 5825 
5825 445 
534 5826 
5826 535 
536 5827 
5827 534 
537 5828 
5828 536 
477 5829 
5829 538 
538 5830 
5830 537 
566 5831 
5831 503 
535 5832 
5832 594 
631 5833 
5833 566 
695 5834 
5834 631 
760 5835 
5835 695 
826 5836 
5836 760 
889 5837 
5837 826 
954 5838 
5838 889 
1023 5839 
5839 954 
1096 5840 
5840 1023 
1169 5841 
5841 1096 
1246 5842 
5842 1169 
1326 5843 
5843 1246 
1410 5844 
5844 1326 
1493 5845 
5845 1410 

17 38
318 5846 
5846 278 
362 5847 
5847 318 
407 5848 
5848 362 
457 5849 
5849 407 
515 5850 
5850 457 
577 5851 
5851 515 
641 5852 
5852 577 
704 5853 
5853 641 
768 5854 
5854 704 
833 5855 
5855 768 
895 5856 
5856 833 
960 5857 
5857 895 
1028 5858 
5858 960 
1100 5859 
5859 1028 
1172 5860 
5860 1100 
1249 5861 
5861 1172 
1328 5862 
5862 1249 
1411 5863 
5863 1328 
1493 5864 
5864 1411 

18 38
187 5865 
5865 186 
186 5866 
5866 192 
199 5867 
5867 187 
201 5868 
5868 199 
192 5869 
5869 208 
218 5870 
5870 201 
220 5871 
5871 218 
208 5872 
5872 229 
244 5873 
5873 220 
245 5874 
5874 244 
229 5875 
5875 254 
278 5876 
5876 245 
254 5877 
5877 290 
290 5878 
5878 331 
331 5879 
5879 372 
372 5880 
5880 419 
419 5881 
5881 471 
471 5882 
5882 532 
532 5883 
5883 594 

19 74
8 5884 
5884 1 
19 5885 
5885 8 
29 5886 
5886 19 
38 5887 
5887 29 
46 5888 
5888 38 
54 5889 
5889 46 
62 5890 
5890 54 
69 5891 
5891 62 
76 5892 
5892 69 
83 5893 
5893 76 
90 5894 
5894 83 
97 5895 
5895 90 
104 5896 
5896 97 
111 5897 
5897 104 
118 5898 
5898 111 
125 5899 
5899 118 
132 5900 
5900 125 
139 5901 
5901 132 
146 5902 
5902 139 
153 5903 
5903 146 
160 5904 
5904 153 
167 5905 
5905 160 
174 5906 
5906 167 
181 5907 
5907 174 
190 5908 
5908 181 
205 5909 
5909 190 
226 5910 
5910 205 
251 5911 
5911 226 
284 5912 
5912 251 
325 5913 
5913 284 
369 5914 
5914 325 
415 5915 
5915 369 
418 5916 
5916 415 
469 5917 
5917 418 
526 5918 
5918 469 
533 5919 
5919 526 
594 5920 
5920 533 

20 16
1 5921 
5921 0 
0 5922 
5922 2 
2 5923 
5923 3 
3 5924 
5924 4 
4 5925 
5925 9 
9 5926 
5926 10 
10 5927 
5927 11 
11 5928 
5928 5 

21 8
1393 5929 
5929 1313 
1475 5930 
5930 1393 
1554 5931 
5931 1475 
1627 5932 
5932 1554 

22 8
1295 5933 
5933 1374 
1374 5934 
5934 1457 
1457 5935 
5935 1539 
1539 5936 
5936 1613 

23 12
1699 5937 
5937 1627 
1767 5938 
5938 1699 
1833 5939 
5939 1767 
1896 5940 
5940 1833 
1957 5941 
5941 1896 
2016 5942 
5942 1957 

24 12
1613 5943 
5943 1687 
1687 5944 
5944 1757 
1757 5945 
5945 1824 
1824 5946 
5946 1888 
1888 5947 
5947 1950 
1950 5948 
5948 2010 

25 12
2627 5949 
5949 2626 
2628 5950 
5950 2627 
2626 5951 
5951 2629 
2629 5952 
5952 2637 
2637 5953 
5953 2638 
2638 5954 
5954 2570 

26 12
2572 5955 
5955 2571 
2514 5956 
5956 2574 
2574 5957 
5957 2575 
2575 5958 
5958 2576 
2576 5959 
5959 2577 
2577 5960 
5960 2572 

27 8
2698 5961 
5961 2628 
2724 5962 
5962 2698 
2725 5963 
5963 2724 
2804 5964 
5964 2725 

28 8
2571 5965 
5965 2578 
2578 5966 
5966 2651 
2651 5967 
5967 2728 
2728 5968 
5968 2807 

29 16
3911 5969 
5969 3953 
3953 5970 
5970 3991 
3991 5971 
5971 4028 
4028 5972 
5972 4063 
4063 5973 
5973 4098 
4098 5974 
5974 4133 
4133 5975 
5975 4171 
4171 5976 
5976 4207 

