  0.12181151770
  0.15845395988
  0.18946541559
  0.19125127761
  0.13455549995
  0.10785820570
  0.09132253444
  0.08256060782
  0.07177823031
  0.05649830845
  0.03011752129
  0.01948631301
  0.01449971758
  0.01000432795
  0.00841895823
  0.00730224642
  0.00647423681
  0.00549632484
  0.00467011071
  0.00391189999
  0.00353237637
  0.00321208196
  0.00297493948
  0.00279584725
  0.00269255551
  0.00263922955
  0.00245247667
  0.00236327990
  0.00216998885
  0.00206660181
  0.00199942060
  0.00194481364
  0.00189361693
  0.00178335944
  0.00165814630
  0.00160851770
  0.00153780062
  0.00138880117
  0.00131352448
  0.00126007404
  0.00121589679
  0.00118061343
  0.00115193325
  0.00113065723
  0.00107298691
  0.00101502550
  0.00098965560
  0.00097031831
  0.00094335197
  0.00087975104
