  0.01326601411
  0.00678792070
  0.00709482649
  0.00734411780
  0.00722679220
  0.00714734137
  0.00725146625
  0.00730149873
  0.00739167960
  0.00755128992
  0.00780168342
  0.00815024215
  0.00830298339
  0.00853879812
  0.00873292087
  0.00884642745
  0.00898650859
  0.00910827190
  0.00920010730
  0.00927587703
  0.00951265849
  0.00936834294
  0.00940022422
  0.00943068810
  0.00945490380
  0.00948267631
  0.00950740601
  0.00953060737
  0.00955175159
  0.00956704339
  0.00958726301
  0.00959952231
  0.00961021423
  0.00962433917
  0.00963242342
  0.00963919906
  0.00964380517
  0.00964763366
  0.00964831473
  0.00965289304
  0.00965359937
  0.00964821419
  0.00965653377
  0.00965597873
  0.00965457922
  0.00965284227
  0.00965419167
  0.00965199102
  0.00965279882
  0.00964761463
  0.00964683239
  0.00964638268
  0.00963793890
  0.00964936081
  0.00963436359
  0.00963772830
  0.00963193579
  0.00963430131
  0.00963335560
  0.00963336704
  0.00994134595
