548 8
0 155
0
1
4
8
13
19
27
36
37
48
60
74
89
90
91
107
108
127
130
131
132
133
134
135
136
137
138
139
140
163
164
165
166
197
198
199
200
238
239
240
241
283
284
285
286
333
334
335
336
387
388
389
390
445
446
447
448
508
509
510
511
575
576
577
578
646
647
648
649
725
727
728
729
810
811
812
813
898
5484
5485
5486
5487
5488
5489
5490
5491
5492
5493
5494
5495
5496
5497
5498
5499
5500
5501
5502
5503
5504
5505
5506
5507
5508
5509
5510
5511
5512
5513
5514
5515
5516
5517
5518
5519
5520
5521
5522
5523
5524
5525
5526
5527
5528
5529
5530
5531
5532
5533
5534
5535
5536
5537
5538
5539
5540
5541
5542
5543
5544
5545
5546
5547
5548
5549
5550
5551
5552
5553
5554
5555
5556
5557
5558
5559
5560

1 115
3
0
7
12
18
26
35
46
58
72
87
105
125
158
195
236
281
331
385
443
506
573
644
720
800
884
969
1053
1137
1220
1302
1384
1466
1546
1627
1707
1786
1865
1943
2021
2097
2174
2250
2325
2399
2471
2546
2619
2691
2761
2827
2897
2966
3031
3099
3167
3227
3251
5561
5562
5563
5564
5565
5566
5567
5568
5569
5570
5571
5572
5573
5574
5575
5576
5577
5578
5579
5580
5581
5582
5583
5584
5585
5586
5587
5588
5589
5590
5591
5592
5593
5594
5595
5596
5597
5598
5599
5600
5601
5602
5603
5604
5605
5606
5607
5608
5609
5610
5611
5612
5613
5614
5615
5616
5617

2 115
898
982
1065
1148
1231
1313
1395
1477
1557
1638
1718
1797
1876
1954
2032
2108
2185
2261
2336
2412
2487
2562
2635
2707
2778
2849
2919
2988
3057
3125
3193
3261
3328
3395
3461
3530
3599
3670
3737
3806
3875
3942
4008
4076
4144
4212
4278
4343
4408
4472
4535
4597
4660
4715
4768
4819
4868
4915
5618
5619
5620
5621
5622
5623
5624
5625
5626
5627
5628
5629
5630
5631
5632
5633
5634
5635
5636
5637
5638
5639
5640
5641
5642
5643
5644
5645
5646
5647
5648
5649
5650
5651
5652
5653
5654
5655
5656
5657
5658
5659
5660
5661
5662
5663
5664
5665
5666
5667
5668
5669
5670
5671
5672
5673
5674

3 17
3317
3251
3383
3448
3515
3520
3588
3658
3724
5675
5676
5677
5678
5679
5680
5681
5682

4 17
4915
4960
5003
5044
5084
5121
5157
5191
5223
5683
5684
5685
5686
5687
5688
5689
5690

5 33
3791
3724
3796
3864
3930
3995
4061
4066
4133
4200
4265
4329
4393
4398
4462
4525
4587
5691
5692
5693
5694
5695
5696
5697
5698
5699
5700
5701
5702
5703
5704
5705
5706

6 33
5223
5254
5282
5309
5334
5357
5378
5397
5414
5429
5442
5453
5463
5471
5477
5481
5483
5707
5708
5709
5710
5711
5712
5713
5714
5715
5716
5717
5718
5719
5720
5721
5722

7 63
4650
4587
4705
4758
4809
4858
4905
4950
4993
5034
5074
5111
5147
5181
5213
5244
5272
5299
5324
5347
5369
5388
5406
5422
5436
5448
5459
5467
5474
5479
5482
5483
5723
5724
5725
5726
5727
5728
5729
5730
5731
5732
5733
5734
5735
5736
5737
5738
5739
5740
5741
5742
5743
5744
5745
5746
5747
5748
5749
5750
5751
5752
5753

