540 8
0 154
0 5484 
5484 1 
1 5485 
5485 4 
4 5486 
5486 8 
8 5487 
5487 13 
13 5488 
5488 19 
19 5489 
5489 27 
27 5490 
5490 36 
36 5491 
5491 37 
37 5492 
5492 48 
48 5493 
5493 60 
60 5494 
5494 74 
74 5495 
5495 89 
89 5496 
5496 90 
90 5497 
5497 91 
91 5498 
5498 107 
107 5499 
5499 108 
108 5500 
5500 127 
127 5501 
5501 130 
130 5502 
5502 131 
131 5503 
5503 132 
132 5504 
5504 133 
133 5505 
5505 134 
134 5506 
5506 135 
135 5507 
5507 136 
136 5508 
5508 137 
137 5509 
5509 138 
138 5510 
5510 139 
139 5511 
5511 140 
140 5512 
5512 163 
163 5513 
5513 164 
164 5514 
5514 165 
165 5515 
5515 166 
166 5516 
5516 197 
197 5517 
5517 198 
198 5518 
5518 199 
199 5519 
5519 200 
200 5520 
5520 238 
238 5521 
5521 239 
239 5522 
5522 240 
240 5523 
5523 241 
241 5524 
5524 283 
283 5525 
5525 284 
284 5526 
5526 285 
285 5527 
5527 286 
286 5528 
5528 333 
333 5529 
5529 334 
334 5530 
5530 335 
335 5531 
5531 336 
336 5532 
5532 387 
387 5533 
5533 388 
388 5534 
5534 389 
389 5535 
5535 390 
390 5536 
5536 445 
445 5537 
5537 446 
446 5538 
5538 447 
447 5539 
5539 448 
448 5540 
5540 508 
508 5541 
5541 509 
509 5542 
5542 510 
510 5543 
5543 511 
511 5544 
5544 575 
575 5545 
5545 576 
576 5546 
5546 577 
577 5547 
5547 578 
578 5548 
5548 646 
646 5549 
5549 647 
647 5550 
5550 648 
648 5551 
5551 649 
649 5552 
5552 725 
725 5553 
5553 727 
727 5554 
5554 728 
728 5555 
5555 729 
729 5556 
5556 810 
810 5557 
5557 811 
811 5558 
5558 812 
812 5559 
5559 813 
813 5560 
5560 898 

1 114
3 5561 
5561 0 
7 5562 
5562 3 
12 5563 
5563 7 
18 5564 
5564 12 
26 5565 
5565 18 
35 5566 
5566 26 
46 5567 
5567 35 
58 5568 
5568 46 
72 5569 
5569 58 
87 5570 
5570 72 
105 5571 
5571 87 
125 5572 
5572 105 
158 5573 
5573 125 
195 5574 
5574 158 
236 5575 
5575 195 
281 5576 
5576 236 
331 5577 
5577 281 
385 5578 
5578 331 
443 5579 
5579 385 
506 5580 
5580 443 
573 5581 
5581 506 
644 5582 
5582 573 
720 5583 
5583 644 
800 5584 
5584 720 
884 5585 
5585 800 
969 5586 
5586 884 
1053 5587 
5587 969 
1137 5588 
5588 1053 
1220 5589 
5589 1137 
1302 5590 
5590 1220 
1384 5591 
5591 1302 
1466 5592 
5592 1384 
1546 5593 
5593 1466 
1627 5594 
5594 1546 
1707 5595 
5595 1627 
1786 5596 
5596 1707 
1865 5597 
5597 1786 
1943 5598 
5598 1865 
2021 5599 
5599 1943 
2097 5600 
5600 2021 
2174 5601 
5601 2097 
2250 5602 
5602 2174 
2325 5603 
5603 2250 
2399 5604 
5604 2325 
2471 5605 
5605 2399 
2546 5606 
5606 2471 
2619 5607 
5607 2546 
2691 5608 
5608 2619 
2761 5609 
5609 2691 
2827 5610 
5610 2761 
2897 5611 
5611 2827 
2966 5612 
5612 2897 
3031 5613 
5613 2966 
3099 5614 
5614 3031 
3167 5615 
5615 3099 
3227 5616 
5616 3167 
3251 5617 
5617 3227 

2 114
898 5618 
5618 982 
982 5619 
5619 1065 
1065 5620 
5620 1148 
1148 5621 
5621 1231 
1231 5622 
5622 1313 
1313 5623 
5623 1395 
1395 5624 
5624 1477 
1477 5625 
5625 1557 
1557 5626 
5626 1638 
1638 5627 
5627 1718 
1718 5628 
5628 1797 
1797 5629 
5629 1876 
1876 5630 
5630 1954 
1954 5631 
5631 2032 
2032 5632 
5632 2108 
2108 5633 
5633 2185 
2185 5634 
5634 2261 
2261 5635 
5635 2336 
2336 5636 
5636 2412 
2412 5637 
5637 2487 
2487 5638 
5638 2562 
2562 5639 
5639 2635 
2635 5640 
5640 2707 
2707 5641 
5641 2778 
2778 5642 
5642 2849 
2849 5643 
5643 2919 
2919 5644 
5644 2988 
2988 5645 
5645 3057 
3057 5646 
5646 3125 
3125 5647 
5647 3193 
3193 5648 
5648 3261 
3261 5649 
5649 3328 
3328 5650 
5650 3395 
3395 5651 
5651 3461 
3461 5652 
5652 3530 
3530 5653 
5653 3599 
3599 5654 
5654 3670 
3670 5655 
5655 3737 
3737 5656 
5656 3806 
3806 5657 
5657 3875 
3875 5658 
5658 3942 
3942 5659 
5659 4008 
4008 5660 
5660 4076 
4076 5661 
5661 4144 
4144 5662 
5662 4212 
4212 5663 
5663 4278 
4278 5664 
5664 4343 
4343 5665 
5665 4408 
4408 5666 
5666 4472 
4472 5667 
5667 4535 
4535 5668 
5668 4597 
4597 5669 
5669 4660 
4660 5670 
5670 4715 
4715 5671 
5671 4768 
4768 5672 
5672 4819 
4819 5673 
5673 4868 
4868 5674 
5674 4915 

3 16
3317 5675 
5675 3251 
3383 5676 
5676 3317 
3448 5677 
5677 3383 
3515 5678 
5678 3448 
3520 5679 
5679 3515 
3588 5680 
5680 3520 
3658 5681 
5681 3588 
3724 5682 
5682 3658 

4 16
4915 5683 
5683 4960 
4960 5684 
5684 5003 
5003 5685 
5685 5044 
5044 5686 
5686 5084 
5084 5687 
5687 5121 
5121 5688 
5688 5157 
5157 5689 
5689 5191 
5191 5690 
5690 5223 

5 32
3791 5691 
5691 3724 
3796 5692 
5692 3791 
3864 5693 
5693 3796 
3930 5694 
5694 3864 
3995 5695 
5695 3930 
4061 5696 
5696 3995 
4066 5697 
5697 4061 
4133 5698 
5698 4066 
4200 5699 
5699 4133 
4265 5700 
5700 4200 
4329 5701 
5701 4265 
4393 5702 
5702 4329 
4398 5703 
5703 4393 
4462 5704 
5704 4398 
4525 5705 
5705 4462 
4587 5706 
5706 4525 

6 32
5223 5707 
5707 5254 
5254 5708 
5708 5282 
5282 5709 
5709 5309 
5309 5710 
5710 5334 
5334 5711 
5711 5357 
5357 5712 
5712 5378 
5378 5713 
5713 5397 
5397 5714 
5714 5414 
5414 5715 
5715 5429 
5429 5716 
5716 5442 
5442 5717 
5717 5453 
5453 5718 
5718 5463 
5463 5719 
5719 5471 
5471 5720 
5720 5477 
5477 5721 
5721 5481 
5481 5722 
5722 5483 

7 62
4650 5723 
5723 4587 
4705 5724 
5724 4650 
4758 5725 
5725 4705 
4809 5726 
5726 4758 
4858 5727 
5727 4809 
4905 5728 
5728 4858 
4950 5729 
5729 4905 
4993 5730 
5730 4950 
5034 5731 
5731 4993 
5074 5732 
5732 5034 
5111 5733 
5733 5074 
5147 5734 
5734 5111 
5181 5735 
5735 5147 
5213 5736 
5736 5181 
5244 5737 
5737 5213 
5272 5738 
5738 5244 
5299 5739 
5739 5272 
5324 5740 
5740 5299 
5347 5741 
5741 5324 
5369 5742 
5742 5347 
5388 5743 
5743 5369 
5406 5744 
5744 5388 
5422 5745 
5745 5406 
5436 5746 
5746 5422 
5448 5747 
5747 5436 
5459 5748 
5748 5448 
5467 5749 
5749 5459 
5474 5750 
5750 5467 
5479 5751 
5751 5474 
5482 5752 
5752 5479 
5483 5753 
5753 5482 

