270 8
0 77
0 1 
1 4 
4 8 
8 13 
13 19 
19 27 
27 36 
36 37 
37 48 
48 60 
60 74 
74 89 
89 90 
90 91 
91 107 
107 108 
108 127 
127 130 
130 131 
131 132 
132 133 
133 134 
134 135 
135 136 
136 137 
137 138 
138 139 
139 140 
140 163 
163 164 
164 165 
165 166 
166 197 
197 198 
198 199 
199 200 
200 238 
238 239 
239 240 
240 241 
241 283 
283 284 
284 285 
285 286 
286 333 
333 334 
334 335 
335 336 
336 387 
387 388 
388 389 
389 390 
390 445 
445 446 
446 447 
447 448 
448 508 
508 509 
509 510 
510 511 
511 575 
575 576 
576 577 
577 578 
578 646 
646 647 
647 648 
648 649 
649 725 
725 727 
727 728 
728 729 
729 810 
810 811 
811 812 
812 813 
813 898 

1 57
3 0 
7 3 
12 7 
18 12 
26 18 
35 26 
46 35 
58 46 
72 58 
87 72 
105 87 
125 105 
158 125 
195 158 
236 195 
281 236 
331 281 
385 331 
443 385 
506 443 
573 506 
644 573 
720 644 
800 720 
884 800 
969 884 
1053 969 
1137 1053 
1220 1137 
1302 1220 
1384 1302 
1466 1384 
1546 1466 
1627 1546 
1707 1627 
1786 1707 
1865 1786 
1943 1865 
2021 1943 
2097 2021 
2174 2097 
2250 2174 
2325 2250 
2399 2325 
2471 2399 
2546 2471 
2619 2546 
2691 2619 
2761 2691 
2827 2761 
2897 2827 
2966 2897 
3031 2966 
3099 3031 
3167 3099 
3227 3167 
3251 3227 

2 57
898 982 
982 1065 
1065 1148 
1148 1231 
1231 1313 
1313 1395 
1395 1477 
1477 1557 
1557 1638 
1638 1718 
1718 1797 
1797 1876 
1876 1954 
1954 2032 
2032 2108 
2108 2185 
2185 2261 
2261 2336 
2336 2412 
2412 2487 
2487 2562 
2562 2635 
2635 2707 
2707 2778 
2778 2849 
2849 2919 
2919 2988 
2988 3057 
3057 3125 
3125 3193 
3193 3261 
3261 3328 
3328 3395 
3395 3461 
3461 3530 
3530 3599 
3599 3670 
3670 3737 
3737 3806 
3806 3875 
3875 3942 
3942 4008 
4008 4076 
4076 4144 
4144 4212 
4212 4278 
4278 4343 
4343 4408 
4408 4472 
4472 4535 
4535 4597 
4597 4660 
4660 4715 
4715 4768 
4768 4819 
4819 4868 
4868 4915 

3 8
3317 3251 
3383 3317 
3448 3383 
3515 3448 
3520 3515 
3588 3520 
3658 3588 
3724 3658 

4 8
4915 4960 
4960 5003 
5003 5044 
5044 5084 
5084 5121 
5121 5157 
5157 5191 
5191 5223 

5 16
3791 3724 
3796 3791 
3864 3796 
3930 3864 
3995 3930 
4061 3995 
4066 4061 
4133 4066 
4200 4133 
4265 4200 
4329 4265 
4393 4329 
4398 4393 
4462 4398 
4525 4462 
4587 4525 

6 16
5223 5254 
5254 5282 
5282 5309 
5309 5334 
5334 5357 
5357 5378 
5378 5397 
5397 5414 
5414 5429 
5429 5442 
5442 5453 
5453 5463 
5463 5471 
5471 5477 
5477 5481 
5481 5483 

7 31
4650 4587 
4705 4650 
4758 4705 
4809 4758 
4858 4809 
4905 4858 
4950 4905 
4993 4950 
5034 4993 
5074 5034 
5111 5074 
5147 5111 
5181 5147 
5213 5181 
5244 5213 
5272 5244 
5299 5272 
5324 5299 
5347 5324 
5369 5347 
5388 5369 
5406 5388 
5422 5406 
5436 5422 
5448 5436 
5459 5448 
5467 5459 
5474 5467 
5479 5474 
5482 5479 
5483 5482 

