563 22
0 6
0
1
4
8
9
21

1 24
3
0
6
13
26
42
59
79
105
135
169
177
178
179
180
181
182
183
185
186
187
184
188
189

2 8
14
15
16
18
19
20
21
33

3 24
39
21
57
78
102
107
138
174
229
286
352
421
496
508
501
578
580
581
582
584
585
586
587
588

4 10
33
34
53
74
100
125
130
163
217
273

5 29
33
50
64
85
112
142
191
245
276
343
413
489
572
660
755
854
958
1062
1069
1073
1074
1077
1078
1170
1172
1173
1174
1175
1186

6 2
273
338

7 145
339
273
340
341
401
402
403
404
405
406
467
466
468
469
470
471
472
473
474
475
540
542
624
623
625
626
627
629
631
632
633
634
635
636
707
803
804
815
807
816
901
902
903
904
905
906
910
911
914
915
916
917
918
919
1007
1008
1109
1110
1111
1112
1113
1114
1115
1116
1217
1218
1219
1216
1220
1221
1322
1324
1325
1326
1327
1328
1329
1330
1439
1440
1555
1554
1556
1557
1558
1559
1560
1561
1678
1679
1680
1681
1791
1792
1770
1793
1794
1795
1796
1797
1798
1885
1886
1977
1986
1987
1988
1997
1998
1999
2000
2006
2007
2008
2009
2010
2011
2012
2013
2014
2015
2018
2088
2090
2091
1996
2092
2093
2094
2095
2096
2101
2102
2103
2104
2105
2106
2129
2130
2132
2133
2134
2135
2138
2240

8 10
338
409
485
570
658
753
852
953
957
1061

9 145
338
407
410
411
412
476
478
479
480
481
482
550
551
552
553
554
555
556
557
558
559
628
630
718
719
720
721
722
723
725
727
728
729
730
731
805
907
908
912
913
920
921
1010
1011
1012
1013
1014
1018
1019
1009
1023
1024
1025
1026
1027
1118
1119
1222
1223
1224
1225
1226
1227
1228
1229
1331
1323
1332
1333
1334
1335
1443
1445
1446
1447
1441
1448
1449
1450
1562
1563
1677
1682
1683
1684
1685
1686
1687
1688
1801
1802
1803
1804
1887
1888
1909
1910
1911
1912
1913
1914
1915
2001
2002
2089
2098
2097
2099
2100
2107
2108
2109
2110
2111
2112
2119
2120
2121
2122
2123
2124
2125
2126
2127
2128
2131
2192
2194
2195
2196
2197
2198
2199
2206
2207
2208
2209
2210
2233
2234
2236
2237
2238
2239
2335

10 8
1061
1169
1275
1388
1501
1620
1621
1743

11 48
1167
1061
1271
1272
1381
1382
1492
1493
1609
1610
1729
1730
1844
1845
1955
2066
2068
2069
2070
2171
2172
2266
2267
2354
2355
2435
2436
2510
2511
2568
2569
2618
2619
2662
2663
2692
2725
2728
2727
2729
2731
2751
2752
2753
2754
2762
2763
2794

12 6
1743
1857
1860
1974
1975
2087

13 24
1743
1858
1970
2080
2185
2280
2367
2449
2523
2581
2631
2675
2713
2744
2773
2800
2823
2841
2856
2869
2876
2888
2889
2900

14 24
2087
2191
2286
2373
2455
2529
2587
2637
2681
2719
2750
2779
2806
2829
2847
2862
2875
2886
2896
2904
2911
2916
2920
2922

15 6
243
189
298
364
434
508

16 8
590
508
677
769
867
970
1076
1186

17 10
1297
1186
1416
1539
1666
1789
1907
2024
2137
2240

18 2
2335
2240

19 10
2422
2335
2500
2563
2615
2661
2701
2734
2765
2794

20 8
2819
2794
2838
2854
2868
2880
2891
2900

21 6
2908
2900
2914
2918
2921
2922

