541 22
0 5
0 1 
1 4 
4 8 
8 9 
9 21 

1 23
3 0 
6 3 
13 6 
26 13 
42 26 
59 42 
79 59 
105 79 
135 105 
169 135 
177 169 
178 177 
179 178 
180 179 
181 180 
182 181 
183 182 
185 183 
186 185 
187 186 
184 188 
188 187 
189 184 

2 7
14 15 
15 16 
18 14 
19 18 
20 19 
21 20 
16 33 

3 23
39 21 
57 39 
78 57 
102 78 
107 102 
138 107 
174 138 
229 174 
286 229 
352 286 
421 352 
496 421 
508 501 
578 496 
580 578 
581 580 
582 581 
501 584 
584 585 
586 582 
587 586 
585 588 
588 587 

4 9
33 34 
34 53 
53 74 
74 100 
100 125 
125 130 
130 163 
163 217 
217 273 

5 28
33 50 
50 64 
64 85 
85 112 
112 142 
142 191 
191 245 
245 276 
276 343 
343 413 
413 489 
489 572 
572 660 
660 755 
755 854 
854 958 
958 1062 
1069 1073 
1073 1074 
1074 1077 
1077 1078 
1062 1170 
1170 1172 
1173 1069 
1172 1174 
1174 1175 
1175 1173 
1078 1186 

6 1
273 338 

7 144
339 273 
340 339 
341 340 
401 341 
402 401 
403 402 
404 403 
405 404 
406 405 
467 466 
468 406 
469 468 
470 469 
466 471 
471 472 
473 470 
472 474 
474 475 
475 473 
540 467 
542 540 
624 623 
625 624 
626 625 
627 626 
629 542 
623 631 
632 629 
633 632 
634 633 
631 635 
635 636 
636 634 
707 627 
803 707 
804 803 
815 807 
816 815 
807 901 
902 804 
903 902 
904 903 
901 905 
905 906 
906 904 
910 911 
914 816 
915 914 
916 915 
917 916 
911 918 
918 919 
919 917 
1007 910 
1008 1007 
1109 1008 
1110 1109 
1111 1110 
1112 1111 
1113 1112 
1114 1113 
1115 1114 
1116 1115 
1217 1116 
1218 1217 
1219 1218 
1216 1220 
1220 1221 
1221 1219 
1322 1216 
1324 1322 
1325 1324 
1326 1327 
1328 1325 
1327 1329 
1329 1330 
1330 1328 
1439 1326 
1440 1439 
1555 1554 
1554 1556 
1556 1557 
1557 1558 
1559 1440 
1558 1560 
1560 1561 
1561 1559 
1678 1555 
1679 1678 
1680 1679 
1681 1680 
1791 1681 
1792 1791 
1770 1793 
1794 1792 
1795 1794 
1796 1795 
1793 1797 
1797 1798 
1798 1796 
1885 1770 
1886 1885 
1977 1886 
1986 1987 
1987 1988 
1988 1997 
1997 1998 
1998 1999 
1999 2000 
2006 1986 
2007 2006 
2008 2007 
2009 2008 
2010 2009 
2011 2010 
2012 2011 
2013 2012 
2014 2013 
2015 2014 
2018 2015 
2088 1977 
2090 2088 
2091 2090 
1996 2092 
2092 2093 
2094 2091 
2093 2095 
2095 2096 
2096 2094 
2101 1996 
2102 2101 
2103 2102 
2104 2103 
2000 2105 
2105 2106 
2106 2104 
2129 2018 
2130 2129 
2132 2130 
2133 2132 
2134 2133 
2135 2134 
2138 2135 
2240 2138 

8 9
338 409 
409 485 
485 570 
570 658 
658 753 
753 852 
852 953 
953 957 
957 1061 

9 144
338 407 
407 410 
410 411 
411 412 
412 476 
476 478 
478 479 
479 480 
480 481 
481 482 
550 551 
551 552 
482 553 
553 554 
554 555 
556 550 
557 556 
555 558 
558 559 
559 557 
552 628 
628 630 
718 719 
719 720 
720 721 
721 722 
722 723 
630 725 
727 718 
725 728 
728 729 
729 730 
730 731 
731 727 
723 805 
805 907 
907 908 
912 913 
913 920 
920 921 
1010 912 
908 1011 
1011 1012 
1012 1013 
1013 1014 
1014 1010 
1018 1019 
1019 1009 
921 1023 
1023 1024 
1024 1025 
1025 1026 
1026 1027 
1027 1018 
1009 1118 
1118 1119 
1119 1222 
1222 1223 
1223 1224 
1224 1225 
1225 1226 
1226 1227 
1227 1228 
1228 1229 
1331 1323 
1229 1332 
1332 1333 
1333 1334 
1334 1335 
1335 1331 
1323 1443 
1443 1445 
1445 1446 
1447 1441 
1448 1447 
1446 1449 
1449 1450 
1450 1448 
1441 1562 
1562 1563 
1677 1682 
1682 1683 
1684 1677 
1685 1684 
1686 1685 
1563 1687 
1687 1688 
1688 1686 
1683 1801 
1801 1802 
1802 1803 
1803 1804 
1887 1888 
1804 1909 
1909 1910 
1911 1887 
1910 1912 
1912 1913 
1913 1914 
1914 1915 
1915 1911 
1888 2001 
2001 2002 
2002 2089 
2098 2097 
2099 2098 
2100 2099 
2107 2108 
2109 2100 
2110 2109 
2111 2110 
2112 2111 
2097 2119 
2119 2120 
2120 2121 
2121 2122 
2122 2123 
2123 2124 
2124 2125 
2125 2126 
2126 2127 
2127 2128 
2128 2131 
2089 2192 
2192 2194 
2194 2195 
2196 2107 
2197 2196 
2195 2198 
2198 2199 
2199 2197 
2108 2206 
2206 2207 
2207 2208 
2208 2209 
2209 2210 
2210 2112 
2131 2233 
2233 2234 
2234 2236 
2236 2237 
2237 2238 
2238 2239 
2239 2335 

10 7
1061 1169 
1169 1275 
1275 1388 
1388 1501 
1501 1620 
1620 1621 
1621 1743 

11 47
1167 1061 
1271 1167 
1272 1271 
1381 1272 
1382 1381 
1492 1382 
1493 1492 
1609 1493 
1610 1609 
1729 1610 
1730 1729 
1844 1730 
1845 1844 
1955 1845 
2066 1955 
2068 2069 
2069 2070 
2070 2066 
2171 2068 
2172 2171 
2266 2172 
2267 2266 
2354 2267 
2355 2354 
2435 2355 
2436 2435 
2510 2436 
2511 2510 
2568 2511 
2569 2568 
2618 2569 
2619 2618 
2662 2619 
2663 2662 
2692 2663 
2725 2692 
2728 2727 
2729 2728 
2731 2729 
2751 2725 
2727 2752 
2752 2753 
2753 2754 
2754 2751 
2762 2731 
2763 2762 
2794 2763 

12 5
1743 1857 
1857 1860 
1860 1974 
1974 1975 
1975 2087 

13 23
1743 1858 
1858 1970 
1970 2080 
2080 2185 
2185 2280 
2280 2367 
2367 2449 
2449 2523 
2523 2581 
2581 2631 
2631 2675 
2675 2713 
2713 2744 
2744 2773 
2773 2800 
2800 2823 
2823 2841 
2841 2856 
2856 2869 
2869 2876 
2876 2888 
2888 2889 
2889 2900 

14 23
2087 2191 
2191 2286 
2286 2373 
2373 2455 
2455 2529 
2529 2587 
2587 2637 
2637 2681 
2681 2719 
2719 2750 
2750 2779 
2779 2806 
2806 2829 
2829 2847 
2847 2862 
2862 2875 
2875 2886 
2886 2896 
2896 2904 
2904 2911 
2911 2916 
2916 2920 
2920 2922 

15 5
243 189 
298 243 
364 298 
434 364 
508 434 

16 7
590 508 
677 590 
769 677 
867 769 
970 867 
1076 970 
1186 1076 

17 9
1297 1186 
1416 1297 
1539 1416 
1666 1539 
1789 1666 
1907 1789 
2024 1907 
2137 2024 
2240 2137 

18 1
2335 2240 

19 9
2422 2335 
2500 2422 
2563 2500 
2615 2563 
2661 2615 
2701 2661 
2734 2701 
2765 2734 
2794 2765 

20 7
2819 2794 
2838 2819 
2854 2838 
2868 2854 
2880 2868 
2891 2880 
2900 2891 

21 5
2908 2900 
2914 2908 
2918 2914 
2921 2918 
2922 2921 

