1082 22
0 10
0 2923 
2923 1 
1 2924 
2924 4 
4 2925 
2925 8 
8 2926 
2926 9 
9 2927 
2927 21 

1 46
3 2928 
2928 0 
6 2929 
2929 3 
13 2930 
2930 6 
26 2931 
2931 13 
42 2932 
2932 26 
59 2933 
2933 42 
79 2934 
2934 59 
105 2935 
2935 79 
135 2936 
2936 105 
169 2937 
2937 135 
177 2938 
2938 169 
178 2939 
2939 177 
179 2940 
2940 178 
180 2941 
2941 179 
181 2942 
2942 180 
182 2943 
2943 181 
183 2944 
2944 182 
185 2945 
2945 183 
186 2946 
2946 185 
187 2947 
2947 186 
184 2948 
2948 188 
188 2949 
2949 187 
189 2950 
2950 184 

2 14
14 2951 
2951 15 
15 2952 
2952 16 
18 2953 
2953 14 
19 2954 
2954 18 
20 2955 
2955 19 
21 2956 
2956 20 
16 2957 
2957 33 

3 46
39 2958 
2958 21 
57 2959 
2959 39 
78 2960 
2960 57 
102 2961 
2961 78 
107 2962 
2962 102 
138 2963 
2963 107 
174 2964 
2964 138 
229 2965 
2965 174 
286 2966 
2966 229 
352 2967 
2967 286 
421 2968 
2968 352 
496 2969 
2969 421 
508 2970 
2970 501 
578 2971 
2971 496 
580 2972 
2972 578 
581 2973 
2973 580 
582 2974 
2974 581 
501 2975 
2975 584 
584 2976 
2976 585 
586 2977 
2977 582 
587 2978 
2978 586 
585 2979 
2979 588 
588 2980 
2980 587 

4 18
33 2981 
2981 34 
34 2982 
2982 53 
53 2983 
2983 74 
74 2984 
2984 100 
100 2985 
2985 125 
125 2986 
2986 130 
130 2987 
2987 163 
163 2988 
2988 217 
217 2989 
2989 273 

5 56
33 2990 
2990 50 
50 2991 
2991 64 
64 2992 
2992 85 
85 2993 
2993 112 
112 2994 
2994 142 
142 2995 
2995 191 
191 2996 
2996 245 
245 2997 
2997 276 
276 2998 
2998 343 
343 2999 
2999 413 
413 3000 
3000 489 
489 3001 
3001 572 
572 3002 
3002 660 
660 3003 
3003 755 
755 3004 
3004 854 
854 3005 
3005 958 
958 3006 
3006 1062 
1069 3007 
3007 1073 
1073 3008 
3008 1074 
1074 3009 
3009 1077 
1077 3010 
3010 1078 
1062 3011 
3011 1170 
1170 3012 
3012 1172 
1173 3013 
3013 1069 
1172 3014 
3014 1174 
1174 3015 
3015 1175 
1175 3016 
3016 1173 
1078 3017 
3017 1186 

6 2
273 3018 
3018 338 

7 288
339 3019 
3019 273 
340 3020 
3020 339 
341 3021 
3021 340 
401 3022 
3022 341 
402 3023 
3023 401 
403 3024 
3024 402 
404 3025 
3025 403 
405 3026 
3026 404 
406 3027 
3027 405 
467 3028 
3028 466 
468 3029 
3029 406 
469 3030 
3030 468 
470 3031 
3031 469 
466 3032 
3032 471 
471 3033 
3033 472 
473 3034 
3034 470 
472 3035 
3035 474 
474 3036 
3036 475 
475 3037 
3037 473 
540 3038 
3038 467 
542 3039 
3039 540 
624 3040 
3040 623 
625 3041 
3041 624 
626 3042 
3042 625 
627 3043 
3043 626 
629 3044 
3044 542 
623 3045 
3045 631 
632 3046 
3046 629 
633 3047 
3047 632 
634 3048 
3048 633 
631 3049 
3049 635 
635 3050 
3050 636 
636 3051 
3051 634 
707 3052 
3052 627 
803 3053 
3053 707 
804 3054 
3054 803 
815 3055 
3055 807 
816 3056 
3056 815 
807 3057 
3057 901 
902 3058 
3058 804 
903 3059 
3059 902 
904 3060 
3060 903 
901 3061 
3061 905 
905 3062 
3062 906 
906 3063 
3063 904 
910 3064 
3064 911 
914 3065 
3065 816 
915 3066 
3066 914 
916 3067 
3067 915 
917 3068 
3068 916 
911 3069 
3069 918 
918 3070 
3070 919 
919 3071 
3071 917 
1007 3072 
3072 910 
1008 3073 
3073 1007 
1109 3074 
3074 1008 
1110 3075 
3075 1109 
1111 3076 
3076 1110 
1112 3077 
3077 1111 
1113 3078 
3078 1112 
1114 3079 
3079 1113 
1115 3080 
3080 1114 
1116 3081 
3081 1115 
1217 3082 
3082 1116 
1218 3083 
3083 1217 
1219 3084 
3084 1218 
1216 3085 
3085 1220 
1220 3086 
3086 1221 
1221 3087 
3087 1219 
1322 3088 
3088 1216 
1324 3089 
3089 1322 
1325 3090 
3090 1324 
1326 3091 
3091 1327 
1328 3092 
3092 1325 
1327 3093 
3093 1329 
1329 3094 
3094 1330 
1330 3095 
3095 1328 
1439 3096 
3096 1326 
1440 3097 
3097 1439 
1555 3098 
3098 1554 
1554 3099 
3099 1556 
1556 3100 
3100 1557 
1557 3101 
3101 1558 
1559 3102 
3102 1440 
1558 3103 
3103 1560 
1560 3104 
3104 1561 
1561 3105 
3105 1559 
1678 3106 
3106 1555 
1679 3107 
3107 1678 
1680 3108 
3108 1679 
1681 3109 
3109 1680 
1791 3110 
3110 1681 
1792 3111 
3111 1791 
1770 3112 
3112 1793 
1794 3113 
3113 1792 
1795 3114 
3114 1794 
1796 3115 
3115 1795 
1793 3116 
3116 1797 
1797 3117 
3117 1798 
1798 3118 
3118 1796 
1885 3119 
3119 1770 
1886 3120 
3120 1885 
1977 3121 
3121 1886 
1986 3122 
3122 1987 
1987 3123 
3123 1988 
1988 3124 
3124 1997 
1997 3125 
3125 1998 
1998 3126 
3126 1999 
1999 3127 
3127 2000 
2006 3128 
3128 1986 
2007 3129 
3129 2006 
2008 3130 
3130 2007 
2009 3131 
3131 2008 
2010 3132 
3132 2009 
2011 3133 
3133 2010 
2012 3134 
3134 2011 
2013 3135 
3135 2012 
2014 3136 
3136 2013 
2015 3137 
3137 2014 
2018 3138 
3138 2015 
2088 3139 
3139 1977 
2090 3140 
3140 2088 
2091 3141 
3141 2090 
1996 3142 
3142 2092 
2092 3143 
3143 2093 
2094 3144 
3144 2091 
2093 3145 
3145 2095 
2095 3146 
3146 2096 
2096 3147 
3147 2094 
2101 3148 
3148 1996 
2102 3149 
3149 2101 
2103 3150 
3150 2102 
2104 3151 
3151 2103 
2000 3152 
3152 2105 
2105 3153 
3153 2106 
2106 3154 
3154 2104 
2129 3155 
3155 2018 
2130 3156 
3156 2129 
2132 3157 
3157 2130 
2133 3158 
3158 2132 
2134 3159 
3159 2133 
2135 3160 
3160 2134 
2138 3161 
3161 2135 
2240 3162 
3162 2138 

8 18
338 3163 
3163 409 
409 3164 
3164 485 
485 3165 
3165 570 
570 3166 
3166 658 
658 3167 
3167 753 
753 3168 
3168 852 
852 3169 
3169 953 
953 3170 
3170 957 
957 3171 
3171 1061 

9 288
338 3172 
3172 407 
407 3173 
3173 410 
410 3174 
3174 411 
411 3175 
3175 412 
412 3176 
3176 476 
476 3177 
3177 478 
478 3178 
3178 479 
479 3179 
3179 480 
480 3180 
3180 481 
481 3181 
3181 482 
550 3182 
3182 551 
551 3183 
3183 552 
482 3184 
3184 553 
553 3185 
3185 554 
554 3186 
3186 555 
556 3187 
3187 550 
557 3188 
3188 556 
555 3189 
3189 558 
558 3190 
3190 559 
559 3191 
3191 557 
552 3192 
3192 628 
628 3193 
3193 630 
718 3194 
3194 719 
719 3195 
3195 720 
720 3196 
3196 721 
721 3197 
3197 722 
722 3198 
3198 723 
630 3199 
3199 725 
727 3200 
3200 718 
725 3201 
3201 728 
728 3202 
3202 729 
729 3203 
3203 730 
730 3204 
3204 731 
731 3205 
3205 727 
723 3206 
3206 805 
805 3207 
3207 907 
907 3208 
3208 908 
912 3209 
3209 913 
913 3210 
3210 920 
920 3211 
3211 921 
1010 3212 
3212 912 
908 3213 
3213 1011 
1011 3214 
3214 1012 
1012 3215 
3215 1013 
1013 3216 
3216 1014 
1014 3217 
3217 1010 
1018 3218 
3218 1019 
1019 3219 
3219 1009 
921 3220 
3220 1023 
1023 3221 
3221 1024 
1024 3222 
3222 1025 
1025 3223 
3223 1026 
1026 3224 
3224 1027 
1027 3225 
3225 1018 
1009 3226 
3226 1118 
1118 3227 
3227 1119 
1119 3228 
3228 1222 
1222 3229 
3229 1223 
1223 3230 
3230 1224 
1224 3231 
3231 1225 
1225 3232 
3232 1226 
1226 3233 
3233 1227 
1227 3234 
3234 1228 
1228 3235 
3235 1229 
1331 3236 
3236 1323 
1229 3237 
3237 1332 
1332 3238 
3238 1333 
1333 3239 
3239 1334 
1334 3240 
3240 1335 
1335 3241 
3241 1331 
1323 3242 
3242 1443 
1443 3243 
3243 1445 
1445 3244 
3244 1446 
1447 3245 
3245 1441 
1448 3246 
3246 1447 
1446 3247 
3247 1449 
1449 3248 
3248 1450 
1450 3249 
3249 1448 
1441 3250 
3250 1562 
1562 3251 
3251 1563 
1677 3252 
3252 1682 
1682 3253 
3253 1683 
1684 3254 
3254 1677 
1685 3255 
3255 1684 
1686 3256 
3256 1685 
1563 3257 
3257 1687 
1687 3258 
3258 1688 
1688 3259 
3259 1686 
1683 3260 
3260 1801 
1801 3261 
3261 1802 
1802 3262 
3262 1803 
1803 3263 
3263 1804 
1887 3264 
3264 1888 
1804 3265 
3265 1909 
1909 3266 
3266 1910 
1911 3267 
3267 1887 
1910 3268 
3268 1912 
1912 3269 
3269 1913 
1913 3270 
3270 1914 
1914 3271 
3271 1915 
1915 3272 
3272 1911 
1888 3273 
3273 2001 
2001 3274 
3274 2002 
2002 3275 
3275 2089 
2098 3276 
3276 2097 
2099 3277 
3277 2098 
2100 3278 
3278 2099 
2107 3279 
3279 2108 
2109 3280 
3280 2100 
2110 3281 
3281 2109 
2111 3282 
3282 2110 
2112 3283 
3283 2111 
2097 3284 
3284 2119 
2119 3285 
3285 2120 
2120 3286 
3286 2121 
2121 3287 
3287 2122 
2122 3288 
3288 2123 
2123 3289 
3289 2124 
2124 3290 
3290 2125 
2125 3291 
3291 2126 
2126 3292 
3292 2127 
2127 3293 
3293 2128 
2128 3294 
3294 2131 
2089 3295 
3295 2192 
2192 3296 
3296 2194 
2194 3297 
3297 2195 
2196 3298 
3298 2107 
2197 3299 
3299 2196 
2195 3300 
3300 2198 
2198 3301 
3301 2199 
2199 3302 
3302 2197 
2108 3303 
3303 2206 
2206 3304 
3304 2207 
2207 3305 
3305 2208 
2208 3306 
3306 2209 
2209 3307 
3307 2210 
2210 3308 
3308 2112 
2131 3309 
3309 2233 
2233 3310 
3310 2234 
2234 3311 
3311 2236 
2236 3312 
3312 2237 
2237 3313 
3313 2238 
2238 3314 
3314 2239 
2239 3315 
3315 2335 

10 14
1061 3316 
3316 1169 
1169 3317 
3317 1275 
1275 3318 
3318 1388 
1388 3319 
3319 1501 
1501 3320 
3320 1620 
1620 3321 
3321 1621 
1621 3322 
3322 1743 

11 94
1167 3323 
3323 1061 
1271 3324 
3324 1167 
1272 3325 
3325 1271 
1381 3326 
3326 1272 
1382 3327 
3327 1381 
1492 3328 
3328 1382 
1493 3329 
3329 1492 
1609 3330 
3330 1493 
1610 3331 
3331 1609 
1729 3332 
3332 1610 
1730 3333 
3333 1729 
1844 3334 
3334 1730 
1845 3335 
3335 1844 
1955 3336 
3336 1845 
2066 3337 
3337 1955 
2068 3338 
3338 2069 
2069 3339 
3339 2070 
2070 3340 
3340 2066 
2171 3341 
3341 2068 
2172 3342 
3342 2171 
2266 3343 
3343 2172 
2267 3344 
3344 2266 
2354 3345 
3345 2267 
2355 3346 
3346 2354 
2435 3347 
3347 2355 
2436 3348 
3348 2435 
2510 3349 
3349 2436 
2511 3350 
3350 2510 
2568 3351 
3351 2511 
2569 3352 
3352 2568 
2618 3353 
3353 2569 
2619 3354 
3354 2618 
2662 3355 
3355 2619 
2663 3356 
3356 2662 
2692 3357 
3357 2663 
2725 3358 
3358 2692 
2728 3359 
3359 2727 
2729 3360 
3360 2728 
2731 3361 
3361 2729 
2751 3362 
3362 2725 
2727 3363 
3363 2752 
2752 3364 
3364 2753 
2753 3365 
3365 2754 
2754 3366 
3366 2751 
2762 3367 
3367 2731 
2763 3368 
3368 2762 
2794 3369 
3369 2763 

12 10
1743 3370 
3370 1857 
1857 3371 
3371 1860 
1860 3372 
3372 1974 
1974 3373 
3373 1975 
1975 3374 
3374 2087 

13 46
1743 3375 
3375 1858 
1858 3376 
3376 1970 
1970 3377 
3377 2080 
2080 3378 
3378 2185 
2185 3379 
3379 2280 
2280 3380 
3380 2367 
2367 3381 
3381 2449 
2449 3382 
3382 2523 
2523 3383 
3383 2581 
2581 3384 
3384 2631 
2631 3385 
3385 2675 
2675 3386 
3386 2713 
2713 3387 
3387 2744 
2744 3388 
3388 2773 
2773 3389 
3389 2800 
2800 3390 
3390 2823 
2823 3391 
3391 2841 
2841 3392 
3392 2856 
2856 3393 
3393 2869 
2869 3394 
3394 2876 
2876 3395 
3395 2888 
2888 3396 
3396 2889 
2889 3397 
3397 2900 

14 46
2087 3398 
3398 2191 
2191 3399 
3399 2286 
2286 3400 
3400 2373 
2373 3401 
3401 2455 
2455 3402 
3402 2529 
2529 3403 
3403 2587 
2587 3404 
3404 2637 
2637 3405 
3405 2681 
2681 3406 
3406 2719 
2719 3407 
3407 2750 
2750 3408 
3408 2779 
2779 3409 
3409 2806 
2806 3410 
3410 2829 
2829 3411 
3411 2847 
2847 3412 
3412 2862 
2862 3413 
3413 2875 
2875 3414 
3414 2886 
2886 3415 
3415 2896 
2896 3416 
3416 2904 
2904 3417 
3417 2911 
2911 3418 
3418 2916 
2916 3419 
3419 2920 
2920 3420 
3420 2922 

15 10
243 3421 
3421 189 
298 3422 
3422 243 
364 3423 
3423 298 
434 3424 
3424 364 
508 3425 
3425 434 

16 14
590 3426 
3426 508 
677 3427 
3427 590 
769 3428 
3428 677 
867 3429 
3429 769 
970 3430 
3430 867 
1076 3431 
3431 970 
1186 3432 
3432 1076 

17 18
1297 3433 
3433 1186 
1416 3434 
3434 1297 
1539 3435 
3435 1416 
1666 3436 
3436 1539 
1789 3437 
3437 1666 
1907 3438 
3438 1789 
2024 3439 
3439 1907 
2137 3440 
3440 2024 
2240 3441 
3441 2137 

18 2
2335 3442 
3442 2240 

19 18
2422 3443 
3443 2335 
2500 3444 
3444 2422 
2563 3445 
3445 2500 
2615 3446 
3446 2563 
2661 3447 
3447 2615 
2701 3448 
3448 2661 
2734 3449 
3449 2701 
2765 3450 
3450 2734 
2794 3451 
3451 2765 

20 14
2819 3452 
3452 2794 
2838 3453 
3453 2819 
2854 3454 
3454 2838 
2868 3455 
3455 2854 
2880 3456 
3456 2868 
2891 3457 
3457 2880 
2900 3458 
3458 2891 

21 10
2908 3459 
3459 2900 
2914 3460 
3460 2908 
2918 3461 
3461 2914 
2921 3462 
3462 2918 
2922 3463 
3463 2921 

