5712 
2 1 0 
 2 0 3 
 5 4 1 
 2 5 1 
 7 3 6 
 2 3 7 
 2 7 5 
 10 8 4 
 4 5 10 
 11 10 5 
 5 7 11 
 6 12 7 
 12 6 13 
 17 7 12 
 11 7 17 
 22 9 8 
 8 10 22 
 23 21 9 
 23 9 22 
 24 22 10 
 10 11 24 
 25 24 11 
 25 11 17 
 17 12 27 
 28 13 26 
 13 28 12 
 27 12 28 
 29 14 18 
 30 15 14 
 14 29 30 
 31 16 15 
 31 15 30 
 32 16 31 
 32 33 16 
 35 17 27 
 25 17 35 
 19 36 18 
 29 18 36 
 20 37 19 
 36 19 37 
 38 20 21 
 38 37 20 
 23 39 21 
 38 21 39 
 23 40 39 
 23 22 40 
 22 24 40 
 41 40 24 
 25 41 24 
 25 35 41 
 43 26 42 
 26 43 28 
 35 27 44 
 45 28 43 
 28 45 27 
 44 27 45 
 46 29 36 
 47 30 29 
 47 29 46 
 31 30 48 
 30 47 48 
 32 31 49 
 49 31 48 
 32 50 33 
 32 49 50 
 51 34 33 
 51 33 50 
 51 52 34 
 52 53 34 
 35 54 41 
 54 35 44 
 37 55 36 
 46 36 55 
 38 39 56 
 38 56 37 
 55 37 56 
 40 57 39 
 56 39 57 
 57 40 58 
 41 58 40 
 41 54 58 
 60 42 59 
 42 60 43 
 44 61 54 
 62 43 60 
 43 62 45 
 63 45 62 
 61 44 63 
 45 63 44 
 49 64 50 
 65 46 55 
 66 47 46 
 46 65 66 
 67 48 47 
 47 66 67 
 49 68 64 
 49 48 68 
 48 67 68 
 69 50 64 
 51 50 69 
 51 69 52 
 64 71 69 
 52 69 72 
 73 53 52 
 73 52 72 
 73 74 53 
 54 75 58 
 75 54 61 
 55 56 76 
 65 55 76 
 57 77 56 
 76 56 77 
 58 78 57 
 78 58 75 
 77 57 78 
 80 59 79 
 59 80 60 
 61 81 75 
 82 60 80 
 60 82 62 
 81 61 83 
 63 83 61 
 84 62 82 
 62 84 63 
 83 63 84 
 64 68 85 
 71 64 85 
 70 71 85 
 70 85 86 
 87 65 76 
 66 65 88 
 87 88 65 
 89 67 66 
 66 88 89 
 68 90 85 
 68 67 90 
 67 89 90 
 92 69 71 
 72 69 92 
 93 72 92 
 70 94 71 
 70 86 94 
 95 92 71 
 95 71 94 
 94 86 96 
 91 97 86 
 96 86 97 
 98 73 72 
 98 72 93 
 99 74 73 
 99 73 98 
 99 100 74 
 101 98 93 
 75 102 78 
 102 75 81 
 76 77 103 
 87 76 103 
 104 78 102 
 78 104 77 
 104 103 77 
 106 79 105 
 79 106 80 
 81 107 102 
 108 80 106 
 80 108 82 
 107 81 109 
 83 109 81 
 110 82 108 
 82 110 84 
 109 83 111 
 84 111 83 
 111 84 110 
 85 90 112 
 86 85 112 
 86 112 91 
 87 103 113 
 87 113 88 
 88 114 89 
 88 113 114 
 90 115 112 
 89 115 90 
 89 114 115 
 91 112 116 
 91 117 97 
 91 116 117 
 95 119 92 
 93 92 119 
 101 93 120 
 120 93 119 
 119 95 121 
 95 94 121 
 96 121 94 
 96 97 123 
 123 121 96 
 122 121 123 
 117 124 97 
 124 123 97 
 126 99 98 
 126 98 101 
 100 127 125 
 127 100 99 
 126 127 99 
 128 126 101 
 129 128 101 
 129 101 120 
 131 102 107 
 102 131 104 
 113 103 132 
 133 104 131 
 104 133 103 
 132 103 133 
 107 134 131 
 136 105 135 
 105 136 106 
 137 106 136 
 106 137 108 
 109 138 107 
 134 107 138 
 139 108 137 
 108 139 110 
 138 109 140 
 111 140 109 
 140 111 141 
 110 141 111 
 141 110 139 
 115 142 112 
 116 112 142 
 116 142 118 
 114 113 143 
 143 113 132 
 115 144 142 
 114 144 115 
 144 114 143 
 118 145 116 
 117 116 145 
 124 117 146 
 145 146 117 
 118 142 147 
 118 149 145 
 118 147 149 
 129 120 150 
 151 119 121 
 120 119 151 
 150 120 151 
 152 151 121 
 122 152 121 
 154 124 146 
 154 146 153 
 122 123 155 
 122 155 152 
 124 156 123 
 155 123 156 
 154 156 124 
 125 157 130 
 157 125 127 
 127 158 157 
 158 127 126 
 128 158 126 
 159 158 128 
 160 159 128 
 160 128 129 
 161 160 129 
 161 129 150 
 162 161 150 
 164 163 130 
 164 130 157 
 143 132 165 
 166 131 134 
 131 166 133 
 166 167 133 
 165 132 167 
 133 167 132 
 168 166 134 
 138 170 134 
 168 134 170 
 171 135 169 
 135 171 136 
 172 136 171 
 136 172 137 
 173 137 172 
 137 173 139 
 140 174 138 
 170 138 174 
 139 175 141 
 175 139 173 
 174 140 176 
 141 176 140 
 176 141 175 
 144 191 142 
 147 142 191 
 147 191 148 
 191 144 192 
 143 192 144 
 192 143 165 
 148 191 193 
 148 193 190 
 149 194 145 
 146 145 194 
 153 146 194 
 195 153 194 
 148 196 147 
 149 147 196 
 148 190 196 
 197 194 149 
 197 149 196 
 199 196 190 
 200 199 190 
 198 200 190 
 162 150 201 
 201 150 151 
 202 151 152 
 201 151 202 
 202 152 203 
 203 152 204 
 204 152 155 
 205 153 195 
 206 154 153 
 206 153 205 
 207 154 206 
 207 156 154 
 208 156 207 
 209 155 156 
 204 155 209 
 210 209 156 
 210 156 208 
 157 211 164 
 211 157 158 
 159 211 158 
 212 211 159 
 212 159 213 
 213 159 160 
 213 160 214 
 214 160 161 
 215 214 161 
 162 215 161 
 162 216 215 
 162 201 216 
 218 217 163 
 218 163 164 
 219 218 164 
 219 164 211 
 165 220 192 
 220 165 221 
 167 221 165 
 168 222 166 
 221 167 222 
 166 222 167 
 168 170 223 
 168 223 222 
 224 169 177 
 169 224 171 
 174 225 170 
 223 170 225 
 226 171 224 
 171 226 172 
 227 172 226 
 172 227 173 
 173 228 175 
 228 173 227 
 176 229 174 
 225 174 229 
 229 176 230 
 175 230 176 
 230 175 228 
 231 177 178 
 177 231 224 
 232 178 179 
 178 232 231 
 233 179 180 
 179 233 232 
 234 184 189 
 235 180 181 
 180 235 233 
 236 181 182 
 181 236 235 
 237 182 183 
 182 237 236 
 238 183 185 
 183 238 237 
 239 188 184 
 234 239 184 
 240 185 186 
 185 240 238 
 241 186 187 
 186 241 240 
 242 187 188 
 187 242 241 
 188 239 242 
 234 189 243 
 190 193 244 
 198 190 244 
 192 245 191 
 245 192 220 
 193 191 245 
 193 245 246 
 246 244 193 
 247 205 195 
 247 195 248 
 197 249 194 
 195 194 249 
 248 195 249 
 250 196 199 
 197 196 250 
 197 250 249 
 251 250 199 
 253 244 252 
 198 244 253 
 198 253 200 
 200 254 199 
 251 199 254 
 200 255 254 
 255 200 253 
 216 201 256 
 201 202 256 
 256 202 257 
 203 257 202 
 203 258 257 
 203 204 258 
 247 259 205 
 258 204 260 
 209 260 204 
 261 205 259 
 205 261 206 
 262 206 261 
 206 262 207 
 263 207 262 
 208 207 263 
 208 263 264 
 210 208 264 
 210 264 265 
 265 260 209 
 210 265 209 
 266 219 211 
 212 266 211 
 212 267 266 
 212 213 267 
 267 213 268 
 214 268 213 
 268 214 269 
 215 269 214 
 215 270 269 
 270 215 216 
 271 270 216 
 216 256 271 
 272 217 218 
 272 273 217 
 272 218 274 
 218 219 274 
 275 274 219 
 275 219 266 
 220 276 245 
 276 220 277 
 221 277 220 
 277 221 278 
 278 221 222 
 223 279 222 
 278 222 279 
 225 280 223 
 223 280 279 
 281 224 231 
 224 281 226 
 229 282 225 
 280 225 282 
 283 226 281 
 226 283 227 
 227 284 228 
 284 227 283 
 228 285 230 
 285 228 284 
 230 286 229 
 286 230 285 
 282 229 286 
 287 231 232 
 231 287 281 
 288 232 233 
 232 288 287 
 289 233 235 
 233 289 288 
 234 243 290 
 234 290 239 
 291 235 236 
 235 291 289 
 292 236 237 
 236 292 291 
 293 237 238 
 237 293 292 
 294 238 240 
 238 294 293 
 295 242 239 
 239 290 295 
 296 240 241 
 240 296 294 
 297 241 242 
 241 297 296 
 242 295 297 
 298 290 243 
 246 299 244 
 252 244 299 
 300 245 276 
 246 245 300 
 300 299 246 
 301 300 276 
 301 276 303 
 306 252 299 
 304 306 299 
 306 305 252 
 247 308 259 
 247 248 308 
 309 248 249 
 308 248 310 
 309 310 248 
 307 311 305 
 312 250 251 
 312 249 250 
 309 249 312 
 313 312 251 
 314 313 251 
 305 315 252 
 311 315 305 
 314 251 316 
 316 251 254 
 317 316 254 
 253 252 318 
 255 253 318 
 315 318 252 
 319 254 255 
 317 254 319 
 320 255 318 
 319 255 320 
 271 256 321 
 257 321 256 
 321 257 322 
 258 322 257 
 322 258 323 
 258 260 323 
 324 259 308 
 259 324 325 
 259 325 261 
 323 260 326 
 265 326 260 
 327 261 325 
 261 327 262 
 328 262 327 
 263 262 328 
 328 329 263 
 264 263 329 
 264 329 330 
 326 265 330 
 264 330 265 
 266 331 275 
 331 266 267 
 267 332 331 
 267 268 332 
 268 333 332 
 269 333 268 
 333 269 334 
 270 334 269 
 334 270 335 
 270 271 335 
 335 271 336 
 321 336 271 
 337 338 273 
 272 339 273 
 272 274 339 
 337 273 339 
 274 340 339 
 340 274 275 
 275 341 340 
 341 275 331 
 277 343 276 
 303 276 343 
 302 303 343 
 302 343 342 
 343 277 344 
 278 344 277 
 344 278 345 
 279 345 278 
 345 279 346 
 280 346 279 
 282 347 280 
 280 347 346 
 348 281 287 
 281 348 283 
 286 349 282 
 347 282 349 
 283 350 284 
 350 283 348 
 284 351 285 
 351 284 350 
 285 352 286 
 352 285 351 
 349 286 352 
 353 287 288 
 287 353 348 
 354 288 289 
 288 354 353 
 355 289 291 
 289 355 354 
 356 290 298 
 357 290 356 
 357 295 290 
 358 291 292 
 291 358 355 
 359 292 293 
 292 359 358 
 360 293 294 
 293 360 359 
 361 294 296 
 294 361 360 
 297 295 362 
 357 362 295 
 363 296 297 
 296 363 361 
 297 362 363 
 364 356 298 
 301 366 300 
 299 300 366 
 304 299 366 
 367 366 301 
 367 301 303 
 368 302 342 
 302 369 303 
 368 369 302 
 370 303 369 
 367 303 370 
 304 371 306 
 304 366 372 
 371 304 372 
 305 306 373 
 371 373 306 
 307 305 373 
 368 342 374 
 365 375 342 
 374 342 375 
 376 375 365 
 311 307 377 
 307 378 377 
 307 373 378 
 379 324 308 
 308 310 379 
 309 380 310 
 309 312 380 
 381 379 310 
 310 380 381 
 311 377 382 
 311 382 315 
 383 380 312 
 313 383 312 
 313 384 383 
 314 384 313 
 314 385 384 
 314 316 385 
 382 386 315 
 315 386 318 
 385 316 387 
 317 387 316 
 317 388 387 
 317 319 388 
 389 318 386 
 320 318 389 
 320 389 390 
 388 319 390 
 320 390 319 
 324 379 391 
 336 321 392 
 322 392 321 
 392 322 393 
 323 393 322 
 393 323 394 
 326 394 323 
 391 395 324 
 324 395 325 
 395 396 325 
 325 396 327 
 394 326 397 
 330 397 326 
 398 327 396 
 328 327 398 
 398 399 328 
 329 328 399 
 399 400 329 
 397 330 400 
 330 329 400 
 331 401 341 
 401 331 332 
 332 402 401 
 402 332 333 
 402 333 403 
 334 403 333 
 403 334 404 
 335 404 334 
 404 335 405 
 336 405 335 
 405 336 406 
 392 406 336 
 337 407 338 
 337 339 407 
 408 338 407 
 408 409 338 
 340 410 339 
 407 339 410 
 341 411 340 
 410 340 411 
 401 412 341 
 411 341 412 
 344 413 343 
 342 343 413 
 365 342 413 
 413 344 414 
 345 414 344 
 414 345 415 
 346 415 345 
 415 346 416 
 347 416 346 
 349 417 347 
 416 347 417 
 348 418 350 
 418 348 353 
 352 419 349 
 417 349 419 
 350 420 351 
 420 350 418 
 351 421 352 
 421 351 420 
 419 352 421 
 353 422 418 
 422 353 354 
 354 423 422 
 423 354 355 
 355 424 423 
 424 355 358 
 356 364 425 
 356 425 426 
 357 356 426 
 357 426 362 
 427 362 426 
 358 428 424 
 428 358 359 
 359 429 428 
 429 359 360 
 360 430 429 
 430 360 361 
 361 431 430 
 431 361 363 
 427 432 362 
 363 432 431 
 432 363 362 
 425 364 434 
 433 425 434 
 365 413 435 
 376 365 435 
 376 435 437 
 367 438 366 
 372 366 438 
 370 438 367 
 368 439 369 
 439 368 374 
 440 438 370 
 442 369 439 
 441 442 439 
 443 370 369 
 440 370 443 
 442 443 369 
 371 372 444 
 371 444 373 
 445 372 438 
 444 372 445 
 378 373 446 
 446 373 444 
 447 439 374 
 448 374 375 
 447 374 448 
 449 448 375 
 376 450 375 
 449 375 450 
 450 376 437 
 451 450 437 
 377 452 382 
 377 453 452 
 377 378 453 
 454 453 378 
 378 446 454 
 455 391 379 
 379 381 455 
 456 381 380 
 383 456 380 
 457 455 381 
 381 456 457 
 458 382 452 
 382 458 386 
 456 383 459 
 384 459 383 
 384 460 459 
 384 385 460 
 385 461 460 
 385 387 461 
 458 462 386 
 389 386 462 
 387 463 461 
 463 387 388 
 388 464 463 
 464 388 390 
 462 465 389 
 390 465 464 
 465 390 389 
 395 391 466 
 467 466 391 
 391 455 467 
 406 392 468 
 393 468 392 
 468 393 469 
 394 469 393 
 469 394 470 
 397 470 394 
 466 471 395 
 395 471 396 
 471 472 396 
 398 396 472 
 470 397 473 
 400 473 397 
 472 474 398 
 399 398 474 
 475 399 474 
 473 400 475 
 400 399 475 
 412 401 476 
 402 476 401 
 477 412 476 
 476 402 478 
 403 478 402 
 478 403 479 
 404 479 403 
 479 404 480 
 405 480 404 
 480 405 481 
 406 481 405 
 481 406 482 
 468 482 406 
 483 407 410 
 408 407 483 
 408 484 409 
 408 483 484 
 484 485 409 
 411 486 410 
 483 410 486 
 412 487 411 
 486 411 487 
 412 477 487 
 414 489 413 
 435 413 489 
 436 435 489 
 436 489 488 
 489 414 490 
 415 490 414 
 490 415 491 
 416 491 415 
 491 416 492 
 492 416 417 
 419 493 417 
 492 417 493 
 418 494 420 
 494 418 422 
 421 495 419 
 419 495 493 
 420 496 421 
 496 420 494 
 495 421 496 
 422 497 494 
 497 422 423 
 423 498 497 
 498 423 424 
 424 499 498 
 499 424 428 
 433 500 425 
 426 425 500 
 427 426 500 
 433 501 500 
 427 500 502 
 427 502 432 
 428 503 499 
 503 428 429 
 429 504 503 
 504 429 430 
 430 505 504 
 505 430 431 
 432 502 506 
 431 506 505 
 506 431 432 
 434 508 433 
 433 508 501 
 507 501 508 
 436 510 435 
 437 435 510 
 511 510 436 
 511 436 488 
 511 488 512 
 509 513 488 
 512 488 513 
 514 513 509 
 515 437 510 
 451 437 515 
 516 445 438 
 517 438 440 
 516 438 517 
 518 517 440 
 519 439 447 
 441 439 519 
 520 440 443 
 518 440 520 
 521 441 519 
 521 522 441 
 441 522 442 
 523 443 442 
 522 523 442 
 524 520 443 
 524 443 523 
 446 444 525 
 444 445 525 
 526 525 445 
 516 526 445 
 527 454 446 
 525 527 446 
 528 519 447 
 529 447 448 
 528 447 529 
 530 529 448 
 449 531 448 
 530 448 531 
 532 451 515 
 531 449 533 
 449 450 533 
 451 534 450 
 533 450 534 
 535 534 451 
 535 451 532 
 452 536 458 
 536 452 537 
 537 452 453 
 453 538 537 
 453 454 538 
 539 538 454 
 454 527 539 
 540 467 455 
 455 457 540 
 541 457 456 
 459 541 456 
 542 540 457 
 457 541 542 
 543 458 536 
 458 543 462 
 459 544 541 
 460 544 459 
 460 545 544 
 545 460 461 
 461 546 545 
 546 461 463 
 543 547 462 
 465 462 547 
 463 548 546 
 548 463 464 
 547 549 465 
 464 549 548 
 549 464 465 
 466 550 471 
 550 466 551 
 467 551 466 
 551 467 552 
 540 552 467 
 482 468 553 
 469 553 468 
 553 469 554 
 470 554 469 
 554 470 555 
 473 555 470 
 471 556 472 
 556 471 550 
 472 557 474 
 557 472 556 
 555 473 558 
 475 558 473 
 558 475 559 
 474 559 475 
 559 474 557 
 560 487 477 
 478 561 476 
 477 476 561 
 562 477 561 
 560 477 562 
 479 563 478 
 561 478 563 
 479 480 564 
 563 479 564 
 480 481 565 
 564 480 565 
 482 566 481 
 565 481 566 
 553 567 482 
 566 482 567 
 486 568 483 
 484 483 568 
 485 484 569 
 569 484 568 
 569 570 485 
 487 571 486 
 568 486 571 
 560 571 487 
 490 572 489 
 488 489 572 
 509 488 572 
 572 490 573 
 491 573 490 
 573 491 574 
 492 574 491 
 575 574 492 
 575 492 493 
 575 493 576 
 577 493 495 
 576 493 577 
 494 578 496 
 578 494 497 
 579 496 578 
 496 579 495 
 577 495 579 
 497 580 578 
 580 497 498 
 498 581 580 
 581 498 499 
 499 582 581 
 582 499 503 
 507 583 501 
 500 501 584 
 584 502 500 
 501 583 584 
 502 584 585 
 585 506 502 
 503 586 582 
 586 503 504 
 504 587 586 
 587 504 505 
 506 585 588 
 505 588 587 
 588 505 506 
 507 589 583 
 507 508 590 
 507 590 589 
 509 572 591 
 514 509 591 
 514 591 593 
 594 515 510 
 511 595 510 
 594 510 595 
 595 511 512 
 596 595 512 
 597 512 513 
 596 512 597 
 598 597 513 
 514 599 513 
 598 513 599 
 514 593 599 
 532 515 600 
 594 601 515 
 600 515 601 
 528 602 519 
 516 603 526 
 516 517 603 
 604 603 517 
 518 604 517 
 518 605 604 
 518 520 605 
 606 519 602 
 521 519 606 
 605 520 607 
 524 607 520 
 521 606 608 
 521 608 522 
 522 608 609 
 522 609 523 
 610 523 609 
 524 610 607 
 524 523 610 
 527 525 611 
 526 611 525 
 612 611 526 
 603 612 526 
 613 539 527 
 527 611 613 
 528 614 602 
 528 529 614 
 614 529 615 
 530 615 529 
 530 616 615 
 530 531 616 
 616 531 617 
 531 533 617 
 600 618 532 
 619 532 618 
 535 532 619 
 617 533 620 
 620 533 534 
 535 619 621 
 621 620 534 
 535 621 534 
 614 622 602 
 536 623 543 
 623 536 624 
 537 624 536 
 537 625 624 
 537 538 625 
 626 625 538 
 538 539 626 
 627 626 539 
 539 613 627 
 552 540 628 
 542 628 540 
 629 542 541 
 629 541 544 
 628 542 630 
 629 630 542 
 623 631 543 
 547 543 631 
 544 632 629 
 632 544 545 
 545 633 632 
 633 545 546 
 546 634 633 
 634 546 548 
 635 547 631 
 549 547 635 
 636 549 635 
 548 636 634 
 636 548 549 
 556 550 637 
 550 551 638 
 638 637 550 
 552 639 551 
 639 638 551 
 628 640 552 
 639 552 640 
 554 641 553 
 567 553 641 
 555 642 554 
 641 554 642 
 558 643 555 
 642 555 643 
 557 556 644 
 637 644 556 
 557 645 559 
 644 645 557 
 559 646 558 
 643 558 646 
 646 559 645 
 647 571 560 
 648 560 562 
 647 560 648 
 563 649 561 
 562 561 649 
 562 649 650 
 648 562 650 
 564 651 563 
 649 563 651 
 565 652 564 
 651 564 652 
 566 653 565 
 653 652 565 
 567 654 566 
 654 653 566 
 641 655 567 
 654 567 655 
 568 656 569 
 656 568 571 
 570 569 657 
 656 657 569 
 657 658 570 
 571 659 656 
 647 659 571 
 573 660 572 
 591 572 660 
 592 591 660 
 592 660 661 
 660 573 662 
 574 662 573 
 574 663 662 
 575 663 574 
 576 663 575 
 576 577 664 
 576 664 663 
 579 665 577 
 664 577 665 
 666 578 580 
 578 666 579 
 665 579 666 
 667 580 581 
 580 667 666 
 589 668 583 
 669 581 582 
 581 669 667 
 670 582 586 
 582 670 669 
 668 671 583 
 672 585 584 
 584 583 672 
 671 672 583 
 673 588 585 
 585 672 673 
 674 586 587 
 586 674 670 
 675 587 588 
 587 675 674 
 588 673 675 
 589 676 668 
 590 677 589 
 676 589 677 
 676 678 668 
 592 680 591 
 593 591 680 
 681 680 592 
 681 592 661 
 681 661 682 
 679 683 661 
 682 661 683 
 684 599 593 
 685 593 680 
 685 684 593 
 685 680 686 
 601 594 687 
 594 595 687 
 688 595 596 
 687 595 688 
 689 688 596 
 690 596 597 
 689 596 690 
 690 597 691 
 598 692 597 
 691 597 692 
 598 693 692 
 598 599 693 
 694 599 684 
 694 693 599 
 600 695 618 
 600 601 695 
 695 601 696 
 601 687 696 
 697 602 622 
 606 602 697 
 698 612 603 
 604 698 603 
 698 604 699 
 604 605 699 
 700 699 605 
 607 700 605 
 697 701 606 
 608 606 701 
 607 702 700 
 607 610 702 
 608 701 703 
 608 703 609 
 704 609 703 
 704 702 610 
 609 704 610 
 705 613 611 
 612 705 611 
 706 705 612 
 698 706 612 
 707 627 613 
 613 705 707 
 622 614 708 
 615 708 614 
 708 615 709 
 616 709 615 
 710 709 616 
 616 617 710 
 710 617 711 
 620 711 617 
 712 618 695 
 618 712 713 
 618 713 619 
 714 619 713 
 619 714 621 
 715 621 714 
 711 620 715 
 621 715 620 
 622 716 697 
 716 622 717 
 708 717 622 
 623 718 631 
 718 623 719 
 624 719 623 
 719 624 720 
 625 720 624 
 720 625 721 
 626 721 625 
 721 626 722 
 627 722 626 
 722 627 723 
 707 723 627 
 630 724 628 
 640 628 724 
 630 629 725 
 632 725 629 
 630 725 726 
 724 630 726 
 631 727 635 
 727 631 718 
 725 632 728 
 633 728 632 
 728 633 729 
 634 729 633 
 729 634 730 
 636 730 634 
 730 636 731 
 635 731 636 
 731 635 727 
 644 637 732 
 637 638 733 
 733 732 637 
 734 638 639 
 734 733 638 
 640 735 639 
 639 735 734 
 724 736 640 
 735 640 736 
 642 737 641 
 655 641 737 
 643 738 642 
 737 642 738 
 646 739 643 
 738 643 739 
 644 740 645 
 732 740 644 
 645 741 646 
 739 646 741 
 741 645 740 
 648 742 647 
 648 650 742 
 647 742 659 
 651 743 649 
 650 649 743 
 744 650 743 
 650 744 742 
 652 745 651 
 743 651 745 
 653 746 652 
 745 652 746 
 653 654 747 
 747 746 653 
 655 748 654 
 747 654 748 
 737 749 655 
 749 748 655 
 750 747 748 
 656 751 657 
 659 751 656 
 657 752 658 
 751 752 657 
 752 753 658 
 659 754 751 
 659 742 754 
 662 755 660 
 661 660 755 
 679 661 755 
 755 662 756 
 756 662 663 
 756 663 757 
 664 757 663 
 664 758 757 
 758 664 665 
 759 666 667 
 666 759 665 
 758 665 759 
 760 667 669 
 667 760 759 
 761 671 668 
 761 668 678 
 762 669 670 
 669 762 760 
 763 671 761 
 764 670 674 
 670 764 762 
 672 765 673 
 671 765 672 
 763 765 671 
 766 675 673 
 673 765 766 
 767 674 675 
 674 767 764 
 675 766 767 
 678 676 768 
 677 769 676 
 768 676 769 
 678 770 761 
 771 678 768 
 770 678 771 
 772 683 679 
 679 755 773 
 772 679 773 
 681 775 680 
 686 680 775 
 775 681 682 
 776 775 682 
 777 682 683 
 776 682 777 
 772 778 683 
 779 777 683 
 779 683 778 
 780 694 684 
 781 780 684 
 782 684 685 
 781 684 782 
 783 685 686 
 782 685 783 
 783 686 784 
 784 686 785 
 785 686 775 
 786 696 687 
 786 687 688 
 787 786 688 
 689 787 688 
 689 788 787 
 689 690 788 
 788 690 789 
 691 789 690 
 691 790 789 
 691 692 790 
 790 692 791 
 692 693 791 
 792 791 693 
 693 694 792 
 793 792 694 
 780 793 694 
 794 712 695 
 695 696 794 
 795 794 696 
 696 786 795 
 796 697 716 
 701 697 796 
 797 706 698 
 699 797 698 
 798 797 699 
 699 700 798 
 799 798 700 
 700 702 799 
 796 800 701 
 800 703 701 
 801 799 702 
 702 704 801 
 802 703 800 
 801 704 802 
 703 802 704 
 803 707 705 
 705 706 803 
 804 803 706 
 706 797 804 
 723 707 805 
 803 805 707 
 712 794 806 
 716 807 796 
 717 708 808 
 709 808 708 
 808 709 809 
 709 710 809 
 809 710 810 
 711 810 710 
 810 711 811 
 715 811 711 
 806 812 712 
 713 712 812 
 813 713 812 
 713 813 714 
 814 714 813 
 811 715 814 
 714 814 715 
 807 716 815 
 717 815 716 
 815 717 816 
 808 816 717 
 727 718 817 
 718 719 818 
 818 817 718 
 819 719 720 
 719 819 818 
 721 820 720 
 720 820 819 
 722 821 721 
 820 721 821 
 723 822 722 
 821 722 822 
 805 823 723 
 822 723 823 
 726 824 724 
 736 724 824 
 725 728 825 
 825 726 725 
 726 825 826 
 826 824 726 
 727 827 731 
 817 827 727 
 728 729 828 
 825 728 828 
 729 730 829 
 828 729 829 
 731 830 730 
 829 730 830 
 827 830 731 
 740 732 831 
 732 733 832 
 832 831 732 
 833 733 734 
 833 832 733 
 834 734 735 
 734 834 833 
 736 835 735 
 834 735 835 
 824 836 736 
 835 736 836 
 739 837 738 
 738 838 737 
 749 737 838 
 837 838 738 
 839 749 838 
 741 840 739 
 837 739 840 
 740 841 741 
 840 741 841 
 831 841 740 
 842 837 840 
 843 841 831 
 742 844 754 
 744 844 742 
 745 845 743 
 744 743 845 
 744 845 844 
 746 846 745 
 846 845 745 
 747 847 746 
 846 746 847 
 750 847 747 
 749 848 748 
 750 748 848 
 839 848 749 
 750 849 847 
 750 848 849 
 751 850 752 
 754 850 751 
 752 851 753 
 850 851 752 
 851 852 753 
 754 853 850 
 844 853 754 
 756 854 755 
 773 755 854 
 774 773 854 
 854 756 855 
 757 855 756 
 855 757 856 
 758 856 757 
 857 759 760 
 856 758 857 
 759 857 758 
 858 760 762 
 760 858 857 
 770 859 761 
 763 761 859 
 860 762 764 
 762 860 858 
 763 861 765 
 763 859 861 
 862 764 767 
 764 862 860 
 863 766 765 
 861 863 765 
 864 767 766 
 863 864 766 
 767 864 862 
 770 865 859 
 768 866 771 
 768 769 867 
 866 768 867 
 868 865 770 
 771 868 770 
 869 771 866 
 869 868 771 
 774 854 870 
 772 773 872 
 778 772 872 
 874 774 870 
 874 870 873 
 774 875 773 
 872 773 875 
 874 875 774 
 876 778 872 
 877 775 776 
 785 775 877 
 878 877 776 
 879 776 777 
 878 776 879 
 880 879 777 
 882 778 876 
 881 882 876 
 883 777 779 
 880 777 883 
 883 779 884 
 884 778 882 
 779 778 884 
 780 885 793 
 780 781 885 
 781 886 885 
 781 782 886 
 886 782 887 
 783 887 782 
 887 783 888 
 784 888 783 
 784 889 888 
 784 785 889 
 889 785 890 
 877 890 785 
 795 786 891 
 787 891 786 
 891 787 892 
 892 787 788 
 788 893 892 
 789 893 788 
 789 894 893 
 789 790 894 
 895 894 790 
 790 791 895 
 896 895 791 
 791 792 896 
 896 792 897 
 793 897 792 
 897 793 898 
 885 898 793 
 899 806 794 
 794 795 899 
 900 899 795 
 891 900 795 
 901 796 807 
 796 901 800 
 902 804 797 
 797 798 902 
 903 902 798 
 798 799 903 
 904 903 799 
 799 801 904 
 905 800 901 
 800 905 802 
 905 906 802 
 906 904 801 
 802 906 801 
 805 803 907 
 804 907 803 
 907 804 908 
 902 908 804 
 907 909 805 
 909 823 805 
 806 899 910 
 910 911 806 
 812 806 911 
 807 912 901 
 912 807 913 
 815 913 807 
 816 808 914 
 809 914 808 
 914 809 915 
 809 810 915 
 915 810 916 
 811 916 810 
 916 811 917 
 814 917 811 
 911 918 812 
 812 918 813 
 919 813 918 
 917 814 919 
 813 919 814 
 913 815 920 
 816 920 815 
 920 816 921 
 914 921 816 
 827 817 922 
 817 818 923 
 923 922 817 
 818 819 924 
 924 923 818 
 925 819 820 
 819 925 924 
 821 926 820 
 820 926 925 
 822 927 821 
 926 821 927 
 823 928 822 
 927 822 928 
 823 909 929 
 929 928 823 
 826 930 824 
 930 836 824 
 828 931 825 
 826 825 931 
 932 826 931 
 932 930 826 
 827 933 830 
 922 933 827 
 829 934 828 
 931 828 934 
 830 935 829 
 934 829 935 
 933 935 830 
 922 936 933 
 831 832 937 
 843 831 937 
 938 832 833 
 938 937 832 
 833 834 939 
 938 833 939 
 940 834 835 
 940 939 834 
 836 941 835 
 940 835 941 
 942 836 930 
 942 941 836 
 837 943 838 
 839 838 943 
 842 943 837 
 839 944 848 
 839 943 944 
 841 945 840 
 842 840 945 
 843 945 841 
 842 946 943 
 842 945 946 
 843 947 945 
 843 937 947 
 948 947 937 
 844 949 853 
 844 845 949 
 845 950 949 
 846 847 950 
 846 950 845 
 951 950 847 
 849 951 847 
 944 952 848 
 849 952 951 
 849 848 952 
 850 954 851 
 853 954 850 
 955 953 852 
 851 955 852 
 954 955 851 
 853 956 954 
 853 949 956 
 855 958 854 
 870 854 958 
 871 870 958 
 958 855 959 
 856 959 855 
 959 856 960 
 857 960 856 
 960 857 858 
 858 961 960 
 961 858 860 
 859 865 962 
 962 861 859 
 860 963 961 
 963 860 862 
 861 962 964 
 861 964 863 
 862 965 963 
 965 862 864 
 964 966 863 
 966 965 864 
 864 863 966 
 865 967 962 
 865 968 967 
 868 968 865 
 969 869 866 
 866 867 970 
 969 866 970 
 971 968 868 
 869 971 868 
 972 971 869 
 972 869 969 
 871 958 973 
 871 975 870 
 873 870 975 
 976 975 871 
 976 871 973 
 977 872 875 
 876 872 977 
 979 873 975 
 978 979 975 
 980 873 979 
 874 981 875 
 981 874 873 
 980 981 873 
 982 977 875 
 982 875 981 
 983 876 977 
 881 876 983 
 983 977 984 
 890 877 985 
 878 985 877 
 878 986 985 
 878 879 986 
 987 986 879 
 880 987 879 
 880 988 987 
 880 883 988 
 881 983 989 
 881 989 990 
 881 990 882 
 990 991 882 
 882 991 884 
 992 884 991 
 988 883 992 
 883 884 992 
 885 993 898 
 885 886 993 
 994 993 886 
 886 887 994 
 995 994 887 
 888 995 887 
 995 888 996 
 996 888 889 
 985 997 890 
 998 890 997 
 998 996 889 
 889 890 998 
 900 891 999 
 892 999 891 
 999 892 1000 
 1000 892 893 
 893 1001 1000 
 893 894 1001 
 1002 1001 894 
 894 895 1002 
 1003 1002 895 
 895 896 1003 
 1004 1003 896 
 897 1004 896 
 1004 897 1005 
 1005 897 898 
 898 1006 1005 
 898 993 1006 
 1007 910 899 
 899 900 1007 
 1008 1007 900 
 999 1008 900 
 1007 1009 910 
 901 1010 905 
 1010 901 912 
 908 902 1011 
 903 1011 902 
 1011 903 1012 
 904 1012 903 
 1012 904 1013 
 906 1013 904 
 1013 906 1014 
 905 1014 906 
 1014 905 1010 
 907 908 1015 
 1015 909 907 
 908 1011 1016 
 1016 1015 908 
 909 1015 1017 
 1017 929 909 
 911 1018 918 
 1018 911 1019 
 910 1019 911 
 1019 910 1009 
 912 1020 1010 
 913 1021 912 
 1020 912 1021 
 920 1022 913 
 1021 913 1022 
 921 914 1023 
 915 1023 914 
 1023 915 1024 
 916 1024 915 
 1024 916 1025 
 917 1025 916 
 1025 917 1026 
 919 1026 917 
 1026 919 1027 
 918 1027 919 
 1027 918 1018 
 920 921 1028 
 1022 920 1028 
 921 1023 1029 
 1029 1028 921 
 922 923 1030 
 936 922 1030 
 923 924 1031 
 1031 1030 923 
 1032 924 925 
 924 1032 1031 
 1033 925 926 
 925 1033 1032 
 927 1034 926 
 1033 926 1034 
 928 1035 927 
 1034 927 1035 
 929 1036 928 
 1035 928 1036 
 929 1017 1037 
 1037 1036 929 
 930 932 1038 
 942 930 1038 
 934 1039 931 
 931 1039 932 
 1040 932 1039 
 1040 1038 932 
 935 933 1041 
 936 1041 933 
 934 935 1042 
 1039 934 1042 
 1041 1042 935 
 1043 1041 936 
 1030 1044 936 
 1043 936 1044 
 938 1045 937 
 938 939 1045 
 948 937 1045 
 940 1046 939 
 940 941 1046 
 939 1046 1045 
 1047 1046 941 
 942 1048 941 
 942 1038 1048 
 1047 941 1048 
 944 1049 952 
 946 1049 943 
 944 943 1049 
 946 1050 1049 
 946 945 1050 
 947 1050 945 
 947 1051 1050 
 948 1051 947 
 948 1052 1051 
 948 1045 1052 
 956 949 1053 
 949 950 1053 
 951 1054 950 
 1054 1053 950 
 1054 951 1055 
 952 1055 951 
 1049 1056 952 
 1055 952 1056 
 953 1057 957 
 955 1057 953 
 1057 955 1058 
 954 1058 955 
 956 1058 954 
 1058 956 1059 
 1053 1059 956 
 1060 957 1057 
 1060 1061 957 
 959 1062 958 
 973 958 1062 
 974 973 1062 
 1062 959 1063 
 960 1063 959 
 1063 960 961 
 961 1064 1063 
 1064 961 963 
 962 967 1065 
 962 1065 964 
 963 1066 1064 
 1066 963 965 
 964 1065 1067 
 1067 966 964 
 966 1067 1068 
 965 1068 1066 
 1068 965 966 
 967 1069 1065 
 974 1062 1070 
 1071 1069 1072 
 967 1073 1069 
 968 1073 967 
 1072 1069 1073 
 968 1074 1073 
 971 1074 968 
 1075 972 969 
 969 970 1076 
 1075 969 1076 
 971 1077 1074 
 972 1077 971 
 972 1078 1077 
 1075 1078 972 
 976 973 1079 
 974 1080 973 
 1079 973 1080 
 1081 1080 974 
 1081 974 1070 
 1081 1070 1082 
 976 1083 975 
 978 975 1083 
 976 1079 1083 
 1084 1083 1079 
 1085 978 1083 
 1086 977 982 
 984 977 1086 
 1087 979 978 
 978 1085 1087 
 1088 979 1087 
 1089 980 979 
 1088 1089 979 
 1090 980 1089 
 1091 981 980 
 1090 1091 980 
 982 1092 1086 
 1092 981 1091 
 982 981 1092 
 989 983 1093 
 984 1093 983 
 984 1094 1093 
 984 1086 1094 
 997 985 1095 
 1095 985 986 
 986 1096 1095 
 986 987 1096 
 1096 987 1097 
 987 988 1097 
 1098 1097 988 
 988 992 1098 
 1093 1099 989 
 1100 989 1099 
 989 1100 990 
 1101 990 1100 
 990 1101 991 
 1102 991 1101 
 1098 992 1102 
 991 1102 992 
 1103 1006 993 
 993 994 1103 
 1104 1103 994 
 994 995 1104 
 1104 995 1105 
 996 1105 995 
 1095 1106 997 
 1105 996 1107 
 998 1107 996 
 1108 997 1106 
 1107 998 1108 
 997 1108 998 
 1109 1008 999 
 1000 1109 999 
 1110 1109 1000 
 1000 1001 1110 
 1111 1110 1001 
 1001 1002 1111 
 1112 1111 1002 
 1002 1003 1112 
 1113 1112 1003 
 1003 1004 1113 
 1114 1113 1004 
 1004 1005 1114 
 1115 1114 1005 
 1115 1005 1006 
 1116 1115 1006 
 1006 1103 1116 
 1019 1009 1117 
 1009 1007 1118 
 1008 1118 1007 
 1118 1008 1119 
 1109 1119 1008 
 1009 1118 1120 
 1120 1117 1009 
 1010 1121 1014 
 1121 1010 1020 
 1011 1012 1122 
 1122 1016 1011 
 1012 1013 1123 
 1123 1122 1012 
 1014 1124 1013 
 1123 1013 1124 
 1124 1014 1121 
 1015 1016 1125 
 1125 1017 1015 
 1016 1122 1126 
 1126 1125 1016 
 1127 1017 1125 
 1127 1037 1017 
 1018 1128 1027 
 1018 1019 1129 
 1129 1128 1018 
 1117 1129 1019 
 1020 1130 1121 
 1021 1131 1020 
 1130 1020 1131 
 1022 1132 1021 
 1131 1021 1132 
 1028 1133 1022 
 1132 1022 1133 
 1023 1024 1134 
 1134 1029 1023 
 1024 1025 1135 
 1135 1134 1024 
 1025 1026 1136 
 1136 1135 1025 
 1026 1027 1137 
 1137 1136 1026 
 1128 1137 1027 
 1028 1029 1138 
 1133 1028 1138 
 1029 1134 1139 
 1139 1138 1029 
 1031 1140 1030 
 1044 1030 1140 
 1141 1031 1032 
 1141 1140 1031 
 1032 1033 1142 
 1141 1032 1142 
 1143 1033 1034 
 1143 1142 1033 
 1035 1144 1034 
 1143 1034 1144 
 1035 1036 1145 
 1144 1035 1145 
 1037 1146 1036 
 1146 1145 1036 
 1147 1037 1127 
 1147 1146 1037 
 1040 1148 1038 
 1038 1148 1048 
 1042 1149 1039 
 1040 1039 1149 
 1040 1149 1148 
 1041 1150 1042 
 1042 1150 1149 
 1043 1150 1041 
 1043 1151 1150 
 1043 1044 1151 
 1140 1152 1044 
 1044 1152 1151 
 1052 1045 1153 
 1046 1153 1045 
 1154 1153 1046 
 1047 1154 1046 
 1047 1155 1154 
 1047 1048 1155 
 1155 1048 1156 
 1148 1156 1048 
 1056 1049 1157 
 1050 1157 1049 
 1051 1158 1050 
 1158 1157 1050 
 1158 1051 1159 
 1052 1159 1051 
 1153 1160 1052 
 1159 1052 1160 
 1059 1053 1161 
 1054 1161 1053 
 1162 1054 1055 
 1162 1161 1054 
 1162 1055 1163 
 1056 1163 1055 
 1157 1164 1056 
 1164 1163 1056 
 1060 1057 1165 
 1059 1165 1058 
 1058 1165 1057 
 1059 1166 1165 
 1161 1166 1059 
 1060 1167 1061 
 1060 1165 1167 
 1168 1061 1167 
 1168 1169 1061 
 1063 1170 1062 
 1170 1063 1064 
 1070 1062 1170 
 1171 1070 1170 
 1064 1172 1170 
 1172 1064 1066 
 1065 1069 1173 
 1065 1173 1067 
 1066 1174 1172 
 1174 1066 1068 
 1067 1173 1175 
 1068 1175 1174 
 1175 1068 1067 
 1176 1173 1069 
 1071 1176 1069 
 1171 1177 1070 
 1082 1070 1177 
 1071 1179 1176 
 1180 1179 1071 
 1071 1072 1180 
 1072 1073 1181 
 1181 1182 1072 
 1180 1072 1182 
 1183 1073 1074 
 1181 1073 1183 
 1077 1184 1074 
 1183 1074 1184 
 1075 1076 1186 
 1075 1186 1078 
 1185 1078 1186 
 1078 1187 1077 
 1187 1184 1077 
 1185 1187 1078 
 1188 1079 1080 
 1188 1084 1079 
 1188 1080 1189 
 1081 1190 1080 
 1189 1080 1190 
 1081 1082 1190 
 1191 1190 1082 
 1193 1082 1177 
 1191 1082 1193 
 1192 1193 1177 
 1194 1083 1084 
 1194 1085 1083 
 1195 1194 1084 
 1196 1195 1084 
 1197 1084 1188 
 1196 1084 1197 
 1085 1194 1198 
 1198 1199 1085 
 1199 1087 1085 
 1094 1086 1200 
 1086 1092 1200 
 1201 1087 1199 
 1088 1087 1201 
 1088 1201 1202 
 1088 1202 1089 
 1203 1089 1202 
 1090 1089 1203 
 1090 1203 1204 
 1090 1204 1091 
 1204 1205 1091 
 1205 1200 1092 
 1092 1091 1205 
 1093 1206 1099 
 1206 1093 1094 
 1207 1206 1094 
 1094 1200 1207 
 1106 1095 1208 
 1096 1208 1095 
 1208 1096 1209 
 1096 1097 1209 
 1209 1097 1210 
 1097 1098 1210 
 1211 1099 1206 
 1210 1098 1212 
 1098 1102 1212 
 1099 1211 1213 
 1099 1213 1100 
 1214 1100 1213 
 1100 1214 1101 
 1215 1101 1214 
 1212 1102 1215 
 1101 1215 1102 
 1208 1216 1106 
 1217 1116 1103 
 1103 1104 1217 
 1218 1217 1104 
 1104 1105 1218 
 1218 1105 1219 
 1107 1219 1105 
 1220 1106 1216 
 1106 1220 1108 
 1221 1108 1220 
 1219 1107 1221 
 1108 1221 1107 
 1119 1109 1222 
 1110 1222 1109 
 1222 1110 1223 
 1111 1223 1110 
 1223 1111 1224 
 1112 1224 1111 
 1224 1112 1225 
 1113 1225 1112 
 1225 1113 1226 
 1114 1226 1113 
 1226 1114 1227 
 1115 1227 1114 
 1227 1115 1228 
 1116 1228 1115 
 1228 1116 1229 
 1217 1229 1116 
 1129 1117 1230 
 1117 1120 1231 
 1231 1230 1117 
 1119 1232 1118 
 1120 1118 1232 
 1222 1233 1119 
 1232 1119 1233 
 1234 1120 1232 
 1234 1231 1120 
 1121 1235 1124 
 1235 1121 1130 
 1122 1123 1236 
 1236 1126 1122 
 1124 1237 1123 
 1236 1123 1237 
 1237 1124 1235 
 1125 1126 1238 
 1127 1125 1238 
 1126 1236 1239 
 1239 1238 1126 
 1127 1238 1240 
 1147 1127 1240 
 1128 1241 1137 
 1128 1129 1242 
 1242 1241 1128 
 1242 1129 1230 
 1130 1243 1235 
 1131 1244 1130 
 1243 1130 1244 
 1245 1131 1132 
 1245 1244 1131 
 1133 1246 1132 
 1245 1132 1246 
 1138 1247 1133 
 1246 1133 1247 
 1134 1135 1248 
 1248 1139 1134 
 1135 1136 1249 
 1249 1248 1135 
 1136 1137 1250 
 1250 1249 1136 
 1241 1250 1137 
 1138 1139 1251 
 1251 1247 1138 
 1139 1248 1252 
 1252 1251 1139 
 1141 1253 1140 
 1141 1142 1253 
 1152 1140 1253 
 1143 1254 1142 
 1143 1144 1254 
 1142 1254 1253 
 1145 1255 1144 
 1144 1255 1254 
 1146 1256 1145 
 1145 1256 1255 
 1147 1257 1146 
 1147 1240 1257 
 1146 1257 1256 
 1148 1258 1156 
 1149 1150 1258 
 1148 1149 1258 
 1259 1258 1150 
 1151 1259 1150 
 1259 1151 1260 
 1152 1260 1151 
 1260 1152 1261 
 1253 1261 1152 
 1153 1262 1160 
 1154 1262 1153 
 1154 1155 1262 
 1155 1263 1262 
 1155 1156 1263 
 1156 1258 1264 
 1156 1264 1263 
 1164 1157 1265 
 1158 1265 1157 
 1266 1158 1159 
 1266 1265 1158 
 1266 1159 1267 
 1159 1160 1267 
 1160 1262 1268 
 1268 1267 1160 
 1161 1269 1166 
 1163 1269 1162 
 1162 1269 1161 
 1163 1270 1269 
 1265 1270 1164 
 1164 1270 1163 
 1165 1271 1167 
 1166 1271 1165 
 1166 1272 1271 
 1166 1269 1272 
 1271 1273 1167 
 1168 1167 1273 
 1168 1274 1169 
 1168 1273 1274 
 1274 1275 1169 
 1276 1177 1171 
 1277 1170 1172 
 1171 1170 1277 
 1171 1277 1276 
 1278 1277 1172 
 1279 1172 1174 
 1278 1172 1279 
 1280 1279 1174 
 1281 1173 1176 
 1282 1175 1173 
 1282 1173 1281 
 1283 1174 1175 
 1280 1174 1283 
 1284 1283 1175 
 1284 1175 1282 
 1281 1176 1285 
 1179 1285 1176 
 1178 1285 1179 
 1276 1286 1177 
 1192 1177 1286 
 1178 1287 1285 
 1178 1179 1288 
 1178 1288 1287 
 1289 1179 1180 
 1288 1179 1289 
 1289 1180 1290 
 1182 1290 1180 
 1182 1181 1291 
 1181 1183 1291 
 1291 1292 1182 
 1290 1182 1292 
 1184 1293 1183 
 1291 1183 1293 
 1294 1293 1184 
 1295 1184 1187 
 1295 1294 1184 
 1296 1187 1185 
 1185 1186 1297 
 1185 1297 1296 
 1295 1187 1298 
 1296 1298 1187 
 1299 1188 1189 
 1197 1188 1299 
 1300 1299 1189 
 1300 1189 1301 
 1301 1189 1190 
 1302 1190 1191 
 1301 1190 1302 
 1303 1302 1191 
 1192 1286 1304 
 1305 1191 1193 
 1303 1191 1305 
 1192 1306 1193 
 1306 1192 1304 
 1307 1305 1193 
 1307 1193 1306 
 1308 1198 1194 
 1195 1308 1194 
 1195 1309 1308 
 1195 1196 1309 
 1196 1310 1309 
 1196 1197 1310 
 1310 1197 1311 
 1299 1311 1197 
 1308 1312 1198 
 1312 1313 1198 
 1199 1198 1313 
 1313 1314 1199 
 1201 1199 1314 
 1315 1207 1200 
 1200 1205 1315 
 1314 1316 1201 
 1202 1201 1316 
 1317 1202 1316 
 1202 1317 1203 
 1317 1318 1203 
 1318 1204 1203 
 1319 1204 1318 
 1315 1205 1319 
 1204 1319 1205 
 1320 1211 1206 
 1206 1207 1320 
 1321 1320 1207 
 1207 1315 1321 
 1216 1208 1322 
 1209 1322 1208 
 1322 1323 1216 
 1322 1209 1324 
 1209 1210 1324 
 1324 1210 1325 
 1210 1212 1325 
 1326 1211 1320 
 1211 1326 1327 
 1327 1213 1211 
 1325 1212 1328 
 1215 1328 1212 
 1329 1213 1327 
 1213 1329 1214 
 1330 1214 1329 
 1328 1215 1330 
 1214 1330 1215 
 1216 1331 1220 
 1331 1216 1323 
 1229 1217 1332 
 1218 1332 1217 
 1332 1218 1333 
 1219 1333 1218 
 1333 1219 1334 
 1221 1334 1219 
 1334 1221 1335 
 1220 1335 1221 
 1335 1220 1331 
 1223 1336 1222 
 1233 1222 1336 
 1223 1224 1337 
 1336 1223 1337 
 1224 1225 1338 
 1337 1224 1338 
 1225 1226 1339 
 1338 1225 1339 
 1226 1227 1340 
 1340 1339 1226 
 1228 1341 1227 
 1341 1340 1227 
 1332 1342 1229 
 1229 1343 1228 
 1343 1341 1228 
 1342 1343 1229 
 1230 1344 1242 
 1230 1231 1345 
 1344 1230 1345 
 1231 1234 1346 
 1346 1345 1231 
 1233 1347 1232 
 1232 1347 1234 
 1336 1348 1233 
 1347 1233 1348 
 1349 1234 1347 
 1349 1346 1234 
 1237 1235 1350 
 1235 1243 1350 
 1237 1351 1236 
 1236 1351 1239 
 1351 1237 1350 
 1238 1239 1352 
 1240 1238 1352 
 1353 1239 1351 
 1353 1352 1239 
 1354 1350 1243 
 1240 1352 1355 
 1240 1355 1257 
 1241 1356 1250 
 1241 1242 1357 
 1357 1356 1241 
 1344 1357 1242 
 1243 1244 1358 
 1354 1243 1358 
 1244 1245 1359 
 1359 1358 1244 
 1360 1245 1246 
 1360 1359 1245 
 1247 1361 1246 
 1360 1246 1361 
 1247 1251 1362 
 1362 1361 1247 
 1248 1249 1363 
 1252 1248 1363 
 1249 1250 1364 
 1364 1363 1249 
 1250 1356 1364 
 1365 1364 1356 
 1251 1252 1366 
 1366 1362 1251 
 1367 1252 1363 
 1367 1366 1252 
 1261 1253 1368 
 1254 1368 1253 
 1368 1254 1369 
 1255 1369 1254 
 1255 1370 1369 
 1256 1370 1255 
 1256 1371 1370 
 1257 1371 1256 
 1257 1355 1371 
 1264 1258 1372 
 1259 1372 1258 
 1260 1373 1259 
 1372 1259 1373 
 1373 1260 1374 
 1261 1374 1260 
 1368 1375 1261 
 1374 1261 1375 
 1268 1262 1376 
 1263 1376 1262 
 1376 1263 1377 
 1264 1377 1263 
 1378 1264 1372 
 1378 1377 1264 
 1265 1379 1270 
 1267 1379 1266 
 1266 1379 1265 
 1267 1380 1379 
 1268 1376 1380 
 1268 1380 1267 
 1272 1269 1381 
 1270 1381 1269 
 1381 1270 1382 
 1379 1382 1270 
 1383 1271 1272 
 1271 1383 1273 
 1384 1272 1381 
 1383 1272 1384 
 1385 1273 1383 
 1274 1273 1386 
 1385 1386 1273 
 1275 1274 1387 
 1386 1387 1274 
 1387 1388 1275 
 1276 1277 1390 
 1286 1276 1390 
 1389 1286 1390 
 1278 1391 1277 
 1390 1277 1391 
 1392 1391 1278 
 1392 1278 1279 
 1392 1279 1393 
 1280 1394 1279 
 1393 1279 1394 
 1395 1394 1280 
 1280 1283 1395 
 1281 1396 1282 
 1396 1281 1285 
 1395 1283 1398 
 1284 1282 1399 
 1399 1282 1396 
 1397 1399 1396 
 1284 1400 1283 
 1398 1283 1400 
 1400 1284 1399 
 1401 1396 1285 
 1287 1401 1285 
 1402 1286 1389 
 1304 1286 1402 
 1403 1402 1389 
 1404 1401 1287 
 1404 1287 1405 
 1287 1288 1405 
 1288 1289 1406 
 1405 1288 1406 
 1290 1407 1289 
 1406 1289 1407 
 1408 1407 1290 
 1408 1290 1292 
 1409 1408 1292 
 1292 1291 1410 
 1293 1410 1291 
 1411 1292 1410 
 1409 1292 1411 
 1294 1412 1293 
 1412 1410 1293 
 1295 1298 1413 
 1294 1413 1412 
 1294 1295 1413 
 1414 1412 1413 
 1298 1296 1415 
 1297 1416 1296 
 1415 1296 1416 
 1415 1417 1298 
 1417 1413 1298 
 1311 1299 1418 
 1300 1418 1299 
 1300 1419 1418 
 1300 1301 1419 
 1419 1301 1420 
 1420 1301 1302 
 1421 1420 1302 
 1303 1421 1302 
 1303 1422 1421 
 1303 1305 1422 
 1423 1304 1402 
 1424 1304 1423 
 1306 1304 1424 
 1425 1422 1305 
 1307 1425 1305 
 1426 1306 1424 
 1307 1426 1425 
 1307 1306 1426 
 1312 1308 1427 
 1309 1427 1308 
 1309 1428 1427 
 1309 1310 1428 
 1429 1428 1310 
 1310 1311 1429 
 1430 1429 1311 
 1418 1430 1311 
 1431 1312 1427 
 1432 1312 1431 
 1312 1432 1313 
 1432 1433 1313 
 1314 1313 1433 
 1433 1434 1314 
 1316 1314 1434 
 1435 1321 1315 
 1319 1435 1315 
 1434 1436 1316 
 1317 1316 1436 
 1436 1437 1317 
 1318 1317 1437 
 1437 1438 1318 
 1438 1435 1319 
 1318 1438 1319 
 1439 1326 1320 
 1320 1321 1439 
 1440 1439 1321 
 1321 1435 1440 
 1439 1441 1326 
 1331 1323 1442 
 1323 1322 1443 
 1324 1443 1322 
 1323 1443 1444 
 1444 1442 1323 
 1443 1324 1445 
 1325 1445 1324 
 1445 1325 1446 
 1328 1446 1325 
 1326 1447 1327 
 1447 1326 1441 
 1327 1448 1329 
 1448 1327 1447 
 1446 1328 1449 
 1330 1449 1328 
 1449 1330 1450 
 1329 1450 1330 
 1450 1329 1448 
 1335 1331 1451 
 1442 1451 1331 
 1332 1333 1452 
 1452 1342 1332 
 1333 1334 1453 
 1453 1452 1333 
 1334 1335 1454 
 1454 1453 1334 
 1451 1454 1335 
 1452 1455 1342 
 1337 1456 1336 
 1348 1336 1456 
 1337 1338 1457 
 1456 1337 1457 
 1338 1339 1458 
 1457 1338 1458 
 1339 1340 1459 
 1458 1339 1459 
 1340 1341 1460 
 1460 1459 1340 
 1343 1461 1341 
 1461 1460 1341 
 1342 1462 1343 
 1462 1461 1343 
 1455 1462 1342 
 1463 1357 1344 
 1344 1345 1464 
 1463 1344 1464 
 1345 1346 1465 
 1464 1345 1465 
 1346 1349 1466 
 1466 1465 1346 
 1348 1456 1467 
 1348 1468 1347 
 1349 1347 1468 
 1468 1348 1467 
 1469 1349 1468 
 1469 1466 1349 
 1350 1470 1351 
 1353 1351 1470 
 1354 1470 1350 
 1353 1471 1352 
 1353 1470 1471 
 1352 1471 1355 
 1354 1472 1470 
 1354 1358 1472 
 1355 1473 1371 
 1355 1471 1473 
 1357 1474 1356 
 1365 1356 1474 
 1463 1474 1357 
 1359 1475 1358 
 1358 1475 1472 
 1360 1476 1359 
 1360 1361 1476 
 1359 1476 1475 
 1361 1362 1477 
 1361 1477 1476 
 1478 1362 1366 
 1478 1477 1362 
 1365 1474 1479 
 1363 1364 1480 
 1367 1363 1480 
 1365 1480 1364 
 1479 1480 1365 
 1367 1481 1366 
 1367 1480 1481 
 1478 1366 1481 
 1375 1368 1482 
 1369 1482 1368 
 1370 1483 1369 
 1482 1369 1483 
 1483 1370 1484 
 1371 1484 1370 
 1473 1485 1371 
 1484 1371 1485 
 1378 1372 1486 
 1373 1486 1372 
 1487 1373 1374 
 1487 1486 1373 
 1487 1374 1488 
 1374 1375 1488 
 1489 1375 1482 
 1489 1488 1375 
 1376 1490 1380 
 1377 1490 1376 
 1377 1491 1490 
 1486 1491 1378 
 1378 1491 1377 
 1382 1379 1492 
 1380 1492 1379 
 1492 1380 1493 
 1490 1493 1380 
 1494 1381 1382 
 1381 1494 1384 
 1495 1382 1492 
 1382 1495 1494 
 1496 1383 1384 
 1385 1383 1496 
 1497 1384 1494 
 1496 1384 1497 
 1385 1496 1498 
 1385 1498 1386 
 1387 1386 1499 
 1498 1499 1386 
 1388 1387 1500 
 1499 1500 1387 
 1500 1501 1388 
 1403 1389 1502 
 1503 1390 1391 
 1389 1390 1503 
 1502 1389 1503 
 1504 1503 1391 
 1392 1505 1391 
 1504 1391 1505 
 1392 1393 1505 
 1393 1394 1507 
 1506 1507 1394 
 1508 1393 1507 
 1508 1505 1393 
 1395 1509 1394 
 1506 1394 1509 
 1395 1398 1509 
 1510 1509 1398 
 1511 1396 1401 
 1397 1396 1511 
 1397 1512 1399 
 1397 1511 1512 
 1398 1400 1513 
 1510 1398 1513 
 1514 1400 1399 
 1514 1399 1512 
 1515 1513 1400 
 1515 1400 1514 
 1404 1516 1401 
 1517 1511 1401 
 1516 1517 1401 
 1518 1511 1517 
 1519 1423 1402 
 1403 1519 1402 
 1403 1520 1519 
 1403 1502 1520 
 1404 1521 1516 
 1404 1405 1521 
 1522 1521 1405 
 1523 1405 1406 
 1522 1405 1523 
 1524 1523 1406 
 1524 1406 1525 
 1525 1406 1407 
 1526 1525 1407 
 1527 1407 1408 
 1526 1407 1527 
 1527 1408 1528 
 1409 1528 1408 
 1409 1529 1528 
 1529 1409 1411 
 1530 1529 1411 
 1531 1411 1410 
 1532 1410 1412 
 1531 1410 1532 
 1533 1411 1531 
 1530 1411 1533 
 1532 1412 1534 
 1534 1412 1414 
 1535 1534 1414 
 1536 1413 1417 
 1414 1413 1536 
 1537 1414 1536 
 1535 1414 1537 
 1417 1415 1538 
 1415 1416 1539 
 1538 1415 1539 
 1540 1417 1538 
 1536 1417 1540 
 1430 1418 1541 
 1541 1418 1419 
 1541 1419 1542 
 1419 1420 1542 
 1542 1420 1543 
 1421 1543 1420 
 1543 1421 1544 
 1422 1544 1421 
 1422 1545 1544 
 1422 1425 1545 
 1519 1546 1423 
 1547 1423 1546 
 1423 1547 1424 
 1548 1424 1547 
 1426 1424 1548 
 1548 1549 1426 
 1549 1545 1425 
 1425 1426 1549 
 1427 1550 1431 
 1427 1428 1550 
 1551 1550 1428 
 1428 1429 1551 
 1552 1551 1429 
 1429 1430 1552 
 1552 1430 1553 
 1541 1553 1430 
 1432 1431 1554 
 1555 1554 1431 
 1555 1431 1550 
 1554 1556 1432 
 1433 1432 1556 
 1556 1557 1433 
 1434 1433 1557 
 1557 1558 1434 
 1436 1434 1558 
 1559 1440 1435 
 1435 1438 1559 
 1558 1560 1436 
 1437 1436 1560 
 1560 1561 1437 
 1561 1559 1438 
 1438 1437 1561 
 1441 1439 1562 
 1440 1562 1439 
 1562 1440 1563 
 1559 1563 1440 
 1441 1564 1447 
 1562 1565 1441 
 1564 1441 1565 
 1451 1442 1566 
 1442 1444 1567 
 1566 1442 1567 
 1443 1445 1568 
 1444 1443 1568 
 1568 1569 1444 
 1567 1444 1569 
 1446 1570 1445 
 1568 1445 1570 
 1449 1571 1446 
 1570 1446 1571 
 1447 1572 1448 
 1572 1447 1564 
 1448 1573 1450 
 1573 1448 1572 
 1450 1574 1449 
 1571 1449 1574 
 1574 1450 1573 
 1455 1575 1462 
 1454 1451 1576 
 1566 1576 1451 
 1452 1453 1577 
 1577 1455 1452 
 1453 1454 1578 
 1578 1577 1453 
 1576 1578 1454 
 1455 1577 1579 
 1575 1455 1579 
 1457 1580 1456 
 1580 1467 1456 
 1457 1458 1581 
 1581 1580 1457 
 1582 1467 1580 
 1459 1583 1458 
 1581 1458 1583 
 1584 1581 1583 
 1460 1585 1459 
 1583 1459 1585 
 1460 1461 1586 
 1586 1585 1460 
 1462 1587 1461 
 1587 1586 1461 
 1575 1587 1462 
 1463 1588 1474 
 1463 1464 1588 
 1465 1589 1464 
 1464 1589 1588 
 1466 1590 1465 
 1465 1590 1589 
 1469 1591 1466 
 1591 1590 1466 
 1468 1467 1592 
 1469 1468 1592 
 1582 1592 1467 
 1469 1592 1591 
 1471 1593 1473 
 1472 1593 1470 
 1471 1470 1593 
 1594 1472 1475 
 1594 1595 1472 
 1595 1593 1472 
 1473 1596 1485 
 1473 1593 1596 
 1588 1597 1474 
 1479 1474 1597 
 1594 1475 1598 
 1598 1475 1476 
 1476 1599 1598 
 1477 1599 1476 
 1477 1600 1599 
 1478 1600 1477 
 1478 1481 1600 
 1479 1601 1480 
 1479 1597 1601 
 1601 1602 1480 
 1481 1602 1600 
 1481 1480 1602 
 1489 1482 1603 
 1482 1483 1603 
 1604 1483 1484 
 1604 1603 1483 
 1604 1484 1605 
 1484 1485 1605 
 1606 1485 1596 
 1606 1605 1485 
 1486 1607 1491 
 1488 1607 1487 
 1487 1607 1486 
 1488 1608 1607 
 1603 1608 1489 
 1489 1608 1488 
 1493 1490 1609 
 1491 1609 1490 
 1609 1491 1610 
 1607 1610 1491 
 1611 1492 1493 
 1492 1611 1495 
 1612 1493 1609 
 1493 1612 1611 
 1613 1494 1495 
 1497 1494 1613 
 1614 1495 1611 
 1495 1614 1613 
 1496 1497 1615 
 1498 1496 1615 
 1497 1613 1616 
 1616 1615 1497 
 1499 1498 1617 
 1615 1617 1498 
 1500 1499 1618 
 1617 1618 1499 
 1500 1619 1501 
 1618 1619 1500 
 1620 1501 1619 
 1622 1502 1503 
 1520 1502 1623 
 1622 1623 1502 
 1504 1624 1503 
 1622 1503 1624 
 1624 1504 1625 
 1504 1505 1625 
 1626 1505 1508 
 1625 1505 1626 
 1506 1509 1627 
 1628 1507 1506 
 1506 1627 1628 
 1629 1507 1628 
 1630 1508 1507 
 1629 1630 1507 
 1631 1626 1508 
 1631 1508 1630 
 1632 1509 1510 
 1632 1627 1509 
 1633 1632 1510 
 1634 1510 1513 
 1634 1633 1510 
 1635 1634 1513 
 1518 1636 1511 
 1636 1512 1511 
 1637 1512 1636 
 1638 1514 1512 
 1637 1638 1512 
 1639 1513 1515 
 1635 1513 1639 
 1638 1640 1514 
 1640 1515 1514 
 1641 1639 1515 
 1641 1515 1640 
 1521 1642 1516 
 1643 1516 1642 
 1516 1643 1517 
 1643 1644 1517 
 1518 1517 1644 
 1518 1644 1645 
 1518 1645 1636 
 1546 1519 1646 
 1646 1519 1520 
 1647 1646 1520 
 1520 1623 1647 
 1648 1642 1521 
 1522 1648 1521 
 1522 1649 1648 
 1522 1523 1649 
 1650 1649 1523 
 1524 1650 1523 
 1524 1651 1650 
 1524 1525 1651 
 1651 1525 1652 
 1526 1652 1525 
 1526 1653 1652 
 1526 1527 1653 
 1654 1653 1527 
 1528 1654 1527 
 1654 1528 1655 
 1529 1655 1528 
 1656 1655 1529 
 1530 1656 1529 
 1530 1657 1656 
 1530 1533 1657 
 1531 1658 1533 
 1531 1532 1658 
 1534 1659 1532 
 1659 1658 1532 
 1657 1533 1660 
 1533 1658 1660 
 1661 1659 1534 
 1535 1661 1534 
 1535 1662 1661 
 1535 1537 1662 
 1662 1537 1663 
 1664 1536 1540 
 1537 1536 1664 
 1663 1537 1664 
 1540 1538 1665 
 1538 1539 1666 
 1665 1538 1666 
 1667 1540 1665 
 1664 1540 1667 
 1553 1541 1668 
 1542 1668 1541 
 1668 1542 1669 
 1543 1669 1542 
 1646 1670 1546 
 1669 1543 1671 
 1544 1671 1543 
 1671 1544 1672 
 1672 1544 1545 
 1545 1673 1672 
 1545 1549 1673 
 1674 1546 1670 
 1546 1674 1547 
 1674 1675 1547 
 1548 1547 1675 
 1675 1676 1548 
 1676 1673 1549 
 1549 1548 1676 
 1554 1677 1556 
 1678 1555 1550 
 1550 1551 1678 
 1679 1678 1551 
 1551 1552 1679 
 1680 1679 1552 
 1553 1680 1552 
 1680 1553 1681 
 1668 1681 1553 
 1677 1554 1682 
 1555 1682 1554 
 1682 1555 1683 
 1678 1683 1555 
 1556 1684 1557 
 1684 1556 1677 
 1557 1685 1558 
 1685 1557 1684 
 1558 1686 1560 
 1686 1558 1685 
 1563 1559 1687 
 1561 1687 1559 
 1687 1561 1688 
 1560 1688 1561 
 1688 1560 1686 
 1562 1563 1689 
 1565 1562 1689 
 1563 1687 1690 
 1690 1689 1563 
 1564 1691 1572 
 1565 1692 1564 
 1691 1564 1692 
 1689 1693 1565 
 1692 1565 1693 
 1694 1576 1566 
 1567 1695 1566 
 1694 1566 1695 
 1569 1696 1567 
 1695 1567 1696 
 1570 1697 1568 
 1569 1568 1697 
 1698 1569 1697 
 1698 1696 1569 
 1571 1699 1570 
 1697 1570 1699 
 1574 1700 1571 
 1699 1571 1700 
 1572 1701 1573 
 1691 1701 1572 
 1573 1702 1574 
 1700 1574 1702 
 1701 1702 1573 
 1703 1587 1575 
 1575 1579 1704 
 1703 1575 1704 
 1578 1576 1705 
 1694 1705 1576 
 1577 1578 1706 
 1579 1577 1706 
 1705 1706 1578 
 1579 1706 1707 
 1707 1704 1579 
 1708 1705 1694 
 1580 1581 1709 
 1582 1580 1709 
 1584 1709 1581 
 1582 1710 1592 
 1582 1709 1710 
 1584 1711 1709 
 1585 1712 1583 
 1584 1583 1712 
 1584 1712 1711 
 1585 1586 1713 
 1713 1712 1585 
 1587 1714 1586 
 1713 1586 1714 
 1703 1714 1587 
 1588 1715 1597 
 1589 1715 1588 
 1589 1716 1715 
 1590 1716 1589 
 1590 1717 1716 
 1591 1717 1590 
 1591 1592 1717 
 1718 1717 1592 
 1710 1718 1592 
 1719 1596 1593 
 1595 1719 1593 
 1594 1598 1720 
 1595 1720 1719 
 1594 1720 1595 
 1606 1596 1721 
 1719 1721 1596 
 1597 1722 1601 
 1597 1715 1722 
 1598 1723 1720 
 1599 1723 1598 
 1599 1724 1723 
 1724 1599 1600 
 1724 1600 1725 
 1600 1602 1725 
 1601 1722 1726 
 1602 1601 1726 
 1726 1725 1602 
 1603 1727 1608 
 1605 1727 1604 
 1604 1727 1603 
 1605 1728 1727 
 1606 1721 1728 
 1606 1728 1605 
 1610 1607 1729 
 1608 1729 1607 
 1729 1608 1730 
 1727 1730 1608 
 1731 1609 1610 
 1609 1731 1612 
 1732 1610 1729 
 1610 1732 1731 
 1733 1611 1612 
 1611 1733 1614 
 1734 1612 1731 
 1612 1734 1733 
 1614 1735 1613 
 1613 1735 1616 
 1736 1614 1733 
 1736 1735 1614 
 1616 1737 1615 
 1617 1615 1737 
 1738 1616 1735 
 1738 1737 1616 
 1618 1617 1739 
 1737 1739 1617 
 1618 1740 1619 
 1739 1740 1618 
 1741 1621 1620 
 1619 1741 1620 
 1741 1619 1740 
 1742 1621 1741 
 1742 1743 1621 
 1622 1744 1623 
 1622 1624 1744 
 1623 1745 1647 
 1623 1744 1745 
 1744 1624 1746 
 1624 1625 1746 
 1747 1746 1625 
 1747 1625 1626 
 1748 1747 1626 
 1631 1748 1626 
 1627 1632 1749 
 1749 1750 1627 
 1750 1628 1627 
 1751 1628 1750 
 1629 1628 1751 
 1629 1751 1752 
 1629 1752 1630 
 1753 1630 1752 
 1631 1753 1748 
 1631 1630 1753 
 1648 1754 1642 
 1755 1749 1632 
 1633 1755 1632 
 1633 1756 1755 
 1633 1634 1756 
 1756 1634 1757 
 1635 1757 1634 
 1635 1758 1757 
 1635 1639 1758 
 1759 1636 1645 
 1637 1636 1759 
 1637 1759 1760 
 1637 1760 1638 
 1761 1638 1760 
 1640 1638 1761 
 1758 1639 1762 
 1641 1762 1639 
 1763 1640 1761 
 1641 1763 1762 
 1641 1640 1763 
 1764 1642 1754 
 1642 1764 1643 
 1765 1643 1764 
 1644 1643 1765 
 1765 1766 1644 
 1644 1766 1645 
 1767 1645 1766 
 1645 1767 1759 
 1768 1670 1646 
 1646 1647 1768 
 1769 1768 1647 
 1647 1745 1769 
 1670 1768 1770 
 1648 1771 1754 
 1771 1648 1649 
 1649 1772 1771 
 1649 1650 1772 
 1772 1650 1773 
 1651 1773 1650 
 1773 1651 1774 
 1652 1774 1651 
 1652 1775 1774 
 1775 1652 1653 
 1776 1775 1653 
 1653 1654 1776 
 1777 1776 1654 
 1655 1777 1654 
 1777 1655 1778 
 1656 1778 1655 
 1778 1656 1779 
 1779 1656 1657 
 1780 1779 1657 
 1657 1660 1780 
 1781 1660 1658 
 1658 1659 1781 
 1782 1781 1659 
 1661 1782 1659 
 1783 1780 1660 
 1660 1781 1783 
 1782 1661 1784 
 1784 1661 1662 
 1785 1784 1662 
 1662 1663 1785 
 1786 1785 1663 
 1667 1787 1664 
 1663 1664 1787 
 1786 1663 1787 
 1667 1665 1788 
 1665 1666 1789 
 1788 1665 1789 
 1790 1667 1788 
 1790 1787 1667 
 1681 1668 1791 
 1669 1791 1668 
 1791 1669 1792 
 1671 1792 1669 
 1770 1793 1670 
 1674 1670 1793 
 1792 1671 1794 
 1672 1794 1671 
 1794 1672 1795 
 1672 1673 1795 
 1795 1673 1796 
 1673 1676 1796 
 1793 1797 1674 
 1675 1674 1797 
 1797 1798 1675 
 1798 1796 1676 
 1676 1675 1798 
 1684 1677 1799 
 1677 1682 1800 
 1800 1799 1677 
 1683 1678 1801 
 1679 1801 1678 
 1801 1679 1802 
 1680 1802 1679 
 1802 1680 1803 
 1681 1803 1680 
 1803 1681 1804 
 1791 1804 1681 
 1682 1683 1805 
 1805 1800 1682 
 1683 1801 1806 
 1806 1805 1683 
 1685 1684 1807 
 1799 1807 1684 
 1686 1685 1808 
 1807 1808 1685 
 1688 1686 1809 
 1808 1809 1686 
 1687 1688 1810 
 1810 1690 1687 
 1809 1810 1688 
 1689 1690 1811 
 1811 1693 1689 
 1690 1810 1812 
 1812 1811 1690 
 1799 1813 1807 
 1691 1814 1701 
 1691 1692 1815 
 1815 1814 1691 
 1693 1816 1692 
 1692 1816 1815 
 1693 1811 1817 
 1816 1693 1817 
 1818 1694 1695 
 1708 1694 1818 
 1696 1819 1695 
 1818 1695 1819 
 1698 1820 1696 
 1819 1696 1820 
 1699 1821 1697 
 1697 1821 1698 
 1822 1698 1821 
 1822 1820 1698 
 1700 1823 1699 
 1821 1699 1823 
 1702 1824 1700 
 1823 1700 1824 
 1701 1825 1702 
 1825 1824 1702 
 1814 1825 1701 
 1703 1826 1714 
 1704 1826 1703 
 1707 1827 1704 
 1704 1827 1826 
 1705 1828 1706 
 1707 1706 1828 
 1708 1828 1705 
 1707 1828 1827 
 1708 1829 1828 
 1708 1818 1829 
 1710 1830 1718 
 1711 1830 1709 
 1710 1709 1830 
 1711 1831 1830 
 1711 1712 1831 
 1831 1712 1832 
 1713 1714 1832 
 1713 1832 1712 
 1714 1833 1832 
 1826 1833 1714 
 1715 1834 1722 
 1716 1834 1715 
 1716 1717 1835 
 1716 1835 1834 
 1836 1835 1717 
 1718 1836 1717 
 1718 1830 1837 
 1836 1718 1837 
 1719 1838 1721 
 1720 1723 1838 
 1720 1838 1719 
 1721 1839 1728 
 1721 1838 1839 
 1834 1840 1722 
 1841 1722 1840 
 1841 1726 1722 
 1723 1842 1838 
 1724 1725 1842 
 1724 1842 1723 
 1725 1843 1842 
 1841 1843 1726 
 1725 1726 1843 
 1730 1727 1844 
 1728 1844 1727 
 1844 1728 1845 
 1839 1845 1728 
 1846 1729 1730 
 1729 1846 1732 
 1847 1730 1844 
 1730 1847 1846 
 1848 1731 1732 
 1731 1848 1734 
 1849 1732 1846 
 1732 1849 1848 
 1850 1733 1734 
 1733 1850 1736 
 1851 1734 1848 
 1734 1851 1850 
 1735 1736 1852 
 1738 1735 1852 
 1853 1736 1850 
 1853 1852 1736 
 1737 1854 1739 
 1738 1854 1737 
 1738 1852 1854 
 1739 1855 1740 
 1739 1854 1855 
 1742 1741 1856 
 1855 1856 1740 
 1740 1856 1741 
 1742 1858 1743 
 1742 1856 1858 
 1859 1857 1743 
 1859 1743 1858 
 1861 1745 1744 
 1744 1746 1861 
 1862 1769 1745 
 1745 1861 1862 
 1863 1861 1746 
 1746 1747 1863 
 1863 1747 1864 
 1748 1864 1747 
 1755 1865 1749 
 1748 1866 1864 
 1866 1748 1753 
 1865 1867 1749 
 1750 1749 1867 
 1867 1868 1750 
 1751 1750 1868 
 1868 1869 1751 
 1752 1751 1869 
 1752 1869 1870 
 1870 1866 1753 
 1752 1870 1753 
 1771 1871 1754 
 1871 1872 1754 
 1754 1872 1764 
 1873 1865 1755 
 1755 1756 1873 
 1874 1873 1756 
 1757 1874 1756 
 1874 1757 1875 
 1758 1875 1757 
 1875 1758 1876 
 1762 1876 1758 
 1877 1759 1767 
 1760 1759 1877 
 1878 1760 1877 
 1760 1878 1761 
 1879 1761 1878 
 1763 1761 1879 
 1879 1880 1763 
 1762 1880 1876 
 1762 1763 1880 
 1872 1881 1764 
 1765 1764 1881 
 1881 1882 1765 
 1766 1765 1882 
 1883 1766 1882 
 1766 1883 1767 
 1884 1767 1883 
 1767 1884 1877 
 1885 1770 1768 
 1768 1769 1885 
 1886 1885 1769 
 1769 1862 1886 
 1770 1887 1793 
 1887 1770 1888 
 1885 1888 1770 
 1889 1871 1771 
 1771 1772 1889 
 1890 1889 1772 
 1772 1773 1890 
 1890 1773 1891 
 1774 1891 1773 
 1774 1892 1891 
 1892 1774 1775 
 1775 1893 1892 
 1775 1776 1893 
 1894 1893 1776 
 1776 1777 1894 
 1895 1894 1777 
 1778 1895 1777 
 1895 1778 1896 
 1779 1896 1778 
 1897 1896 1779 
 1779 1780 1897 
 1898 1897 1780 
 1780 1783 1898 
 1899 1783 1781 
 1782 1899 1781 
 1900 1899 1782 
 1784 1900 1782 
 1901 1898 1783 
 1783 1899 1901 
 1900 1784 1902 
 1785 1902 1784 
 1902 1785 1903 
 1786 1903 1785 
 1786 1904 1903 
 1786 1787 1904 
 1905 1787 1790 
 1904 1787 1905 
 1790 1788 1906 
 1788 1789 1907 
 1907 1906 1788 
 1908 1790 1906 
 1905 1790 1908 
 1804 1791 1909 
 1792 1909 1791 
 1909 1792 1910 
 1794 1910 1792 
 1793 1911 1797 
 1911 1793 1887 
 1910 1794 1912 
 1795 1912 1794 
 1912 1795 1913 
 1796 1913 1795 
 1913 1796 1914 
 1798 1914 1796 
 1914 1798 1915 
 1797 1915 1798 
 1915 1797 1911 
 1799 1800 1916 
 1813 1799 1916 
 1800 1805 1917 
 1917 1916 1800 
 1804 1909 1918 
 1801 1802 1919 
 1919 1806 1801 
 1802 1803 1920 
 1920 1919 1802 
 1803 1804 1921 
 1921 1920 1803 
 1918 1921 1804 
 1805 1806 1922 
 1922 1917 1805 
 1806 1919 1923 
 1923 1922 1806 
 1807 1924 1808 
 1924 1807 1813 
 1809 1808 1925 
 1924 1925 1808 
 1810 1809 1926 
 1926 1812 1810 
 1925 1926 1809 
 1811 1812 1927 
 1927 1817 1811 
 1928 1812 1926 
 1928 1927 1812 
 1813 1929 1924 
 1916 1930 1813 
 1929 1813 1930 
 1931 1825 1814 
 1814 1815 1932 
 1931 1814 1932 
 1933 1815 1816 
 1933 1932 1815 
 1817 1934 1816 
 1933 1816 1934 
 1817 1927 1935 
 1935 1934 1817 
 1819 1936 1818 
 1829 1818 1936 
 1937 1819 1820 
 1937 1936 1819 
 1822 1938 1820 
 1937 1820 1939 
 1938 1939 1820 
 1821 1823 1940 
 1822 1821 1940 
 1938 1822 1940 
 1941 1823 1824 
 1941 1940 1823 
 1825 1942 1824 
 1941 1824 1942 
 1931 1942 1825 
 1826 1943 1833 
 1827 1943 1826 
 1943 1827 1944 
 1827 1828 1944 
 1944 1828 1945 
 1829 1945 1828 
 1829 1936 1945 
 1837 1830 1946 
 1831 1946 1830 
 1831 1832 1947 
 1946 1831 1947 
 1947 1832 1948 
 1833 1948 1832 
 1943 1949 1833 
 1948 1833 1949 
 1840 1834 1950 
 1835 1950 1834 
 1835 1836 1951 
 1951 1950 1835 
 1951 1836 1952 
 1837 1952 1836 
 1946 1953 1837 
 1953 1952 1837 
 1839 1838 1954 
 1842 1954 1838 
 1845 1839 1955 
 1954 1955 1839 
 1950 1956 1840 
 1840 1956 1957 
 1841 1840 1957 
 1841 1957 1843 
 1843 1957 1958 
 1954 1842 1958 
 1843 1958 1842 
 1959 1844 1845 
 1844 1959 1847 
 1960 1845 1955 
 1845 1960 1959 
 1961 1846 1847 
 1846 1961 1849 
 1962 1847 1959 
 1847 1962 1961 
 1849 1963 1848 
 1848 1963 1851 
 1964 1849 1961 
 1849 1964 1963 
 1850 1851 1965 
 1853 1850 1965 
 1966 1851 1963 
 1966 1965 1851 
 1852 1967 1854 
 1853 1967 1852 
 1853 1965 1967 
 1854 1968 1855 
 1968 1854 1967 
 1855 1969 1856 
 1968 1969 1855 
 1858 1856 1970 
 1969 1970 1856 
 1971 1860 1857 
 1859 1971 1857 
 1972 1858 1970 
 1859 1858 1972 
 1859 1972 1971 
 1973 1860 1971 
 1860 1973 1974 
 1976 1862 1861 
 1861 1863 1976 
 1977 1886 1862 
 1862 1976 1977 
 1978 1976 1863 
 1864 1978 1863 
 1979 1978 1864 
 1866 1979 1864 
 1865 1873 1980 
 1980 1981 1865 
 1867 1865 1981 
 1982 1979 1866 
 1866 1870 1982 
 1981 1983 1867 
 1868 1867 1983 
 1983 1984 1868 
 1869 1868 1984 
 1984 1985 1869 
 1985 1982 1870 
 1870 1869 1985 
 1871 1889 1986 
 1986 1987 1871 
 1871 1987 1872 
 1987 1988 1872 
 1872 1988 1881 
 1989 1980 1873 
 1873 1874 1989 
 1990 1989 1874 
 1874 1875 1990 
 1991 1990 1875 
 1876 1991 1875 
 1876 1992 1991 
 1876 1880 1992 
 1993 1877 1884 
 1877 1993 1878 
 1994 1878 1993 
 1879 1878 1994 
 1994 1995 1879 
 1995 1992 1880 
 1880 1879 1995 
 1980 1989 1996 
 1988 1997 1881 
 1882 1881 1997 
 1997 1998 1882 
 1882 1998 1883 
 1999 1883 1998 
 1883 1999 1884 
 2000 1884 1999 
 1884 2000 1993 
 1888 1885 2001 
 1886 2001 1885 
 2001 1886 2002 
 1977 2002 1886 
 1911 1887 2003 
 1887 1888 2004 
 2004 2003 1887 
 1888 2001 2005 
 2005 2004 1888 
 2006 1986 1889 
 1889 1890 2006 
 2007 2006 1890 
 1890 1891 2007 
 1891 2008 2007 
 2008 1891 1892 
 1892 2009 2008 
 1892 1893 2009 
 2010 2009 1893 
 1893 1894 2010 
 2011 2010 1894 
 1894 1895 2011 
 2011 1895 2012 
 1896 2012 1895 
 2013 2012 1896 
 1896 1897 2013 
 2014 2013 1897 
 1897 1898 2014 
 2015 2014 1898 
 1898 1901 2015 
 2016 1901 1899 
 1900 2016 1899 
 2017 2016 1900 
 1902 2017 1900 
 2018 2015 1901 
 1901 2016 2018 
 2017 1902 2019 
 1903 2019 1902 
 1903 2020 2019 
 1903 1904 2020 
 2021 2020 1904 
 1904 1905 2021 
 2021 1905 2022 
 1908 2022 1905 
 1906 2023 1908 
 1906 1907 2024 
 2024 2023 1906 
 2022 1908 2025 
 2025 1908 2023 
 1909 1910 2026 
 2026 1918 1909 
 1918 2026 2027 
 1910 1912 2028 
 2028 2026 1910 
 1915 1911 2029 
 2003 2029 1911 
 1912 1913 2030 
 2030 2028 1912 
 1913 1914 2031 
 2031 2030 1913 
 1914 1915 2032 
 2032 2031 1914 
 2029 2032 1915 
 1916 1917 2033 
 1930 1916 2033 
 1917 1922 2034 
 2034 2033 1917 
 1918 2035 1921 
 2035 1918 2027 
 1919 1920 2036 
 2036 1923 1919 
 1921 2037 1920 
 2036 1920 2037 
 2037 1921 2035 
 2038 1922 1923 
 2038 2034 1922 
 2039 1923 2036 
 1923 2039 2038 
 2027 2040 2035 
 1925 1924 2041 
 1924 1929 2041 
 1926 1925 2042 
 1926 2042 1928 
 2042 1925 2041 
 1927 1928 2043 
 2043 1935 1927 
 2044 1928 2042 
 2044 2043 1928 
 2045 2041 1929 
 1930 2046 1929 
 2045 1929 2046 
 2033 2047 1930 
 2046 1930 2047 
 1931 2048 1942 
 1931 1932 2048 
 1933 2049 1932 
 1933 1934 2049 
 1932 2049 2048 
 1934 1935 2050 
 1934 2050 2049 
 2051 1935 2043 
 2051 2050 1935 
 1936 2052 1945 
 1937 2052 1936 
 1937 1939 2052 
 1938 1940 2053 
 1938 2053 1939 
 2054 1939 2053 
 1939 2054 2052 
 2053 1940 2055 
 1941 1942 2055 
 1941 2055 1940 
 1942 2056 2055 
 2048 2056 1942 
 1949 1943 2057 
 1944 2057 1943 
 1944 1945 2058 
 2057 1944 2058 
 2058 1945 2059 
 2052 2059 1945 
 1953 1946 2060 
 1947 2060 1946 
 1948 2061 1947 
 2061 2060 1947 
 2061 1948 2062 
 1949 2062 1948 
 2063 1949 2057 
 2063 2062 1949 
 1950 2064 1956 
 1951 1952 2064 
 1951 2064 1950 
 1952 2065 2064 
 1953 2060 2065 
 1953 2065 1952 
 1955 1954 2066 
 1958 2066 1954 
 2067 1955 2066 
 1955 2067 1960 
 1956 2064 2068 
 2069 1956 2068 
 1956 2069 1957 
 2070 1957 2069 
 2066 1958 2070 
 1957 2070 1958 
 2071 1959 1960 
 1959 2071 1962 
 2072 1960 2067 
 1960 2072 2071 
 2073 1961 1962 
 1961 2073 1964 
 2074 1962 2071 
 1962 2074 2073 
 1963 1964 2075 
 1966 1963 2075 
 2076 1964 2073 
 2076 2075 1964 
 1965 2077 1967 
 1966 2077 1965 
 1966 2075 2077 
 1967 2078 1968 
 2078 1967 2077 
 1968 2079 1969 
 2079 1968 2078 
 1969 2080 1970 
 2080 1969 2079 
 2081 1970 2080 
 1970 2081 1972 
 1973 1971 2082 
 2082 1971 1972 
 2083 1972 2081 
 2083 2082 1972 
 2084 1973 2082 
 1974 2085 1975 
 1974 1973 2085 
 2084 2085 1973 
 2086 1975 2085 
 2086 2087 1975 
 2088 1977 1976 
 1976 1978 2088 
 2002 1977 2089 
 2088 2089 1977 
 2090 2088 1978 
 1978 1979 2090 
 2091 2090 1979 
 1979 1982 2091 
 1996 2092 1980 
 1981 1980 2092 
 2092 2093 1981 
 1983 1981 2093 
 2094 2091 1982 
 1982 1985 2094 
 2093 2095 1983 
 1984 1983 2095 
 2095 2096 1984 
 2096 2094 1985 
 1985 1984 2096 
 2006 2097 1986 
 1986 2098 1987 
 2098 1986 2097 
 1987 2099 1988 
 2099 1987 2098 
 1988 2100 1997 
 2100 1988 2099 
 2101 1996 1989 
 1989 1990 2101 
 2102 2101 1990 
 1990 1991 2102 
 2103 2102 1991 
 1991 1992 2103 
 2104 2103 1992 
 1992 1995 2104 
 2105 1993 2000 
 1993 2105 1994 
 2106 1994 2105 
 2104 1995 2106 
 1995 1994 2106 
 1996 2107 2092 
 2107 1996 2108 
 2101 2108 1996 
 1997 2109 1998 
 2109 1997 2100 
 1998 2110 1999 
 2110 1998 2109 
 1999 2111 2000 
 2111 1999 2110 
 2000 2112 2105 
 2112 2000 2111 
 2001 2002 2113 
 2113 2005 2001 
 2002 2089 2114 
 2114 2113 2002 
 2115 2029 2003 
 2003 2004 2116 
 2003 2116 2115 
 2004 2005 2117 
 2117 2116 2004 
 2005 2113 2118 
 2118 2117 2005 
 2097 2006 2119 
 2007 2119 2006 
 2119 2007 2120 
 2008 2120 2007 
 2120 2008 2121 
 2009 2121 2008 
 2121 2009 2122 
 2010 2122 2009 
 2122 2010 2123 
 2011 2123 2010 
 2123 2011 2124 
 2012 2124 2011 
 2124 2012 2125 
 2013 2125 2012 
 2125 2013 2126 
 2014 2126 2013 
 2126 2014 2127 
 2015 2127 2014 
 2127 2015 2128 
 2018 2128 2015 
 2129 2018 2016 
 2016 2017 2129 
 2130 2129 2017 
 2019 2130 2017 
 2128 2018 2131 
 2129 2131 2018 
 2132 2130 2019 
 2019 2020 2132 
 2133 2132 2020 
 2020 2021 2133 
 2134 2133 2021 
 2022 2134 2021 
 2135 2134 2022 
 2025 2135 2022 
 2136 2025 2023 
 2023 2024 2137 
 2136 2023 2137 
 2025 2138 2135 
 2136 2138 2025 
 2026 2028 2139 
 2027 2026 2139 
 2027 2139 2140 
 2040 2027 2140 
 2028 2030 2141 
 2139 2028 2141 
 2032 2029 2142 
 2115 2142 2029 
 2030 2031 2143 
 2143 2141 2030 
 2031 2032 2144 
 2144 2143 2031 
 2142 2144 2032 
 2145 2142 2115 
 2034 2146 2033 
 2047 2033 2146 
 2147 2034 2038 
 2147 2146 2034 
 2037 2035 2148 
 2035 2040 2148 
 2037 2149 2036 
 2039 2036 2149 
 2149 2037 2148 
 2039 2150 2038 
 2147 2038 2150 
 2151 2039 2149 
 2151 2150 2039 
 2152 2148 2040 
 2040 2140 2153 
 2152 2040 2153 
 2042 2041 2154 
 2044 2042 2154 
 2045 2154 2041 
 2044 2155 2043 
 2044 2154 2155 
 2051 2043 2155 
 2045 2156 2154 
 2045 2046 2156 
 2046 2047 2157 
 2046 2157 2156 
 2146 2158 2047 
 2047 2158 2157 
 2048 2159 2056 
 2159 2048 2049 
 2049 2160 2159 
 2050 2160 2049 
 2050 2161 2160 
 2051 2161 2050 
 2051 2155 2161 
 2059 2052 2162 
 2054 2162 2052 
 2053 2055 2163 
 2054 2163 2162 
 2054 2053 2163 
 2163 2055 2164 
 2056 2164 2055 
 2159 2165 2056 
 2164 2056 2165 
 2063 2057 2166 
 2057 2058 2166 
 2167 2058 2059 
 2167 2166 2058 
 2167 2059 2168 
 2162 2168 2059 
 2060 2169 2065 
 2062 2169 2061 
 2061 2169 2060 
 2062 2170 2169 
 2166 2170 2063 
 2063 2170 2062 
 2068 2064 2171 
 2065 2171 2064 
 2171 2065 2172 
 2169 2172 2065 
 2173 2066 2070 
 2066 2173 2067 
 2174 2067 2173 
 2174 2072 2067 
 2068 2171 2175 
 2069 2068 2176 
 2175 2176 2068 
 2070 2069 2177 
 2173 2070 2177 
 2177 2069 2176 
 2178 2071 2072 
 2071 2178 2074 
 2072 2174 2179 
 2179 2178 2072 
 2074 2180 2073 
 2076 2073 2180 
 2181 2074 2178 
 2181 2180 2074 
 2075 2182 2077 
 2076 2182 2075 
 2076 2180 2182 
 2077 2183 2078 
 2183 2077 2182 
 2078 2184 2079 
 2184 2078 2183 
 2079 2185 2080 
 2185 2079 2184 
 2186 2080 2185 
 2080 2186 2081 
 2187 2081 2186 
 2083 2081 2187 
 2084 2082 2188 
 2083 2187 2188 
 2083 2188 2082 
 2084 2189 2085 
 2084 2188 2189 
 2086 2085 2190 
 2190 2085 2189 
 2086 2191 2087 
 2086 2190 2191 
 2089 2088 2192 
 2090 2192 2088 
 2089 2192 2193 
 2193 2114 2089 
 2192 2090 2194 
 2091 2194 2090 
 2194 2091 2195 
 2094 2195 2091 
 2092 2196 2093 
 2196 2092 2107 
 2093 2197 2095 
 2197 2093 2196 
 2195 2094 2198 
 2096 2198 2094 
 2198 2096 2199 
 2095 2199 2096 
 2199 2095 2197 
 2097 2119 2200 
 2098 2097 2201 
 2201 2097 2200 
 2098 2202 2099 
 2202 2098 2201 
 2203 2100 2099 
 2099 2202 2203 
 2109 2100 2204 
 2100 2203 2204 
 2107 2205 2196 
 2108 2101 2206 
 2102 2206 2101 
 2206 2102 2207 
 2103 2207 2102 
 2207 2103 2208 
 2104 2208 2103 
 2208 2104 2209 
 2106 2209 2104 
 2209 2106 2210 
 2105 2210 2106 
 2210 2105 2112 
 2108 2211 2107 
 2205 2107 2211 
 2108 2206 2212 
 2211 2108 2212 
 2110 2109 2213 
 2204 2213 2109 
 2111 2110 2214 
 2213 2214 2110 
 2112 2111 2215 
 2214 2215 2111 
 2112 2216 2210 
 2216 2112 2215 
 2113 2114 2217 
 2217 2118 2113 
 2114 2193 2218 
 2218 2217 2114 
 2116 2219 2115 
 2145 2115 2219 
 2116 2117 2220 
 2219 2116 2220 
 2117 2118 2221 
 2221 2220 2117 
 2222 2118 2217 
 2222 2221 2118 
 2119 2120 2223 
 2223 2200 2119 
 2120 2121 2224 
 2223 2120 2224 
 2121 2122 2225 
 2225 2224 2121 
 2122 2123 2226 
 2226 2225 2122 
 2123 2124 2227 
 2227 2226 2123 
 2125 2228 2124 
 2228 2227 2124 
 2126 2229 2125 
 2228 2125 2229 
 2127 2230 2126 
 2229 2126 2230 
 2128 2231 2127 
 2230 2127 2231 
 2131 2232 2128 
 2231 2128 2232 
 2131 2129 2233 
 2130 2233 2129 
 2233 2130 2234 
 2132 2234 2130 
 2233 2235 2131 
 2232 2131 2235 
 2234 2132 2236 
 2133 2236 2132 
 2236 2133 2237 
 2134 2237 2133 
 2237 2134 2238 
 2135 2238 2134 
 2238 2135 2239 
 2138 2239 2135 
 2136 2137 2240 
 2136 2240 2138 
 2241 2138 2240 
 2241 2239 2138 
 2139 2141 2242 
 2140 2139 2242 
 2243 2140 2242 
 2243 2153 2140 
 2141 2143 2244 
 2242 2141 2244 
 2144 2142 2245 
 2145 2245 2142 
 2143 2144 2246 
 2246 2244 2143 
 2245 2246 2144 
 2247 2245 2145 
 2219 2248 2145 
 2247 2145 2248 
 2147 2249 2146 
 2147 2150 2249 
 2146 2249 2158 
 2148 2250 2149 
 2151 2149 2250 
 2152 2250 2148 
 2151 2251 2150 
 2151 2250 2251 
 2150 2251 2249 
 2152 2252 2250 
 2152 2153 2252 
 2243 2253 2153 
 2153 2253 2252 
 2155 2254 2161 
 2156 2254 2154 
 2155 2154 2254 
 2156 2255 2254 
 2156 2157 2255 
 2157 2256 2255 
 2256 2157 2158 
 2158 2257 2256 
 2249 2257 2158 
 2165 2159 2258 
 2160 2258 2159 
 2160 2161 2259 
 2160 2259 2258 
 2259 2161 2260 
 2260 2161 2254 
 2162 2261 2168 
 2164 2261 2163 
 2163 2261 2162 
 2164 2262 2261 
 2165 2262 2164 
 2263 2165 2258 
 2263 2262 2165 
 2166 2264 2170 
 2167 2168 2264 
 2167 2264 2166 
 2168 2265 2264 
 2168 2261 2265 
 2172 2169 2266 
 2170 2266 2169 
 2266 2170 2267 
 2264 2267 2170 
 2268 2171 2172 
 2268 2175 2171 
 2269 2172 2266 
 2269 2268 2172 
 2270 2175 2268 
 2177 2271 2173 
 2173 2271 2174 
 2272 2174 2271 
 2272 2179 2174 
 2176 2175 2273 
 2270 2273 2175 
 2176 2274 2177 
 2271 2177 2274 
 2273 2274 2176 
 2179 2275 2178 
 2181 2178 2275 
 2272 2276 2179 
 2276 2275 2179 
 2180 2277 2182 
 2181 2277 2180 
 2181 2275 2277 
 2182 2278 2183 
 2278 2182 2277 
 2183 2279 2184 
 2279 2183 2278 
 2184 2280 2185 
 2280 2184 2279 
 2281 2185 2280 
 2185 2281 2186 
 2282 2186 2281 
 2186 2282 2187 
 2283 2187 2282 
 2187 2283 2188 
 2189 2188 2284 
 2284 2188 2283 
 2189 2285 2190 
 2285 2189 2284 
 2190 2286 2191 
 2286 2190 2285 
 2192 2194 2287 
 2287 2193 2192 
 2193 2287 2288 
 2288 2218 2193 
 2194 2195 2289 
 2289 2287 2194 
 2195 2198 2290 
 2290 2289 2195 
 2196 2291 2197 
 2205 2291 2196 
 2197 2292 2199 
 2291 2292 2197 
 2199 2293 2198 
 2293 2290 2198 
 2292 2293 2199 
 2200 2223 2294 
 2200 2295 2201 
 2294 2295 2200 
 2201 2296 2202 
 2296 2201 2295 
 2297 2203 2202 
 2297 2202 2296 
 2298 2204 2203 
 2203 2297 2298 
 2291 2205 2299 
 2213 2204 2300 
 2298 2300 2204 
 2211 2301 2205 
 2301 2299 2205 
 2206 2207 2302 
 2302 2212 2206 
 2208 2303 2207 
 2303 2302 2207 
 2209 2304 2208 
 2304 2303 2208 
 2210 2305 2209 
 2304 2209 2305 
 2305 2210 2216 
 2212 2306 2211 
 2301 2211 2306 
 2212 2302 2307 
 2306 2212 2307 
 2214 2213 2308 
 2300 2308 2213 
 2215 2214 2309 
 2308 2309 2214 
 2215 2310 2216 
 2310 2215 2309 
 2216 2311 2305 
 2311 2216 2310 
 2217 2218 2312 
 2222 2217 2312 
 2218 2288 2313 
 2312 2218 2313 
 2220 2314 2219 
 2248 2219 2314 
 2221 2315 2220 
 2314 2220 2315 
 2316 2221 2222 
 2316 2315 2221 
 2222 2312 2317 
 2316 2222 2317 
 2227 2228 2318 
 2224 2319 2223 
 2319 2294 2223 
 2225 2320 2224 
 2319 2224 2320 
 2225 2226 2321 
 2321 2320 2225 
 2226 2227 2322 
 2322 2321 2226 
 2318 2322 2227 
 2229 2323 2228 
 2323 2318 2228 
 2230 2324 2229 
 2323 2229 2324 
 2231 2325 2230 
 2324 2230 2325 
 2232 2326 2231 
 2325 2231 2326 
 2235 2327 2232 
 2326 2232 2327 
 2234 2328 2233 
 2235 2233 2328 
 2234 2236 2329 
 2329 2328 2234 
 2328 2330 2235 
 2327 2235 2330 
 2331 2236 2237 
 2236 2331 2329 
 2332 2237 2238 
 2237 2332 2331 
 2333 2238 2239 
 2238 2333 2332 
 2334 2333 2239 
 2241 2335 2239 
 2241 2240 2335 
 2334 2239 2335 
 2242 2244 2336 
 2243 2242 2336 
 2243 2336 2253 
 2246 2337 2244 
 2337 2336 2244 
 2245 2338 2246 
 2337 2246 2338 
 2247 2338 2245 
 2247 2339 2338 
 2247 2248 2339 
 2248 2314 2340 
 2339 2248 2340 
 2257 2249 2341 
 2251 2341 2249 
 2251 2342 2341 
 2251 2250 2342 
 2252 2342 2250 
 2252 2343 2342 
 2252 2253 2343 
 2253 2344 2343 
 2253 2336 2344 
 2260 2254 2345 
 2255 2345 2254 
 2346 2345 2255 
 2346 2255 2256 
 2346 2256 2347 
 2257 2347 2256 
 2341 2348 2257 
 2257 2348 2347 
 2263 2258 2349 
 2259 2349 2258 
 2350 2259 2260 
 2350 2349 2259 
 2350 2260 2351 
 2345 2351 2260 
 2265 2261 2352 
 2262 2352 2261 
 2262 2353 2352 
 2263 2349 2353 
 2263 2353 2262 
 2267 2264 2354 
 2265 2354 2264 
 2354 2265 2355 
 2352 2355 2265 
 2266 2267 2356 
 2356 2269 2266 
 2267 2354 2357 
 2357 2356 2267 
 2358 2268 2269 
 2358 2270 2268 
 2269 2356 2359 
 2359 2358 2269 
 2360 2270 2358 
 2361 2273 2270 
 2360 2361 2270 
 2271 2274 2362 
 2272 2271 2362 
 2272 2362 2276 
 2274 2273 2363 
 2363 2362 2274 
 2361 2363 2273 
 2275 2364 2277 
 2276 2362 2364 
 2276 2364 2275 
 2277 2365 2278 
 2365 2277 2364 
 2278 2366 2279 
 2366 2278 2365 
 2279 2367 2280 
 2367 2279 2366 
 2368 2280 2367 
 2280 2368 2281 
 2369 2281 2368 
 2281 2369 2282 
 2370 2282 2369 
 2282 2370 2283 
 2283 2371 2284 
 2371 2283 2370 
 2284 2372 2285 
 2372 2284 2371 
 2285 2373 2286 
 2373 2285 2372 
 2287 2289 2374 
 2288 2287 2374 
 2288 2374 2375 
 2375 2313 2288 
 2289 2290 2376 
 2374 2289 2376 
 2293 2377 2290 
 2376 2290 2377 
 2291 2378 2292 
 2299 2378 2291 
 2292 2379 2293 
 2379 2377 2293 
 2378 2379 2292 
 2294 2319 2380 
 2295 2294 2381 
 2380 2381 2294 
 2295 2382 2296 
 2381 2382 2295 
 2296 2383 2297 
 2383 2296 2382 
 2384 2298 2297 
 2384 2297 2383 
 2385 2300 2298 
 2298 2384 2385 
 2378 2299 2386 
 2387 2299 2301 
 2387 2386 2299 
 2308 2300 2388 
 2385 2388 2300 
 2306 2389 2301 
 2387 2301 2389 
 2302 2303 2390 
 2390 2307 2302 
 2303 2304 2391 
 2391 2390 2303 
 2305 2392 2304 
 2392 2391 2304 
 2392 2305 2311 
 2307 2393 2306 
 2389 2306 2393 
 2307 2390 2394 
 2394 2393 2307 
 2309 2308 2395 
 2388 2395 2308 
 2309 2396 2310 
 2396 2309 2395 
 2310 2397 2311 
 2397 2310 2396 
 2398 2392 2311 
 2398 2311 2397 
 2312 2313 2399 
 2399 2317 2312 
 2375 2400 2313 
 2399 2313 2400 
 2315 2401 2314 
 2314 2401 2340 
 2316 2402 2315 
 2316 2317 2402 
 2315 2402 2401 
 2403 2317 2399 
 2317 2403 2402 
 2404 2322 2318 
 2405 2318 2323 
 2405 2404 2318 
 2320 2406 2319 
 2319 2406 2380 
 2320 2321 2407 
 2406 2320 2407 
 2321 2322 2408 
 2408 2407 2321 
 2322 2404 2408 
 2409 2408 2404 
 2324 2410 2323 
 2323 2410 2405 
 2325 2411 2324 
 2410 2324 2411 
 2326 2412 2325 
 2411 2325 2412 
 2327 2413 2326 
 2413 2412 2326 
 2330 2414 2327 
 2413 2327 2414 
 2328 2329 2415 
 2330 2328 2415 
 2329 2331 2416 
 2416 2415 2329 
 2415 2417 2330 
 2414 2330 2417 
 2332 2418 2331 
 2331 2418 2416 
 2419 2416 2418 
 2332 2333 2420 
 2332 2420 2418 
 2334 2421 2333 
 2333 2421 2420 
 2334 2335 2422 
 2334 2422 2421 
 2344 2336 2423 
 2337 2338 2423 
 2337 2423 2336 
 2338 2424 2423 
 2339 2424 2338 
 2339 2340 2424 
 2340 2425 2424 
 2340 2401 2425 
 2348 2341 2426 
 2341 2342 2426 
 2343 2427 2342 
 2426 2342 2427 
 2427 2343 2428 
 2343 2344 2428 
 2344 2423 2429 
 2428 2344 2429 
 2345 2430 2351 
 2346 2347 2430 
 2346 2430 2345 
 2347 2431 2430 
 2348 2431 2347 
 2426 2432 2348 
 2432 2431 2348 
 2349 2433 2353 
 2350 2351 2433 
 2350 2433 2349 
 2351 2434 2433 
 2351 2430 2434 
 2355 2352 2435 
 2353 2435 2352 
 2435 2353 2436 
 2433 2436 2353 
 2354 2355 2437 
 2437 2357 2354 
 2438 2355 2435 
 2355 2438 2437 
 2356 2357 2439 
 2439 2359 2356 
 2357 2437 2440 
 2440 2439 2357 
 2358 2359 2441 
 2360 2358 2441 
 2359 2439 2442 
 2442 2441 2359 
 2443 2361 2360 
 2444 2360 2441 
 2443 2360 2444 
 2361 2445 2363 
 2443 2445 2361 
 2362 2446 2364 
 2363 2446 2362 
 2445 2446 2363 
 2365 2364 2447 
 2447 2364 2446 
 2365 2448 2366 
 2448 2365 2447 
 2366 2449 2367 
 2449 2366 2448 
 2450 2367 2449 
 2367 2450 2368 
 2451 2368 2450 
 2368 2451 2369 
 2452 2369 2451 
 2369 2452 2370 
 2370 2453 2371 
 2453 2370 2452 
 2371 2454 2372 
 2454 2371 2453 
 2372 2455 2373 
 2455 2372 2454 
 2374 2376 2456 
 2375 2374 2456 
 2457 2375 2456 
 2457 2400 2375 
 2376 2377 2458 
 2456 2376 2458 
 2379 2459 2377 
 2458 2377 2459 
 2379 2378 2460 
 2460 2459 2379 
 2386 2460 2378 
 2461 2380 2406 
 2381 2380 2462 
 2461 2462 2380 
 2381 2463 2382 
 2463 2381 2462 
 2383 2382 2464 
 2382 2463 2464 
 2465 2384 2383 
 2465 2383 2464 
 2466 2385 2384 
 2465 2466 2384 
 2467 2388 2385 
 2467 2385 2466 
 2468 2460 2386 
 2386 2387 2469 
 2468 2386 2469 
 2470 2387 2389 
 2470 2469 2387 
 2388 2471 2395 
 2467 2471 2388 
 2393 2472 2389 
 2470 2389 2472 
 2390 2391 2473 
 2394 2390 2473 
 2391 2392 2474 
 2474 2473 2391 
 2392 2398 2474 
 2394 2475 2393 
 2475 2472 2393 
 2476 2394 2473 
 2476 2475 2394 
 2477 2474 2398 
 2395 2478 2396 
 2478 2395 2471 
 2396 2479 2397 
 2479 2396 2478 
 2397 2480 2398 
 2477 2398 2480 
 2480 2397 2479 
 2400 2481 2399 
 2403 2399 2481 
 2457 2482 2400 
 2400 2482 2481 
 2401 2483 2425 
 2483 2401 2402 
 2402 2484 2483 
 2403 2484 2402 
 2403 2481 2484 
 2405 2485 2404 
 2409 2404 2485 
 2486 2405 2410 
 2486 2485 2405 
 2407 2487 2406 
 2461 2406 2487 
 2408 2488 2407 
 2487 2407 2488 
 2409 2488 2408 
 2409 2489 2488 
 2489 2409 2485 
 2411 2490 2410 
 2486 2410 2490 
 2412 2491 2411 
 2490 2411 2491 
 2413 2492 2412 
 2492 2491 2412 
 2493 2413 2414 
 2493 2492 2413 
 2414 2417 2494 
 2493 2414 2494 
 2416 2495 2415 
 2419 2495 2416 
 2417 2415 2495 
 2496 2417 2495 
 2496 2494 2417 
 2419 2497 2495 
 2419 2498 2497 
 2418 2420 2498 
 2419 2418 2498 
 2420 2421 2499 
 2420 2499 2498 
 2421 2422 2500 
 2421 2500 2499 
 2429 2423 2501 
 2424 2501 2423 
 2501 2424 2502 
 2425 2502 2424 
 2503 2425 2483 
 2503 2502 2425 
 2432 2426 2504 
 2427 2504 2426 
 2505 2427 2428 
 2505 2504 2427 
 2505 2428 2506 
 2428 2429 2506 
 2507 2429 2501 
 2507 2506 2429 
 2430 2508 2434 
 2431 2508 2430 
 2431 2509 2508 
 2432 2504 2509 
 2432 2509 2431 
 2436 2433 2510 
 2434 2510 2433 
 2510 2434 2511 
 2508 2511 2434 
 2512 2435 2436 
 2435 2512 2438 
 2513 2436 2510 
 2436 2513 2512 
 2437 2438 2514 
 2514 2440 2437 
 2515 2438 2512 
 2438 2515 2514 
 2439 2440 2516 
 2516 2442 2439 
 2440 2514 2517 
 2517 2516 2440 
 2442 2518 2441 
 2444 2441 2518 
 2519 2442 2516 
 2519 2518 2442 
 2445 2520 2446 
 2443 2520 2445 
 2444 2520 2443 
 2444 2518 2520 
 2446 2521 2447 
 2446 2520 2521 
 2447 2522 2448 
 2522 2447 2521 
 2448 2523 2449 
 2523 2448 2522 
 2524 2449 2523 
 2449 2524 2450 
 2525 2450 2524 
 2450 2525 2451 
 2526 2451 2525 
 2451 2526 2452 
 2452 2527 2453 
 2527 2452 2526 
 2453 2528 2454 
 2528 2453 2527 
 2454 2529 2455 
 2529 2454 2528 
 2456 2458 2530 
 2457 2456 2530 
 2457 2530 2482 
 2531 2458 2459 
 2531 2530 2458 
 2460 2532 2459 
 2531 2459 2532 
 2468 2532 2460 
 2461 2533 2462 
 2461 2487 2533 
 2462 2534 2463 
 2462 2533 2534 
 2535 2464 2463 
 2535 2463 2534 
 2535 2536 2464 
 2465 2537 2466 
 2465 2464 2537 
 2536 2537 2464 
 2467 2538 2471 
 2467 2466 2538 
 2466 2537 2538 
 2468 2539 2532 
 2468 2469 2539 
 2470 2540 2469 
 2470 2472 2540 
 2469 2540 2539 
 2471 2541 2478 
 2471 2538 2541 
 2472 2475 2542 
 2472 2542 2540 
 2474 2543 2473 
 2476 2473 2543 
 2477 2543 2474 
 2476 2544 2475 
 2476 2543 2544 
 2475 2544 2542 
 2477 2545 2543 
 2477 2480 2545 
 2478 2546 2479 
 2478 2541 2546 
 2547 2480 2479 
 2547 2545 2480 
 2547 2479 2546 
 2481 2548 2484 
 2481 2482 2548 
 2482 2549 2548 
 2482 2530 2549 
 2503 2483 2550 
 2483 2484 2550 
 2548 2551 2484 
 2551 2550 2484 
 2489 2485 2552 
 2486 2553 2485 
 2486 2490 2553 
 2552 2485 2553 
 2487 2488 2554 
 2533 2487 2554 
 2555 2554 2488 
 2489 2555 2488 
 2489 2552 2555 
 2491 2556 2490 
 2490 2556 2553 
 2557 2491 2492 
 2557 2556 2491 
 2493 2558 2492 
 2493 2494 2558 
 2557 2492 2558 
 2496 2559 2494 
 2494 2559 2558 
 2497 2560 2495 
 2496 2495 2560 
 2496 2560 2559 
 2497 2498 2561 
 2497 2561 2560 
 2499 2562 2498 
 2562 2561 2498 
 2499 2500 2563 
 2499 2563 2562 
 2507 2501 2564 
 2502 2564 2501 
 2502 2565 2564 
 2503 2550 2565 
 2503 2565 2502 
 2504 2566 2509 
 2505 2506 2566 
 2505 2566 2504 
 2506 2567 2566 
 2507 2564 2567 
 2507 2567 2506 
 2511 2508 2568 
 2509 2568 2508 
 2568 2509 2569 
 2566 2569 2509 
 2570 2510 2511 
 2510 2570 2513 
 2571 2511 2568 
 2511 2571 2570 
 2572 2512 2513 
 2512 2572 2515 
 2573 2513 2570 
 2513 2573 2572 
 2574 2514 2515 
 2514 2574 2517 
 2575 2515 2572 
 2575 2574 2515 
 2516 2517 2576 
 2519 2516 2576 
 2577 2517 2574 
 2577 2576 2517 
 2518 2578 2520 
 2518 2519 2578 
 2519 2576 2578 
 2579 2521 2520 
 2578 2579 2520 
 2521 2580 2522 
 2580 2521 2579 
 2522 2581 2523 
 2581 2522 2580 
 2582 2523 2581 
 2523 2582 2524 
 2583 2524 2582 
 2524 2583 2525 
 2584 2525 2583 
 2525 2584 2526 
 2526 2585 2527 
 2585 2526 2584 
 2527 2586 2528 
 2586 2527 2585 
 2528 2587 2529 
 2587 2528 2586 
 2549 2530 2588 
 2531 2532 2588 
 2531 2588 2530 
 2589 2588 2532 
 2589 2532 2539 
 2533 2554 2590 
 2534 2533 2590 
 2534 2590 2591 
 2536 2535 2591 
 2535 2534 2591 
 2536 2591 2592 
 2536 2592 2537 
 2592 2593 2537 
 2537 2593 2538 
 2594 2538 2593 
 2541 2538 2594 
 2589 2539 2595 
 2539 2540 2595 
 2540 2596 2595 
 2542 2596 2540 
 2541 2594 2597 
 2546 2541 2597 
 2542 2598 2596 
 2544 2598 2542 
 2544 2599 2598 
 2545 2599 2543 
 2544 2543 2599 
 2545 2600 2599 
 2546 2597 2600 
 2547 2600 2545 
 2547 2546 2600 
 2601 2551 2548 
 2548 2549 2601 
 2549 2588 2602 
 2602 2601 2549 
 2550 2603 2565 
 2551 2603 2550 
 2604 2551 2601 
 2604 2603 2551 
 2590 2554 2605 
 2552 2606 2555 
 2552 2553 2606 
 2606 2553 2607 
 2556 2607 2553 
 2608 2605 2554 
 2555 2608 2554 
 2606 2609 2555 
 2609 2608 2555 
 2556 2610 2607 
 2557 2610 2556 
 2557 2558 2610 
 2611 2558 2559 
 2558 2611 2610 
 2559 2560 2612 
 2559 2612 2611 
 2561 2613 2560 
 2613 2612 2560 
 2561 2562 2614 
 2561 2614 2613 
 2562 2563 2615 
 2562 2615 2614 
 2564 2616 2567 
 2564 2565 2616 
 2565 2617 2616 
 2603 2617 2565 
 2569 2566 2618 
 2567 2618 2566 
 2618 2567 2619 
 2616 2619 2567 
 2620 2568 2569 
 2568 2620 2571 
 2621 2569 2618 
 2569 2621 2620 
 2622 2570 2571 
 2570 2622 2573 
 2623 2571 2620 
 2571 2623 2622 
 2624 2572 2573 
 2572 2624 2575 
 2573 2622 2625 
 2625 2624 2573 
 2575 2626 2574 
 2577 2574 2626 
 2627 2575 2624 
 2627 2626 2575 
 2576 2628 2578 
 2577 2628 2576 
 2577 2626 2628 
 2578 2629 2579 
 2629 2578 2628 
 2579 2630 2580 
 2630 2579 2629 
 2580 2631 2581 
 2631 2580 2630 
 2632 2581 2631 
 2581 2632 2582 
 2633 2582 2632 
 2582 2633 2583 
 2634 2583 2633 
 2583 2634 2584 
 2584 2635 2585 
 2635 2584 2634 
 2585 2636 2586 
 2636 2585 2635 
 2586 2637 2587 
 2637 2586 2636 
 2602 2588 2638 
 2589 2638 2588 
 2589 2595 2638 
 2590 2639 2591 
 2590 2605 2639 
 2591 2639 2640 
 2592 2640 2593 
 2592 2591 2640 
 2593 2640 2641 
 2593 2641 2594 
 2594 2642 2597 
 2642 2594 2641 
 2595 2643 2638 
 2595 2596 2643 
 2644 2596 2598 
 2596 2644 2643 
 2597 2642 2645 
 2597 2645 2600 
 2598 2646 2644 
 2598 2599 2646 
 2646 2599 2647 
 2599 2600 2647 
 2645 2647 2600 
 2604 2601 2648 
 2601 2602 2648 
 2602 2638 2649 
 2649 2648 2602 
 2603 2650 2617 
 2604 2648 2650 
 2604 2650 2603 
 2605 2651 2639 
 2608 2652 2605 
 2652 2651 2605 
 2609 2606 2653 
 2607 2653 2606 
 2607 2610 2654 
 2653 2607 2654 
 2652 2608 2655 
 2609 2655 2608 
 2653 2656 2609 
 2656 2655 2609 
 2654 2610 2657 
 2657 2610 2611 
 2612 2658 2611 
 2611 2658 2657 
 2659 2612 2613 
 2612 2659 2658 
 2613 2614 2660 
 2613 2660 2659 
 2614 2615 2661 
 2614 2661 2660 
 2619 2616 2662 
 2617 2662 2616 
 2662 2617 2663 
 2650 2663 2617 
 2664 2618 2619 
 2618 2664 2621 
 2665 2619 2662 
 2619 2665 2664 
 2666 2620 2621 
 2620 2666 2623 
 2667 2621 2664 
 2621 2667 2666 
 2668 2622 2623 
 2622 2668 2625 
 2669 2623 2666 
 2669 2668 2623 
 2625 2670 2624 
 2627 2624 2670 
 2671 2625 2668 
 2671 2670 2625 
 2626 2672 2628 
 2627 2672 2626 
 2627 2670 2672 
 2628 2673 2629 
 2673 2628 2672 
 2629 2674 2630 
 2674 2629 2673 
 2630 2675 2631 
 2675 2630 2674 
 2676 2631 2675 
 2631 2676 2632 
 2677 2632 2676 
 2632 2677 2633 
 2678 2633 2677 
 2633 2678 2634 
 2634 2679 2635 
 2679 2634 2678 
 2635 2680 2636 
 2680 2635 2679 
 2636 2681 2637 
 2681 2636 2680 
 2649 2638 2682 
 2643 2682 2638 
 2683 2639 2651 
 2639 2683 2640 
 2684 2640 2683 
 2684 2641 2640 
 2684 2685 2641 
 2641 2685 2642 
 2686 2642 2685 
 2686 2645 2642 
 2643 2687 2682 
 2644 2687 2643 
 2688 2644 2646 
 2688 2687 2644 
 2686 2689 2645 
 2645 2689 2647 
 2690 2647 2689 
 2688 2646 2690 
 2647 2690 2646 
 2648 2691 2650 
 2649 2682 2691 
 2649 2691 2648 
 2663 2650 2692 
 2691 2692 2650 
 2651 2693 2683 
 2651 2694 2693 
 2652 2655 2694 
 2652 2694 2651 
 2656 2653 2695 
 2653 2654 2695 
 2696 2654 2657 
 2696 2695 2654 
 2655 2697 2694 
 2656 2695 2697 
 2656 2697 2655 
 2696 2657 2698 
 2658 2698 2657 
 2659 2699 2658 
 2658 2699 2698 
 2700 2659 2660 
 2659 2700 2699 
 2660 2661 2701 
 2660 2701 2700 
 2702 2662 2663 
 2662 2702 2665 
 2703 2663 2692 
 2663 2703 2702 
 2704 2664 2665 
 2664 2704 2667 
 2665 2702 2705 
 2705 2704 2665 
 2706 2666 2667 
 2666 2706 2669 
 2707 2667 2704 
 2667 2707 2706 
 2668 2669 2708 
 2671 2668 2708 
 2709 2669 2706 
 2709 2708 2669 
 2670 2710 2672 
 2671 2710 2670 
 2671 2708 2710 
 2672 2711 2673 
 2711 2672 2710 
 2673 2712 2674 
 2712 2673 2711 
 2674 2713 2675 
 2713 2674 2712 
 2714 2675 2713 
 2675 2714 2676 
 2715 2676 2714 
 2676 2715 2677 
 2716 2677 2715 
 2677 2716 2678 
 2678 2717 2679 
 2717 2678 2716 
 2679 2718 2680 
 2718 2679 2717 
 2680 2719 2681 
 2719 2680 2718 
 2682 2720 2691 
 2687 2720 2682 
 2683 2693 2721 
 2684 2683 2721 
 2684 2721 2685 
 2685 2721 2722 
 2686 2685 2722 
 2686 2722 2689 
 2687 2723 2720 
 2688 2690 2723 
 2688 2723 2687 
 2689 2722 2724 
 2690 2724 2723 
 2689 2724 2690 
 2692 2691 2725 
 2720 2725 2691 
 2692 2725 2726 
 2692 2726 2703 
 2693 2727 2721 
 2727 2693 2728 
 2694 2728 2693 
 2728 2694 2729 
 2697 2729 2694 
 2695 2730 2697 
 2696 2698 2730 
 2696 2730 2695 
 2729 2697 2731 
 2730 2731 2697 
 2698 2732 2730 
 2698 2699 2732 
 2700 2733 2699 
 2733 2732 2699 
 2701 2734 2700 
 2700 2734 2733 
 2735 2702 2703 
 2702 2735 2705 
 2736 2703 2726 
 2703 2736 2735 
 2704 2705 2737 
 2737 2707 2704 
 2705 2735 2738 
 2738 2737 2705 
 2706 2707 2739 
 2709 2706 2739 
 2740 2707 2737 
 2740 2739 2707 
 2708 2741 2710 
 2709 2741 2708 
 2709 2739 2741 
 2710 2742 2711 
 2742 2710 2741 
 2711 2743 2712 
 2743 2711 2742 
 2712 2744 2713 
 2744 2712 2743 
 2745 2713 2744 
 2713 2745 2714 
 2746 2714 2745 
 2714 2746 2715 
 2747 2715 2746 
 2715 2747 2716 
 2716 2748 2717 
 2748 2716 2747 
 2717 2749 2718 
 2749 2717 2748 
 2718 2750 2719 
 2750 2718 2749 
 2725 2720 2751 
 2723 2751 2720 
 2752 2721 2727 
 2721 2752 2722 
 2753 2722 2752 
 2724 2722 2753 
 2724 2753 2754 
 2751 2723 2754 
 2724 2754 2723 
 2725 2751 2755 
 2755 2726 2725 
 2726 2755 2756 
 2756 2736 2726 
 2757 2752 2727 
 2758 2727 2728 
 2727 2758 2757 
 2759 2728 2729 
 2728 2759 2758 
 2760 2729 2731 
 2729 2760 2759 
 2731 2761 2760 
 2731 2730 2762 
 2732 2762 2730 
 2761 2731 2762 
 2762 2732 2763 
 2764 2763 2732 
 2764 2732 2733 
 2734 2765 2733 
 2764 2733 2765 
 2766 2735 2736 
 2735 2766 2738 
 2736 2756 2767 
 2736 2767 2766 
 2737 2738 2768 
 2740 2737 2768 
 2769 2738 2766 
 2769 2768 2738 
 2739 2770 2741 
 2740 2770 2739 
 2740 2768 2770 
 2741 2771 2742 
 2771 2741 2770 
 2742 2772 2743 
 2772 2742 2771 
 2743 2773 2744 
 2773 2743 2772 
 2774 2744 2773 
 2744 2774 2745 
 2775 2745 2774 
 2745 2775 2746 
 2776 2746 2775 
 2746 2776 2747 
 2747 2777 2748 
 2777 2747 2776 
 2748 2778 2749 
 2778 2748 2777 
 2749 2779 2750 
 2779 2749 2778 
 2751 2754 2780 
 2780 2755 2751 
 2753 2752 2781 
 2752 2757 2781 
 2754 2753 2782 
 2782 2780 2754 
 2781 2782 2753 
 2755 2780 2783 
 2783 2756 2755 
 2784 2756 2783 
 2756 2784 2767 
 2785 2781 2757 
 2786 2758 2759 
 2787 2757 2758 
 2757 2787 2785 
 2786 2787 2758 
 2788 2759 2760 
 2788 2786 2759 
 2789 2786 2788 
 2790 2760 2761 
 2760 2790 2788 
 2761 2791 2790 
 2792 2762 2763 
 2762 2792 2761 
 2791 2761 2792 
 2793 2792 2763 
 2764 2765 2794 
 2764 2794 2763 
 2793 2763 2794 
 2767 2795 2766 
 2769 2766 2795 
 2796 2767 2784 
 2796 2795 2767 
 2768 2797 2770 
 2769 2797 2768 
 2769 2795 2797 
 2770 2798 2771 
 2798 2770 2797 
 2771 2799 2772 
 2799 2771 2798 
 2772 2800 2773 
 2800 2772 2799 
 2801 2773 2800 
 2773 2801 2774 
 2802 2774 2801 
 2774 2802 2775 
 2803 2775 2802 
 2775 2803 2776 
 2776 2804 2777 
 2804 2776 2803 
 2777 2805 2778 
 2805 2777 2804 
 2778 2806 2779 
 2806 2778 2805 
 2780 2782 2807 
 2780 2807 2783 
 2782 2781 2808 
 2808 2807 2782 
 2785 2808 2781 
 2809 2783 2807 
 2809 2784 2783 
 2810 2808 2785 
 2809 2811 2784 
 2784 2811 2796 
 2812 2785 2787 
 2810 2785 2812 
 2786 2813 2787 
 2787 2813 2812 
 2789 2813 2786 
 2814 2788 2790 
 2789 2788 2814 
 2789 2815 2813 
 2789 2814 2815 
 2790 2791 2816 
 2790 2816 2814 
 2817 2816 2791 
 2793 2818 2792 
 2792 2818 2791 
 2817 2791 2818 
 2793 2794 2819 
 2793 2819 2818 
 2795 2820 2797 
 2796 2820 2795 
 2796 2811 2820 
 2797 2821 2798 
 2821 2797 2820 
 2798 2822 2799 
 2822 2798 2821 
 2799 2823 2800 
 2823 2799 2822 
 2824 2800 2823 
 2800 2824 2801 
 2825 2801 2824 
 2801 2825 2802 
 2826 2802 2825 
 2802 2826 2803 
 2803 2827 2804 
 2827 2803 2826 
 2804 2828 2805 
 2828 2804 2827 
 2805 2829 2806 
 2829 2805 2828 
 2808 2830 2807 
 2807 2830 2809 
 2810 2830 2808 
 2809 2830 2811 
 2810 2831 2830 
 2810 2812 2831 
 2811 2832 2820 
 2811 2830 2832 
 2812 2813 2833 
 2812 2833 2831 
 2813 2834 2833 
 2815 2834 2813 
 2814 2816 2835 
 2815 2814 2835 
 2815 2835 2834 
 2817 2836 2816 
 2816 2836 2835 
 2817 2818 2837 
 2817 2837 2836 
 2838 2818 2819 
 2818 2838 2837 
 2820 2839 2821 
 2832 2839 2820 
 2821 2840 2822 
 2840 2821 2839 
 2822 2841 2823 
 2841 2822 2840 
 2842 2823 2841 
 2823 2842 2824 
 2843 2824 2842 
 2824 2843 2825 
 2844 2825 2843 
 2825 2844 2826 
 2826 2845 2827 
 2845 2826 2844 
 2827 2846 2828 
 2846 2827 2845 
 2828 2847 2829 
 2847 2828 2846 
 2830 2848 2832 
 2831 2848 2830 
 2831 2833 2848 
 2832 2849 2839 
 2832 2848 2849 
 2833 2850 2848 
 2833 2834 2850 
 2834 2835 2851 
 2834 2851 2850 
 2852 2835 2836 
 2835 2852 2851 
 2853 2836 2837 
 2836 2853 2852 
 2854 2837 2838 
 2837 2854 2853 
 2839 2855 2840 
 2855 2839 2849 
 2840 2856 2841 
 2856 2840 2855 
 2857 2841 2856 
 2841 2857 2842 
 2858 2842 2857 
 2842 2858 2843 
 2859 2843 2858 
 2843 2859 2844 
 2844 2860 2845 
 2860 2844 2859 
 2845 2861 2846 
 2861 2845 2860 
 2846 2862 2847 
 2862 2846 2861 
 2849 2863 2855 
 2864 2863 2849 
 2849 2848 2864 
 2850 2864 2848 
 2850 2865 2864 
 2851 2865 2850 
 2866 2851 2852 
 2851 2866 2865 
 2867 2852 2853 
 2852 2867 2866 
 2868 2853 2854 
 2853 2868 2867 
 2855 2869 2856 
 2869 2855 2863 
 2870 2856 2869 
 2856 2870 2857 
 2871 2857 2870 
 2857 2871 2858 
 2872 2858 2871 
 2858 2872 2859 
 2859 2873 2860 
 2873 2859 2872 
 2860 2874 2861 
 2874 2860 2873 
 2861 2875 2862 
 2875 2861 2874 
 2863 2876 2869 
 2876 2863 2877 
 2864 2877 2863 
 2865 2877 2864 
 2865 2878 2877 
 2866 2878 2865 
 2879 2866 2867 
 2879 2878 2866 
 2867 2868 2880 
 2867 2880 2879 
 2881 2869 2876 
 2869 2881 2870 
 2882 2870 2881 
 2870 2882 2871 
 2883 2871 2882 
 2871 2883 2872 
 2872 2884 2873 
 2884 2872 2883 
 2873 2885 2874 
 2885 2873 2884 
 2874 2886 2875 
 2886 2874 2885 
 2887 2881 2876 
 2877 2888 2876 
 2888 2877 2878 
 2887 2876 2888 
 2889 2888 2878 
 2890 2889 2878 
 2890 2878 2879 
 2891 2879 2880 
 2890 2879 2891 
 2892 2881 2887 
 2881 2892 2882 
 2893 2882 2892 
 2882 2893 2883 
 2883 2894 2884 
 2894 2883 2893 
 2884 2895 2885 
 2895 2884 2894 
 2885 2896 2886 
 2896 2885 2895 
 2897 2892 2887 
 2898 2888 2889 
 2888 2898 2887 
 2897 2887 2898 
 2899 2898 2889 
 2890 2891 2900 
 2890 2900 2889 
 2899 2889 2900 
 2901 2892 2897 
 2892 2901 2893 
 2893 2902 2894 
 2901 2902 2893 
 2894 2903 2895 
 2903 2894 2902 
 2895 2904 2896 
 2904 2895 2903 
 2905 2901 2897 
 2897 2898 2906 
 2905 2897 2906 
 2899 2907 2898 
 2907 2906 2898 
 2908 2899 2900 
 2899 2908 2907 
 2901 2909 2902 
 2905 2909 2901 
 2902 2910 2903 
 2909 2910 2902 
 2903 2911 2904 
 2911 2903 2910 
 2905 2906 2912 
 2905 2912 2909 
 2906 2907 2913 
 2913 2912 2906 
 2907 2908 2914 
 2914 2913 2907 
 2910 2909 2915 
 2912 2915 2909 
 2910 2916 2911 
 2916 2910 2915 
 2912 2913 2917 
 2917 2915 2912 
 2913 2914 2918 
 2918 2917 2913 
 2919 2915 2917 
 2915 2920 2916 
 2919 2920 2915 
 2917 2918 2921 
 2919 2917 2921 
 2921 2922 2919 
 2919 2922 2920 
 