2923 
0 0 
0 0.0400225 
0.0277903 0.0280559 
0.0434783 0 
0 0.0800451 
0.0312978 0.0607318 
0.0869565 0 
0.0649169 0.0361608 
0 0.120068 
0 0.16009 
0.0311234 0.0995666 
0.061521 0.0807332 
0.110281 0.0329468 
0.130435 0 
0 0.335362 
0 0.359414 
0 0.380507 
0.0957442 0.0691822 
0 0.307934 
0 0.276658 
0 0.240992 
0 0.2 
0.031368 0.138685 
0.028048 0.171627 
0.0623386 0.118525 
0.0868146 0.0992996 
0.173913 0 
0.133692 0.0666045 
0.153013 0.033389 
0.0228846 0.321918 
0.0188116 0.34851 
0.0153644 0.369961 
0.0131314 0.38679 
0 0.4 
0 0.418441 
0.11724 0.0993482 
0.0269771 0.291477 
0.0307981 0.258658 
0.0272147 0.227533 
0.0433665 0.2 
0.0667867 0.163727 
0.0967563 0.129701 
0.217391 0 
0.196059 0.0335483 
0.15554 0.0996662 
0.175393 0.0668119 
0.0495131 0.309251 
0.0430593 0.337883 
0.0364241 0.363643 
0.0292173 0.384161 
0.0195693 0.4 
0.0122181 0.412401 
0.0127985 0.426479 
0 0.434283 
0.135124 0.131804 
0.0577181 0.275745 
0.0644333 0.235903 
0.0868554 0.2 
0.112234 0.1655 
0.26087 0 
0.239284 0.0336327 
0.176191 0.13288 
0.218035 0.0670327 
0.197121 0.10014 
0.0403375 0.4 
0.0770098 0.298382 
0.0694448 0.329675 
0.0604334 0.35675 
0.0509304 0.380272 
0.0287228 0.417083 
0.0636298 0.418449 
0.0498473 0.418493 
0.0244732 0.435609 
0.0112306 0.440996 
0 0.447892 
0.15444 0.165721 
0.0914061 0.266609 
0.110176 0.235108 
0.130344 0.2 
0.304348 0 
0.282598 0.0336746 
0.196594 0.166478 
0.26109 0.0671053 
0.218326 0.133469 
0.239743 0.100334 
0.0631613 0.4 
0.0773627 0.418 
0.104815 0.296054 
0.097859 0.323476 
0.0877827 0.350978 
0.0760047 0.377052 
0.0929458 0.423361 
0.0393134 0.433659 
0.0336921 0.446583 
0.063846 0.430507 
0.0522364 0.43658 
0.074283 0.436581 
0.0864951 0.434895 
0.021082 0.448857 
0.00964798 0.453439 
0 0.459583 
0.0292238 0.456823 
0.173833 0.2 
0.13248 0.274029 
0.154316 0.234937 
0.347826 0 
0.32598 0.0336826 
0.217322 0.2 
0.304299 0.0671845 
0.239467 0.166785 
0.282758 0.10047 
0.261193 0.13367 
0.0895103 0.4 
0.128909 0.31144 
0.118421 0.345125 
0.104869 0.374046 
0.108216 0.417241 
0.101183 0.435057 
0.123727 0.424169 
0.0472088 0.447226 
0.0409828 0.457296 
0.0633727 0.448402 
0.0715531 0.457207 
0.0787857 0.45062 
0.0947917 0.449795 
0 0.469625 
0.0182244 0.45969 
0.00848381 0.464142 
0.0252146 0.466483 
0.0349137 0.465579 
0 0.478253 
0.198694 0.233088 
0.16723 0.305272 
0.181467 0.268644 
0.240576 0.229568 
0.391304 0 
0.369385 0.0337038 
0.347613 0.0672379 
0.260811 0.2 
0.325971 0.100565 
0.282648 0.16694 
0.304326 0.133825 
0.119934 0.4 
0.153516 0.339656 
0.137587 0.371152 
0.115534 0.435599 
0.109118 0.449453 
0.141621 0.419197 
0.158799 0.426174 
0.132309 0.437808 
0.0441362 0.467132 
0.0536556 0.460833 
0.0650433 0.462778 
0.114795 0.461395 
0.102454 0.460047 
0.0767587 0.462836 
0.0901011 0.463878 
0.00739393 0.473693 
0.016156 0.469347 
0.0223423 0.474624 
0.0305012 0.473101 
0.0387981 0.473124 
0.0452668 0.474323 
0 0.485664 
0.00629212 0.481832 
0.194319 0.336807 
0.224647 0.265377 
0.213032 0.301605 
0.25903 0.254855 
0.434783 0 
0.278596 0.229811 
0.41282 0.0337144 
0.390994 0.0672683 
0.369301 0.10062 
0.3043 0.2 
0.347619 0.133911 
0.325977 0.167022 
0.478261 0 
0.521739 0 
0.565217 0 
0.608696 0 
0.652174 0 
0.695652 0 
0.73913 0 
0.956522 0 
0.782609 0 
0.826087 0 
0.869565 0 
0.913043 0 
1 0 
0.17224 0.442335 
0.154574 0.4 
0.175003 0.369044 
0.179357 0.421353 
0.125615 0.452448 
0.124694 0.465709 
0.149695 0.441267 
0.137659 0.45134 
0.181589 0.450964 
0.162603 0.455863 
0.175293 0.457082 
0.0510724 0.471727 
0.0590794 0.470769 
0.0661231 0.472749 
0.072888 0.470059 
0.117606 0.471113 
0.10922 0.469351 
0.100264 0.46909 
0.0941719 0.472952 
0.081697 0.470906 
0.0881533 0.473592 
0.0148261 0.478739 
0.0219607 0.481094 
0.0281741 0.47954 
0.0351404 0.479365 
0.0422577 0.479449 
0.0493996 0.479143 
0 0.492031 
0.00461234 0.488848 
0.0111364 0.486719 
0.216313 0.367593 
0.237467 0.333101 
0.259911 0.291188 
0.293626 0.26271 
0.456282 0.0337142 
0.320941 0.231563 
0.434428 0.0672786 
0.412702 0.100646 
0.390999 0.133951 
0.347789 0.2 
0.369378 0.16706 
0.49977 0.0337137 
0.543273 0.0337167 
0.586781 0.0337203 
0.970461 0.0265924 
0.630283 0.0337188 
0.673784 0.0337077 
0.717311 0.0336835 
0.7609 0.0336434 
0.934375 0.0303265 
0.804593 0.0335614 
0.848387 0.0332819 
0.891833 0.0320023 
1 0.0400225 
0.190284 0.442937 
0.194379 0.4 
0.19773 0.428323 
0.123937 0.473664 
0.130085 0.472202 
0.136082 0.463925 
0.14838 0.458442 
0.157586 0.467749 
0.201297 0.458382 
0.188257 0.458068 
0.169932 0.46654 
0.181575 0.465729 
0.0558638 0.478258 
0.0626596 0.478309 
0.0702632 0.478342 
0.120004 0.478949 
0.0775143 0.47797 
0.112988 0.477612 
0.105537 0.477221 
0.0985429 0.47803 
0.0912655 0.479145 
0.0841143 0.478624 
0.0180415 0.485882 
0.0251289 0.485992 
0.0320175 0.485582 
0.038955 0.485441 
0.0459863 0.485298 
0.0528889 0.485019 
0.00365978 0.4938 
0 0.4975 
0.00833096 0.49312 
0.0147154 0.491893 
0.237424 0.4 
0.259724 0.366285 
0.282177 0.331003 
0.305309 0.297262 
0.336118 0.26453 
0.477903 0.06728 
0.364243 0.23216 
0.456155 0.100654 
0.434432 0.133965 
0.412819 0.167073 
0.391278 0.2 
0.521408 0.0672815 
0.564927 0.0672839 
0.608444 0.0672826 
0.961408 0.0626131 
0.651957 0.0672725 
0.695492 0.0672509 
0.739089 0.0672224 
0.782819 0.0671955 
0.914204 0.0614502 
0.826846 0.0671426 
0.871422 0.0669554 
1 0.0800451 
0.213038 0.444941 
0.218653 0.423433 
0.237801 0.429047 
0.283885 0.431766 
0.262488 0.42682 
0.222555 0.455154 
0.209938 0.468055 
0.214157 0.459612 
0.212684 0.474393 
0.12719 0.478964 
0.137585 0.472614 
0.133999 0.478695 
0.207553 0.474565 
0.146424 0.469832 
0.15304 0.474509 
0.158348 0.475363 
0.20148 0.471443 
0.16457 0.474025 
0.170927 0.475093 
0.192003 0.468969 
0.177757 0.47303 
0.18463 0.473458 
0.0597032 0.484778 
0.0667659 0.484728 
0.0739293 0.484678 
0.123398 0.485019 
0.116339 0.484696 
0.0809346 0.484773 
0.109225 0.484336 
0.102123 0.484437 
0.0951429 0.484938 
0.0879251 0.485023 
0.0217107 0.49174 
0.0286809 0.491672 
0.0356721 0.491519 
0.0426561 0.491436 
0.0496038 0.491328 
0.0565368 0.491212 
0.00267672 0.5 
0 0.5025 
0.00535563 0.4975 
0.0115455 0.4975 
0.0183582 0.4975 
0.307572 0.427565 
0.281187 0.4 
0.303909 0.366003 
0.327184 0.332352 
0.351673 0.298728 
0.380917 0.264759 
0.499645 0.100656 
0.408418 0.232106 
0.477907 0.133967 
0.456288 0.167075 
0.434767 0.2 
0.543158 0.100657 
0.586677 0.100655 
0.630196 0.100649 
0.965511 0.103094 
0.933456 0.0915756 
0.673722 0.100638 
0.71728 0.100631 
0.760907 0.100659 
0.804691 0.100787 
0.896075 0.103007 
0.849192 0.101032 
1 0.120068 
0.32772 0.432332 
0.231242 0.445947 
0.245454 0.443699 
0.291945 0.445023 
0.277542 0.449436 
0.259834 0.452238 
0.223351 0.463768 
0.230884 0.461444 
0.218351 0.470586 
0.305911 0.452096 
0.32228 0.449228 
0.335632 0.444855 
0.210221 0.479961 
0.217356 0.478798 
0.1304 0.485029 
0.141365 0.478406 
0.137367 0.484955 
0.203428 0.478751 
0.148347 0.479172 
0.155105 0.480171 
0.161507 0.480268 
0.196898 0.477597 
0.168047 0.480157 
0.174866 0.479845 
0.189629 0.478449 
0.181962 0.479358 
0.12673 0.491263 
0.0635042 0.491141 
0.0705347 0.491117 
0.0775614 0.491133 
0.119727 0.491179 
0.112698 0.491042 
0.0845625 0.491201 
0.105659 0.490992 
0.0986349 0.491106 
0.0915867 0.491255 
0.0253394 0.4975 
0.0323212 0.4975 
0.039303 0.4975 
0.0462848 0.4975 
0.0532666 0.4975 
0.0602484 0.4975 
0.00535126 0.5025 
0.00359707 0.506204 
0 0.507969 
0.0114476 0.5025 
0.018155 0.5025 
0.0251348 0.5025 
0.32495 0.4 
0.348269 0.366253 
0.372437 0.332605 
0.398089 0.298724 
0.426038 0.26427 
0.521411 0.133966 
0.452743 0.233102 
0.49978 0.167075 
0.478256 0.2 
0.564933 0.133964 
0.608457 0.133961 
0.651975 0.133954 
0.966664 0.140177 
0.930986 0.122346 
0.903173 0.138521 
0.695496 0.133951 
0.739032 0.133975 
0.782558 0.134102 
0.825827 0.134589 
0.868245 0.135111 
0.971155 0.171341 
1 0.16009 
0.350516 0.427957 
0.370785 0.432414 
0.348987 0.451975 
0.245151 0.460966 
0.293464 0.460088 
0.257474 0.465619 
0.28904 0.469499 
0.281682 0.465007 
0.269483 0.465023 
0.227704 0.470105 
0.235537 0.469569 
0.224275 0.477445 
0.30445 0.46585 
0.31594 0.464266 
0.326406 0.464018 
0.336781 0.459449 
0.347466 0.465508 
0.206589 0.485531 
0.21393 0.485614 
0.220854 0.484787 
0.133721 0.491263 
0.144468 0.485168 
0.140718 0.491314 
0.199951 0.484868 
0.151333 0.485675 
0.158111 0.485956 
0.164861 0.485935 
0.193032 0.484763 
0.171696 0.485783 
0.178685 0.485527 
0.185889 0.48518 
0.123085 0.4975 
0.130066 0.4975 
0.0672302 0.4975 
0.074212 0.4975 
0.0811938 0.4975 
0.116103 0.4975 
0.109121 0.4975 
0.0881756 0.4975 
0.102139 0.4975 
0.0951574 0.4975 
0.0321167 0.5025 
0.0289761 0.508262 
0.0390986 0.5025 
0.0460805 0.5025 
0.0530624 0.5025 
0.0600443 0.5025 
0.0670262 0.5025 
0.00837132 0.506888 
0.00426276 0.511165 
0 0.514336 
0.014824 0.508382 
0.021816 0.508482 
0.394173 0.428862 
0.368712 0.4 
0.392583 0.366451 
0.416882 0.333004 
0.440589 0.29898 
0.472339 0.26988 
0.54329 0.167074 
0.496639 0.232353 
0.521744 0.2 
0.586805 0.167071 
0.630315 0.167066 
0.673817 0.167062 
0.932331 0.164124 
0.956634 0.2 
0.890318 0.168595 
0.717317 0.167068 
0.760809 0.16711 
0.804227 0.167256 
0.847403 0.167599 
0.972421 0.227963 
1 0.2 
0.415085 0.433467 
0.36507 0.44941 
0.378283 0.446024 
0.39202 0.452495 
0.408615 0.450153 
0.423356 0.44631 
0.358551 0.464159 
0.243108 0.472229 
0.250472 0.47148 
0.256666 0.474241 
0.296533 0.471489 
0.262972 0.47259 
0.289923 0.475023 
0.283808 0.473563 
0.276762 0.47233 
0.269793 0.473866 
0.231303 0.477494 
0.238777 0.477887 
0.227851 0.484374 
0.303933 0.473735 
0.310601 0.472563 
0.317396 0.473331 
0.324193 0.471431 
0.352957 0.47269 
0.332123 0.470351 
0.340742 0.471152 
0.34674 0.473484 
0.20334 0.491357 
0.210327 0.491528 
0.217366 0.49139 
0.224346 0.491098 
0.137048 0.4975 
0.147681 0.491486 
0.14403 0.4975 
0.196419 0.49121 
0.154602 0.491637 
0.161484 0.491705 
0.168382 0.491665 
0.189406 0.491272 
0.175335 0.491567 
0.182361 0.491429 
0.122881 0.5025 
0.129863 0.5025 
0.136845 0.5025 
0.074008 0.5025 
0.0809899 0.5025 
0.0879718 0.5025 
0.115899 0.5025 
0.108918 0.5025 
0.0949537 0.5025 
0.101936 0.5025 
0.0260273 0.513713 
0.0359063 0.508398 
0.0328559 0.513981 
0.0426182 0.508636 
0.0495317 0.508842 
0.0565345 0.508939 
0.0635679 0.508944 
0.0705973 0.50891 
0.0105764 0.513693 
0.00584289 0.517774 
0 0.521747 
0.0185779 0.516231 
0.412475 0.4 
0.437087 0.36687 
0.460618 0.334425 
0.474802 0.304833 
0.499047 0.293143 
0.514593 0.264297 
0.565233 0.2 
0.539745 0.23252 
0.608722 0.2 
0.652211 0.2 
0.6957 0.2 
0.935903 0.237253 
0.913145 0.2 
0.869656 0.2 
0.739189 0.2 
0.782678 0.2 
0.826167 0.2 
0.968789 0.258406 
1 0.240992 
0.438462 0.429093 
0.458898 0.432913 
0.437172 0.452872 
0.368992 0.464091 
0.379376 0.459248 
0.390075 0.46557 
0.401311 0.464508 
0.411725 0.464327 
0.422653 0.460357 
0.359973 0.474337 
0.366414 0.471103 
0.300502 0.478926 
0.24605 0.478398 
0.252703 0.479139 
0.259764 0.479198 
0.294173 0.479319 
0.266312 0.479391 
0.28716 0.479669 
0.280071 0.479022 
0.273418 0.478879 
0.234969 0.484413 
0.242121 0.484659 
0.23136 0.490998 
0.307472 0.479132 
0.314415 0.479062 
0.321576 0.478796 
0.328607 0.478036 
0.356824 0.479238 
0.349834 0.479122 
0.336008 0.478023 
0.342672 0.478934 
0.304186 0.485225 
0.199884 0.4975 
0.206866 0.4975 
0.213848 0.4975 
0.22083 0.4975 
0.227812 0.4975 
0.143827 0.5025 
0.151012 0.4975 
0.150809 0.5025 
0.192903 0.4975 
0.157994 0.4975 
0.164975 0.4975 
0.171957 0.4975 
0.185921 0.4975 
0.178939 0.4975 
0.119339 0.50869 
0.126342 0.508604 
0.133368 0.508586 
0.140375 0.508609 
0.0775951 0.508868 
0.0845619 0.508832 
0.0915241 0.508821 
0.112405 0.508807 
0.105459 0.508849 
0.0984944 0.508839 
0.0251287 0.519492 
0.0300695 0.518324 
0.0391533 0.514513 
0.0352844 0.520158 
0.0459221 0.515183 
0.0529636 0.515549 
0.06008 0.515554 
0.0671779 0.515425 
0.0742345 0.51532 
0.0129554 0.521127 
0.00709119 0.526043 
0 0.530375 
0.0212729 0.52432 
0.456237 0.4 
0.481801 0.428521 
0.479908 0.365834 
0.501417 0.327738 
0.532081 0.298967 
0.557335 0.265436 
0.582994 0.232667 
0.626312 0.232763 
0.942018 0.277069 
0.669799 0.232845 
0.71344 0.232919 
0.908461 0.269074 
0.890799 0.23482 
0.845277 0.233014 
0.757328 0.232759 
0.801653 0.232261 
0.972459 0.291754 
1 0.276658 
0.950034 0.30992 
0.502547 0.432193 
0.453183 0.449879 
0.46693 0.445675 
0.48071 0.452519 
0.496988 0.449358 
0.434807 0.466991 
0.445635 0.46334 
0.4566 0.465165 
0.37452 0.47021 
0.383004 0.470983 
0.389149 0.473504 
0.395589 0.472678 
0.402372 0.474533 
0.408777 0.471795 
0.41725 0.470796 
0.425643 0.471048 
0.364197 0.478812 
0.370893 0.477934 
0.297424 0.485279 
0.249119 0.484991 
0.256042 0.485225 
0.262929 0.485311 
0.290644 0.485452 
0.269817 0.485269 
0.28363 0.485439 
0.276724 0.485239 
0.238401 0.491054 
0.245422 0.491182 
0.234794 0.4975 
0.311187 0.485244 
0.318243 0.485125 
0.325322 0.484877 
0.332414 0.484723 
0.360528 0.485171 
0.353429 0.485248 
0.34638 0.485135 
0.339418 0.484892 
0.300962 0.491382 
0.307906 0.491378 
0.199682 0.5025 
0.206664 0.5025 
0.213646 0.5025 
0.220628 0.5025 
0.22761 0.5025 
0.234592 0.5025 
0.147345 0.508632 
0.157791 0.5025 
0.15429 0.508636 
0.1927 0.5025 
0.164773 0.5025 
0.171755 0.5025 
0.178736 0.5025 
0.185718 0.5025 
0.11585 0.515081 
0.12279 0.514803 
0.129868 0.514651 
0.136944 0.514683 
0.143939 0.514782 
0.0811995 0.515223 
0.0881212 0.515165 
0.0950723 0.515195 
0.108973 0.515249 
0.10205 0.515271 
0.0296958 0.524873 
0.0421307 0.521345 
0.0371996 0.526153 
0.0491438 0.522415 
0.0566143 0.522574 
0.0636439 0.521985 
0.0709592 0.521873 
0.077896 0.521657 
0.0678394 0.527541 
0.0153678 0.52975 
0.00839219 0.535332 
0 0.540417 
0.024474 0.53237 
0.5 0.4 
0.52305 0.365169 
0.546075 0.331559 
0.574051 0.298815 
0.600392 0.265529 
0.643782 0.265734 
0.922518 0.299627 
0.687525 0.266006 
0.896243 0.297247 
0.731281 0.266102 
0.868162 0.272748 
0.821127 0.265405 
0.775149 0.265907 
0.976736 0.322434 
1 0.307934 
0.930405 0.330164 
0.956655 0.338424 
0.510141 0.445522 
0.526067 0.428017 
0.546312 0.432762 
0.467577 0.460261 
0.479289 0.465686 
0.490663 0.463895 
0.511537 0.459074 
0.501131 0.463659 
0.43188 0.474325 
0.437215 0.474384 
0.443405 0.471464 
0.451405 0.471928 
0.457797 0.474027 
0.463956 0.471423 
0.378066 0.477883 
0.384794 0.478952 
0.392281 0.479338 
0.399135 0.47962 
0.406188 0.478971 
0.412988 0.478191 
0.420448 0.478049 
0.427272 0.479333 
0.367573 0.48488 
0.374489 0.484646 
0.294075 0.491429 
0.2524 0.491305 
0.259352 0.491377 
0.26629 0.491396 
0.28714 0.491458 
0.273231 0.491393 
0.280179 0.491424 
0.241775 0.4975 
0.248757 0.4975 
0.241573 0.5025 
0.363999 0.491264 
0.29763 0.4975 
0.314928 0.491367 
0.321978 0.491292 
0.329014 0.491204 
0.335999 0.491191 
0.356981 0.491344 
0.349959 0.491337 
0.342965 0.491264 
0.304612 0.4975 
0.311593 0.4975 
0.196189 0.508731 
0.203151 0.508573 
0.210249 0.508411 
0.217331 0.50848 
0.224406 0.508643 
0.231293 0.508711 
0.238178 0.50871 
0.150841 0.514787 
0.161245 0.508652 
0.157713 0.514765 
0.189272 0.508838 
0.168223 0.508795 
0.175236 0.508922 
0.182275 0.508925 
0.112446 0.52167 
0.119155 0.521275 
0.126357 0.520736 
0.133435 0.520524 
0.140683 0.520953 
0.147452 0.521033 
0.0915773 0.521427 
0.084807 0.521542 
0.0815728 0.526832 
0.0986837 0.521706 
0.105637 0.521838 
0.0952914 0.526962 
0.109188 0.527573 
0.0344417 0.533294 
0.0443908 0.530813 
0.052849 0.529083 
0.0610047 0.53087 
0.0749755 0.529305 
0.0686203 0.533662 
0.018021 0.539309 
0.00987138 0.546091 
0 0.552108 
0.0287353 0.541852 
0.543763 0.4 
0.567139 0.365886 
0.591085 0.332419 
0.61739 0.298941 
0.661722 0.299251 
0.902253 0.324418 
0.705521 0.299468 
0.869184 0.313422 
0.749026 0.299734 
0.833701 0.302282 
0.792256 0.300364 
0.911878 0.351554 
0.980791 0.348021 
1 0.335362 
0.939095 0.357042 
0.963391 0.363025 
0.56979 0.428517 
0.590132 0.433045 
0.524107 0.452615 
0.567819 0.453355 
0.554223 0.445629 
0.540319 0.449574 
0.522286 0.465337 
0.472347 0.471467 
0.478943 0.473565 
0.485432 0.47235 
0.492045 0.472835 
0.521416 0.473298 
0.515275 0.470756 
0.498599 0.470625 
0.506735 0.469926 
0.434462 0.479868 
0.441439 0.479011 
0.447902 0.478244 
0.454305 0.479059 
0.461686 0.478827 
0.468539 0.478481 
0.381462 0.484857 
0.388514 0.485219 
0.395613 0.485476 
0.402704 0.485365 
0.409572 0.48499 
0.416597 0.484828 
0.42364 0.485196 
0.430787 0.485757 
0.370983 0.49116 
0.377955 0.491159 
0.290648 0.4975 
0.255739 0.4975 
0.262721 0.4975 
0.269703 0.4975 
0.283666 0.4975 
0.276684 0.4975 
0.248555 0.5025 
0.255537 0.5025 
0.24508 0.508646 
0.367448 0.4975 
0.360466 0.4975 
0.297429 0.5025 
0.304411 0.5025 
0.318575 0.4975 
0.325557 0.4975 
0.332539 0.4975 
0.339521 0.4975 
0.353484 0.4975 
0.346502 0.4975 
0.311392 0.5025 
0.318374 0.5025 
0.192818 0.515091 
0.199505 0.514887 
0.206616 0.514513 
0.213909 0.51439 
0.221101 0.514564 
0.228107 0.514887 
0.234869 0.515037 
0.241669 0.514896 
0.154305 0.520879 
0.164666 0.514899 
0.160933 0.520745 
0.185914 0.515292 
0.171672 0.51532 
0.178756 0.515507 
0.189895 0.521439 
0.116246 0.529401 
0.123205 0.526514 
0.130043 0.527058 
0.136793 0.52619 
0.144208 0.528765 
0.151012 0.526227 
0.0884772 0.528958 
0.0819543 0.532908 
0.10248 0.52956 
0.0952393 0.533161 
0.109534 0.53465 
0.116375 0.537149 
0.040192 0.541725 
0.052954 0.540003 
0.0645169 0.541243 
0.0763332 0.540303 
0 0.565717 
0.0212837 0.550454 
0.0115302 0.558918 
0.0339947 0.553933 
0 0.581559 
0.587525 0.4 
0.611342 0.366169 
0.636082 0.332601 
0.680096 0.332772 
0.880946 0.345853 
0.723603 0.333032 
0.846438 0.33944 
0.766529 0.333645 
0.808122 0.335282 
0.894867 0.374396 
0.9237 0.377454 
0.984843 0.369983 
1 0.359414 
0.94878 0.380639 
0.970258 0.383767 
0.613138 0.428683 
0.633582 0.433378 
0.584124 0.450459 
0.598429 0.445586 
0.533381 0.464169 
0.586769 0.465194 
0.576212 0.464451 
0.565049 0.465526 
0.554242 0.459359 
0.543901 0.464468 
0.527719 0.472342 
0.534728 0.474162 
0.475219 0.479077 
0.482426 0.479245 
0.489206 0.478854 
0.496283 0.478414 
0.524477 0.479163 
0.517322 0.478891 
0.510609 0.477765 
0.503259 0.477679 
0.437893 0.485439 
0.444571 0.485077 
0.451241 0.485009 
0.458111 0.485087 
0.471998 0.485081 
0.465076 0.485046 
0.384953 0.491278 
0.391976 0.491404 
0.399002 0.491432 
0.405989 0.49134 
0.412963 0.491245 
0.41997 0.491295 
0.427006 0.491481 
0.434063 0.491615 
0.37443 0.4975 
0.381411 0.4975 
0.374229 0.5025 
0.290447 0.5025 
0.262519 0.5025 
0.269501 0.5025 
0.276483 0.5025 
0.283465 0.5025 
0.252007 0.508596 
0.258961 0.508602 
0.248502 0.514699 
0.360266 0.5025 
0.367248 0.5025 
0.294015 0.508665 
0.30099 0.508642 
0.307935 0.508648 
0.325356 0.5025 
0.332338 0.5025 
0.33932 0.5025 
0.346302 0.5025 
0.353284 0.5025 
0.314837 0.508681 
0.321731 0.5087 
0.196136 0.52136 
0.202817 0.5208 
0.210332 0.520341 
0.217806 0.520078 
0.22501 0.520992 
0.231519 0.52157 
0.238456 0.521461 
0.244933 0.520831 
0.157719 0.527239 
0.168211 0.521123 
0.164061 0.526472 
0.182465 0.521953 
0.174937 0.522677 
0.187229 0.527156 
0.193603 0.528014 
0.124623 0.534414 
0.135847 0.533969 
0.144065 0.536405 
0.152216 0.534444 
0.0889062 0.539888 
0.101214 0.540841 
0.111743 0.543372 
0.121255 0.543976 
0.0469679 0.554319 
0.0596819 0.553402 
0.0720766 0.552946 
0.083515 0.552434 
0.0137078 0.573044 
0.0259246 0.564627 
0.0403234 0.568415 
0.01263 0.587437 
0 0.6 
0.631288 0.4 
0.655051 0.366162 
0.69901 0.366371 
0.862186 0.371427 
0.742071 0.366528 
0.825384 0.368881 
0.784559 0.367159 
0.880066 0.4 
0.656695 0.429894 
0.8828 0.425782 
0.898107 0.418768 
0.91049 0.4 
0.936839 0.4 
0.987106 0.386851 
1 0.380507 
0.959662 0.4 
0.980431 0.4 
0.611733 0.453083 
0.627848 0.450017 
0.642689 0.446096 
0.655829 0.452613 
0.597462 0.460517 
0.609343 0.467118 
0.592429 0.471 
0.541127 0.471211 
0.583463 0.471704 
0.576838 0.474038 
0.57004 0.472377 
0.564 0.473334 
0.55801 0.470945 
0.549522 0.470565 
0.531387 0.479773 
0.538981 0.478773 
0.478966 0.485234 
0.485964 0.485191 
0.492953 0.484956 
0.499965 0.484659 
0.528025 0.485491 
0.520988 0.485182 
0.514029 0.484804 
0.507024 0.484533 
0.441074 0.491449 
0.447846 0.491304 
0.454713 0.491284 
0.475578 0.491349 
0.461643 0.491298 
0.468609 0.4913 
0.388393 0.4975 
0.395375 0.4975 
0.402357 0.4975 
0.409339 0.4975 
0.41632 0.4975 
0.423302 0.4975 
0.430284 0.4975 
0.437266 0.4975 
0.370697 0.508596 
0.381211 0.5025 
0.388193 0.5025 
0.377687 0.508579 
0.287018 0.508681 
0.265946 0.508628 
0.272966 0.508648 
0.279996 0.508676 
0.255411 0.514682 
0.262343 0.514746 
0.251913 0.520556 
0.356779 0.508637 
0.363742 0.508619 
0.290635 0.514881 
0.297599 0.514811 
0.304576 0.514757 
0.31143 0.514845 
0.328658 0.508702 
0.335644 0.508712 
0.342698 0.508713 
0.349766 0.50867 
0.318186 0.514933 
0.324993 0.514925 
0.200476 0.52835 
0.206899 0.525527 
0.213953 0.526871 
0.221166 0.525845 
0.227636 0.528388 
0.235035 0.528658 
0.242708 0.527774 
0.248744 0.52551 
0.162759 0.534129 
0.170342 0.529437 
0.180148 0.531131 
0.189367 0.534244 
0.198515 0.535535 
0.131391 0.543382 
0.13983 0.541597 
0.148185 0.543697 
0.159496 0.543675 
0.095034 0.552533 
0.105949 0.553176 
0.117033 0.553728 
0.127682 0.553501 
0.0546573 0.568442 
0.0669189 0.563457 
0.0786471 0.566287 
0.0900394 0.562797 
0.0294012 0.582733 
0.0494108 0.583284 
0.0198875 0.6 
0.0131107 0.61375 
0 0.619493 
0.67505 0.4 
0.677798 0.431866 
0.718813 0.4 
0.845426 0.4 
0.762576 0.4 
0.805621 0.4 
0.866334 0.422003 
0.67216 0.450098 
0.870506 0.450158 
0.877009 0.441479 
0.892436 0.43811 
0.914241 0.423163 
0.907961 0.436977 
0.929493 0.416341 
0.951007 0.420115 
0.987679 0.412293 
1 0.4 
0.97162 0.417436 
0.620078 0.46352 
0.631173 0.465332 
0.64254 0.46003 
0.654454 0.465445 
0.676012 0.464216 
0.665688 0.464384 
0.600364 0.471241 
0.606205 0.47493 
0.61185 0.474989 
0.617708 0.471548 
0.595113 0.478083 
0.587691 0.478125 
0.545751 0.478102 
0.580695 0.478869 
0.573487 0.479204 
0.567039 0.479036 
0.559864 0.478788 
0.552701 0.477928 
0.53523 0.485449 
0.542229 0.484947 
0.482569 0.491379 
0.489563 0.4913 
0.496569 0.491188 
0.531554 0.491518 
0.50358 0.491102 
0.52452 0.491438 
0.517536 0.491268 
0.510569 0.49113 
0.479157 0.4975 
0.444248 0.4975 
0.451229 0.4975 
0.458211 0.4975 
0.472175 0.4975 
0.465193 0.4975 
0.395175 0.5025 
0.402157 0.5025 
0.409139 0.5025 
0.416121 0.5025 
0.423103 0.5025 
0.430085 0.5025 
0.437066 0.5025 
0.444048 0.5025 
0.367192 0.514761 
0.374137 0.514758 
0.384722 0.508607 
0.391724 0.508738 
0.381141 0.514614 
0.283582 0.514882 
0.269384 0.514798 
0.276475 0.514857 
0.258737 0.520909 
0.26562 0.520871 
0.254939 0.52703 
0.353334 0.514811 
0.360275 0.514727 
0.287406 0.521098 
0.294199 0.52116 
0.301187 0.520774 
0.308321 0.520835 
0.31474 0.52124 
0.331894 0.514899 
0.338957 0.515031 
0.346196 0.514868 
0.321399 0.521224 
0.328091 0.521096 
0.208156 0.534408 
0.2207 0.534287 
0.23128 0.536001 
0.240886 0.535419 
0.249135 0.53189 
0.171916 0.541114 
0.184016 0.542327 
0.194886 0.544154 
0.205325 0.544504 
0.140029 0.551565 
0.153471 0.554495 
0.16656 0.553986 
0.100575 0.566077 
0.11153 0.562219 
0.122418 0.565591 
0.133965 0.562764 
0.0693711 0.580112 
0.0912015 0.579186 
0.040684 0.6 
0.062028 0.6 
0.0317339 0.618684 
0.0144561 0.630682 
0 0.640586 
0.685146 0.446119 
0.701053 0.428292 
0.721792 0.433199 
0.744474 0.428413 
0.764789 0.431437 
0.848264 0.42867 
0.829563 0.423165 
0.788078 0.428173 
0.809579 0.430973 
0.860862 0.443982 
0.686316 0.459751 
0.865867 0.45735 
0.877465 0.455811 
0.888277 0.452474 
0.90167 0.451378 
0.923914 0.436508 
0.917407 0.453935 
0.940364 0.435635 
0.953859 0.437144 
0.963496 0.430648 
0.986342 0.425587 
1 0.418441 
0.976022 0.433778 
0.62533 0.47193 
0.632055 0.473887 
0.638409 0.471498 
0.64722 0.471377 
0.653789 0.474478 
0.681572 0.470392 
0.660313 0.472691 
0.673526 0.471287 
0.666912 0.473251 
0.601616 0.479392 
0.608969 0.480385 
0.615832 0.479062 
0.622282 0.478266 
0.598231 0.485165 
0.5912 0.484795 
0.584112 0.484902 
0.549173 0.484693 
0.577072 0.485144 
0.570145 0.485183 
0.563224 0.48506 
0.556184 0.484811 
0.538641 0.491453 
0.545597 0.49121 
0.486138 0.4975 
0.48594 0.5025 
0.49312 0.4975 
0.500102 0.4975 
0.535011 0.4975 
0.528029 0.4975 
0.507084 0.4975 
0.521047 0.4975 
0.514066 0.4975 
0.478958 0.5025 
0.45103 0.5025 
0.458012 0.5025 
0.464994 0.5025 
0.471976 0.5025 
0.398679 0.508872 
0.40562 0.508952 
0.412568 0.509016 
0.419555 0.509081 
0.426574 0.509117 
0.433608 0.509073 
0.447569 0.508861 
0.440622 0.508965 
0.363763 0.520837 
0.370546 0.521042 
0.377556 0.520954 
0.38833 0.514778 
0.395205 0.515207 
0.384653 0.52061 
0.279974 0.521105 
0.272952 0.521039 
0.262197 0.527568 
0.268974 0.526604 
0.283977 0.526584 
0.257846 0.534518 
0.350156 0.521086 
0.356834 0.520876 
0.290429 0.527848 
0.297937 0.527549 
0.304735 0.525674 
0.311317 0.52786 
0.317789 0.527748 
0.335106 0.521585 
0.342206 0.521426 
0.346924 0.526482 
0.324593 0.527402 
0.330589 0.52659 
0.216133 0.544143 
0.227096 0.544556 
0.238062 0.544457 
0.249826 0.542775 
0.1794 0.553623 
0.190391 0.554069 
0.201886 0.554427 
0.212376 0.554354 
0.146405 0.56639 
0.161669 0.568145 
0.174171 0.563639 
0.112371 0.578925 
0.133597 0.579107 
0.0833925 0.6 
0.104757 0.6 
0.0534959 0.616942 
0.0735724 0.617262 
0.0477673 0.6325 
0.033488 0.641233 
0.0178833 0.652639 
0 0.664638 
0.697152 0.465679 
0.699174 0.45312 
0.715363 0.449757 
0.729592 0.445621 
0.742825 0.452657 
0.758264 0.449494 
0.772204 0.445881 
0.841092 0.444834 
0.833344 0.454326 
0.786713 0.452873 
0.823664 0.446874 
0.803239 0.449193 
0.854003 0.45867 
0.690122 0.471094 
0.696258 0.473447 
0.863524 0.465233 
0.872072 0.466214 
0.88372 0.465912 
0.896257 0.464276 
0.907684 0.462499 
0.916505 0.465487 
0.93402 0.452997 
0.925904 0.464431 
0.949876 0.450684 
0.964913 0.445125 
0.960885 0.457929 
0.988728 0.441037 
1 0.434283 
0.978853 0.44829 
0.628685 0.479027 
0.63599 0.479042 
0.642922 0.478538 
0.64984 0.479101 
0.657099 0.479485 
0.685389 0.477989 
0.678001 0.477991 
0.663936 0.479105 
0.671074 0.478744 
0.605362 0.485934 
0.612255 0.485441 
0.618969 0.485083 
0.625665 0.485017 
0.601559 0.491498 
0.594536 0.491282 
0.587516 0.49121 
0.580499 0.491265 
0.552574 0.491161 
0.573508 0.491331 
0.566548 0.491307 
0.559568 0.491229 
0.541993 0.4975 
0.548975 0.4975 
0.541795 0.5025 
0.482363 0.508636 
0.492922 0.5025 
0.489371 0.50866 
0.499903 0.5025 
0.506885 0.5025 
0.534813 0.5025 
0.527831 0.5025 
0.513867 0.5025 
0.520849 0.5025 
0.475344 0.50864 
0.454472 0.508819 
0.461387 0.50879 
0.468335 0.508705 
0.451075 0.515166 
0.402156 0.515364 
0.409011 0.515496 
0.415961 0.515625 
0.423017 0.515805 
0.430108 0.515816 
0.437232 0.515607 
0.444254 0.515307 
0.360769 0.525673 
0.366752 0.527102 
0.374087 0.527913 
0.381202 0.526849 
0.398521 0.522041 
0.391821 0.521451 
0.387429 0.526156 
0.276397 0.529437 
0.267706 0.534103 
0.285338 0.534754 
0.262832 0.543927 
0.354027 0.528159 
0.294796 0.534389 
0.304584 0.533956 
0.314646 0.535129 
0.321535 0.53273 
0.347592 0.532825 
0.338801 0.530648 
0.329096 0.533975 
0.223307 0.554234 
0.233661 0.554006 
0.245621 0.553984 
0.256939 0.553822 
0.18563 0.566629 
0.196525 0.563256 
0.20684 0.566418 
0.218274 0.563379 
0.155699 0.582263 
0.176184 0.579938 
0.126121 0.6 
0.147486 0.6 
0.0944244 0.61759 
0.115569 0.617834 
0.0640381 0.633808 
0.0840555 0.635231 
0.0525083 0.650563 
0.0387076 0.664926 
0.0215291 0.679171 
0 0.692066 
0.702327 0.472492 
0.708353 0.464087 
0.718583 0.464057 
0.728968 0.459909 
0.761437 0.465182 
0.750775 0.464099 
0.739791 0.465649 
0.771802 0.460226 
0.782582 0.465858 
0.841696 0.461165 
0.827104 0.46189 
0.79388 0.464743 
0.816102 0.460251 
0.805915 0.465384 
0.857186 0.470093 
0.848958 0.469488 
0.841928 0.471748 
0.692168 0.478931 
0.699518 0.479039 
0.865392 0.471913 
0.871253 0.474251 
0.877281 0.473028 
0.883856 0.474296 
0.890602 0.47279 
0.897613 0.474018 
0.904232 0.470862 
0.911747 0.470896 
0.919739 0.471432 
0.926043 0.473552 
0.935443 0.465357 
0.943972 0.461758 
0.932341 0.4714 
0.952943 0.463177 
0.959556 0.466065 
0.971536 0.457328 
0.966487 0.465198 
0.990249 0.453497 
1 0.447892 
0.98212 0.460193 
0.632541 0.485128 
0.639546 0.485079 
0.646527 0.485134 
0.653576 0.485377 
0.660608 0.48534 
0.688752 0.484853 
0.681711 0.484672 
0.674685 0.484853 
0.667606 0.485114 
0.608551 0.491592 
0.61547 0.49141 
0.622312 0.491301 
0.629201 0.491293 
0.597847 0.4975 
0.604829 0.4975 
0.590865 0.4975 
0.583884 0.4975 
0.576902 0.4975 
0.555956 0.4975 
0.56992 0.4975 
0.562938 0.4975 
0.548777 0.5025 
0.555759 0.5025 
0.538403 0.508698 
0.545329 0.508684 
0.478768 0.514713 
0.485808 0.514837 
0.496397 0.508733 
0.492827 0.51491 
0.503432 0.50883 
0.510467 0.50893 
0.531483 0.508785 
0.524526 0.508895 
0.517507 0.508959 
0.44803 0.521399 
0.471661 0.514785 
0.457824 0.515165 
0.464688 0.515053 
0.454303 0.521444 
0.40552 0.522049 
0.412241 0.521985 
0.402029 0.527669 
0.419377 0.522394 
0.415463 0.527866 
0.426554 0.522845 
0.433691 0.522489 
0.441124 0.522016 
0.36128 0.532228 
0.370132 0.534822 
0.378977 0.534967 
0.386016 0.531774 
0.394361 0.530522 
0.275619 0.541747 
0.291802 0.540653 
0.285603 0.543654 
0.26952 0.553293 
0.354181 0.537845 
0.299955 0.541759 
0.311163 0.542844 
0.322117 0.541213 
0.3439 0.540831 
0.334163 0.541936 
0.228482 0.566502 
0.239702 0.562256 
0.250913 0.566163 
0.262996 0.563082 
0.197408 0.579272 
0.219339 0.579276 
0.16885 0.6 
0.190215 0.6 
0.137029 0.618049 
0.15847 0.617956 
0.104935 0.635917 
0.126592 0.636177 
0.0724304 0.654436 
0.0933041 0.654484 
0.0608388 0.674291 
0.0462051 0.691859 
0.0263788 0.708895 
0 0.723342 
0 0.759008 
0.709351 0.473982 
0.70616 0.479105 
0.715783 0.471292 
0.723968 0.470455 
0.732648 0.471164 
0.766717 0.471057 
0.758157 0.471729 
0.751617 0.474135 
0.744775 0.472346 
0.73875 0.473711 
0.775147 0.471131 
0.781136 0.473813 
0.786817 0.47236 
0.793595 0.474347 
0.834453 0.469924 
0.827639 0.47211 
0.820831 0.470231 
0.800056 0.472533 
0.812743 0.471079 
0.806754 0.47391 
0.860504 0.478045 
0.853066 0.477397 
0.845873 0.477854 
0.838358 0.477872 
0.695756 0.48509 
0.70274 0.485156 
0.867318 0.47929 
0.874244 0.479497 
0.880618 0.479186 
0.887447 0.47952 
0.894337 0.479757 
0.901876 0.478911 
0.908414 0.47809 
0.915525 0.478157 
0.922262 0.478912 
0.929728 0.478608 
0.940279 0.470596 
0.94783 0.470448 
0.936575 0.477911 
0.954938 0.471607 
0.962528 0.472412 
0.969879 0.473456 
0.975956 0.467234 
0.991621 0.464522 
1 0.459583 
0.984511 0.470281 
0.636154 0.491306 
0.643138 0.49132 
0.692183 0.491241 
0.650136 0.491377 
0.657144 0.491413 
0.664154 0.491367 
0.685212 0.491172 
0.678198 0.491168 
0.671172 0.491264 
0.59765 0.5025 
0.611811 0.4975 
0.618793 0.4975 
0.625775 0.4975 
0.632756 0.4975 
0.604632 0.5025 
0.611614 0.5025 
0.590668 0.5025 
0.583686 0.5025 
0.576704 0.5025 
0.562741 0.5025 
0.569722 0.5025 
0.552249 0.508684 
0.559167 0.508649 
0.535076 0.51494 
0.541933 0.514846 
0.548825 0.514899 
0.475281 0.520706 
0.482219 0.5209 
0.489301 0.521215 
0.49993 0.515024 
0.496157 0.520995 
0.507034 0.515338 
0.514121 0.515536 
0.52826 0.515212 
0.521251 0.515483 
0.445226 0.527273 
0.451003 0.528015 
0.468021 0.521246 
0.46112 0.521821 
0.457031 0.527298 
0.472415 0.52613 
0.408896 0.529746 
0.402557 0.533806 
0.415205 0.533991 
0.422687 0.531201 
0.430445 0.529371 
0.438665 0.53086 
0.364123 0.542337 
0.376068 0.544143 
0.38811 0.540375 
0.398361 0.540797 
0.281915 0.553049 
0.293318 0.54871 
0.276092 0.566191 
0.354165 0.550691 
0.304991 0.551919 
0.316083 0.549952 
0.327035 0.553664 
0.339645 0.552486 
0.240182 0.579289 
0.2625 0.579811 
0.211579 0.6 
0.232944 0.6 
0.179894 0.617895 
0.201303 0.617863 
0.148065 0.635992 
0.169535 0.635766 
0.11633 0.655043 
0.137634 0.654217 
0.0838561 0.67861 
0.105609 0.670422 
0.0737813 0.700908 
0.0568736 0.722188 
0.0298293 0.740483 
0.0276388 0.772211 
0 0.8 
0.713307 0.478789 
0.709694 0.485072 
0.720147 0.478011 
0.727425 0.478008 
0.73439 0.479087 
0.769905 0.477909 
0.762503 0.478221 
0.755487 0.478945 
0.748256 0.479361 
0.74186 0.479054 
0.863547 0.485033 
0.776895 0.478959 
0.784075 0.478885 
0.790076 0.479159 
0.797 0.479485 
0.831252 0.47784 
0.824136 0.478167 
0.817263 0.477891 
0.803612 0.47957 
0.810787 0.478506 
0.856516 0.484523 
0.849359 0.484375 
0.842167 0.484435 
0.834999 0.484448 
0.699166 0.491315 
0.706144 0.491303 
0.695593 0.4975 
0.870538 0.485341 
0.877535 0.485369 
0.884159 0.48542 
0.891051 0.485539 
0.898111 0.485465 
0.905089 0.484967 
0.912012 0.484749 
0.918975 0.484857 
0.926019 0.484914 
0.933097 0.484711 
0.943847 0.477648 
0.951002 0.477899 
0.940155 0.484503 
0.957933 0.478431 
0.964664 0.479112 
0.970782 0.480302 
0.977665 0.477061 
0.992845 0.473953 
1 0.469625 
0.9868 0.478798 
0.639738 0.4975 
0.64672 0.4975 
0.688611 0.4975 
0.653702 0.4975 
0.660684 0.4975 
0.667665 0.4975 
0.681629 0.4975 
0.674647 0.4975 
0.59409 0.508759 
0.601007 0.508743 
0.618596 0.5025 
0.625578 0.5025 
0.632559 0.5025 
0.639541 0.5025 
0.607962 0.508685 
0.614978 0.508642 
0.587128 0.508717 
0.580125 0.508661 
0.573119 0.508619 
0.566123 0.508617 
0.555647 0.514892 
0.562483 0.514711 
0.590616 0.515016 
0.532049 0.521215 
0.538327 0.520897 
0.545639 0.520964 
0.552158 0.52133 
0.47863 0.526568 
0.485528 0.527364 
0.493265 0.528283 
0.503719 0.521548 
0.499754 0.526496 
0.51055 0.522189 
0.517931 0.522358 
0.525171 0.521966 
0.447307 0.534076 
0.456009 0.534266 
0.465573 0.530715 
0.474346 0.531562 
0.409023 0.539985 
0.419869 0.541444 
0.430629 0.539461 
0.44229 0.541431 
0.368898 0.554296 
0.381897 0.554057 
0.393498 0.553137 
0.404387 0.552672 
0.294538 0.564116 
0.284624 0.582495 
0.360881 0.566326 
0.347453 0.562315 
0.314889 0.564134 
0.333567 0.566938 
0.254308 0.6 
0.275673 0.6 
0.222669 0.617829 
0.243976 0.617825 
0.191033 0.63575 
0.21247 0.635653 
0.159143 0.653771 
0.180623 0.653218 
0.126959 0.676196 
0.148737 0.668516 
0.108266 0.70079 
0.0898084 0.730757 
0.0644056 0.76242 
0 0.83991 
0.0433665 0.8 
0.027811 0.827597 
0 0.879932 
0.716686 0.484831 
0.713126 0.491238 
0.723715 0.484689 
0.73077 0.484914 
0.77302 0.484873 
0.737843 0.485195 
0.765931 0.484738 
0.758824 0.48495 
0.751752 0.485277 
0.744831 0.48527 
0.866813 0.49137 
0.859827 0.491184 
0.780018 0.485089 
0.786804 0.485203 
0.793523 0.485356 
0.800357 0.485449 
0.827931 0.48452 
0.820958 0.484589 
0.814123 0.484774 
0.807309 0.485268 
0.852801 0.491029 
0.845734 0.490983 
0.838661 0.490989 
0.831617 0.49101 
0.702574 0.4975 
0.709556 0.4975 
0.695396 0.5025 
0.702378 0.5025 
0.873805 0.491427 
0.880713 0.491446 
0.887614 0.491479 
0.894583 0.491474 
0.901576 0.491363 
0.908546 0.491215 
0.915516 0.49118 
0.92251 0.491201 
0.929533 0.491172 
0.936556 0.491091 
0.94723 0.484504 
0.954228 0.484726 
0.943569 0.491053 
0.961113 0.485103 
0.967892 0.485657 
0.975241 0.484919 
0.982014 0.484395 
0.994136 0.482241 
1 0.478253 
0.989092 0.486416 
0.646523 0.5025 
0.653505 0.5025 
0.688415 0.5025 
0.660487 0.5025 
0.667469 0.5025 
0.674451 0.5025 
0.681433 0.5025 
0.597473 0.515094 
0.604241 0.514927 
0.642971 0.508725 
0.622006 0.508645 
0.629014 0.508664 
0.636013 0.508695 
0.611302 0.514799 
0.618409 0.514767 
0.583586 0.514888 
0.576514 0.514805 
0.569508 0.514723 
0.559001 0.521082 
0.565872 0.520706 
0.587325 0.521074 
0.594095 0.521565 
0.529233 0.527211 
0.53528 0.527829 
0.54186 0.525832 
0.548602 0.528272 
0.555232 0.527873 
0.481353 0.533809 
0.488444 0.533551 
0.499348 0.53179 
0.495025 0.536264 
0.506279 0.529864 
0.514119 0.528424 
0.522376 0.530549 
0.452534 0.542861 
0.462604 0.542633 
0.473088 0.54077 
0.415142 0.552608 
0.425931 0.55285 
0.437069 0.552905 
0.44772 0.553227 
0.376255 0.568225 
0.388527 0.564218 
0.399803 0.566533 
0.410495 0.562969 
0.305915 0.58233 
0.297037 0.6 
0.370291 0.582353 
0.348225 0.580073 
0.326502 0.58241 
0.265227 0.617758 
0.286437 0.617368 
0.233769 0.635576 
0.254963 0.635728 
0.202384 0.654084 
0.223667 0.652801 
0.170265 0.67492 
0.192128 0.668624 
0.150082 0.699913 
0.129181 0.733028 
0.108042 0.765842 
0.0868554 0.8 
0.0329256 0.859062 
0.0666623 0.835481 
0.0348979 0.894512 
0 0.919955 
0 0.959977 
0.720122 0.491166 
0.716538 0.4975 
0.727131 0.491182 
0.734147 0.491279 
0.776189 0.491278 
0.769184 0.491262 
0.741146 0.491362 
0.762149 0.491211 
0.75512 0.491303 
0.748127 0.491369 
0.870138 0.4975 
0.863156 0.4975 
0.856174 0.4975 
0.783126 0.491334 
0.790007 0.491391 
0.796894 0.491446 
0.803822 0.491406 
0.824617 0.491047 
0.817669 0.491118 
0.810753 0.491266 
0.779374 0.4975 
0.849192 0.4975 
0.84221 0.4975 
0.835229 0.4975 
0.828247 0.4975 
0.70936 0.5025 
0.716342 0.5025 
0.691713 0.508554 
0.698701 0.508591 
0.705685 0.508576 
0.877119 0.4975 
0.884101 0.4975 
0.891083 0.4975 
0.898065 0.4975 
0.905047 0.4975 
0.912028 0.4975 
0.91901 0.4975 
0.925992 0.4975 
0.932974 0.4975 
0.939956 0.4975 
0.950565 0.491108 
0.957523 0.491241 
0.946937 0.4975 
0.964453 0.491418 
0.971513 0.491336 
0.978453 0.491223 
0.985243 0.49169 
0.995795 0.488839 
1 0.485664 
0.991559 0.492915 
0.649889 0.508797 
0.646352 0.514986 
0.656828 0.508907 
0.684655 0.508579 
0.663803 0.508985 
0.67076 0.50895 
0.677678 0.508784 
0.600799 0.521596 
0.607497 0.521113 
0.639498 0.514915 
0.625479 0.51483 
0.632495 0.514895 
0.614806 0.520812 
0.62189 0.520887 
0.643248 0.521057 
0.579811 0.521064 
0.572935 0.520881 
0.562616 0.526978 
0.568764 0.525987 
0.583805 0.526422 
0.590711 0.527995 
0.597646 0.528612 
0.531285 0.5345 
0.541891 0.534523 
0.552304 0.535717 
0.559542 0.532753 
0.487021 0.542388 
0.503031 0.537866 
0.497337 0.543359 
0.513693 0.538224 
0.525275 0.541596 
0.458952 0.55383 
0.469405 0.553415 
0.482029 0.553149 
0.421104 0.565764 
0.432045 0.562577 
0.442198 0.566095 
0.453276 0.562242 
0.390425 0.579875 
0.411385 0.578651 
0.318402 0.6 
0.307468 0.616588 
0.382495 0.6 
0.361131 0.6 
0.339766 0.6 
0.276161 0.635333 
0.297083 0.634524 
0.24487 0.653615 
0.266017 0.653708 
0.212966 0.674903 
0.234986 0.668976 
0.19326 0.698686 
0.17229 0.732915 
0.151211 0.766383 
0.130344 0.8 
0.109093 0.831385 
0.0687189 0.876377 
0.0957584 0.860735 
0.0670898 0.906064 
0.0390056 0.938145 
0.0296645 0.973599 
0 1 
0.72352 0.4975 
0.723324 0.5025 
0.730502 0.4975 
0.737483 0.4975 
0.772392 0.4975 
0.765411 0.4975 
0.744465 0.4975 
0.758429 0.4975 
0.751447 0.4975 
0.876926 0.5025 
0.869944 0.5025 
0.862962 0.5025 
0.85598 0.5025 
0.786356 0.4975 
0.793338 0.4975 
0.80032 0.4975 
0.807301 0.4975 
0.821265 0.4975 
0.814283 0.4975 
0.779179 0.5025 
0.786161 0.5025 
0.848998 0.5025 
0.842016 0.5025 
0.835034 0.5025 
0.828052 0.5025 
0.712687 0.508585 
0.719679 0.508633 
0.688046 0.514452 
0.695061 0.514716 
0.701963 0.51471 
0.709019 0.514628 
0.883908 0.5025 
0.890889 0.5025 
0.897871 0.5025 
0.904853 0.5025 
0.911835 0.5025 
0.918817 0.5025 
0.925799 0.5025 
0.932781 0.5025 
0.939763 0.5025 
0.946745 0.5025 
0.953919 0.4975 
0.960901 0.4975 
0.953727 0.5025 
0.967883 0.4975 
0.974865 0.4975 
0.981844 0.4975 
0.988547 0.4975 
0.9964 0.493757 
1 0.492031 
0.994644 0.4975 
0.653148 0.515214 
0.649355 0.521223 
0.660132 0.515494 
0.680752 0.514823 
0.667144 0.51559 
0.674017 0.515357 
0.684429 0.520271 
0.604889 0.528689 
0.611424 0.526357 
0.635907 0.521147 
0.629061 0.52113 
0.618498 0.527281 
0.62512 0.526565 
0.640095 0.526274 
0.645723 0.527605 
0.575954 0.529019 
0.567314 0.533485 
0.584323 0.533782 
0.593429 0.535132 
0.602468 0.535765 
0.536434 0.543589 
0.548928 0.544545 
0.56107 0.542158 
0.494898 0.55304 
0.506449 0.547809 
0.518471 0.552225 
0.531034 0.553667 
0.464052 0.566094 
0.476148 0.562552 
0.489504 0.566566 
0.432511 0.578155 
0.453789 0.579032 
0.40386 0.6 
0.425224 0.6 
0.329078 0.617712 
0.317528 0.633091 
0.392667 0.618733 
0.371662 0.619886 
0.350423 0.619564 
0.287254 0.65291 
0.307655 0.651856 
0.255817 0.674902 
0.277438 0.669313 
0.235848 0.699423 
0.215421 0.732653 
0.194576 0.766369 
0.173833 0.8 
0.151199 0.832669 
0.130547 0.864221 
0.103769 0.896212 
0.0852632 0.934905 
0.0658386 0.969874 
0.0434783 1 
0.730306 0.5025 
0.726665 0.508705 
0.737288 0.5025 
0.74427 0.5025 
0.772197 0.5025 
0.765215 0.5025 
0.751252 0.5025 
0.758234 0.5025 
0.880381 0.508763 
0.873425 0.508719 
0.866456 0.508561 
0.859398 0.508474 
0.8523 0.508462 
0.775734 0.508651 
0.793143 0.5025 
0.800125 0.5025 
0.807107 0.5025 
0.814089 0.5025 
0.821071 0.5025 
0.782682 0.508646 
0.789638 0.508672 
0.84533 0.508626 
0.838439 0.508731 
0.83154 0.508739 
0.824636 0.508662 
0.716026 0.514708 
0.723003 0.51488 
0.691478 0.520837 
0.698458 0.521148 
0.705281 0.520761 
0.71244 0.520567 
0.887338 0.508758 
0.894286 0.508852 
0.901166 0.50894 
0.908217 0.508851 
0.915275 0.508735 
0.922321 0.508655 
0.929333 0.508635 
0.936321 0.508659 
0.943309 0.508677 
0.950305 0.508687 
0.960708 0.5025 
0.96769 0.5025 
0.957289 0.50872 
0.974672 0.5025 
0.981653 0.5025 
0.988465 0.5025 
0.994649 0.5025 
1 0.4975 
0.997323 0.5 
0.656331 0.521891 
0.65184 0.526959 
0.663536 0.522386 
0.677151 0.521619 
0.670616 0.522375 
0.681623 0.526002 
0.687786 0.526772 
0.612248 0.534813 
0.632626 0.529454 
0.623671 0.534045 
0.641165 0.533644 
0.650241 0.534112 
0.574729 0.541515 
0.587316 0.542758 
0.598188 0.542796 
0.608514 0.544044 
0.543411 0.554125 
0.555765 0.553848 
0.56891 0.553241 
0.507197 0.564595 
0.524486 0.567312 
0.538129 0.563153 
0.475494 0.579919 
0.497973 0.582688 
0.446589 0.6 
0.467953 0.6 
0.414003 0.618037 
0.434962 0.617793 
0.403411 0.636244 
0.340173 0.637681 
0.325623 0.650967 
0.382524 0.638919 
0.360729 0.642103 
0.299171 0.672725 
0.319805 0.667307 
0.279031 0.698333 
0.258558 0.732291 
0.238012 0.76621 
0.217322 0.8 
0.194637 0.832874 
0.172934 0.86576 
0.150507 0.898586 
0.128497 0.9326 
0.107378 0.966536 
0.0869565 1 
0.733656 0.508792 
0.729987 0.515031 
0.740666 0.508892 
0.74771 0.50897 
0.768791 0.508757 
0.761809 0.508885 
0.754773 0.508972 
0.883802 0.515021 
0.876886 0.515091 
0.869947 0.514925 
0.862937 0.514552 
0.855722 0.514346 
0.77235 0.514857 
0.848484 0.514623 
0.779229 0.514737 
0.796616 0.508682 
0.80363 0.508669 
0.810673 0.508613 
0.817659 0.508624 
0.786153 0.514836 
0.793078 0.514892 
0.841743 0.514943 
0.834963 0.515088 
0.828091 0.51497 
0.821221 0.514765 
0.719276 0.521032 
0.726312 0.521284 
0.695035 0.527637 
0.702575 0.52797 
0.709075 0.525907 
0.715307 0.527197 
0.918813 0.514858 
0.890743 0.515085 
0.89771 0.51533 
0.904523 0.515373 
0.911646 0.515086 
0.925898 0.514738 
0.932915 0.51479 
0.939898 0.514887 
0.946903 0.514867 
0.953903 0.51488 
0.964239 0.508732 
0.971181 0.508571 
0.960867 0.515029 
0.978434 0.508128 
0.985369 0.50789 
0.99153 0.506934 
0.996359 0.506183 
1 0.5025 
0.659019 0.530737 
0.667279 0.528782 
0.675213 0.530409 
0.683288 0.531342 
0.690358 0.534145 
0.620259 0.543622 
0.632923 0.541497 
0.645201 0.542873 
0.656262 0.541713 
0.5817 0.553365 
0.592828 0.549769 
0.603724 0.553481 
0.616147 0.55373 
0.550176 0.565947 
0.562426 0.563725 
0.575575 0.566547 
0.518595 0.582527 
0.539802 0.579641 
0.489318 0.6 
0.510682 0.6 
0.455914 0.617779 
0.477188 0.617693 
0.423896 0.635453 
0.444136 0.635599 
0.413766 0.652434 
0.394979 0.655308 
0.344642 0.666872 
0.371829 0.661371 
0.322567 0.694723 
0.302343 0.731686 
0.281578 0.765996 
0.260811 0.8 
0.238185 0.833355 
0.216433 0.866534 
0.194573 0.899806 
0.172718 0.932919 
0.15134 0.966447 
0.130435 1 
0.736994 0.515221 
0.73326 0.521386 
0.744069 0.515453 
0.751244 0.515573 
0.765446 0.515167 
0.758414 0.515463 
0.887077 0.52101 
0.880387 0.521422 
0.873373 0.521703 
0.8666 0.520932 
0.859367 0.520425 
0.852002 0.520281 
0.76911 0.521183 
0.775792 0.520648 
0.844829 0.520966 
0.782675 0.520826 
0.800086 0.514897 
0.807164 0.514848 
0.814222 0.514734 
0.789617 0.521256 
0.796361 0.521023 
0.838411 0.521624 
0.831554 0.521522 
0.824627 0.521049 
0.817806 0.520729 
0.722551 0.527583 
0.729784 0.527821 
0.699526 0.534936 
0.709697 0.533821 
0.718501 0.532981 
0.915357 0.521121 
0.922387 0.520825 
0.894418 0.521324 
0.900709 0.522453 
0.907689 0.521589 
0.912313 0.526421 
0.929638 0.520676 
0.936452 0.521162 
0.943543 0.521187 
0.950483 0.520896 
0.957574 0.521083 
0.967853 0.515186 
0.974747 0.51443 
0.964344 0.521573 
0.982217 0.513958 
0.97896 0.519308 
0.989072 0.513059 
0.995615 0.511013 
1 0.507969 
0.667643 0.539313 
0.681543 0.540158 
0.693985 0.542537 
0.627999 0.553619 
0.639539 0.553219 
0.651466 0.553178 
0.663004 0.552649 
0.592893 0.565049 
0.610235 0.567685 
0.623381 0.563757 
0.561761 0.579928 
0.583393 0.582587 
0.532047 0.6 
0.553411 0.6 
0.49855 0.617666 
0.520011 0.617626 
0.465053 0.635676 
0.486305 0.63542 
0.433256 0.653476 
0.452385 0.653732 
0.407025 0.667346 
0.422577 0.66822 
0.391795 0.675204 
0.374626 0.697524 
0.346918 0.732647 
0.325405 0.766125 
0.3043 0.8 
0.28183 0.833487 
0.26006 0.866842 
0.238327 0.900072 
0.216603 0.933462 
0.195096 0.966631 
0.173913 1 
0.740316 0.521814 
0.736163 0.52716 
0.74749 0.522268 
0.755016 0.522335 
0.762202 0.521865 
0.890355 0.526342 
0.884042 0.527767 
0.877139 0.527938 
0.869157 0.528456 
0.862328 0.525838 
0.855642 0.526649 
0.848843 0.525827 
0.766291 0.527163 
0.772593 0.52735 
0.779057 0.525817 
0.842555 0.528513 
0.786164 0.528058 
0.803656 0.521282 
0.810714 0.520891 
0.793268 0.527902 
0.799957 0.526747 
0.814815 0.526227 
0.835309 0.528352 
0.827946 0.527535 
0.821056 0.526833 
0.726029 0.535381 
0.734385 0.534143 
0.705465 0.542792 
0.717694 0.542273 
0.919299 0.527974 
0.92624 0.525729 
0.89693 0.528997 
0.90586 0.530308 
0.913414 0.53183 
0.932665 0.527604 
0.940064 0.52783 
0.94746 0.527481 
0.953827 0.52601 
0.960151 0.528087 
0.972625 0.522441 
0.966999 0.527615 
0.979393 0.524969 
0.985819 0.52074 
0.993874 0.517817 
1 0.514336 
0.675924 0.552897 
0.688472 0.553302 
0.700007 0.549673 
0.634577 0.566332 
0.645841 0.562948 
0.657367 0.565212 
0.669487 0.563607 
0.604229 0.582454 
0.625208 0.579404 
0.574776 0.6 
0.59614 0.6 
0.541485 0.617628 
0.562918 0.617686 
0.507771 0.635303 
0.529503 0.635163 
0.474383 0.65387 
0.494789 0.652954 
0.442777 0.67542 
0.462298 0.669709 
0.415671 0.693517 
0.392452 0.73145 
0.369503 0.766419 
0.347789 0.8 
0.325432 0.833569 
0.303682 0.866931 
0.281975 0.90025 
0.260323 0.933508 
0.238768 0.966786 
0.217391 1 
0.743072 0.530635 
0.751288 0.528281 
0.75946 0.530557 
0.889601 0.533669 
0.881405 0.534924 
0.874454 0.533417 
0.868975 0.535729 
0.86123 0.533635 
0.84997 0.53379 
0.767878 0.533859 
0.778372 0.534083 
0.84031 0.535847 
0.788929 0.53568 
0.807653 0.529368 
0.799106 0.534347 
0.816386 0.533343 
0.831123 0.535062 
0.823939 0.532432 
0.729559 0.543488 
0.740337 0.541492 
0.711 0.553524 
0.723514 0.553977 
0.918514 0.535587 
0.926867 0.534306 
0.898954 0.540454 
0.911008 0.54041 
0.936232 0.535811 
0.944444 0.533605 
0.953199 0.534122 
0.964382 0.535741 
0.974729 0.53224 
0.98454 0.530077 
0.992671 0.525991 
1 0.521747 
0.682016 0.567265 
0.699613 0.56492 
0.646693 0.578983 
0.668591 0.579363 
0.617505 0.6 
0.638869 0.6 
0.584334 0.617741 
0.605741 0.617769 
0.550972 0.635284 
0.572461 0.635448 
0.517469 0.652988 
0.538511 0.652578 
0.485473 0.675851 
0.505854 0.670095 
0.458178 0.701044 
0.436145 0.731967 
0.413339 0.766028 
0.391278 0.8 
0.369036 0.833619 
0.347267 0.866992 
0.325569 0.900304 
0.303923 0.933594 
0.282349 0.966822 
0.26087 1 
0.751524 0.539288 
0.762184 0.538892 
0.886465 0.543132 
0.874573 0.5419 
0.865649 0.54117 
0.856888 0.543815 
0.846318 0.544311 
0.771094 0.543281 
0.78289 0.544537 
0.834715 0.544174 
0.795731 0.54431 
0.809101 0.542073 
0.822854 0.541621 
0.735451 0.553414 
0.74719 0.552334 
0.717194 0.567655 
0.730188 0.563508 
0.893685 0.553806 
0.921983 0.543418 
0.9332 0.543973 
0.905787 0.552882 
0.91717 0.552216 
0.94535 0.542745 
0.958506 0.543899 
0.970185 0.543272 
0.98155 0.539752 
0.991517 0.535516 
1 0.530375 
0.689801 0.582662 
0.711024 0.582478 
0.660234 0.6 
0.681598 0.6 
0.627162 0.617798 
0.648617 0.617863 
0.593894 0.63553 
0.615351 0.635546 
0.560934 0.653193 
0.581689 0.653253 
0.528937 0.674879 
0.549502 0.668494 
0.504583 0.700531 
0.479995 0.733423 
0.457235 0.766338 
0.434767 0.8 
0.412622 0.833603 
0.39083 0.867019 
0.369124 0.900342 
0.347469 0.933649 
0.325878 0.966871 
0.304348 1 
0.759938 0.551066 
0.880575 0.554038 
0.86669 0.550759 
0.853709 0.554049 
0.842315 0.554194 
0.774503 0.554896 
0.788727 0.554513 
0.82923 0.553831 
0.802479 0.554385 
0.816325 0.555167 
0.741874 0.565738 
0.754016 0.563007 
0.732249 0.579632 
0.88906 0.568242 
0.90107 0.56407 
0.928885 0.553667 
0.93999 0.553845 
0.912703 0.566229 
0.923528 0.562688 
0.952434 0.553865 
0.965499 0.553649 
0.978288 0.551066 
0.990052 0.546322 
1 0.540417 
0.702963 0.6 
0.724327 0.6 
0.670087 0.617931 
0.691451 0.617951 
0.636808 0.635642 
0.658453 0.635844 
0.603788 0.65342 
0.624522 0.653159 
0.571295 0.674082 
0.592588 0.668799 
0.548726 0.698635 
0.524177 0.733201 
0.500907 0.766609 
0.478256 0.8 
0.456155 0.833625 
0.434363 0.867031 
0.412651 0.900361 
0.390986 0.933667 
0.369383 0.966884 
0.347826 1 
0.766914 0.566382 
0.87349 0.566101 
0.860719 0.562239 
0.84864 0.56596 
0.836944 0.564047 
0.782865 0.567852 
0.795712 0.563196 
0.824576 0.56849 
0.809143 0.567144 
0.753923 0.57917 
0.745692 0.6 
0.882608 0.582264 
0.903051 0.579964 
0.934162 0.566072 
0.946081 0.562794 
0.92405 0.578968 
0.9592 0.566254 
0.974402 0.563534 
0.988172 0.558729 
1 0.552108 
0.712787 0.617947 
0.734193 0.617981 
0.67998 0.635953 
0.701161 0.635883 
0.646693 0.653664 
0.668426 0.654031 
0.614006 0.674105 
0.635007 0.669569 
0.592081 0.698243 
0.567724 0.732631 
0.544487 0.766503 
0.521744 0.8 
0.499639 0.833622 
0.477865 0.867041 
0.456155 0.900372 
0.434483 0.933673 
0.412873 0.966883 
0.391304 1 
0.77592 0.582214 
0.860926 0.579278 
0.839252 0.579917 
0.79634 0.579882 
0.818599 0.583544 
0.767056 0.6 
0.755618 0.61805 
0.873879 0.6 
0.895243 0.6 
0.916607 0.6 
0.94533 0.579532 
0.937972 0.6 
0.969432 0.581956 
0.986026 0.572667 
1 0.565717 
0.722563 0.635864 
0.744161 0.636023 
0.689834 0.654137 
0.710305 0.653441 
0.656912 0.673739 
0.678631 0.670822 
0.634496 0.697125 
0.610766 0.732106 
0.587715 0.766314 
0.565233 0.8 
0.543183 0.833588 
0.521363 0.867038 
0.499645 0.900377 
0.477966 0.933678 
0.456353 0.966883 
0.434783 1 
0.788421 0.6 
0.852514 0.6 
0.83115 0.6 
0.809785 0.6 
0.776833 0.618129 
0.765441 0.636068 
0.862589 0.617588 
0.884108 0.617387 
0.905134 0.616655 
0.926145 0.616111 
0.947621 0.615634 
0.959316 0.6 
0.980112 0.6 
0.987622 0.58706 
1 0.581559 
0.732773 0.65391 
0.754015 0.654152 
0.700438 0.674642 
0.721464 0.670157 
0.677498 0.697531 
0.654025 0.731926 
0.631036 0.766035 
0.608722 0.8 
0.586712 0.83357 
0.56487 0.867024 
0.543133 0.900375 
0.521441 0.933686 
0.499826 0.966889 
0.478261 1 
0.798137 0.618463 
0.840796 0.617875 
0.819721 0.618699 
0.786319 0.636192 
0.775697 0.653859 
0.851705 0.634991 
0.893925 0.634204 
0.873881 0.635875 
0.914263 0.632163 
0.905796 0.646251 
0.935275 0.632217 
0.956745 0.630369 
0.968712 0.613794 
0.986034 0.612898 
1 0.6 
0.743629 0.674473 
0.764437 0.669945 
0.720842 0.69898 
0.697492 0.732136 
0.674585 0.766069 
0.652211 0.8 
0.630184 0.833575 
0.608356 0.867016 
0.586614 0.900369 
0.564914 0.933689 
0.543297 0.966898 
0.521739 1 
0.808439 0.638115 
0.830021 0.637743 
0.793365 0.652519 
0.842952 0.652296 
0.790604 0.67428 
0.862671 0.654078 
0.888671 0.655324 
0.922693 0.648817 
0.909428 0.660749 
0.943917 0.649576 
0.963823 0.646827 
0.981346 0.631204 
1 0.619493 
0.76334 0.697556 
0.740201 0.732171 
0.717808 0.766069 
0.6957 0.8 
0.673598 0.833582 
0.651785 0.867013 
0.63006 0.90036 
0.608376 0.933684 
0.586765 0.9669 
0.565217 1 
0.821241 0.666523 
0.848474 0.668674 
0.802488 0.6993 
0.87131 0.675732 
0.901482 0.678813 
0.927482 0.671948 
0.957482 0.667278 
0.979625 0.655707 
1 0.640586 
0.782226 0.732122 
0.760468 0.765981 
0.739189 0.8 
0.716954 0.833609 
0.695104 0.867023 
0.673421 0.900355 
0.651805 0.933669 
0.630225 0.966895 
0.608696 1 
0.843991 0.694196 
0.823599 0.731749 
0.882573 0.703305 
0.916498 0.700036 
0.950018 0.691738 
0.977503 0.680473 
1 0.664638 
0.80342 0.765948 
0.782678 0.8 
0.760123 0.833716 
0.738199 0.867076 
0.716604 0.900362 
0.695137 0.933652 
0.673672 0.96687 
0.652174 1 
0.846138 0.766261 
0.863669 0.732691 
0.904739 0.731508 
0.941344 0.722715 
0.973737 0.708483 
1 0.692066 
0.826167 0.8 
0.802545 0.834122 
0.780858 0.867237 
0.759463 0.900394 
0.738264 0.933634 
0.717027 0.966854 
0.695652 1 
0.869656 0.8 
0.890317 0.767179 
0.935889 0.762779 
0.968958 0.741295 
1 0.723342 
0.845344 0.834101 
0.822972 0.867601 
0.801786 0.900452 
0.78104 0.933581 
0.760222 0.966814 
0.73913 1 
0.886868 0.83465 
0.913145 0.8 
0.956634 0.8 
0.972296 0.772616 
1 0.759008 
0.863842 0.868141 
0.843108 0.900502 
0.823263 0.933391 
0.803136 0.966682 
0.782609 1 
0.902556 0.870306 
0.933285 0.835915 
0.971657 0.828453 
1 0.8 
0.881839 0.900577 
0.864946 0.932851 
0.84548 0.966209 
0.826087 1 
0.912372 0.900541 
0.937131 0.882014 
0.967759 0.861491 
1 0.83991 
0.903054 0.930529 
0.88852 0.966114 
0.869565 1 
0.93728 0.919277 
0.968369 0.90014 
1 0.879932 
0.933365 0.963814 
0.913043 1 
0.96842 0.938809 
1 0.919955 
0.971599 0.971478 
0.956522 1 
1 0.959977 
1 1 
