706 20
0 7
8406 8416 
8416 8424 
8424 8431 
8431 8437 
8437 8441 
8441 8444 
8444 8445 

1 13
8238 8257 
8257 8275 
8275 8293 
8293 8309 
8309 8324 
8324 8338 
8338 8351 
8351 8363 
8363 8374 
8374 8384 
8384 8394 
8394 8395 
8395 8406 

2 27
8041 8013 
8069 8041 
8096 8069 
8124 8096 
8152 8124 
8178 8152 
8200 8178 
8220 8200 
8240 8220 
8259 8240 
8277 8259 
8295 8277 
8311 8295 
8326 8311 
8340 8326 
8353 8340 
8365 8353 
8376 8365 
8386 8376 
8397 8386 
8408 8397 
8418 8408 
8426 8418 
8433 8426 
8439 8433 
8443 8439 
8445 8443 

3 61
4604 4714 
4714 4823 
4823 4924 
4924 5028 
5028 5149 
5149 5268 
5268 5383 
5383 5490 
5490 5593 
5593 5692 
5692 5790 
5790 5883 
5883 5968 
5968 6050 
6050 6131 
6131 6210 
6210 6294 
6294 6374 
6374 6450 
6450 6523 
6523 6595 
6595 6665 
6665 6732 
6732 6797 
6797 6862 
6862 6922 
6922 6979 
6979 7035 
7035 7091 
7091 7143 
7143 7193 
7193 7241 
7241 7289 
7289 7336 
7336 7379 
7379 7423 
7423 7467 
7467 7510 
7510 7552 
7552 7594 
7594 7634 
7634 7673 
7673 7710 
7710 7747 
7747 7783 
7783 7818 
7818 7852 
7852 7885 
7885 7917 
7917 7949 
7949 7980 
7980 8011 
8011 8039 
8039 8067 
8067 8094 
8094 8122 
8122 8150 
8150 8176 
8176 8198 
8198 8218 
8218 8238 

4 76
4495 4496 
4605 4495 
4715 4605 
4716 4715 
4717 4716 
4825 4717 
4826 4825 
4926 4826 
4927 4926 
5030 4927 
5152 5030 
5154 5152 
5155 5154 
5271 5155 
5278 5271 
5288 5278 
5402 5288 
5404 5402 
5509 5404 
5511 5509 
5611 5511 
5710 5611 
5711 5710 
5806 5711 
5897 5806 
5981 5897 
6062 5981 
6064 6062 
6072 6064 
6151 6072 
6230 6151 
6233 6230 
6234 6233 
6235 6234 
6317 6235 
6319 6317 
6398 6319 
6455 6398 
6529 6455 
6531 6529 
6603 6531 
6619 6603 
6687 6619 
6753 6687 
6816 6753 
6820 6816 
6882 6820 
6936 6882 
6992 6936 
7032 6992 
7086 7032 
7088 7086 
7139 7088 
7188 7139 
7235 7188 
7242 7235 
7291 7242 
7338 7291 
7382 7338 
7426 7382 
7471 7426 
7514 7471 
7557 7514 
7599 7557 
7639 7599 
7678 7639 
7716 7678 
7753 7716 
7789 7753 
7824 7789 
7858 7824 
7891 7858 
7923 7891 
7954 7923 
7984 7954 
8013 7984 

5 77
3776 3672 
3885 3776 
4006 3885 
4123 4006 
4129 4123 
4245 4129 
4246 4245 
4361 4246 
4470 4361 
4579 4470 
4692 4579 
4803 4692 
4907 4803 
5012 4907 
5136 5012 
5258 5136 
5374 5258 
5482 5374 
5586 5482 
5687 5586 
5786 5687 
5879 5786 
5963 5879 
6045 5963 
6125 6045 
6204 6125 
6287 6204 
6367 6287 
6443 6367 
6516 6443 
6588 6516 
6658 6588 
6724 6658 
6789 6724 
6854 6789 
6914 6854 
6971 6914 
7026 6971 
7080 7026 
7131 7080 
7180 7131 
7228 7180 
7276 7228 
7324 7276 
7368 7324 
7411 7368 
7454 7411 
7497 7454 
7537 7497 
7580 7537 
7620 7580 
7659 7620 
7696 7659 
7728 7696 
7764 7728 
7799 7764 
7833 7799 
7864 7833 
7865 7864 
7866 7865 
7894 7866 
7895 7894 
7896 7895 
7905 7896 
7907 7905 
7908 7907 
7906 7909 
7909 7908 
7910 7906 
7911 7910 
7912 7911 
7913 7912 
7914 7913 
7918 7914 
7950 7918 
7982 7950 
8013 7982 

6 69
682 643 
733 682 
790 733 
858 790 
930 858 
1019 930 
1122 1019 
1226 1122 
1351 1226 
1479 1351 
1621 1479 
1774 1621 
1923 1774 
2068 1923 
2205 2068 
2331 2205 
2451 2331 
2566 2451 
2679 2566 
2790 2679 
2898 2790 
3002 2898 
3098 3002 
3191 3098 
3284 3191 
3375 3284 
3456 3375 
3544 3456 
3635 3544 
3734 3635 
3836 3734 
3942 3836 
4063 3942 
4181 4063 
4293 4181 
4387 4293 
4497 4387 
4496 4608 
4609 4497 
4611 4609 
4608 4721 
4722 4611 
4721 4833 
4834 4722 
4833 4937 
4938 4834 
4939 4938 
4937 5035 
5035 5043 
5044 4939 
5047 5044 
5043 5048 
5049 5047 
5048 5050 
5050 5051 
5052 5049 
5053 5052 
5054 5053 
5051 5055 
5056 5054 
5055 5057 
5058 5056 
5057 5059 
5060 5058 
5059 5061 
5061 5062 
5062 5063 
5063 5064 
5064 5060 

7 2
4602 4603 
4603 4604 

8 21
2364 2481 
2481 2596 
2596 2708 
2708 2819 
2819 2926 
2926 3030 
3030 3130 
3130 3227 
3227 3322 
3322 3412 
3412 3506 
3506 3599 
3599 3699 
3699 3805 
3805 3917 
3917 4039 
4039 4159 
4159 4273 
4273 4386 
4386 4494 
4494 4602 

9 5
3672 3674 
3674 3675 
3675 3677 
3677 3687 
3687 3793 

10 35
1642 1791 
1797 1642 
1791 1937 
1943 1797 
1937 2079 
2086 1943 
2223 2086 
2348 2223 
2466 2348 
2581 2466 
2594 2581 
2705 2594 
2815 2705 
2921 2815 
3024 2921 
3120 3024 
3128 3120 
3216 3128 
3312 3216 
3313 3312 
3402 3313 
3492 3402 
3493 3492 
3502 3493 
3503 3502 
3504 3503 
3505 3504 
3593 3505 
3594 3593 
3592 3595 
3596 3594 
3595 3597 
3597 3596 
3688 3592 
3793 3688 

11 35
2689 2691 
2691 2804 
2804 2912 
2912 3017 
3017 3116 
3116 3213 
3213 3308 
3308 3398 
3398 3486 
3486 3573 
3573 3662 
3670 3669 
3671 3670 
3669 3672 
3752 3671 
3753 3752 
3754 3753 
3755 3754 
3662 3764 
3859 3755 
3860 3859 
3862 3860 
3863 3862 
3764 3872 
3976 3863 
3978 3976 
3979 3978 
3980 3979 
3872 3981 
3982 3980 
3983 3982 
3981 3984 
3984 3985 
3985 3986 
3986 3983 

12 2
2109 2242 
2242 2364 

13 60
385 408 
408 428 
428 457 
457 484 
484 491 
491 517 
517 543 
543 546 
546 570 
570 571 
571 598 
598 599 
599 611 
611 612 
612 644 
644 645 
645 677 
677 678 
678 716 
716 718 
718 770 
770 772 
772 822 
822 823 
823 830 
830 859 
859 931 
931 933 
933 934 
934 1020 
1124 1123 
1020 1125 
1125 1126 
1123 1228 
1126 1230 
1230 1231 
1231 1232 
1232 1233 
1233 1234 
1234 1235 
1235 1236 
1236 1237 
1237 1238 
1238 1239 
1239 1240 
1240 1244 
1244 1245 
1246 1124 
1245 1247 
1248 1246 
1249 1248 
1247 1250 
1250 1249 
1228 1355 
1355 1502 
1502 1660 
1660 1816 
1816 1962 
1962 1965 
1965 2109 

14 5
2079 2216 
2216 2342 
2342 2462 
2462 2577 
2577 2689 

15 78
335 305 
366 335 
396 366 
425 396 
455 425 
483 455 
510 483 
537 510 
565 537 
593 565 
623 593 
657 623 
694 657 
744 694 
800 744 
867 800 
941 867 
947 941 
1035 947 
1042 1035 
1147 1042 
1149 1147 
1271 1149 
1272 1271 
1397 1272 
1398 1397 
1536 1398 
1537 1536 
1691 1537 
1692 1691 
1713 1692 
1715 1713 
1866 1715 
1869 1866 
2015 1869 
2017 2015 
2149 2017 
2150 2149 
2157 2150 
2263 2157 
2383 2263 
2385 2383 
2386 2385 
2408 2410 
2453 2408 
2498 2386 
2410 2525 
2525 2528 
2528 2529 
2567 2453 
2569 2567 
2570 2571 
2572 2569 
2571 2573 
2574 2572 
2573 2575 
2575 2574 
2578 2570 
2611 2498 
2612 2611 
2529 2639 
2639 2642 
2642 2643 
2643 2644 
2689 2578 
2711 2612 
2712 2711 
2713 2712 
2714 2713 
2644 2715 
2716 2714 
2717 2716 
2718 2717 
2719 2718 
2715 2720 
2721 2719 
2720 2722 
2722 2721 

16 20
1 7 
7 20 
20 34 
34 47 
47 60 
60 74 
74 87 
87 99 
99 112 
112 129 
129 150 
150 172 
172 196 
196 222 
222 249 
249 277 
277 304 
304 330 
330 359 
359 385 

17 76
331 305 
360 331 
386 360 
413 386 
439 413 
466 439 
492 466 
519 492 
547 519 
576 547 
606 576 
637 606 
670 637 
643 679 
679 680 
707 670 
720 721 
721 719 
722 720 
723 722 
680 724 
724 725 
726 723 
727 726 
728 727 
725 729 
729 728 
757 707 
766 757 
773 766 
719 774 
831 773 
832 831 
833 832 
834 833 
835 834 
836 835 
837 836 
774 839 
839 840 
899 837 
900 899 
840 909 
909 910 
973 900 
975 973 
976 975 
977 976 
978 977 
979 978 
980 979 
981 982 
982 980 
910 991 
991 992 
992 995 
997 996 
995 998 
998 997 
1061 1062 
1062 981 
1063 1061 
1064 1063 
1065 1064 
1066 1065 
1067 1066 
1068 1067 
996 1088 
1088 1089 
1090 1068 
1089 1091 
1092 1090 
1091 1093 
1093 1094 
1094 1095 
1095 1092 

18 27
4 0 
13 4 
27 13 
41 27 
55 41 
69 55 
82 69 
94 82 
101 94 
107 101 
114 107 
121 114 
122 121 
123 122 
124 123 
131 124 
132 131 
134 132 
133 135 
135 134 
151 133 
173 151 
197 173 
223 197 
250 223 
278 250 
305 278 

19 10
0 2 
5 1 
2 8 
8 9 
9 10 
10 14 
14 15 
15 16 
16 17 
17 5 

