1432 20
0 15
8406
8416
8424
8431
8437
8441
8444
8445
8446
8447
8448
8449
8450
8451
8452

1 27
8238
8257
8275
8293
8309
8324
8338
8351
8363
8374
8384
8394
8395
8406
8453
8454
8455
8456
8457
8458
8459
8460
8461
8462
8463
8464
8465

2 55
8041
8013
8069
8096
8124
8152
8178
8200
8220
8240
8259
8277
8295
8311
8326
8340
8353
8365
8376
8386
8397
8408
8418
8426
8433
8439
8443
8445
8466
8467
8468
8469
8470
8471
8472
8473
8474
8475
8476
8477
8478
8479
8480
8481
8482
8483
8484
8485
8486
8487
8488
8489
8490
8491
8492

3 123
4604
4714
4823
4924
5028
5149
5268
5383
5490
5593
5692
5790
5883
5968
6050
6131
6210
6294
6374
6450
6523
6595
6665
6732
6797
6862
6922
6979
7035
7091
7143
7193
7241
7289
7336
7379
7423
7467
7510
7552
7594
7634
7673
7710
7747
7783
7818
7852
7885
7917
7949
7980
8011
8039
8067
8094
8122
8150
8176
8198
8218
8238
8493
8494
8495
8496
8497
8498
8499
8500
8501
8502
8503
8504
8505
8506
8507
8508
8509
8510
8511
8512
8513
8514
8515
8516
8517
8518
8519
8520
8521
8522
8523
8524
8525
8526
8527
8528
8529
8530
8531
8532
8533
8534
8535
8536
8537
8538
8539
8540
8541
8542
8543
8544
8545
8546
8547
8548
8549
8550
8551
8552
8553

4 153
4495
4496
4605
4715
4716
4717
4825
4826
4926
4927
5030
5152
5154
5155
5271
5278
5288
5402
5404
5509
5511
5611
5710
5711
5806
5897
5981
6062
6064
6072
6151
6230
6233
6234
6235
6317
6319
6398
6455
6529
6531
6603
6619
6687
6753
6816
6820
6882
6936
6992
7032
7086
7088
7139
7188
7235
7242
7291
7338
7382
7426
7471
7514
7557
7599
7639
7678
7716
7753
7789
7824
7858
7891
7923
7954
7984
8013
8554
8555
8556
8557
8558
8559
8560
8561
8562
8563
8564
8565
8566
8567
8568
8569
8570
8571
8572
8573
8574
8575
8576
8577
8578
8579
8580
8581
8582
8583
8584
8585
8586
8587
8588
8589
8590
8591
8592
8593
8594
8595
8596
8597
8598
8599
8600
8601
8602
8603
8604
8605
8606
8607
8608
8609
8610
8611
8612
8613
8614
8615
8616
8617
8618
8619
8620
8621
8622
8623
8624
8625
8626
8627
8628
8629

5 155
3776
3672
3885
4006
4123
4129
4245
4246
4361
4470
4579
4692
4803
4907
5012
5136
5258
5374
5482
5586
5687
5786
5879
5963
6045
6125
6204
6287
6367
6443
6516
6588
6658
6724
6789
6854
6914
6971
7026
7080
7131
7180
7228
7276
7324
7368
7411
7454
7497
7537
7580
7620
7659
7696
7728
7764
7799
7833
7864
7865
7866
7894
7895
7896
7905
7907
7908
7906
7909
7910
7911
7912
7913
7914
7918
7950
7982
8013
8630
8631
8632
8633
8634
8635
8636
8637
8638
8639
8640
8641
8642
8643
8644
8645
8646
8647
8648
8649
8650
8651
8652
8653
8654
8655
8656
8657
8658
8659
8660
8661
8662
8663
8664
8665
8666
8667
8668
8669
8670
8671
8672
8673
8674
8675
8676
8677
8678
8679
8680
8681
8682
8683
8684
8685
8686
8687
8688
8689
8690
8691
8692
8693
8694
8695
8696
8697
8698
8699
8700
8701
8702
8703
8704
8705
8706

6 139
682
643
733
790
858
930
1019
1122
1226
1351
1479
1621
1774
1923
2068
2205
2331
2451
2566
2679
2790
2898
3002
3098
3191
3284
3375
3456
3544
3635
3734
3836
3942
4063
4181
4293
4387
4497
4496
4608
4609
4611
4721
4722
4833
4834
4937
4938
4939
5035
5043
5044
5047
5048
5049
5050
5051
5052
5053
5054
5055
5056
5057
5058
5059
5060
5061
5062
5063
5064
8707
8708
8709
8710
8711
8712
8713
8714
8715
8716
8717
8718
8719
8720
8721
8722
8723
8724
8725
8726
8727
8728
8729
8730
8731
8732
8733
8734
8735
8736
8737
8738
8739
8740
8741
8742
8743
8744
8745
8746
8747
8748
8749
8750
8751
8752
8753
8754
8755
8756
8757
8758
8759
8760
8761
8762
8763
8764
8765
8766
8767
8768
8769
8770
8771
8772
8773
8774
8775

7 5
4602
4603
4604
8776
8777

8 43
2364
2481
2596
2708
2819
2926
3030
3130
3227
3322
3412
3506
3599
3699
3805
3917
4039
4159
4273
4386
4494
4602
8778
8779
8780
8781
8782
8783
8784
8785
8786
8787
8788
8789
8790
8791
8792
8793
8794
8795
8796
8797
8798

9 11
3672
3674
3675
3677
3687
3793
8799
8800
8801
8802
8803

10 71
1642
1791
1797
1937
1943
2079
2086
2223
2348
2466
2581
2594
2705
2815
2921
3024
3120
3128
3216
3312
3313
3402
3492
3493
3502
3503
3504
3505
3593
3594
3592
3595
3596
3597
3688
3793
8804
8805
8806
8807
8808
8809
8810
8811
8812
8813
8814
8815
8816
8817
8818
8819
8820
8821
8822
8823
8824
8825
8826
8827
8828
8829
8830
8831
8832
8833
8834
8835
8836
8837
8838

11 71
2689
2691
2804
2912
3017
3116
3213
3308
3398
3486
3573
3662
3670
3669
3671
3672
3752
3753
3754
3755
3764
3859
3860
3862
3863
3872
3976
3978
3979
3980
3981
3982
3983
3984
3985
3986
8839
8840
8841
8842
8843
8844
8845
8846
8847
8848
8849
8850
8851
8852
8853
8854
8855
8856
8857
8858
8859
8860
8861
8862
8863
8864
8865
8866
8867
8868
8869
8870
8871
8872
8873

12 5
2109
2242
2364
8874
8875

13 121
385
408
428
457
484
491
517
543
546
570
571
598
599
611
612
644
645
677
678
716
718
770
772
822
823
830
859
931
933
934
1020
1124
1123
1125
1126
1228
1230
1231
1232
1233
1234
1235
1236
1237
1238
1239
1240
1244
1245
1246
1247
1248
1249
1250
1355
1502
1660
1816
1962
1965
2109
8876
8877
8878
8879
8880
8881
8882
8883
8884
8885
8886
8887
8888
8889
8890
8891
8892
8893
8894
8895
8896
8897
8898
8899
8900
8901
8902
8903
8904
8905
8906
8907
8908
8909
8910
8911
8912
8913
8914
8915
8916
8917
8918
8919
8920
8921
8922
8923
8924
8925
8926
8927
8928
8929
8930
8931
8932
8933
8934
8935

14 11
2079
2216
2342
2462
2577
2689
8936
8937
8938
8939
8940

15 157
335
305
366
396
425
455
483
510
537
565
593
623
657
694
744
800
867
941
947
1035
1042
1147
1149
1271
1272
1397
1398
1536
1537
1691
1692
1713
1715
1866
1869
2015
2017
2149
2150
2157
2263
2383
2385
2386
2408
2410
2453
2498
2525
2528
2529
2567
2569
2570
2571
2572
2573
2574
2575
2578
2611
2612
2639
2642
2643
2644
2689
2711
2712
2713
2714
2715
2716
2717
2718
2719
2720
2721
2722
8941
8942
8943
8944
8945
8946
8947
8948
8949
8950
8951
8952
8953
8954
8955
8956
8957
8958
8959
8960
8961
8962
8963
8964
8965
8966
8967
8968
8969
8970
8971
8972
8973
8974
8975
8976
8977
8978
8979
8980
8981
8982
8983
8984
8985
8986
8987
8988
8989
8990
8991
8992
8993
8994
8995
8996
8997
8998
8999
9000
9001
9002
9003
9004
9005
9006
9007
9008
9009
9010
9011
9012
9013
9014
9015
9016
9017
9018

16 41
1
7
20
34
47
60
74
87
99
112
129
150
172
196
222
249
277
304
330
359
385
9019
9020
9021
9022
9023
9024
9025
9026
9027
9028
9029
9030
9031
9032
9033
9034
9035
9036
9037
9038

17 153
331
305
360
386
413
439
466
492
519
547
576
606
637
670
643
679
680
707
720
721
719
722
723
724
725
726
727
728
729
757
766
773
774
831
832
833
834
835
836
837
839
840
899
900
909
910
973
975
976
977
978
979
980
981
982
991
992
995
997
996
998
1061
1062
1063
1064
1065
1066
1067
1068
1088
1089
1090
1091
1092
1093
1094
1095
9039
9040
9041
9042
9043
9044
9045
9046
9047
9048
9049
9050
9051
9052
9053
9054
9055
9056
9057
9058
9059
9060
9061
9062
9063
9064
9065
9066
9067
9068
9069
9070
9071
9072
9073
9074
9075
9076
9077
9078
9079
9080
9081
9082
9083
9084
9085
9086
9087
9088
9089
9090
9091
9092
9093
9094
9095
9096
9097
9098
9099
9100
9101
9102
9103
9104
9105
9106
9107
9108
9109
9110
9111
9112
9113
9114

18 55
4
0
13
27
41
55
69
82
94
101
107
114
121
122
123
124
131
132
134
133
135
151
173
197
223
250
278
305
9115
9116
9117
9118
9119
9120
9121
9122
9123
9124
9125
9126
9127
9128
9129
9130
9131
9132
9133
9134
9135
9136
9137
9138
9139
9140
9141

19 21
0
2
5
1
8
9
10
14
15
16
17
9142
9143
9144
9145
9146
9147
9148
9149
9150
9151

