376 27
0 5
0
1
3
2
4

1 14
6
0
11
16
21
27
33
40
42
48
59
61
76
93

2 14
4
10
15
20
26
32
35
44
52
57
58
69
70
77

3 5
146
147
148
162
179

4 3
194
179
206

5 3
148
167
184

6 6
184
183
195
197
196
206

7 8
216
206
217
218
219
233
234
246

8 51
184
200
212
226
242
258
275
291
308
324
341
358
376
399
430
462
492
522
550
576
600
623
649
674
700
727
756
783
809
835
861
887
914
940
967
993
1019
1045
1071
1090
1117
1143
1150
1177
1203
1206
1233
1235
1265
1266
1296

9 18
262
246
279
295
312
329
346
364
387
418
450
480
509
537
564
588
611
634

10 6
260
244
277
293
310
327

11 6
243
259
276
292
309
325

12 68
524
494
552
578
602
625
651
676
702
729
758
785
811
837
863
889
916
942
969
995
1021
1047
1073
1098
1125
1152
1180
1208
1237
1268
1298
1326
1352
1377
1400
1421
1439
1456
1470
1484
1495
1505
1512
1520
1527
1535
1542
1550
1557
1565
1572
1580
1587
1595
1602
1609
1616
1623
1629
1636
1642
1648
1654
1658
1665
1664
1666
1673

13 13
465
497
527
555
581
605
628
654
677
682
708
734
738

14 48
763
738
788
793
816
840
845
869
894
898
922
946
949
975
1001
1004
1027
1051
1054
1080
1107
1108
1134
1162
1188
1190
1215
1240
1246
1274
1300
1306
1333
1355
1361
1383
1402
1408
1427
1441
1447
1461
1472
1478
1489
1496
1503
1509

15 13
1296
1324
1350
1375
1398
1419
1437
1454
1468
1481
1492
1502
1509

16 36
1509
1513
1518
1524
1528
1533
1540
1547
1548
1555
1562
1563
1570
1577
1578
1584
1590
1593
1599
1605
1610
1617
1624
1631
1638
1644
1651
1657
1663
1671
1679
1685
1691
1695
1698
1699

17 6
1681
1673
1687
1693
1697
1699

18 5
112
93
129
145
161

19 5
77
94
113
130
149

20 7
177
161
192
205
215
229
244

21 7
149
168
185
201
213
227
243

22 7
344
327
362
383
384
385
404

23 7
325
342
359
377
378
400
401

24 5
405
404
432
463
494

25 5
401
402
403
431
465

26 5
659
634
684
711
738

