725 27
0 9
0
1
3
2
4
1700
1701
1702
1703

1 27
6
0
11
16
21
27
33
40
42
48
59
61
76
93
1704
1705
1706
1707
1708
1709
1710
1711
1712
1713
1714
1715
1716

2 27
4
10
15
20
26
32
35
44
52
57
58
69
70
77
1717
1718
1719
1720
1721
1722
1723
1724
1725
1726
1727
1728
1729

3 9
146
147
148
162
179
1730
1731
1732
1733

4 5
194
179
206
1734
1735

5 5
148
167
184
1736
1737

6 11
184
183
195
197
196
206
1738
1739
1740
1741
1742

7 15
216
206
217
218
219
233
234
246
1743
1744
1745
1746
1747
1748
1749

8 101
184
200
212
226
242
258
275
291
308
324
341
358
376
399
430
462
492
522
550
576
600
623
649
674
700
727
756
783
809
835
861
887
914
940
967
993
1019
1045
1071
1090
1117
1143
1150
1177
1203
1206
1233
1235
1265
1266
1296
1750
1751
1752
1753
1754
1755
1756
1757
1758
1759
1760
1761
1762
1763
1764
1765
1766
1767
1768
1769
1770
1771
1772
1773
1774
1775
1776
1777
1778
1779
1780
1781
1782
1783
1784
1785
1786
1787
1788
1789
1790
1791
1792
1793
1794
1795
1796
1797
1798
1799

9 35
262
246
279
295
312
329
346
364
387
418
450
480
509
537
564
588
611
634
1800
1801
1802
1803
1804
1805
1806
1807
1808
1809
1810
1811
1812
1813
1814
1815
1816

10 11
260
244
277
293
310
327
1817
1818
1819
1820
1821

11 11
243
259
276
292
309
325
1822
1823
1824
1825
1826

12 135
524
494
552
578
602
625
651
676
702
729
758
785
811
837
863
889
916
942
969
995
1021
1047
1073
1098
1125
1152
1180
1208
1237
1268
1298
1326
1352
1377
1400
1421
1439
1456
1470
1484
1495
1505
1512
1520
1527
1535
1542
1550
1557
1565
1572
1580
1587
1595
1602
1609
1616
1623
1629
1636
1642
1648
1654
1658
1665
1664
1666
1673
1827
1828
1829
1830
1831
1832
1833
1834
1835
1836
1837
1838
1839
1840
1841
1842
1843
1844
1845
1846
1847
1848
1849
1850
1851
1852
1853
1854
1855
1856
1857
1858
1859
1860
1861
1862
1863
1864
1865
1866
1867
1868
1869
1870
1871
1872
1873
1874
1875
1876
1877
1878
1879
1880
1881
1882
1883
1884
1885
1886
1887
1888
1889
1890
1891
1892
1893

13 25
465
497
527
555
581
605
628
654
677
682
708
734
738
1894
1895
1896
1897
1898
1899
1900
1901
1902
1903
1904
1905

14 95
763
738
788
793
816
840
845
869
894
898
922
946
949
975
1001
1004
1027
1051
1054
1080
1107
1108
1134
1162
1188
1190
1215
1240
1246
1274
1300
1306
1333
1355
1361
1383
1402
1408
1427
1441
1447
1461
1472
1478
1489
1496
1503
1509
1906
1907
1908
1909
1910
1911
1912
1913
1914
1915
1916
1917
1918
1919
1920
1921
1922
1923
1924
1925
1926
1927
1928
1929
1930
1931
1932
1933
1934
1935
1936
1937
1938
1939
1940
1941
1942
1943
1944
1945
1946
1947
1948
1949
1950
1951
1952

15 25
1296
1324
1350
1375
1398
1419
1437
1454
1468
1481
1492
1502
1509
1953
1954
1955
1956
1957
1958
1959
1960
1961
1962
1963
1964

16 71
1509
1513
1518
1524
1528
1533
1540
1547
1548
1555
1562
1563
1570
1577
1578
1584
1590
1593
1599
1605
1610
1617
1624
1631
1638
1644
1651
1657
1663
1671
1679
1685
1691
1695
1698
1699
1965
1966
1967
1968
1969
1970
1971
1972
1973
1974
1975
1976
1977
1978
1979
1980
1981
1982
1983
1984
1985
1986
1987
1988
1989
1990
1991
1992
1993
1994
1995
1996
1997
1998
1999

17 11
1681
1673
1687
1693
1697
1699
2000
2001
2002
2003
2004

18 9
112
93
129
145
161
2005
2006
2007
2008

19 9
77
94
113
130
149
2009
2010
2011
2012

20 13
177
161
192
205
215
229
244
2013
2014
2015
2016
2017
2018

21 13
149
168
185
201
213
227
243
2019
2020
2021
2022
2023
2024

22 13
344
327
362
383
384
385
404
2025
2026
2027
2028
2029
2030

23 13
325
342
359
377
378
400
401
2031
2032
2033
2034
2035
2036

24 9
405
404
432
463
494
2037
2038
2039
2040

25 9
401
402
403
431
465
2041
2042
2043
2044

26 9
659
634
684
711
738
2045
2046
2047
2048

