3101 
1 0 5 
 0 6 5 
 3 1 7 
 7 1 5 
 4 2 8 
 2 3 8 
 3 7 9 
 3 9 8 
 10 4 8 
 6 11 12 
 6 12 5 
 7 5 12 
 9 7 13 
 13 7 12 
 14 10 8 
 14 8 9 
 9 13 14 
 15 10 14 
 11 16 17 
 12 11 17 
 12 17 18 
 18 14 13 
 12 18 13 
 19 15 14 
 19 14 18 
 20 15 19 
 16 21 22 
 17 16 22 
 17 22 23 
 17 23 18 
 24 19 18 
 23 24 18 
 25 20 19 
 25 19 24 
 26 20 25 
 21 27 28 
 22 21 28 
 22 28 29 
 23 22 29 
 23 29 24 
 30 25 24 
 30 24 29 
 31 26 25 
 31 25 30 
 32 26 31 
 27 33 34 
 28 27 34 
 28 34 36 
 29 28 36 
 29 36 37 
 29 37 30 
 38 31 30 
 38 30 37 
 35 32 39 
 39 32 31 
 39 31 38 
 33 40 41 
 34 33 41 
 34 41 43 
 34 43 36 
 44 35 45 
 45 35 39 
 36 43 46 
 37 36 46 
 46 38 37 
 45 39 47 
 47 39 38 
 47 38 46 
 40 42 49 
 41 40 49 
 41 49 50 
 43 41 50 
 42 48 51 
 49 42 51 
 43 50 53 
 46 43 53 
 52 44 54 
 54 44 45 
 54 45 55 
 55 45 47 
 55 47 56 
 56 47 46 
 56 46 53 
 48 59 60 
 51 48 60 
 49 51 62 
 50 49 62 
 50 62 63 
 53 50 63 
 51 60 64 
 62 51 64 
 57 52 65 
 65 52 54 
 53 63 66 
 66 56 53 
 65 54 67 
 67 54 55 
 67 55 68 
 68 55 56 
 68 56 66 
 58 57 71 
 71 57 65 
 69 58 72 
 72 58 71 
 59 61 73 
 60 59 73 
 60 73 74 
 64 60 74 
 73 61 75 
 61 76 75 
 62 64 78 
 63 62 78 
 63 78 79 
 63 79 66 
 64 74 80 
 78 64 80 
 71 65 81 
 81 65 67 
 82 68 66 
 82 66 79 
 81 67 83 
 83 67 68 
 83 68 82 
 70 69 84 
 84 69 72 
 77 70 85 
 85 70 84 
 86 77 85 
 72 71 87 
 87 71 81 
 84 72 88 
 88 72 87 
 73 75 89 
 74 73 89 
 74 89 90 
 80 74 90 
 75 76 91 
 75 91 92 
 89 75 92 
 76 93 91 
 94 77 86 
 78 80 95 
 79 78 95 
 79 95 96 
 96 82 79 
 80 90 97 
 95 80 97 
 87 81 98 
 98 81 83 
 98 83 99 
 99 83 82 
 99 82 96 
 85 84 100 
 100 84 88 
 101 94 86 
 101 86 102 
 86 85 102 
 85 100 102 
 88 87 103 
 103 87 98 
 100 88 104 
 104 88 103 
 89 92 105 
 90 89 105 
 90 105 106 
 97 90 106 
 91 93 108 
 91 108 109 
 92 91 109 
 92 109 110 
 105 92 110 
 93 112 108 
 108 112 111 
 113 94 101 
 95 97 114 
 95 114 96 
 114 99 96 
 97 106 115 
 114 97 115 
 115 106 107 
 103 98 116 
 116 98 99 
 116 99 117 
 117 99 114 
 118 113 101 
 102 100 119 
 100 104 119 
 118 101 120 
 101 102 120 
 120 102 119 
 104 103 121 
 103 116 121 
 104 121 122 
 119 104 122 
 115 107 123 
 105 110 124 
 106 105 124 
 106 124 107 
 124 125 107 
 125 123 107 
 108 111 126 
 109 108 126 
 109 126 110 
 124 110 127 
 127 110 126 
 111 128 126 
 112 129 111 
 111 129 128 
 130 113 118 
 117 114 131 
 123 131 115 
 131 114 115 
 121 116 132 
 116 117 132 
 131 133 117 
 133 132 117 
 134 130 118 
 134 118 120 
 135 120 119 
 135 119 122 
 136 134 120 
 136 120 135 
 137 122 121 
 132 137 121 
 137 138 122 
 138 135 122 
 125 139 123 
 123 139 131 
 140 125 124 
 127 140 124 
 140 141 125 
 125 141 139 
 128 142 126 
 126 142 127 
 142 143 127 
 143 140 127 
 128 144 142 
 129 145 128 
 128 145 144 
 149 130 134 
 139 150 131 
 131 150 133 
 151 137 132 
 150 151 133 
 133 151 132 
 152 149 134 
 152 134 136 
 153 152 136 
 153 136 135 
 153 135 138 
 154 153 138 
 154 138 137 
 151 154 137 
 155 150 139 
 156 155 139 
 156 139 141 
 143 157 140 
 140 157 141 
 158 156 141 
 141 157 158 
 144 159 142 
 159 143 142 
 159 160 143 
 143 160 157 
 145 161 144 
 144 161 159 
 148 147 163 
 146 162 164 
 147 146 165 
 163 147 165 
 165 146 164 
 167 148 163 
 167 163 166 
 168 149 152 
 155 169 150 
 150 169 151 
 154 151 169 
 170 168 152 
 170 152 153 
 171 170 153 
 171 153 154 
 169 171 154 
 172 169 155 
 172 155 156 
 158 173 156 
 174 172 156 
 156 173 174 
 160 175 157 
 175 158 157 
 175 176 158 
 158 176 173 
 161 177 159 
 159 177 160 
 177 175 160 
 164 162 178 
 162 179 178 
 163 165 180 
 180 166 163 
 164 178 181 
 181 182 164 
 182 180 165 
 182 165 164 
 180 183 166 
 183 184 166 
 184 167 166 
 185 168 170 
 186 171 169 
 186 169 172 
 187 185 170 
 187 170 171 
 186 187 171 
 174 188 172 
 172 188 186 
 189 186 188 
 176 190 173 
 190 174 173 
 190 191 174 
 174 191 188 
 177 192 175 
 175 192 176 
 192 190 176 
 181 178 193 
 179 194 178 
 194 193 178 
 195 183 180 
 182 195 180 
 196 181 193 
 196 197 181 
 197 195 182 
 181 197 182 
 183 195 198 
 184 183 199 
 183 198 199 
 200 184 199 
 201 185 187 
 202 201 187 
 202 187 186 
 202 186 189 
 191 203 188 
 203 189 188 
 203 204 189 
 189 204 202 
 192 205 190 
 190 205 191 
 205 203 191 
 194 206 193 
 206 196 193 
 195 197 207 
 198 195 207 
 196 206 208 
 197 196 209 
 207 197 209 
 209 196 208 
 198 207 210 
 211 200 199 
 211 199 198 
 198 210 211 
 212 200 211 
 213 201 202 
 214 213 202 
 214 202 204 
 205 215 203 
 203 215 204 
 215 214 204 
 206 216 220 
 208 206 220 
 208 220 221 
 207 209 222 
 210 207 222 
 209 208 223 
 222 209 223 
 223 208 221 
 224 211 210 
 224 210 222 
 225 212 211 
 225 211 224 
 226 212 225 
 227 213 214 
 227 214 228 
 215 229 214 
 229 228 214 
 216 218 230 
 220 216 230 
 217 219 231 
 218 217 232 
 230 218 232 
 232 217 231 
 219 234 235 
 231 219 235 
 220 230 236 
 221 220 236 
 221 236 237 
 223 221 238 
 238 221 237 
 222 223 239 
 223 238 239 
 239 224 222 
 240 225 224 
 240 224 239 
 241 226 225 
 241 225 240 
 242 226 241 
 243 227 228 
 229 244 228 
 244 243 228 
 233 246 245 
 230 232 247 
 236 230 247 
 231 235 248 
 232 231 249 
 247 232 249 
 249 231 248 
 234 233 250 
 235 234 250 
 250 233 245 
 235 250 251 
 248 235 251 
 236 247 252 
 237 236 252 
 237 252 253 
 238 237 254 
 254 239 238 
 237 253 254 
 255 240 239 
 255 239 254 
 256 241 240 
 256 240 255 
 257 242 241 
 257 241 256 
 258 242 257 
 259 243 244 
 260 259 244 
 250 245 261 
 246 262 245 
 262 261 245 
 247 249 263 
 252 247 263 
 248 251 264 
 249 248 265 
 263 249 265 
 265 248 264 
 251 250 266 
 261 266 250 
 251 266 267 
 264 251 267 
 252 263 268 
 253 252 268 
 268 263 269 
 253 268 270 
 271 255 254 
 271 254 253 
 253 270 271 
 272 256 255 
 272 255 271 
 273 257 256 
 273 256 272 
 274 258 257 
 274 257 273 
 275 258 274 
 276 259 260 
 277 276 260 
 261 278 266 
 262 279 261 
 261 279 278 
 264 267 280 
 263 265 281 
 263 281 269 
 265 264 282 
 281 265 282 
 282 264 280 
 266 278 283 
 266 283 267 
 283 280 267 
 284 269 281 
 268 269 285 
 270 268 285 
 285 269 284 
 286 271 270 
 286 270 285 
 287 272 271 
 287 271 286 
 288 273 272 
 288 272 287 
 289 274 273 
 289 273 288 
 290 275 274 
 290 274 289 
 291 275 290 
 292 276 277 
 293 292 277 
 278 294 283 
 279 295 278 
 278 295 294 
 283 296 280 
 280 296 282 
 281 282 297 
 281 297 284 
 296 298 282 
 297 282 298 
 297 299 284 
 283 294 300 
 283 300 296 
 285 284 301 
 301 286 285 
 301 284 299 
 299 302 301 
 303 287 286 
 303 286 301 
 304 288 287 
 304 287 303 
 305 289 288 
 305 288 304 
 306 290 289 
 306 289 305 
 307 291 290 
 307 290 306 
 308 291 307 
 309 292 293 
 310 309 293 
 294 311 300 
 295 312 294 
 294 312 311 
 296 300 313 
 296 313 298 
 298 313 314 
 298 314 297 
 297 314 299 
 314 315 299 
 299 315 302 
 300 311 316 
 300 316 313 
 317 303 301 
 317 301 302 
 315 318 302 
 302 318 317 
 319 304 303 
 319 303 317 
 320 305 304 
 320 304 319 
 321 306 305 
 321 305 320 
 322 307 306 
 322 306 321 
 323 308 307 
 323 307 322 
 324 308 323 
 309 310 325 
 326 325 327 
 310 327 325 
 311 328 316 
 312 329 311 
 311 329 328 
 313 316 330 
 313 330 314 
 314 330 331 
 314 331 315 
 315 331 332 
 315 332 318 
 316 328 333 
 316 333 330 
 334 319 317 
 318 334 317 
 318 332 335 
 318 335 334 
 336 320 319 
 336 319 334 
 337 321 320 
 337 320 336 
 338 322 321 
 338 321 337 
 339 323 322 
 339 322 338 
 340 324 323 
 340 323 339 
 341 324 340 
 342 325 326 
 343 342 326 
 327 344 326 
 343 326 344 
 328 345 333 
 329 346 328 
 328 346 345 
 330 333 347 
 330 347 331 
 331 347 348 
 331 348 332 
 332 348 349 
 332 349 335 
 333 345 350 
 333 350 347 
 335 349 351 
 352 336 334 
 352 334 335 
 335 351 352 
 353 337 336 
 353 336 352 
 354 338 337 
 354 337 353 
 355 339 338 
 355 338 354 
 356 340 339 
 356 339 355 
 357 341 340 
 357 340 356 
 358 341 357 
 359 342 343 
 359 343 360 
 360 343 361 
 344 362 343 
 343 362 361 
 345 363 350 
 346 364 345 
 345 364 363 
 347 350 365 
 347 365 348 
 348 365 366 
 348 366 349 
 349 366 367 
 349 367 351 
 350 363 368 
 350 368 365 
 351 367 369 
 370 353 352 
 351 369 370 
 351 370 352 
 371 354 353 
 371 353 370 
 372 355 354 
 372 354 371 
 373 356 355 
 373 355 372 
 374 357 356 
 374 356 373 
 375 358 357 
 375 357 374 
 376 358 375 
 377 359 379 
 379 359 360 
 377 379 380 
 379 360 381 
 381 360 361 
 362 382 361 
 361 382 381 
 362 383 382 
 363 386 368 
 364 387 363 
 363 387 386 
 365 368 388 
 365 388 366 
 366 388 389 
 366 389 367 
 367 389 390 
 367 390 369 
 368 386 391 
 368 391 388 
 369 390 392 
 393 371 370 
 393 370 369 
 369 392 393 
 394 372 371 
 394 371 393 
 395 373 372 
 395 372 394 
 396 374 373 
 396 373 395 
 397 375 374 
 397 374 396 
 398 376 375 
 398 375 397 
 399 376 398 
 378 377 406 
 406 377 380 
 378 406 407 
 400 378 408 
 408 378 407 
 400 408 409 
 406 380 410 
 410 380 411 
 380 379 411 
 379 381 411 
 382 412 381 
 381 412 411 
 382 383 413 
 382 413 412 
 383 384 414 
 383 414 413 
 384 385 415 
 414 384 415 
 385 404 416 
 415 385 416 
 386 417 391 
 387 418 386 
 386 418 417 
 388 391 419 
 388 419 389 
 389 419 420 
 389 420 390 
 390 420 421 
 390 421 392 
 391 417 422 
 391 422 419 
 392 421 423 
 424 394 393 
 392 423 424 
 392 424 393 
 425 395 394 
 425 394 424 
 426 396 395 
 426 395 425 
 427 397 396 
 427 396 426 
 428 398 397 
 428 397 427 
 429 399 398 
 429 398 428 
 430 399 429 
 401 400 433 
 433 400 409 
 402 401 434 
 434 401 433 
 403 402 435 
 435 402 434 
 431 403 436 
 436 403 435 
 404 405 437 
 416 404 437 
 405 432 438 
 437 405 438 
 407 406 439 
 406 410 439 
 410 440 439 
 408 407 441 
 441 407 439 
 409 408 442 
 408 441 442 
 433 409 443 
 443 409 442 
 416 437 444 
 410 411 445 
 412 445 411 
 410 445 440 
 413 414 446 
 413 446 412 
 412 446 445 
 414 415 447 
 446 414 447 
 415 416 448 
 447 415 448 
 448 416 444 
 417 449 422 
 418 450 417 
 417 450 449 
 419 422 451 
 419 451 420 
 420 451 452 
 420 452 421 
 421 452 453 
 421 453 423 
 422 449 454 
 422 454 451 
 423 453 455 
 456 425 424 
 456 424 423 
 423 455 456 
 457 426 425 
 457 425 456 
 458 427 426 
 458 426 457 
 459 428 427 
 459 427 458 
 460 429 428 
 460 428 459 
 461 430 429 
 461 429 460 
 462 430 461 
 464 431 436 
 465 431 464 
 432 463 466 
 438 432 466 
 435 434 467 
 434 433 467 
 433 443 467 
 464 436 468 
 436 435 468 
 435 467 468 
 437 438 469 
 438 466 469 
 444 437 469 
 467 443 470 
 441 439 471 
 471 439 440 
 471 440 472 
 440 445 472 
 441 471 473 
 473 442 441 
 443 442 474 
 443 474 470 
 474 442 473 
 448 444 475 
 444 469 475 
 446 447 476 
 445 446 476 
 445 476 472 
 447 448 477 
 476 447 477 
 477 448 478 
 448 475 478 
 449 479 454 
 450 480 449 
 449 480 479 
 451 454 481 
 451 481 452 
 452 481 482 
 452 482 453 
 453 482 483 
 453 483 455 
 454 479 484 
 454 484 481 
 455 483 485 
 486 457 456 
 455 485 486 
 455 486 456 
 487 458 457 
 487 457 486 
 488 459 458 
 488 458 487 
 489 460 459 
 489 459 488 
 490 461 460 
 490 460 489 
 491 462 461 
 491 461 490 
 492 462 491 
 466 463 493 
 463 494 493 
 495 464 468 
 496 465 464 
 496 464 495 
 497 465 496 
 466 493 498 
 466 498 469 
 495 468 499 
 468 467 499 
 467 470 499 
 469 498 500 
 475 469 500 
 501 499 470 
 470 474 501 
 473 471 502 
 471 472 502 
 472 476 502 
 474 473 503 
 474 503 501 
 503 473 502 
 504 501 503 
 478 475 505 
 475 500 505 
 476 477 506 
 476 506 502 
 477 478 507 
 477 507 506 
 507 478 505 
 479 508 484 
 480 509 479 
 479 509 508 
 481 484 510 
 481 510 482 
 482 510 511 
 482 511 483 
 483 511 512 
 483 512 485 
 484 508 513 
 484 513 510 
 512 514 515 
 485 512 515 
 516 487 486 
 516 486 485 
 485 515 516 
 517 488 487 
 517 487 516 
 518 489 488 
 518 488 517 
 519 490 489 
 519 489 518 
 520 491 490 
 520 490 519 
 521 492 491 
 521 491 520 
 522 492 521 
 493 494 523 
 493 523 498 
 494 524 523 
 525 496 495 
 525 495 499 
 526 497 496 
 526 496 525 
 527 497 526 
 523 528 498 
 498 528 500 
 529 525 499 
 529 499 501 
 528 530 500 
 530 505 500 
 531 529 501 
 531 501 504 
 503 502 532 
 503 532 504 
 532 502 506 
 533 531 504 
 504 532 533 
 530 534 505 
 507 505 534 
 506 507 535 
 506 535 532 
 535 507 534 
 508 536 513 
 509 537 508 
 508 537 536 
 510 513 538 
 510 538 511 
 511 538 539 
 511 539 512 
 512 539 514 
 513 536 540 
 513 540 538 
 539 541 514 
 514 541 542 
 514 542 543 
 515 514 543 
 544 517 516 
 515 543 544 
 515 544 516 
 545 518 517 
 545 517 544 
 546 519 518 
 546 518 545 
 547 520 519 
 547 519 546 
 548 521 520 
 548 520 547 
 549 522 521 
 549 521 548 
 550 522 549 
 523 524 551 
 523 551 528 
 524 552 551 
 553 526 525 
 553 525 529 
 554 527 526 
 554 526 553 
 555 527 554 
 528 551 556 
 528 556 530 
 557 553 529 
 557 529 531 
 530 556 558 
 530 558 534 
 559 557 531 
 559 531 533 
 560 559 533 
 560 533 532 
 560 532 535 
 558 561 534 
 534 561 535 
 561 562 535 
 562 560 535 
 536 563 540 
 537 564 536 
 536 564 563 
 538 540 565 
 538 565 539 
 539 565 541 
 540 563 566 
 540 566 565 
 565 567 541 
 542 541 567 
 567 568 542 
 543 542 569 
 569 542 568 
 570 545 544 
 570 544 543 
 543 569 570 
 571 546 545 
 571 545 570 
 572 547 546 
 572 546 571 
 573 548 547 
 573 547 572 
 574 549 548 
 574 548 573 
 575 550 549 
 575 549 574 
 576 550 575 
 551 552 577 
 551 577 556 
 552 578 577 
 579 554 553 
 579 553 557 
 580 555 554 
 580 554 579 
 581 555 580 
 556 577 582 
 556 582 558 
 583 579 557 
 583 557 559 
 558 582 584 
 558 584 561 
 583 559 585 
 585 559 560 
 585 560 562 
 561 584 586 
 561 586 562 
 586 585 562 
 563 587 566 
 564 588 563 
 563 588 587 
 565 566 589 
 565 589 567 
 566 587 590 
 566 590 589 
 567 589 591 
 567 591 568 
 568 591 592 
 568 592 593 
 568 593 569 
 594 571 570 
 593 594 569 
 594 570 569 
 595 572 571 
 595 571 594 
 596 573 572 
 596 572 595 
 597 574 573 
 597 573 596 
 598 575 574 
 598 574 597 
 599 576 575 
 599 575 598 
 600 576 599 
 577 578 601 
 577 601 582 
 578 602 601 
 603 580 579 
 603 579 583 
 604 581 580 
 604 580 603 
 605 581 604 
 582 601 606 
 582 606 584 
 607 603 583 
 607 583 585 
 584 606 608 
 584 608 586 
 586 608 609 
 607 585 609 
 586 609 585 
 587 610 590 
 588 611 587 
 587 611 610 
 589 590 612 
 589 612 591 
 590 610 613 
 590 613 612 
 591 612 614 
 591 614 592 
 592 614 615 
 592 615 616 
 592 616 593 
 617 595 594 
 617 594 593 
 593 616 617 
 618 596 595 
 618 595 617 
 619 597 596 
 619 596 618 
 620 598 597 
 620 597 619 
 621 599 598 
 621 598 620 
 622 600 599 
 622 599 621 
 623 600 622 
 601 602 624 
 601 624 606 
 602 625 624 
 626 604 603 
 626 603 607 
 627 605 604 
 627 604 626 
 628 605 627 
 606 624 629 
 606 629 608 
 630 626 607 
 630 607 609 
 608 629 631 
 608 631 609 
 609 631 632 
 609 632 630 
 610 633 613 
 611 634 610 
 610 634 633 
 612 613 635 
 612 635 614 
 613 633 636 
 613 636 635 
 633 637 636 
 616 615 638 
 614 635 639 
 614 639 615 
 615 639 640 
 615 640 638 
 616 638 641 
 641 617 616 
 638 642 641 
 643 618 617 
 643 617 641 
 644 619 618 
 644 618 643 
 645 620 619 
 645 619 644 
 646 621 620 
 646 620 645 
 647 622 621 
 647 621 646 
 648 623 622 
 648 622 647 
 649 623 648 
 624 625 650 
 624 650 629 
 625 651 650 
 652 627 626 
 652 626 630 
 653 628 627 
 653 627 652 
 654 628 653 
 629 650 655 
 629 655 631 
 652 630 656 
 656 630 632 
 631 655 657 
 631 657 632 
 632 657 656 
 634 659 633 
 633 659 637 
 659 658 637 
 635 636 660 
 635 660 639 
 636 637 661 
 636 661 660 
 661 637 658 
 658 662 661 
 640 663 638 
 663 642 638 
 639 660 664 
 639 664 640 
 640 664 663 
 665 643 641 
 642 665 641 
 663 666 642 
 642 666 665 
 663 667 666 
 668 644 643 
 668 643 665 
 669 645 644 
 669 644 668 
 670 646 645 
 670 645 669 
 671 647 646 
 671 646 670 
 672 648 647 
 672 647 671 
 673 649 648 
 673 648 672 
 674 649 673 
 650 651 675 
 650 675 655 
 651 676 675 
 678 653 652 
 678 652 656 
 677 654 679 
 679 654 653 
 679 653 678 
 655 675 680 
 655 680 657 
 657 680 681 
 678 656 681 
 657 681 656 
 658 683 662 
 659 684 658 
 658 684 683 
 660 661 685 
 660 685 664 
 662 686 661 
 685 661 686 
 662 683 687 
 662 687 686 
 664 685 689 
 664 689 663 
 663 689 667 
 667 689 690 
 667 690 688 
 691 668 665 
 691 665 666 
 666 667 692 
 666 692 691 
 692 667 688 
 692 688 693 
 694 669 668 
 694 668 691 
 695 670 669 
 695 669 694 
 696 671 670 
 696 670 695 
 697 672 671 
 697 671 696 
 698 673 672 
 698 672 697 
 699 674 673 
 699 673 698 
 700 674 699 
 675 676 701 
 675 701 680 
 676 702 701 
 682 677 703 
 703 677 679 
 703 679 704 
 704 679 678 
 704 678 681 
 680 701 705 
 680 705 681 
 681 705 706 
 681 706 704 
 707 682 703 
 708 682 707 
 687 683 709 
 684 710 683 
 683 710 709 
 684 711 710 
 685 686 712 
 689 685 712 
 686 687 713 
 686 713 712 
 687 709 714 
 713 687 714 
 688 690 716 
 688 716 693 
 716 715 693 
 689 712 717 
 689 717 690 
 717 716 690 
 719 694 691 
 719 691 692 
 692 693 719 
 720 719 693 
 715 718 720 
 720 693 715 
 721 695 694 
 721 694 719 
 722 696 695 
 722 695 721 
 723 697 696 
 723 696 722 
 724 698 697 
 724 697 723 
 725 699 698 
 725 698 724 
 726 700 699 
 726 699 725 
 727 700 726 
 701 702 728 
 701 728 705 
 702 729 728 
 707 703 730 
 730 703 704 
 730 704 706 
 705 728 731 
 705 731 706 
 706 731 730 
 732 707 730 
 733 708 707 
 733 707 732 
 734 708 733 
 710 735 709 
 709 735 714 
 710 711 736 
 710 736 735 
 711 737 736 
 711 738 737 
 712 713 739 
 712 739 717 
 740 739 713 
 740 713 714 
 735 741 714 
 741 740 714 
 716 742 715 
 742 718 715 
 717 743 716 
 743 742 716 
 739 744 717 
 744 743 717 
 742 745 718 
 718 745 746 
 747 720 718 
 746 747 718 
 748 721 719 
 748 719 720 
 747 748 720 
 746 749 747 
 750 722 721 
 750 721 748 
 751 723 722 
 751 722 750 
 752 724 723 
 752 723 751 
 753 725 724 
 753 724 752 
 754 726 725 
 754 725 753 
 755 727 726 
 755 726 754 
 756 727 755 
 728 729 757 
 728 757 731 
 729 758 757 
 731 757 759 
 731 759 730 
 730 759 732 
 760 733 732 
 760 732 759 
 738 734 761 
 761 734 733 
 761 733 760 
 735 736 762 
 737 762 736 
 762 741 735 
 738 763 737 
 763 762 737 
 763 738 764 
 764 738 761 
 740 765 739 
 739 765 744 
 741 766 740 
 740 766 765 
 762 767 741 
 741 767 766 
 743 768 742 
 742 768 745 
 744 769 743 
 743 769 768 
 765 770 744 
 744 770 769 
 745 771 746 
 768 772 745 
 745 772 771 
 746 771 773 
 746 773 749 
 771 774 773 
 775 750 748 
 775 748 747 
 749 775 747 
 776 775 749 
 749 773 776 
 777 751 750 
 777 750 775 
 778 752 751 
 778 751 777 
 779 753 752 
 779 752 778 
 780 754 753 
 780 753 779 
 781 755 754 
 781 754 780 
 782 756 755 
 782 755 781 
 783 756 782 
 757 758 784 
 757 784 759 
 758 785 784 
 759 784 786 
 759 786 760 
 764 761 787 
 787 761 760 
 787 760 786 
 763 788 762 
 762 788 767 
 788 763 789 
 789 763 764 
 789 764 790 
 790 764 787 
 766 791 765 
 765 791 770 
 767 792 766 
 766 792 791 
 788 793 767 
 767 793 792 
 769 794 768 
 768 794 772 
 770 795 769 
 769 795 794 
 791 796 770 
 770 796 795 
 772 797 771 
 771 797 774 
 794 798 772 
 772 798 797 
 797 799 774 
 773 774 800 
 774 799 800 
 773 800 776 
 801 777 775 
 801 775 776 
 801 776 802 
 776 800 802 
 803 778 777 
 803 777 801 
 804 779 778 
 804 778 803 
 805 780 779 
 805 779 804 
 806 781 780 
 806 780 805 
 807 782 781 
 807 781 806 
 808 783 782 
 808 782 807 
 809 783 808 
 784 785 810 
 784 810 786 
 785 811 810 
 786 810 812 
 786 812 787 
 787 812 790 
 793 788 813 
 813 788 789 
 813 789 814 
 814 789 790 
 814 790 812 
 792 815 791 
 791 815 796 
 793 816 792 
 792 816 815 
 816 793 817 
 817 793 813 
 795 818 794 
 794 818 798 
 796 819 795 
 795 819 818 
 815 820 796 
 796 820 819 
 797 821 799 
 798 822 797 
 797 822 821 
 818 823 798 
 798 823 822 
 799 824 800 
 821 825 799 
 799 825 824 
 824 826 800 
 826 802 800 
 827 803 801 
 827 801 802 
 828 827 802 
 826 828 802 
 829 804 803 
 829 803 827 
 830 805 804 
 830 804 829 
 831 806 805 
 831 805 830 
 832 807 806 
 832 806 831 
 833 808 807 
 833 807 832 
 834 809 808 
 834 808 833 
 835 809 834 
 810 811 836 
 810 836 812 
 811 837 836 
 812 836 838 
 812 838 814 
 817 813 839 
 839 813 814 
 839 814 838 
 816 840 815 
 815 840 820 
 840 816 841 
 841 816 817 
 841 817 842 
 842 817 839 
 819 843 818 
 818 843 823 
 820 844 819 
 819 844 843 
 840 845 820 
 820 845 844 
 822 846 821 
 821 846 825 
 823 847 822 
 822 847 846 
 843 848 823 
 823 848 847 
 846 849 825 
 825 850 824 
 824 850 826 
 825 849 851 
 825 851 850 
 826 850 852 
 852 828 826 
 852 853 828 
 854 829 827 
 854 827 828 
 828 853 854 
 855 830 829 
 855 829 854 
 856 831 830 
 856 830 855 
 857 832 831 
 857 831 856 
 858 833 832 
 858 832 857 
 859 834 833 
 859 833 858 
 860 835 834 
 860 834 859 
 861 835 860 
 836 837 862 
 836 862 838 
 837 863 862 
 864 854 853 
 838 862 865 
 838 865 839 
 839 865 842 
 845 840 866 
 866 840 841 
 866 841 867 
 867 841 842 
 867 842 865 
 844 868 843 
 843 868 848 
 845 869 844 
 844 869 868 
 869 845 870 
 870 845 866 
 847 871 846 
 846 871 849 
 848 872 847 
 847 872 871 
 868 873 848 
 848 873 872 
 871 874 849 
 849 874 875 
 849 875 851 
 851 875 876 
 851 876 850 
 850 876 852 
 876 877 852 
 852 877 853 
 853 877 878 
 853 878 864 
 878 879 864 
 880 855 854 
 880 854 864 
 881 856 855 
 881 855 880 
 882 857 856 
 882 856 881 
 883 858 857 
 883 857 882 
 884 859 858 
 884 858 883 
 885 860 859 
 885 859 884 
 886 861 860 
 886 860 885 
 887 861 886 
 862 863 888 
 862 888 865 
 863 889 888 
 879 890 864 
 890 880 864 
 865 888 891 
 865 891 867 
 870 866 892 
 892 866 867 
 892 867 891 
 893 870 892 
 869 894 868 
 868 894 873 
 894 869 895 
 895 869 870 
 895 870 893 
 872 896 871 
 871 896 874 
 873 897 872 
 872 897 896 
 894 898 873 
 873 898 897 
 896 899 874 
 874 899 900 
 874 900 875 
 875 900 901 
 875 901 876 
 876 901 902 
 876 902 877 
 877 902 903 
 877 903 878 
 878 903 879 
 901 904 902 
 903 905 879 
 879 905 906 
 879 906 890 
 907 881 880 
 907 880 890 
 908 882 881 
 908 881 907 
 909 883 882 
 909 882 908 
 910 884 883 
 910 883 909 
 911 885 884 
 911 884 910 
 912 886 885 
 912 885 911 
 913 887 886 
 913 886 912 
 914 887 913 
 888 889 915 
 888 915 891 
 889 916 915 
 917 907 890 
 917 890 906 
 891 915 918 
 891 918 892 
 892 918 893 
 919 895 893 
 919 893 918 
 898 894 920 
 920 894 895 
 920 895 919 
 897 921 896 
 896 921 899 
 898 922 897 
 897 922 921 
 922 898 923 
 923 898 920 
 921 924 899 
 899 924 925 
 899 925 900 
 900 925 926 
 900 926 901 
 901 926 904 
 902 904 927 
 902 927 903 
 903 927 905 
 904 928 927 
 926 929 904 
 904 929 928 
 906 905 930 
 927 931 905 
 931 930 905 
 930 932 906 
 906 932 917 
 933 908 907 
 933 907 917 
 934 909 908 
 934 908 933 
 935 910 909 
 935 909 934 
 936 911 910 
 936 910 935 
 937 912 911 
 937 911 936 
 938 913 912 
 938 912 937 
 939 914 913 
 939 913 938 
 940 914 939 
 915 916 941 
 915 941 918 
 916 942 941 
 943 933 917 
 943 917 932 
 918 941 944 
 918 944 919 
 923 920 945 
 945 920 919 
 945 919 944 
 922 946 921 
 921 946 924 
 946 922 947 
 947 922 923 
 947 923 948 
 948 923 945 
 946 949 924 
 924 949 950 
 924 950 925 
 925 950 951 
 925 951 926 
 926 951 929 
 928 952 927 
 927 952 931 
 929 953 928 
 928 953 952 
 951 954 929 
 929 954 953 
 930 955 932 
 952 956 931 
 931 956 930 
 930 956 955 
 952 957 956 
 955 958 932 
 932 958 943 
 955 959 958 
 960 934 933 
 960 933 943 
 961 935 934 
 961 934 960 
 962 936 935 
 962 935 961 
 963 937 936 
 963 936 962 
 964 938 937 
 964 937 963 
 965 939 938 
 965 938 964 
 966 940 939 
 966 939 965 
 967 940 966 
 941 942 968 
 941 968 944 
 942 969 968 
 970 960 943 
 970 943 958 
 944 968 971 
 944 971 945 
 945 971 948 
 949 946 972 
 972 946 947 
 972 947 973 
 973 947 948 
 973 948 971 
 974 949 972 
 975 949 974 
 949 975 950 
 950 975 976 
 950 976 951 
 951 976 954 
 953 977 952 
 952 977 957 
 954 978 953 
 953 978 977 
 976 979 954 
 954 979 978 
 955 980 959 
 980 955 956 
 957 981 956 
 956 981 980 
 977 982 957 
 957 982 981 
 980 983 959 
 980 984 983 
 958 959 985 
 959 983 985 
 958 985 970 
 986 961 960 
 986 960 970 
 987 962 961 
 987 961 986 
 988 963 962 
 988 962 987 
 989 964 963 
 989 963 988 
 990 965 964 
 990 964 989 
 991 966 965 
 991 965 990 
 992 967 966 
 992 966 991 
 993 967 992 
 968 969 994 
 968 994 971 
 969 995 994 
 996 986 970 
 996 970 985 
 971 994 997 
 971 997 973 
 974 972 998 
 998 972 973 
 998 973 997 
 999 974 998 
 1000 975 974 
 1000 974 999 
 1001 975 1000 
 975 1001 976 
 976 1001 979 
 978 1002 977 
 977 1002 982 
 979 1003 978 
 978 1003 1002 
 1001 1004 979 
 979 1004 1003 
 981 1005 980 
 980 1005 984 
 982 1006 981 
 981 1006 1005 
 1002 1007 982 
 982 1007 1006 
 983 1008 985 
 1005 1009 984 
 984 1009 1010 
 984 1010 983 
 983 1010 1008 
 1008 1011 985 
 1011 996 985 
 1012 987 986 
 1012 986 996 
 1013 988 987 
 1013 987 1012 
 1014 989 988 
 1014 988 1013 
 1015 990 989 
 1015 989 1014 
 1016 991 990 
 1016 990 1015 
 1017 992 991 
 1017 991 1016 
 1018 993 992 
 1018 992 1017 
 1019 993 1018 
 994 995 1020 
 994 1020 997 
 995 1021 1020 
 1012 996 1022 
 1011 1022 996 
 997 1020 1023 
 997 1023 998 
 998 1023 999 
 1024 1000 999 
 1024 999 1023 
 1004 1001 1025 
 1025 1001 1000 
 1025 1000 1024 
 1003 1026 1002 
 1002 1026 1007 
 1004 1027 1003 
 1003 1027 1026 
 1027 1004 1028 
 1028 1004 1025 
 1006 1029 1005 
 1005 1029 1009 
 1007 1030 1006 
 1006 1030 1029 
 1026 1031 1007 
 1007 1031 1030 
 1029 1032 1009 
 1010 1033 1008 
 1008 1033 1011 
 1009 1032 1034 
 1009 1034 1010 
 1010 1034 1035 
 1010 1035 1033 
 1011 1033 1036 
 1011 1036 1022 
 1022 1037 1012 
 1038 1013 1012 
 1038 1012 1037 
 1039 1014 1013 
 1039 1013 1038 
 1040 1015 1014 
 1040 1014 1039 
 1041 1016 1015 
 1041 1015 1040 
 1042 1017 1016 
 1042 1016 1041 
 1043 1018 1017 
 1043 1017 1042 
 1044 1019 1018 
 1044 1018 1043 
 1045 1019 1044 
 1020 1021 1046 
 1020 1046 1023 
 1021 1047 1046 
 1036 1048 1022 
 1022 1048 1037 
 1023 1046 1049 
 1023 1049 1024 
 1028 1025 1050 
 1050 1025 1024 
 1050 1024 1049 
 1027 1051 1026 
 1026 1051 1031 
 1051 1027 1052 
 1052 1027 1028 
 1052 1028 1053 
 1053 1028 1050 
 1051 1054 1031 
 1030 1055 1029 
 1029 1055 1032 
 1031 1054 1056 
 1031 1056 1030 
 1030 1056 1055 
 1055 1057 1032 
 1032 1057 1058 
 1032 1058 1034 
 1035 1059 1033 
 1033 1059 1036 
 1034 1058 1060 
 1034 1060 1035 
 1035 1060 1059 
 1059 1061 1036 
 1036 1061 1048 
 1059 1062 1061 
 1063 1038 1037 
 1063 1037 1048 
 1064 1039 1038 
 1064 1038 1063 
 1065 1040 1039 
 1065 1039 1064 
 1066 1041 1040 
 1066 1040 1065 
 1067 1042 1041 
 1067 1041 1066 
 1068 1043 1042 
 1068 1042 1067 
 1069 1044 1043 
 1069 1043 1068 
 1070 1045 1044 
 1070 1044 1069 
 1071 1045 1070 
 1046 1047 1072 
 1046 1072 1049 
 1047 1073 1072 
 1048 1061 1074 
 1048 1074 1063 
 1075 1074 1061 
 1049 1072 1076 
 1049 1076 1050 
 1050 1076 1053 
 1054 1051 1077 
 1077 1051 1052 
 1077 1052 1078 
 1078 1052 1053 
 1078 1053 1076 
 1079 1054 1077 
 1080 1054 1079 
 1054 1080 1056 
 1056 1080 1081 
 1056 1081 1055 
 1055 1081 1057 
 1081 1082 1057 
 1057 1082 1083 
 1057 1083 1058 
 1058 1083 1084 
 1058 1084 1060 
 1060 1084 1085 
 1060 1085 1059 
 1059 1085 1062 
 1062 1086 1061 
 1061 1086 1075 
 1085 1087 1062 
 1062 1087 1086 
 1088 1064 1063 
 1088 1063 1074 
 1089 1065 1064 
 1089 1064 1088 
 1091 1066 1065 
 1091 1065 1089 
 1092 1067 1066 
 1092 1066 1091 
 1093 1068 1067 
 1093 1067 1092 
 1094 1069 1068 
 1094 1068 1093 
 1095 1070 1069 
 1095 1069 1094 
 1090 1071 1096 
 1096 1071 1070 
 1096 1070 1095 
 1072 1073 1097 
 1072 1097 1076 
 1073 1098 1097 
 1074 1075 1099 
 1099 1088 1074 
 1075 1100 1099 
 1099 1101 1088 
 1086 1102 1075 
 1075 1102 1100 
 1076 1097 1103 
 1076 1103 1078 
 1079 1077 1104 
 1104 1077 1078 
 1104 1078 1103 
 1105 1079 1104 
 1106 1080 1079 
 1106 1079 1105 
 1107 1080 1106 
 1080 1107 1081 
 1081 1107 1082 
 1107 1108 1082 
 1082 1108 1109 
 1082 1109 1083 
 1083 1109 1110 
 1083 1110 1084 
 1084 1110 1111 
 1084 1111 1085 
 1085 1111 1087 
 1087 1112 1086 
 1086 1112 1102 
 1111 1113 1087 
 1087 1113 1112 
 1102 1114 1100 
 1101 1115 1088 
 1115 1089 1088 
 1116 1091 1089 
 1116 1089 1115 
 1117 1090 1118 
 1118 1090 1096 
 1119 1092 1091 
 1119 1091 1116 
 1120 1093 1092 
 1120 1092 1119 
 1121 1094 1093 
 1121 1093 1120 
 1122 1095 1094 
 1122 1094 1121 
 1118 1096 1123 
 1123 1096 1095 
 1123 1095 1122 
 1097 1098 1124 
 1097 1124 1103 
 1098 1125 1124 
 1100 1114 1126 
 1100 1126 1099 
 1099 1126 1101 
 1126 1127 1101 
 1101 1127 1115 
 1112 1129 1102 
 1102 1129 1114 
 1103 1124 1130 
 1103 1130 1104 
 1104 1130 1105 
 1131 1106 1105 
 1131 1105 1130 
 1108 1107 1132 
 1132 1107 1106 
 1132 1106 1131 
 1133 1108 1132 
 1134 1108 1133 
 1108 1134 1109 
 1109 1134 1135 
 1109 1135 1110 
 1110 1135 1136 
 1110 1136 1111 
 1111 1136 1113 
 1113 1137 1112 
 1112 1137 1129 
 1136 1138 1113 
 1113 1138 1137 
 1114 1139 1126 
 1129 1140 1114 
 1114 1140 1139 
 1127 1128 1141 
 1141 1116 1115 
 1141 1115 1127 
 1142 1119 1116 
 1142 1116 1141 
 1143 1117 1144 
 1144 1117 1118 
 1144 1118 1145 
 1145 1118 1123 
 1146 1120 1119 
 1146 1119 1142 
 1147 1121 1120 
 1147 1120 1146 
 1148 1122 1121 
 1148 1121 1147 
 1145 1123 1149 
 1149 1123 1122 
 1149 1122 1148 
 1124 1125 1151 
 1124 1151 1130 
 1125 1152 1151 
 1126 1139 1153 
 1126 1153 1127 
 1127 1153 1128 
 1141 1128 1154 
 1153 1155 1128 
 1155 1154 1128 
 1139 1156 1153 
 1137 1157 1129 
 1129 1157 1140 
 1130 1151 1158 
 1130 1158 1131 
 1133 1132 1159 
 1159 1132 1131 
 1159 1131 1158 
 1160 1133 1159 
 1161 1134 1133 
 1161 1133 1160 
 1162 1134 1161 
 1134 1162 1135 
 1135 1162 1163 
 1135 1163 1136 
 1136 1163 1138 
 1138 1164 1137 
 1137 1164 1157 
 1163 1165 1138 
 1138 1165 1164 
 1140 1166 1139 
 1139 1166 1156 
 1157 1167 1140 
 1140 1167 1166 
 1168 1142 1141 
 1168 1141 1154 
 1154 1169 1168 
 1170 1146 1142 
 1170 1142 1168 
 1150 1143 1171 
 1171 1143 1144 
 1171 1144 1172 
 1172 1144 1145 
 1172 1145 1173 
 1173 1145 1149 
 1174 1147 1146 
 1174 1146 1170 
 1175 1148 1147 
 1175 1147 1174 
 1173 1149 1176 
 1176 1149 1148 
 1176 1148 1175 
 1177 1150 1178 
 1178 1150 1171 
 1151 1152 1179 
 1151 1179 1158 
 1152 1180 1179 
 1156 1181 1153 
 1153 1181 1155 
 1181 1182 1155 
 1155 1182 1154 
 1154 1182 1169 
 1166 1183 1156 
 1156 1183 1181 
 1164 1184 1157 
 1157 1184 1167 
 1158 1179 1185 
 1158 1185 1159 
 1160 1159 1185 
 1186 1161 1160 
 1186 1160 1185 
 1187 1162 1161 
 1187 1161 1186 
 1188 1162 1187 
 1162 1188 1163 
 1163 1188 1165 
 1165 1189 1164 
 1164 1189 1184 
 1188 1190 1165 
 1165 1190 1189 
 1167 1191 1166 
 1166 1191 1183 
 1184 1192 1167 
 1167 1192 1191 
 1183 1193 1181 
 1182 1194 1169 
 1195 1170 1168 
 1195 1168 1169 
 1169 1194 1196 
 1169 1196 1195 
 1197 1174 1170 
 1197 1170 1195 
 1178 1171 1198 
 1198 1171 1172 
 1198 1172 1199 
 1199 1172 1173 
 1199 1173 1200 
 1200 1173 1176 
 1201 1175 1174 
 1201 1174 1197 
 1200 1176 1202 
 1202 1176 1175 
 1202 1175 1201 
 1203 1177 1204 
 1204 1177 1178 
 1204 1178 1205 
 1205 1178 1198 
 1179 1180 1207 
 1179 1207 1185 
 1180 1208 1207 
 1181 1193 1209 
 1181 1209 1182 
 1182 1209 1194 
 1191 1210 1183 
 1183 1210 1193 
 1189 1211 1184 
 1184 1211 1192 
 1185 1207 1212 
 1185 1212 1186 
 1213 1187 1186 
 1213 1186 1212 
 1190 1188 1214 
 1214 1188 1187 
 1214 1187 1213 
 1190 1215 1189 
 1189 1215 1211 
 1215 1190 1216 
 1216 1190 1214 
 1192 1217 1191 
 1191 1217 1210 
 1211 1218 1192 
 1192 1218 1217 
 1193 1219 1209 
 1210 1220 1193 
 1193 1220 1219 
 1209 1221 1194 
 1221 1222 1194 
 1196 1194 1222 
 1223 1197 1195 
 1223 1195 1196 
 1222 1224 1196 
 1196 1224 1223 
 1225 1201 1197 
 1225 1197 1223 
 1205 1198 1226 
 1226 1198 1199 
 1226 1199 1227 
 1227 1199 1200 
 1227 1200 1228 
 1228 1200 1202 
 1228 1202 1229 
 1229 1202 1201 
 1229 1201 1225 
 1206 1203 1230 
 1230 1203 1204 
 1231 1205 1226 
 1230 1204 1232 
 1232 1204 1205 
 1232 1205 1231 
 1233 1206 1234 
 1234 1206 1230 
 1207 1208 1236 
 1207 1236 1212 
 1208 1237 1236 
 1219 1238 1209 
 1209 1238 1221 
 1217 1239 1210 
 1210 1239 1220 
 1215 1240 1211 
 1211 1240 1218 
 1212 1236 1241 
 1213 1212 1241 
 1216 1214 1242 
 1242 1214 1213 
 1242 1213 1241 
 1240 1215 1243 
 1243 1215 1216 
 1243 1216 1244 
 1244 1216 1242 
 1218 1245 1217 
 1217 1245 1239 
 1240 1246 1218 
 1218 1246 1245 
 1220 1247 1219 
 1219 1247 1238 
 1239 1248 1220 
 1220 1248 1247 
 1238 1249 1221 
 1221 1249 1222 
 1238 1250 1249 
 1222 1249 1251 
 1251 1252 1222 
 1222 1252 1224 
 1253 1225 1223 
 1224 1253 1223 
 1252 1254 1224 
 1224 1254 1253 
 1255 1229 1225 
 1255 1225 1253 
 1231 1226 1256 
 1256 1226 1227 
 1256 1227 1257 
 1257 1227 1228 
 1257 1228 1258 
 1258 1228 1229 
 1258 1229 1255 
 1234 1230 1259 
 1259 1230 1232 
 1260 1231 1256 
 1259 1232 1261 
 1261 1232 1231 
 1261 1231 1260 
 1235 1233 1262 
 1262 1233 1234 
 1262 1234 1263 
 1263 1234 1259 
 1264 1235 1262 
 1265 1235 1264 
 1236 1237 1267 
 1236 1267 1241 
 1237 1268 1267 
 1247 1269 1238 
 1238 1269 1250 
 1245 1270 1239 
 1239 1270 1248 
 1246 1240 1271 
 1271 1240 1243 
 1241 1267 1272 
 1241 1272 1242 
 1242 1272 1244 
 1271 1243 1273 
 1273 1243 1244 
 1273 1244 1272 
 1246 1274 1245 
 1245 1274 1270 
 1274 1246 1275 
 1275 1246 1271 
 1248 1276 1247 
 1247 1276 1269 
 1270 1277 1248 
 1248 1277 1276 
 1269 1278 1250 
 1250 1278 1279 
 1250 1279 1249 
 1249 1279 1251 
 1279 1280 1251 
 1251 1280 1252 
 1252 1280 1281 
 1252 1281 1254 
 1255 1253 1282 
 1254 1282 1253 
 1254 1281 1283 
 1254 1283 1282 
 1284 1258 1255 
 1284 1255 1282 
 1260 1256 1285 
 1285 1256 1257 
 1285 1257 1286 
 1286 1257 1258 
 1286 1258 1284 
 1287 1260 1285 
 1263 1259 1288 
 1288 1259 1261 
 1288 1261 1289 
 1289 1261 1260 
 1289 1260 1287 
 1263 1288 1290 
 1264 1262 1291 
 1291 1262 1263 
 1291 1263 1292 
 1263 1290 1292 
 1293 1264 1291 
 1266 1265 1294 
 1294 1265 1264 
 1294 1264 1293 
 1295 1266 1294 
 1296 1266 1295 
 1267 1268 1297 
 1267 1297 1272 
 1268 1298 1297 
 1276 1299 1269 
 1269 1299 1278 
 1274 1300 1270 
 1270 1300 1277 
 1275 1271 1301 
 1301 1271 1273 
 1272 1297 1302 
 1301 1273 1302 
 1272 1302 1273 
 1300 1274 1303 
 1303 1274 1275 
 1303 1275 1304 
 1304 1275 1301 
 1277 1305 1276 
 1276 1305 1299 
 1300 1306 1277 
 1277 1306 1305 
 1278 1307 1279 
 1299 1308 1278 
 1278 1308 1307 
 1279 1307 1309 
 1279 1309 1280 
 1280 1309 1310 
 1280 1310 1281 
 1281 1310 1311 
 1281 1311 1283 
 1312 1284 1282 
 1312 1282 1283 
 1283 1311 1313 
 1283 1313 1312 
 1314 1286 1284 
 1314 1284 1312 
 1287 1285 1315 
 1315 1285 1286 
 1315 1286 1314 
 1316 1287 1315 
 1289 1287 1317 
 1317 1287 1316 
 1290 1288 1318 
 1288 1289 1318 
 1318 1289 1319 
 1289 1317 1319 
 1290 1318 1320 
 1290 1320 1292 
 1293 1291 1321 
 1321 1291 1292 
 1321 1292 1320 
 1294 1293 1322 
 1293 1321 1322 
 1323 1295 1294 
 1322 1323 1294 
 1324 1296 1295 
 1323 1324 1295 
 1297 1298 1325 
 1297 1325 1302 
 1298 1326 1325 
 1309 1327 1310 
 1307 1328 1309 
 1305 1329 1299 
 1299 1329 1308 
 1306 1300 1330 
 1330 1300 1303 
 1302 1325 1331 
 1302 1331 1301 
 1301 1331 1304 
 1330 1303 1332 
 1332 1303 1304 
 1332 1304 1331 
 1306 1333 1305 
 1305 1333 1329 
 1333 1306 1334 
 1334 1306 1330 
 1308 1335 1307 
 1307 1335 1328 
 1329 1336 1308 
 1308 1336 1335 
 1328 1337 1309 
 1309 1337 1327 
 1327 1338 1310 
 1311 1310 1338 
 1338 1339 1311 
 1339 1313 1311 
 1313 1340 1312 
 1312 1340 1314 
 1340 1341 1314 
 1339 1342 1313 
 1313 1342 1340 
 1316 1315 1343 
 1343 1315 1314 
 1343 1314 1341 
 1316 1343 1344 
 1345 1319 1317 
 1317 1316 1345 
 1344 1345 1316 
 1346 1320 1318 
 1345 1346 1319 
 1346 1318 1319 
 1347 1321 1320 
 1346 1347 1320 
 1348 1322 1321 
 1347 1348 1321 
 1349 1323 1322 
 1349 1322 1348 
 1350 1324 1323 
 1349 1350 1323 
 1325 1326 1351 
 1325 1351 1331 
 1326 1352 1351 
 1337 1353 1327 
 1327 1353 1338 
 1335 1354 1328 
 1328 1354 1337 
 1333 1355 1329 
 1329 1355 1336 
 1334 1330 1356 
 1356 1330 1332 
 1331 1351 1357 
 1356 1332 1357 
 1331 1357 1332 
 1355 1333 1358 
 1358 1333 1334 
 1358 1334 1359 
 1359 1334 1356 
 1336 1360 1335 
 1335 1360 1354 
 1355 1361 1336 
 1336 1361 1360 
 1337 1362 1353 
 1354 1363 1337 
 1337 1363 1362 
 1338 1353 1364 
 1338 1364 1339 
 1364 1365 1339 
 1339 1365 1342 
 1340 1342 1366 
 1366 1343 1341 
 1340 1366 1341 
 1366 1342 1367 
 1342 1365 1368 
 1342 1368 1367 
 1369 1344 1343 
 1366 1369 1343 
 1370 1345 1344 
 1369 1370 1344 
 1371 1346 1345 
 1370 1371 1345 
 1372 1347 1346 
 1371 1372 1346 
 1373 1348 1347 
 1372 1373 1347 
 1374 1349 1348 
 1373 1374 1348 
 1375 1350 1349 
 1374 1375 1349 
 1351 1352 1376 
 1351 1376 1357 
 1352 1377 1376 
 1362 1378 1353 
 1353 1378 1364 
 1360 1379 1354 
 1354 1379 1363 
 1361 1355 1380 
 1380 1355 1358 
 1357 1376 1381 
 1357 1381 1356 
 1356 1381 1359 
 1380 1358 1382 
 1382 1358 1359 
 1382 1359 1381 
 1361 1383 1360 
 1360 1383 1379 
 1383 1361 1384 
 1384 1361 1380 
 1363 1385 1362 
 1362 1385 1378 
 1379 1386 1363 
 1363 1386 1385 
 1378 1387 1364 
 1364 1387 1365 
 1378 1388 1387 
 1365 1387 1389 
 1365 1389 1368 
 1390 1369 1366 
 1367 1390 1366 
 1368 1391 1367 
 1367 1391 1390 
 1389 1392 1368 
 1368 1392 1391 
 1393 1370 1369 
 1390 1393 1369 
 1394 1371 1370 
 1393 1394 1370 
 1395 1372 1371 
 1394 1395 1371 
 1396 1373 1372 
 1395 1396 1372 
 1397 1374 1373 
 1396 1397 1373 
 1398 1375 1374 
 1397 1398 1374 
 1376 1377 1399 
 1376 1399 1381 
 1377 1400 1399 
 1385 1401 1378 
 1378 1401 1388 
 1383 1402 1379 
 1379 1402 1386 
 1384 1380 1403 
 1403 1380 1382 
 1381 1399 1404 
 1403 1382 1404 
 1381 1404 1382 
 1402 1383 1405 
 1405 1383 1384 
 1405 1384 1406 
 1406 1384 1403 
 1386 1407 1385 
 1385 1407 1401 
 1402 1408 1386 
 1386 1408 1407 
 1388 1409 1387 
 1387 1409 1389 
 1401 1410 1388 
 1388 1410 1409 
 1409 1411 1389 
 1389 1411 1392 
 1412 1393 1390 
 1412 1390 1391 
 1391 1392 1413 
 1391 1413 1412 
 1392 1411 1414 
 1392 1414 1413 
 1415 1394 1393 
 1412 1415 1393 
 1416 1395 1394 
 1415 1416 1394 
 1417 1396 1395 
 1416 1417 1395 
 1418 1397 1396 
 1417 1418 1396 
 1419 1398 1397 
 1418 1419 1397 
 1399 1400 1420 
 1399 1420 1404 
 1400 1421 1420 
 1409 1422 1411 
 1407 1423 1401 
 1401 1423 1410 
 1408 1402 1424 
 1424 1402 1405 
 1404 1420 1425 
 1404 1425 1403 
 1403 1425 1406 
 1424 1405 1426 
 1426 1405 1406 
 1426 1406 1425 
 1408 1427 1407 
 1407 1427 1423 
 1427 1408 1428 
 1428 1408 1424 
 1410 1429 1409 
 1409 1429 1422 
 1423 1430 1410 
 1410 1430 1429 
 1422 1431 1411 
 1431 1414 1411 
 1432 1415 1412 
 1414 1432 1413 
 1432 1412 1413 
 1431 1433 1414 
 1414 1433 1432 
 1434 1416 1415 
 1432 1434 1415 
 1435 1417 1416 
 1434 1435 1416 
 1436 1418 1417 
 1435 1436 1417 
 1437 1419 1418 
 1436 1437 1418 
 1420 1421 1438 
 1420 1438 1425 
 1421 1439 1438 
 1429 1440 1422 
 1422 1440 1431 
 1427 1441 1423 
 1423 1441 1430 
 1428 1424 1442 
 1442 1424 1426 
 1425 1438 1443 
 1442 1426 1443 
 1425 1443 1426 
 1441 1427 1444 
 1444 1427 1428 
 1444 1428 1445 
 1445 1428 1442 
 1430 1446 1429 
 1429 1446 1440 
 1441 1447 1430 
 1430 1447 1446 
 1440 1448 1431 
 1431 1448 1449 
 1431 1449 1433 
 1450 1434 1432 
 1450 1432 1433 
 1451 1450 1433 
 1433 1449 1451 
 1452 1435 1434 
 1450 1452 1434 
 1453 1436 1435 
 1452 1453 1435 
 1454 1437 1436 
 1453 1454 1436 
 1438 1439 1455 
 1438 1455 1443 
 1439 1456 1455 
 1446 1457 1440 
 1440 1457 1448 
 1447 1441 1458 
 1458 1441 1444 
 1443 1455 1459 
 1443 1459 1442 
 1442 1459 1445 
 1458 1444 1460 
 1460 1444 1445 
 1460 1445 1459 
 1447 1461 1446 
 1446 1461 1457 
 1461 1447 1462 
 1462 1447 1458 
 1448 1463 1449 
 1457 1464 1448 
 1448 1464 1463 
 1449 1463 1465 
 1449 1465 1451 
 1466 1452 1450 
 1466 1450 1451 
 1466 1451 1465 
 1467 1453 1452 
 1466 1467 1452 
 1468 1454 1453 
 1467 1468 1453 
 1455 1456 1469 
 1455 1469 1459 
 1456 1470 1469 
 1463 1471 1465 
 1461 1472 1457 
 1457 1472 1464 
 1462 1458 1473 
 1473 1458 1460 
 1459 1469 1474 
 1473 1460 1474 
 1459 1474 1460 
 1472 1461 1475 
 1475 1461 1462 
 1475 1462 1476 
 1476 1462 1473 
 1464 1477 1463 
 1463 1477 1471 
 1472 1478 1464 
 1464 1478 1477 
 1479 1466 1465 
 1465 1471 1479 
 1480 1467 1466 
 1479 1480 1466 
 1481 1468 1467 
 1480 1481 1467 
 1471 1482 1479 
 1469 1470 1483 
 1469 1483 1474 
 1470 1484 1483 
 1477 1485 1471 
 1471 1485 1482 
 1478 1472 1486 
 1486 1472 1475 
 1474 1483 1487 
 1474 1487 1473 
 1473 1487 1476 
 1486 1475 1488 
 1488 1475 1476 
 1488 1476 1487 
 1478 1489 1477 
 1477 1489 1485 
 1489 1478 1490 
 1490 1478 1486 
 1491 1480 1479 
 1491 1479 1482 
 1492 1481 1480 
 1491 1492 1480 
 1485 1493 1482 
 1482 1493 1491 
 1483 1484 1494 
 1483 1494 1487 
 1484 1495 1494 
 1489 1496 1485 
 1485 1496 1493 
 1490 1486 1497 
 1497 1486 1488 
 1487 1494 1498 
 1497 1488 1498 
 1487 1498 1488 
 1496 1489 1499 
 1499 1489 1490 
 1499 1490 1500 
 1500 1490 1497 
 1493 1501 1491 
 1502 1492 1491 
 1502 1491 1501 
 1496 1503 1493 
 1493 1503 1501 
 1494 1495 1504 
 1494 1504 1498 
 1495 1505 1504 
 1503 1496 1506 
 1506 1496 1499 
 1498 1504 1507 
 1498 1507 1497 
 1497 1507 1500 
 1506 1499 1508 
 1508 1499 1500 
 1508 1500 1507 
 1503 1509 1501 
 1509 1502 1501 
 1509 1503 1510 
 1510 1503 1506 
 1504 1505 1511 
 1504 1511 1507 
 1505 1512 1511 
 1510 1506 1514 
 1514 1506 1508 
 1507 1511 1515 
 1514 1508 1515 
 1507 1515 1508 
 1513 1509 1516 
 1516 1509 1510 
 1516 1510 1517 
 1517 1510 1514 
 1511 1512 1519 
 1511 1519 1515 
 1512 1520 1519 
 1518 1513 1521 
 1521 1513 1516 
 1515 1519 1522 
 1515 1522 1514 
 1517 1514 1522 
 1521 1516 1523 
 1523 1516 1517 
 1523 1517 1522 
 1524 1518 1525 
 1525 1518 1521 
 1519 1520 1526 
 1519 1526 1522 
 1520 1527 1526 
 1525 1521 1529 
 1529 1521 1523 
 1522 1526 1530 
 1522 1530 1523 
 1529 1523 1530 
 1528 1524 1531 
 1531 1524 1525 
 1531 1525 1532 
 1532 1525 1529 
 1526 1527 1534 
 1526 1534 1530 
 1527 1535 1534 
 1533 1528 1536 
 1536 1528 1531 
 1530 1534 1537 
 1532 1529 1537 
 1529 1530 1537 
 1536 1531 1538 
 1538 1531 1532 
 1538 1532 1537 
 1539 1533 1536 
 1540 1533 1539 
 1534 1535 1541 
 1534 1541 1537 
 1535 1542 1541 
 1539 1536 1543 
 1543 1536 1538 
 1537 1541 1544 
 1537 1544 1538 
 1543 1538 1544 
 1545 1539 1543 
 1546 1540 1539 
 1546 1539 1545 
 1547 1540 1546 
 1541 1542 1549 
 1541 1549 1544 
 1542 1550 1549 
 1544 1549 1551 
 1545 1543 1551 
 1543 1544 1551 
 1552 1546 1545 
 1552 1545 1551 
 1548 1547 1553 
 1553 1547 1546 
 1553 1546 1552 
 1554 1548 1553 
 1555 1548 1554 
 1549 1550 1556 
 1549 1556 1551 
 1550 1557 1556 
 1551 1556 1558 
 1551 1558 1552 
 1554 1553 1559 
 1559 1553 1552 
 1559 1552 1558 
 1560 1554 1559 
 1561 1555 1554 
 1561 1554 1560 
 1562 1555 1561 
 1556 1557 1564 
 1556 1564 1558 
 1557 1565 1564 
 1558 1564 1566 
 1560 1559 1566 
 1559 1558 1566 
 1567 1561 1560 
 1567 1560 1566 
 1563 1562 1568 
 1568 1562 1561 
 1568 1561 1567 
 1569 1563 1568 
 1570 1563 1569 
 1564 1565 1571 
 1564 1571 1566 
 1565 1572 1571 
 1566 1571 1573 
 1566 1573 1567 
 1569 1568 1574 
 1574 1568 1567 
 1574 1567 1573 
 1575 1569 1574 
 1576 1570 1569 
 1576 1569 1575 
 1577 1570 1576 
 1571 1572 1579 
 1571 1579 1573 
 1572 1580 1579 
 1573 1579 1581 
 1575 1574 1581 
 1574 1573 1581 
 1582 1576 1575 
 1582 1575 1581 
 1578 1577 1583 
 1583 1577 1576 
 1583 1576 1582 
 1584 1578 1585 
 1585 1578 1583 
 1579 1580 1586 
 1579 1586 1581 
 1580 1587 1586 
 1581 1586 1588 
 1581 1588 1582 
 1585 1583 1589 
 1589 1583 1582 
 1589 1582 1588 
 1590 1584 1591 
 1591 1584 1585 
 1591 1585 1592 
 1592 1585 1589 
 1586 1587 1594 
 1586 1594 1588 
 1587 1595 1594 
 1588 1594 1596 
 1592 1589 1596 
 1589 1588 1596 
 1593 1590 1597 
 1597 1590 1591 
 1597 1591 1598 
 1598 1591 1592 
 1598 1592 1596 
 1599 1593 1600 
 1600 1593 1597 
 1594 1595 1601 
 1594 1601 1596 
 1595 1602 1601 
 1596 1601 1603 
 1596 1603 1598 
 1600 1597 1604 
 1604 1597 1598 
 1604 1598 1603 
 1605 1599 1606 
 1606 1599 1600 
 1606 1600 1607 
 1607 1600 1604 
 1601 1602 1608 
 1601 1608 1603 
 1602 1609 1608 
 1603 1608 1611 
 1607 1604 1611 
 1604 1603 1611 
 1610 1605 1612 
 1612 1605 1606 
 1612 1606 1613 
 1613 1606 1607 
 1613 1607 1611 
 1614 1610 1612 
 1608 1609 1615 
 1608 1615 1611 
 1609 1616 1615 
 1617 1610 1614 
 1611 1615 1618 
 1611 1618 1613 
 1614 1612 1619 
 1619 1612 1613 
 1619 1613 1618 
 1620 1617 1614 
 1620 1614 1621 
 1621 1614 1619 
 1615 1616 1622 
 1615 1622 1618 
 1616 1623 1622 
 1624 1617 1620 
 1625 1624 1620 
 1618 1622 1626 
 1621 1619 1626 
 1619 1618 1626 
 1625 1620 1627 
 1627 1620 1621 
 1627 1621 1626 
 1622 1623 1628 
 1622 1628 1626 
 1623 1629 1628 
 1631 1624 1625 
 1630 1631 1625 
 1630 1625 1632 
 1632 1625 1627 
 1626 1628 1633 
 1626 1633 1627 
 1632 1627 1633 
 1634 1630 1632 
 1628 1629 1635 
 1628 1635 1633 
 1629 1636 1635 
 1637 1630 1634 
 1638 1631 1630 
 1637 1638 1630 
 1633 1635 1639 
 1634 1632 1639 
 1632 1633 1639 
 1640 1637 1634 
 1640 1634 1639 
 1635 1636 1641 
 1635 1641 1639 
 1636 1642 1641 
 1643 1637 1640 
 1644 1638 1637 
 1643 1644 1637 
 1645 1643 1640 
 1639 1641 1646 
 1639 1646 1640 
 1645 1640 1646 
 1641 1642 1647 
 1641 1647 1646 
 1642 1648 1647 
 1650 1643 1645 
 1649 1650 1645 
 1651 1644 1643 
 1650 1651 1643 
 1646 1647 1652 
 1646 1652 1645 
 1645 1652 1649 
 1647 1648 1653 
 1647 1653 1652 
 1648 1654 1653 
 1655 1649 1652 
 1656 1650 1649 
 1655 1656 1649 
 1657 1651 1650 
 1656 1657 1650 
 1652 1653 1659 
 1652 1659 1655 
 1654 1658 1660 
 1653 1654 1660 
 1653 1660 1659 
 1661 1655 1659 
 1662 1656 1655 
 1661 1662 1655 
 1663 1657 1656 
 1662 1663 1656 
 1658 1665 1667 
 1660 1658 1667 
 1660 1667 1668 
 1659 1660 1668 
 1659 1668 1661 
 1661 1668 1669 
 1670 1662 1661 
 1669 1670 1661 
 1671 1663 1662 
 1670 1671 1662 
 1664 1673 1672 
 1666 1664 1674 
 1674 1664 1672 
 1665 1666 1675 
 1667 1665 1675 
 1675 1666 1674 
 1667 1675 1676 
 1668 1667 1676 
 1677 1669 1668 
 1668 1676 1677 
 1678 1670 1669 
 1677 1678 1669 
 1679 1671 1670 
 1678 1679 1670 
 1674 1672 1680 
 1673 1681 1672 
 1681 1680 1672 
 1675 1674 1682 
 1676 1675 1682 
 1682 1674 1680 
 1676 1682 1683 
 1683 1677 1676 
 1684 1678 1677 
 1683 1684 1677 
 1685 1679 1678 
 1684 1685 1678 
 1682 1680 1686 
 1681 1687 1680 
 1680 1687 1686 
 1688 1683 1682 
 1688 1682 1689 
 1686 1689 1682 
 1690 1684 1683 
 1688 1690 1683 
 1691 1685 1684 
 1690 1691 1684 
 1686 1692 1689 
 1687 1693 1686 
 1686 1693 1692 
 1694 1690 1688 
 1689 1692 1694 
 1694 1688 1689 
 1695 1691 1690 
 1694 1695 1690 
 1692 1696 1694 
 1693 1697 1692 
 1692 1697 1696 
 1698 1695 1694 
 1698 1694 1696 
 1697 1699 1696 
 1699 1698 1696 
 