-0.002 -0.004 
-0.002 -0.003 
-0.002 -0.001 
-0.002 -0.002 
-0.002 0 
-0.00122916 -0.00330762 
-0.000799374 -0.004 
-0.00112925 -0.0025262 
-0.00129969 -0.00100113 
-0.000966347 -0.00175945 
-0.000799374 0 
0.000400983 -0.004 
-0.000217195 -0.00301189 
-0.000362788 -0.00207825 
-0.000217096 -0.00114128 
0.000400983 0 
0.00153491 -0.004 
0.000943509 -0.0031157 
0.000633512 -0.00206094 
0.00101682 -0.000934794 
0.00153491 0 
0.00253607 -0.004 
0.00194756 -0.00322625 
0.001567 -0.00249691 
0.00170434 -0.00164772 
0.00207087 -0.000791699 
0.00253607 0 
0.00340378 -0.004 
0.00289798 -0.00327012 
0.00248841 -0.00238434 
0.0026492 -0.00146735 
0.00298445 -0.000700388 
0.00340378 0 
0.00415583 -0.004 
0.00376767 -0.00336502 
0.00415583 0 
0.00338574 -0.00266388 
0.00321123 -0.00194366 
0.00346552 -0.0013156 
0.00378128 -0.000627672 
0.00480764 -0.004 
0.00447317 -0.00344563 
0.00537257 -0.004 
0.0041635 -0.00281429 
0.00480764 0 
0.00448279 -0.000557656 
0.00395581 -0.00199118 
0.00419533 -0.00119238 
0.0058622 -0.004 
0.00509078 -0.00351623 
0.00485351 -0.00296631 
0.00561964 -0.00358027 
0.00537257 0 
0.00469784 -0.00234002 
0.00509736 -0.000490666 
0.00486794 -0.00104418 
0.00471084 -0.0016541 
0.0058622 0 
0.00628657 0 
0.00628657 -0.004 
0.00607523 -0.0036367 
0.00665437 -0.004 
0.00541861 -0.00310287 
0.00527758 -0.00257701 
0.00589997 -0.0032188 
0.00562454 -0.000427639 
0.00523034 -0.00201529 
0.00542927 -0.000915145 
0.00529228 -0.00145406 
0.00665437 0 
0.00697315 0 
0.00608233 -0.000371311 
0.00647926 -0.00032037 
0.00647001 -0.00368455 
0.00631612 -0.00331709 
0.006811 -0.00372443 
0.00697315 -0.004 
0.00725442 0 
0.00577034 -0.00275796 
0.00569481 -0.00227961 
0.00620166 -0.00290808 
0.00591346 -0.000801066 
0.00570952 -0.00178278 
0.00580578 -0.00131284 
0.00682333 -0.0002744 
0.00711378 -0.000227922 
0.00733987 -0.000200064 
0.00633829 -0.000692574 
0.00669988 -0.000593211 
0.00667952 -0.00340356 
0.00657481 -0.00302602 
0.00708266 -0.00373743 
0.00698856 -0.00347331 
0.00725442 -0.004 
0.00752657 -4.21365e-05 
0.00612985 -0.00245902 
0.00605944 -0.00206557 
0.0065196 -0.0026164 
0.00624507 -0.00113221 
0.00622926 -0.00168208 
0.0070203 -0.000505529 
0.00753424 -0.000301938 
0.00729996 -0.000419661 
0.00663321 -0.000957381 
0.00693725 -0.000819775 
0.00691968 -0.00314715 
0.00686071 -0.00279479 
0.00708173 -0.00263837 
0.00735302 -0.00373629 
0.00722124 -0.00354128 
0.00721726 -0.00328601 
0.00757082 -0.00371138 
0.00752657 -0.00395786 
0.00777403 -0.000165153 
0.00653375 -0.00212435 
0.0068678 -0.00243614 
0.00663607 -0.00136466 
0.00675734 -0.00177442 
0.00773119 -0.00040132 
0.00724763 -0.000698203 
0.00754423 -0.000584438 
0.00694257 -0.00115701 
0.00719271 -0.00100523 
0.00713861 -0.00242493 
0.00720223 -0.00291611 
0.00733933 -0.00261991 
0.00746242 -0.00346976 
0.00747755 -0.00314735 
0.00772962 -0.00356495 
0.00777403 -0.00383485 
0.0079725 -0.000357452 
0.00703777 -0.00210169 
0.00700895 -0.00148486 
0.00711274 -0.00177932 
0.00783093 -0.000597621 
0.00746672 -0.000880397 
0.00769838 -0.000792251 
0.00724133 -0.00131521 
0.00743747 -0.00113218 
0.00743213 -0.00227274 
0.00753422 -0.00286283 
0.00764714 -0.00260478 
0.00770608 -0.00331365 
0.00773205 -0.00307692 
0.00788696 -0.00342823 
0.0079725 -0.00364255 
-0.002 0.012 
-0.002 0.013 
-0.002 0.014 
0.00810294 -0.0006 
0.00739072 -0.00192449 
0.00733866 -0.00160684 
0.00794433 -0.000848585 
0.00771648 -0.00107649 
0.00757009 -0.00138355 
0.00767735 -0.00205681 
0.00785617 -0.00236589 
0.00780901 -0.00284979 
0.00792271 -0.0026516 
0.00792653 -0.00324967 
0.00793893 -0.00303823 
0.00810294 -0.0034 
-0.002 0.011 
-0.00124143 0.0132513 
-0.00128164 0.0115708 
-0.00127557 0.0124333 
-0.000555608 0.013427 
-0.000921392 0.014 
0.00821119 -0.000845982 
0.00774738 -0.00174036 
0.00808383 -0.00113572 
0.00793921 -0.00143023 
0.007998 -0.00206738 
0.00808164 -0.00253014 
0.00816068 -0.00233752 
0.00806693 -0.00288559 
0.0081502 -0.00271252 
0.00821119 -0.00315402 
-0.00124311 0.0107347 
-0.002 0.01 
-0.000604406 0.0127682 
-0.00061056 0.0112075 
-0.000618346 0.0119875 
0 0.0132 
0 0.014 
0.00836954 -0.00109261 
0.00821495 -0.00179528 
0.00830252 -0.00145 
0.00831047 -0.00215101 
0.00849479 -0.00199763 
0.00831017 -0.00258787 
0.00839732 -0.00240407 
0.00836954 -0.00290739 
-0.000550668 0.0105713 
-0.000921392 0.01 
0 0.0124 
0 0.0108 
0 0.0116 
0.000603654 0.0127466 
0.000541724 0.0134083 
0.000867579 0.014 
0.00859656 -0.00133856 
0.00863019 -0.00172658 
0.0085971 -0.00230421 
0.00873258 -0.00208788 
0.00859656 -0.00266144 
0 0.01 
0.000629777 0.0119723 
0.000734923 0.0104183 
0.000687351 0.0112126 
0.00114404 0.0123608 
0.00134125 0.0131697 
0.00185435 0.014 
0.00890631 -0.00156247 
0.00903452 -0.00197347 
0.00890631 -0.00243753 
2.2188e-05 0.00911248 
7.72538e-05 0.00690985 
4.80239e-05 0.00807905 
0.00010794 0.00568238 
0.000815353 0.00951301 
0.00150156 0.00996485 
0.00136693 0.0116744 
0.00143793 0.0108388 
0.00195828 0.0123682 
0.00244655 0.0131442 
0.0029752 0.014 
0.00930858 -0.00173162 
0.00944909 -0.00199982 
0.00930858 -0.00226838 
0.000895667 0.00853934 
0.00105543 0.00633748 
0.000969523 0.00745882 
0.000169313 0.00322746 
0.000138627 0.00445492 
0.00107589 0.00515104 
0.00167494 0.00906299 
0.0023456 0.00966197 
0.00208688 0.0104033 
0.00234423 0.0112936 
0.00296686 0.0122239 
0.00358492 0.0130829 
0.00417833 0.014 
0.0098 -0.0018 
0.0098 -0.0022 
0.000995137 0.00279812 
0.0002 0.002 
0.00185167 0.00800358 
0.0020495 0.00585123 
0.0019769 0.00691349 
0.00121999 0.00386035 
0.00213532 0.00478227 
0.00263981 0.00869521 
0.00332257 0.00939136 
0.00300692 0.0103725 
0.00358621 0.0111743 
0.00416283 0.0120901 
0.00477973 0.0130395 
0.00539185 0.014 
0.0102736 -0.0018 
0.0102738 -0.0022 
0.00199443 0.00290056 
0.00139471 0.002 
0.00304892 0.00752621 
0.00291518 0.00542521 
0.00299104 0.00642028 
0.00258903 0.00380274 
0.00296232 0.00460307 
0.00362333 0.00850431 
0.00407704 0.00776746 
0.00413598 0.00905105 
0.00418629 0.0100667 
0.00479797 0.0111004 
0.00539256 0.0120699 
0.00599463 0.0130307 
0.00660536 0.014 
0.0107577 -0.0018 
0.0107582 -0.0022 
0.00317832 0.00294213 
0.00258942 0.002 
0.00361242 0.00494369 
0.00398414 0.00692412 
0.00397019 0.00586273 
0.00373018 0.00400259 
0.00483462 0.00746854 
0.00455453 0.00836046 
0.00499408 0.00923188 
0.00546575 0.0101554 
0.00602813 0.0111209 
0.00661322 0.0120774 
0.00721178 0.0130368 
0.00781888 0.014 
0.0112423 -0.0018 
0.0112429 -0.0022 
0.00436104 0.00296641 
0.00378413 0.002 
0.00447765 0.0048486 
0.00496434 0.00652586 
0.00500909 0.00559051 
0.00578115 0.00707183 
0.00493049 0.00391147 
0.00564342 0.00816589 
0.00647525 0.00756752 
0.00612325 0.00922297 
0.0066648 0.0101895 
0.00723718 0.0111382 
0.00782492 0.0120861 
0.0084256 0.0130418 
0.00903239 0.014 
0.0117264 -0.0018 
0.0117272 -0.0022 
0.00556002 0.00295277 
0.00497883 0.002 
0.00556345 0.00486721 
0.00601253 0.00593317 
0.00675674 0.00677002 
0.00614362 0.00390781 
0.00670522 0.00835237 
0.00738193 0.00758883 
0.00727894 0.00928538 
0.00785733 0.010218 
0.00844215 0.0111523 
0.00903576 0.0120945 
0.0096377 0.0130446 
0.0102459 0.014 
0.0122 -0.0018 
0.0125441 -0.00200115 
0.0122 -0.0022 
0.00675656 0.00294903 
0.00617354 0.002 
0.00671176 0.0048735 
0.00729296 0.00580366 
0.00792788 0.00668796 
0.00733945 0.00389291 
0.00785574 0.00841147 
0.00851094 0.00755111 
0.00846729 0.0093179 
0.00905773 0.0102349 
0.00964885 0.0111615 
0.0102459 0.0120989 
0.01085 0.0130459 
0.0114594 0.014 
0.0126914 -0.00173162 
0.0129382 -0.00200594 
0.0126907 -0.00226818 
0.00795394 0.00294206 
0.00736825 0.002 
0.00791797 0.00483756 
0.00850995 0.00576076 
0.00911396 0.00665239 
0.00854052 0.00388191 
0.00970208 0.0075388 
0.00908285 0.00843067 
0.0096726 0.00933118 
0.0102633 0.010243 
0.0108573 0.0111659 
0.011457 0.0121006 
0.0120626 0.0130462 
0.0126729 0.014 
0.0130937 -0.00156247 
0.0132286 -0.0019107 
0.0132293 -0.00212948 
0.0130932 -0.00243727 
0.00914995 0.00294179 
0.00856296 0.002 
0.0091261 0.00481933 
0.00971946 0.00573602 
0.0103127 0.0066371 
0.00973844 0.00388109 
0.0109026 0.00753348 
0.0102884 0.00843354 
0.0108783 0.00933551 
0.0114706 0.0102459 
0.0120671 0.0111669 
0.0126688 0.0121003 
0.0132757 0.0130457 
0.0138864 0.014 
0.0134034 -0.00133856 
0.0136305 -0.00109261 
0.0133668 -0.00171649 
0.0135785 -0.0016177 
0.0134372 -0.0020033 
0.0133996 -0.00230225 
0.0134032 -0.00266121 
0.0136303 -0.00290723 
0.0137888 -0.00315394 
0.0103466 0.00294227 
0.00975767 0.002 
0.0103295 0.004811 
0.0109225 0.00572671 
0.0115146 0.00663135 
0.010938 0.00388015 
0.0121061 0.00753184 
0.0114927 0.00843352 
0.0120842 0.00933623 
0.0126786 0.0102455 
0.0132772 0.0111654 
0.0138807 0.0120984 
0.0144888 0.0130445 
0.0151 0.014 
0.0137888 -0.000845982 
0.0138971 -0.0006 
0.0140275 -0.000357452 
0.014226 -0.000165153 
0.0138971 -0.0034 
0.0140275 -0.00364255 
0.0136769 -0.00144056 
0.013848 -0.00131691 
0.0139293 -0.00113496 
0.0140683 -0.000983846 
0.013803 -0.00170333 
0.0136217 -0.00186835 
0.0136506 -0.00214636 
0.0136226 -0.00242344 
0.0137563 -0.00265104 
0.0139297 -0.0028921 
0.0140431 -0.00315251 
0.0115439 0.0029428 
0.0109524 0.002 
0.0115315 0.00480817 
0.0121253 0.00572428 
0.012718 0.00663105 
0.0121383 0.0038803 
0.0133103 0.00753287 
0.0126973 0.00843307 
0.0132899 0.00933468 
0.0138859 0.0102423 
0.0144866 0.0111613 
0.0150921 0.0120948 
0.0157014 0.0130422 
0.0163135 0.014 
0.0144734 -4.21365e-05 
0.014226 -0.00383485 
0.0140863 -0.000779116 
0.0141311 -0.000574437 
0.0142854 -0.000427372 
0.014433 -0.000274786 
0.0141645 -0.0034033 
0.0142708 -0.00359896 
0.013931 -0.00154125 
0.0140188 -0.00176204 
0.0140724 -0.00137625 
0.0142081 -0.00119312 
0.0142723 -0.000964258 
0.0142966 -0.00321128 
0.0139113 -0.00200314 
0.0138844 -0.00235677 
0.0141009 -0.00260136 
0.0142755 -0.00291495 
0.012742 0.00294323 
0.0121471 0.002 
0.0127344 0.00480867 
0.0133296 0.00572712 
0.0139221 0.00663633 
0.0133406 0.00388147 
0.0145133 0.00753539 
0.0139008 0.00843201 
0.0144935 0.00933004 
0.0150909 0.0102351 
0.0156944 0.0111536 
0.0163025 0.0120886 
0.0169133 0.0130385 
0.017527 0.014 
0.0144734 -0.00395786 
0.0146458 -0.000251818 
0.0147456 0 
0.0144667 -0.00369663 
0.0143601 -0.000706117 
0.0145349 -0.000486174 
0.0144517 -0.00341448 
0.0144971 -0.000968256 
0.0141667 -0.00164841 
0.0141622 -0.00188933 
0.0143596 -0.00147439 
0.0144429 -0.00121108 
0.0145402 -0.00311425 
0.0142476 -0.00221868 
0.0144381 -0.00259158 
0.0145799 -0.00284156 
0.0139414 0.00294331 
0.0133418 0.002 
0.0139407 0.00481361 
0.0145363 0.00573899 
0.0151251 0.00665126 
0.0145472 0.00388464 
0.0157133 0.00754042 
0.0151007 0.00842883 
0.0156923 0.00931919 
0.0162926 0.0102216 
0.0169011 0.0111411 
0.0175126 0.0120794 
0.0181229 0.0130318 
0.0187405 0.014 
0.0146538 -0.00379793 
0.0147456 -0.004 
0.0147662 -0.000443213 
0.0149214 -0.000264602 
0.0150328 0 
0.0146957 -0.00357169 
0.0147136 -0.000742821 
0.0147629 -0.00328665 
0.0147722 -0.00114882 
0.0144563 -0.00184717 
0.0146386 -0.00150713 
0.0149125 -0.00145963 
0.0148309 -0.00296408 
0.0146514 -0.00223384 
0.0147855 -0.00261716 
0.0151412 0.00294156 
0.0145365 0.002 
0.0151565 0.00482824 
0.0157437 0.00577205 
0.016322 0.0066844 
0.0157633 0.00388979 
0.0174502 0.00674342 
0.0169026 0.00754678 
0.0162909 0.00841885 
0.0168827 0.00929743 
0.017493 0.0101983 
0.0181093 0.0111228 
0.0187249 0.0120684 
0.0193397 0.0130297 
0.019954 0.014 
0.0148876 -0.00376349 
0.0150313 -0.004 
0.0149951 -0.000549909 
0.0151993 -0.000289183 
0.015364 0 
0.0150002 -0.00348422 
0.015061 -0.000897741 
0.0150998 -0.00314513 
0.0151298 -0.00126217 
0.014884 -0.00181132 
0.0151378 -0.0015687 
0.0151404 -0.00275565 
0.0151136 -0.00228075 
0.016328 0.00292701 
0.0157312 0.002 
0.0164078 0.00486496 
0.0169147 0.00586315 
0.0169995 0.00388925 
0.0178682 0.00604001 
0.0184132 0.00662142 
0.0179527 0.00748409 
0.0174535 0.00838396 
0.018071 0.00925626 
0.0186988 0.0101632 
0.0193221 0.0111002 
0.0199399 0.0120573 
0.0205548 0.0130255 
0.0211675 0.014 
0.0151967 -0.00371901 
0.0153608 -0.004 
0.0153271 -0.000641512 
0.0155594 -0.000335228 
0.0157481 0 
0.0153338 -0.00338323 
0.015428 -0.00104122 
0.015434 -0.00300022 
0.0154522 -0.00146776 
0.0153105 -0.0018426 
0.0154948 -0.00255391 
0.0155287 -0.00215078 
0.0175212 0.00291427 
0.0169259 0.002 
0.0177435 0.0049826 
0.0181604 0.00381609 
0.0186759 0.00566219 
0.0193733 0.00636056 
0.0190593 0.00734994 
0.0186193 0.00830831 
0.0192778 0.00919103 
0.0199173 0.0101196 
0.0205394 0.0110787 
0.0211563 0.0120481 
0.0217699 0.0130224 
0.022381 0.014 
0.0155552 -0.00367129 
0.0157426 -0.004 
0.015714 -0.000738931 
0.0159746 -0.000383606 
0.0161933 0 
0.0157171 -0.00327892 
0.0158272 -0.00120578 
0.0158419 -0.00282854 
0.0158146 -0.00176912 
0.0159101 -0.00230752 
0.0186181 0.00285326 
0.0180951 0.002 
0.0188801 0.00463583 
0.0192073 0.00365939 
0.0196136 0.00535934 
0.0203347 0.00605633 
0.0201631 0.00712804 
0.0198356 0.00819703 
0.0205237 0.00910431 
0.0211403 0.010085 
0.0217588 0.0110662 
0.0223729 0.012043 
0.0229849 0.0130208 
0.0235946 0.014 
0.0159702 -0.00361923 
0.0161849 -0.004 
0.0161525 -0.000849633 
0.0164526 -0.000436884 
0.0167095 0 
0.0161672 -0.003171 
0.0162849 -0.00138063 
0.0163097 -0.00264227 
0.0164237 -0.00200641 
0.0196034 0.00278037 
0.0191357 0.002 
0.0198508 0.00440181 
0.0201358 0.00350321 
0.0205177 0.00508836 
0.0212032 0.00570272 
0.0211376 0.00669907 
0.0211463 0.00793019 
0.0217445 0.00906833 
0.0223669 0.0100815 
0.0229766 0.0110623 
0.0235887 0.0120406 
0.0242 0.01302 
0.0248081 0.014 
0.0164469 -0.00356132 
0.0166973 -0.004 
0.0166615 -0.000951968 
0.0170064 -0.000497991 
0.0173079 0 
0.0166672 -0.00305493 
0.016819 -0.00149508 
0.0168483 -0.00248521 
0.016995 -0.00198691 
0.0204331 0.00267271 
0.02 0.002 
0.020743 0.00418536 
0.0209731 0.00333424 
0.0211006 0.00264189 
0.0219735 0.00615945 
0.0213613 0.00482485 
0.021894 0.00538824 
0.0220635 0.00711098 
0.0226768 0.00648439 
0.022381 0.00814292 
0.022963 0.0091195 
0.0235794 0.0100838 
0.0241921 0.0110597 
0.0248039 0.0120391 
0.0254137 0.0130196 
0.0260216 0.014 
0.017001 -0.00349824 
0.017291 -0.004 
0.0172535 -0.00105159 
0.0176518 -0.000559344 
0.0180017 0 
0.017262 -0.0029211 
0.0174375 -0.00165661 
0.0174482 -0.00229036 
0.021574 0.00222011 
0.0207689 0.00184631 
0.0216114 0.00396814 
0.0218095 0.00305057 
0.0221891 0.00247537 
0.0227886 0.00557119 
0.022268 0.00466162 
0.0230583 0.00723523 
0.0234985 0.00634081 
0.023786 0.00550809 
0.0235822 0.00815809 
0.0241827 0.00910344 
0.0247947 0.0100765 
0.0254079 0.0110568 
0.0260193 0.0120385 
0.0266279 0.0130195 
0.0272351 0.014 
0.0176511 -0.003437 
0.0179789 -0.004 
0.0187779 0 
0.0179458 -0.00118376 
0.0183957 -0.000622722 
0.0179738 -0.00275336 
0.0181726 -0.00193896 
0.0195854 0 
0.0221282 0.00192439 
0.021415 0.00141344 
0.0225295 0.00376163 
0.0227014 0.00297844 
0.0227 0.00225551 
0.0246135 0.00546404 
0.0234234 0.00445567 
0.0243144 0.00485452 
0.0241562 0.00721407 
0.0244374 0.00623513 
0.0252745 0.00582645 
0.0247811 0.00809859 
0.0253959 0.00908411 
0.0260101 0.0100715 
0.0266245 0.0110562 
0.0272347 0.0120387 
0.0278418 0.0130196 
0.0284486 0.014 
0.018382 -0.00336587 
0.0187704 -0.004 
0.0192257 -0.000704198 
0.0187629 -0.00128411 
0.0187093 -0.00262143 
0.0189656 -0.00196242 
0.0199781 -0.000688217 
0.0203929 0 
0.0226443 0.00173722 
0.0222371 0.00134636 
0.0218471 0.000766851 
0.0234468 0.00344579 
0.023351 0.0025659 
0.0231791 0.00185175 
0.0258957 0.00543157 
0.0252119 0.00486564 
0.0245142 0.00394426 
0.0265848 0.00547497 
0.0253387 0.0069792 
0.0261121 0.00620301 
0.0259935 0.00808858 
0.0266108 0.00908385 
0.0272262 0.0100716 
0.0278409 0.0110574 
0.0284486 0.0120394 
0.0290553 0.01302 
0.0296621 0.014 
0.0191998 -0.00326591 
0.0196576 -0.004 
0.0196117 -0.00151923 
0.0195601 -0.00244078 
0.0204213 -0.00122896 
0.020797 -0.000657109 
0.0212004 0 
0.0228749 0.00130131 
0.0225132 0.000934953 
0.022449 0.000470244 
0.022 0 
0.0242279 0.00283475 
0.0239165 0.00199382 
0.0235869 0.00128812 
0.0261227 0.00474663 
0.0255822 0.00393302 
0.0251785 0.00304402 
0.0269252 0.00471319 
0.027366 0.00545811 
0.0270173 0.00631639 
0.0266243 0.00718772 
0.0277973 0.00604175 
0.02721 0.00809801 
0.0278226 0.0090888 
0.028442 0.0100757 
0.0290553 0.0110608 
0.0296621 0.0120407 
0.0302689 0.0130205 
0.0308757 0.014 
0.0201193 -0.00316737 
0.0206309 -0.004 
0.0205046 -0.00216938 
0.0211927 -0.00142307 
0.0216023 -0.00068335 
0.023089 0.000649419 
0.0227958 0 
0.0223956 -0.000629054 
0.0247559 0.00215204 
0.0243781 0.00135006 
0.0239409 0.000647899 
0.026461 0.00392047 
0.0260135 0.0030847 
0.0255993 0.00221818 
0.0277355 0.00474515 
0.0272819 0.00393505 
0.0281877 0.0054943 
0.0284422 0.00483258 
0.0278022 0.00703242 
0.028586 0.00628333 
0.0284066 0.00810671 
0.0290393 0.00909643 
0.0296595 0.0100815 
0.0302687 0.011062 
0.0308758 0.0120417 
0.0314824 0.0130209 
0.0320892 0.014 
0.0211443 -0.00311722 
0.0216984 -0.004 
0.0216799 -0.0022883 
0.0220274 -0.00140105 
0.0235974 0 
0.0231928 -0.000626191 
0.0227996 -0.00115414 
0.0251898 0.00142826 
0.0247869 0.000684953 
0.0244042 0 
0.0268405 0.00311025 
0.0264201 0.0022846 
0.0260102 0.00148217 
0.0282157 0.00398502 
0.0276336 0.00312891 
0.0289944 0.00442775 
0.0290667 0.00532945 
0.0289731 0.00719256 
0.0295955 0.00622905 
0.0296059 0.00814107 
0.0302615 0.00910565 
0.0308761 0.0100835 
0.0314833 0.011064 
0.0320894 0.012043 
0.0326958 0.0130215 
0.0333027 0.014 
0.0222822 -0.00308483 
0.0228544 -0.004 
0.0228311 -0.00205662 
0.0240092 -0.000652441 
0.02356 -0.00134035 
0.0256071 0.000720921 
0.0252132 0 
0.0248396 -0.000592188 
0.0272332 0.00230829 
0.0268255 0.00151186 
0.0264212 0.000741042 
0.0289333 0.00366652 
0.0284415 0.0030456 
0.0280425 0.00229938 
0.0296229 0.00469654 
0.0296421 0.00385591 
0.0300383 0.00534258 
0.0302371 0.00712248 
0.0306684 0.00609372 
0.0308747 0.00810409 
0.0314861 0.00909748 
0.0320928 0.0100873 
0.0326972 0.0110674 
0.0333024 0.0120446 
0.0339089 0.013022 
0.0345162 0.014 
0.0234479 -0.00306055 
0.0240543 -0.004 
0.0240265 -0.00216705 
0.0244644 -0.00131933 
0.0260222 0 
0.0256178 -0.000605609 
0.0252217 -0.00109676 
0.0276377 0.00152082 
0.0272329 0.000750887 
0.0268312 0 
0.0292971 0.0030313 
0.0288594 0.00227959 
0.0284495 0.00151714 
0.030036 0.003038 
0.0303339 0.00447649 
0.0304033 0.00368852 
0.0309871 0.00505869 
0.0316415 0.00578058 
0.0315719 0.00695421 
0.032112 0.00810338 
0.032708 0.00911541 
0.0333064 0.0100972 
0.033909 0.0110717 
0.0345145 0.0120463 
0.0351218 0.0130225 
0.0357297 0.014 
0.0246389 -0.0030548 
0.0252545 -0.004 
0.0324922 0.00621061 
0.0252309 -0.00201659 
0.0264351 -0.00063952 
0.0259748 -0.00130518 
0.0280437 0.000753447 
0.0276402 0 
0.02726 -0.000616144 
0.0296655 0.0022757 
0.0292601 0.00151241 
0.0288541 0.000752448 
0.0304722 0.00228382 
0.0308978 0.00306679 
0.0312085 0.00401143 
0.0318442 0.00484118 
0.0323753 0.00543232 
0.0331207 0.00555547 
0.0327815 0.00718613 
0.0333337 0.0081686 
0.0339173 0.00913961 
0.0345149 0.0101062 
0.0351191 0.0110748 
0.0357264 0.0120473 
0.0363349 0.0130227 
0.0369432 0.014 
0.0258463 -0.00304058 
0.0264548 -0.004 
0.0334622 0.00635496 
0.0264443 -0.00213366 
0.0269041 -0.00131049 
0.0276528 -0.00111688 
0.0284492 0 
0.0280451 -0.000614439 
0.0300684 0.00151297 
0.0296635 0.00075169 
0.0292582 0 
0.0308772 0.00151642 
0.0312885 0.00229634 
0.0317125 0.00311981 
0.0321964 0.0039149 
0.0327201 0.00475694 
0.0325106 0.00304024 
0.0336016 0.00476372 
0.0340719 0.00556626 
0.0339591 0.00726488 
0.0345242 0.00820287 
0.0351169 0.00915158 
0.0357211 0.0101094 
0.0363292 0.0110757 
0.0369388 0.0120476 
0.0375484 0.0130229 
0.0381567 0.014 
0.0270519 -0.00303744 
0.0276551 -0.004 
0.0345414 0.00638969 
0.0276524 -0.00201232 
0.0284059 -0.00131215 
0.0288626 -0.000641459 
0.030472 0.000752358 
0.0300672 0 
0.0296984 -0.000600873 
0.0312797 0.000752354 
0.0316832 0.00151349 
0.0320883 0.00227964 
0.0331794 0.00379599 
0.0332566 0.00288329 
0.0328542 0.00221248 
0.0345729 0.00474839 
0.0340904 0.00407208 
0.0350975 0.00554254 
0.0351118 0.00728704 
0.0357069 0.00820828 
0.0363177 0.00914961 
0.0369298 0.0101074 
0.037541 0.0110752 
0.0381521 0.0120478 
0.0387621 0.013023 
0.0393703 0.014 
0.0282584 -0.00303808 
0.0288553 -0.004 
0.0356722 0.00638481 
0.0288615 -0.00212926 
0.0293174 -0.00132179 
0.0308762 0 
0.0304824 -0.000626257 
0.0300934 -0.00114465 
0.0316852 0 
0.0320855 0.000748816 
0.0324808 0.00149545 
0.0340841 0.00315142 
0.0336765 0.00223556 
0.0332829 0.00147786 
0.0355672 0.00476586 
0.0350061 0.00380847 
0.0349362 0.00287314 
0.0361163 0.0055906 
0.0363967 0.00482245 
0.0362671 0.00727237 
0.0369041 0.00819009 
0.0375279 0.00913764 
0.0381421 0.010104 
0.0387545 0.0110754 
0.039366 0.0120483 
0.0399757 0.0130233 
0.0405838 0.014 
0.0294607 -0.00304687 
0.0300556 -0.004 
0.0367336 0.00634129 
0.0300719 -0.00204438 
0.0312888 -0.000663795 
0.030853 -0.00137283 
0.0321119 -0.000627181 
0.0324942 0 
0.032891 0.000742787 
0.0344844 0.0022123 
0.0340962 0.00148045 
0.0336999 0.000737794 
0.0362052 0.00398403 
0.0356783 0.00306489 
0.0353613 0.00222672 
0.0370443 0.00443458 
0.0369914 0.00369358 
0.0371489 0.00536376 
0.0374742 0.00722371 
0.0381311 0.00815199 
0.0387431 0.00912712 
0.0393566 0.0101054 
0.0399687 0.0110772 
0.0405799 0.0120491 
0.0411892 0.0130235 
0.0417973 0.014 
0.0306616 -0.00306949 
0.0312559 -0.004 
0.0378596 0.00622809 
0.0312557 -0.00222575 
0.0317244 -0.0013565 
0.0325138 -0.00115132 
0.0329066 -0.00063549 
0.0333032 0 
0.0349203 0.00148173 
0.034513 0.000738696 
0.0341122 0 
0.0365371 0.00304805 
0.036146 0.0022566 
0.0357396 0.0014919 
0.0377175 0.0047181 
0.0373521 0.00303424 
0.0377461 0.00387425 
0.0381744 0.0054112 
0.0387487 0.0070605 
0.0393409 0.00815719 
0.0399598 0.00914087 
0.0405719 0.010111 
0.0411829 0.0110795 
0.0417934 0.01205 
0.0424025 0.0130239 
0.0430108 0.014 
0.0318678 -0.00309996 
0.0324561 -0.004 
0.038876 0.00596094 
0.0324979 -0.00208031 
0.0332803 -0.00138638 
0.0337114 -0.000673348 
0.0353271 0.000742084 
0.0349212 0 
0.0345283 -0.000644624 
0.0369454 0.00226925 
0.036544 0.00150188 
0.0361378 0.000745943 
0.0377449 0.0022713 
0.0384733 0.00450603 
0.0381292 0.00303755 
0.038515 0.00369564 
0.0391516 0.00501946 
0.0395898 0.00641812 
0.0399266 0.00726234 
0.0405681 0.00819267 
0.0411793 0.00915266 
0.0417865 0.0101155 
0.0423968 0.0110815 
0.0430067 0.0120507 
0.0436159 0.0130242 
0.0442243 0.014 
0.0330723 -0.00308385 
0.0336564 -0.004 
0.0398611 0.00563387 
0.0336769 -0.00224424 
0.0341438 -0.00136586 
0.0357302 0 
0.0353338 -0.00064294 
0.0349284 -0.00116682 
0.0365392 0 
0.0373476 0.00150643 
0.0369453 0.000748516 
0.0381508 0.00150857 
0.0385434 0.00227518 
0.0393128 0.003956 
0.0389322 0.00304605 
0.0402119 0.00464872 
0.0401631 0.00369884 
0.0406474 0.00634638 
0.0412051 0.00724288 
0.0417966 0.00820004 
0.0423975 0.00915985 
0.043001 0.0101194 
0.0436101 0.0110829 
0.0442199 0.0120514 
0.0448294 0.0130245 
0.0454378 0.014 
0.0342745 -0.00308271 
0.0348567 -0.004 
0.0409837 0.00544689 
0.0412791 0.00463935 
0.0349069 -0.00208314 
0.0361403 -0.000675596 
0.035726 -0.00139649 
0.0369548 -0.000643166 
0.0373481 0 
0.0377519 0.000749741 
0.0385585 0.000750496 
0.0389555 0.00151083 
0.0393473 0.00228058 
0.0397229 0.00305769 
0.0409091 0.00391196 
0.0405956 0.00305723 
0.0418967 0.00620612 
0.0424328 0.00725442 
0.0466513 0.014 
0.0430183 0.00821247 
0.0436113 0.00916685 
0.0442144 0.0101234 
0.0448227 0.0110844 
0.0454331 0.0120521 
0.0460428 0.0130248 
0.035478 -0.00308505 
0.0360569 -0.004 
0.042006 0.00520693 
0.0420876 0.00445298 
0.0427017 0.00557825 
0.0417307 0.00383003 
0.0360889 -0.00226073 
0.0365639 -0.00136296 
0.0373524 -0.00116151 
0.0377603 -0.000643195 
0.0381571 0 
0.0389661 0 
0.0393663 0.000751122 
0.0397646 0.00151309 
0.0401647 0.00228485 
0.0413836 0.00307965 
0.0409815 0.00228988 
0.0425464 0.00383641 
0.0430311 0.00639156 
0.0436488 0.00727347 
0.0478649 0.014 
0.0472563 0.0130248 
0.0442292 0.00822591 
0.0448211 0.00917544 
0.0454246 0.0101269 
0.0460347 0.0110858 
0.0466463 0.0120527 
0.0366842 -0.00308372 
0.0372572 -0.004 
0.0428756 0.00475218 
0.0435801 0.00550295 
0.0443845 0.00535554 
0.0421783 0.00305982 
0.0373275 -0.00208215 
0.0381424 -0.00139806 
0.0385694 -0.000671595 
0.039381 -0.000633085 
0.0397751 0 
0.0401754 0.000751665 
0.0405761 0.00151518 
0.041784 0.0022905 
0.0413848 0.00151641 
0.0434036 0.00384362 
0.0429767 0.0030582 
0.0443299 0.00626454 
0.044853 0.00729327 
0.0490784 0.014 
0.0484705 0.0130249 
0.04786 0.012053 
0.045429 0.00824315 
0.0460249 0.00918324 
0.046633 0.0101296 
0.0472467 0.0110869 
0.0502919 0.014 
0.0378964 -0.0030744 
0.0384575 -0.004 
0.0440601 0.00463203 
0.0451522 0.00559374 
0.0448759 0.00493112 
0.04417 0.00370153 
0.0425853 0.00228559 
0.0385161 -0.00226669 
0.0390093 -0.00135522 
0.0397601 -0.00115171 
0.0401628 -0.00064571 
0.0405841 0 
0.0409845 0.000752066 
0.0421902 0.00151572 
0.0417924 0.000752184 
0.0437595 0.0030433 
0.0433873 0.00228043 
0.0454516 0.00641829 
0.0461269 0.0056061 
0.0460311 0.00733657 
0.0496863 0.0130253 
0.049076 0.0120532 
0.0484605 0.0110873 
0.0466198 0.00825781 
0.0472255 0.0091875 
0.0478418 0.0101307 
0.0515054 0.014 
0.0509043 0.0130264 
0.0390917 -0.00307657 
0.0396577 -0.004 
0.0449976 0.00402142 
0.045656 0.00481692 
0.0446396 0.00305014 
0.0429954 0.00151363 
0.039726 -0.00204075 
0.0405024 -0.00139384 
0.0409742 -0.000695625 
0.0413931 0 
0.0425996 0.00075191 
0.0422021 0 
0.0442038 0.00227552 
0.0438035 0.00151052 
0.0454661 0.00306985 
0.0466646 0.00476295 
0.046631 0.00646061 
0.0472065 0.00558871 
0.0472039 0.00735243 
0.0502969 0.0120551 
0.0496794 0.0110878 
0.0490545 0.0101298 
0.0478074 0.00826098 
0.0484279 0.00918628 
0.0527189 0.014 
0.0521226 0.0130283 
0.0515242 0.0120575 
0.0539324 0.014 
0.0402581 -0.00308697 
0.040858 -0.004 
0.04616 0.00380774 
0.0450201 0.00226608 
0.0434072 0.000751204 
0.0408101 -0.00226407 
0.0413912 -0.00143265 
0.0418103 -0.000702183 
0.0430111 0 
0.042626 -0.000655765 
0.0446131 0.00150462 
0.0442155 0.000749225 
0.0462048 0.00288176 
0.0457843 0.00220654 
0.0470761 0.00400072 
0.0477563 0.00465559 
0.0477662 0.00646153 
0.0482955 0.00559357 
0.0483696 0.0073484 
0.0509101 0.0110895 
0.0502761 0.010128 
0.0496378 0.00917929 
0.0489998 0.00825227 
0.0533496 0.0130071 
0.0521672 0.0111079 
0.0527445 0.0120413 
0.0551459 0.014 
0.054596 0.0129791 
0.0563595 0.014 
0.0414164 -0.00312593 
0.0420583 -0.004 
0.0470024 0.00311924 
0.0454141 0.00148981 
0.0438201 0 
0.0419849 -0.00224858 
0.0422702 -0.00142438 
0.0434205 -0.000637462 
0.0430417 -0.00117168 
0.0450228 0.000745284 
0.0446291 0 
0.0466069 0.00222993 
0.0462161 0.00148019 
0.0477959 0.00365846 
0.0478241 0.00287812 
0.0484637 0.00405981 
0.0487924 0.00482539 
0.0488946 0.00645096 
0.0493575 0.00558543 
0.0495472 0.00732423 
0.0515165 0.0101331 
0.0508578 0.0091667 
0.0502091 0.00823114 
0.0539847 0.0119936 
0.052809 0.0101463 
0.0533878 0.0110481 
0.0557793 0.0129886 
0.0552808 0.011879 
0.0569174 0.0130142 
0.057573 0.014 
0.0587865 0.014 
0.0426 -0.00309994 
0.0432586 -0.004 
0.0474075 0.0022138 
0.0458288 0.000740716 
0.0442225 -0.000675208 
0.0430912 -0.0020917 
0.0437865 -0.0013736 
0.0454381 0 
0.0450426 -0.000651917 
0.0470261 0.00147805 
0.0466366 0.00073818 
0.0482725 0.00223015 
0.0486422 0.00315107 
0.0492955 0.00395861 
0.0498346 0.0047231 
0.0500324 0.00639641 
0.0504539 0.00548612 
0.0507785 0.00727398 
0.0520807 0.0091719 
0.0514331 0.00820033 
0.0532408 0.00919252 
0.0545514 0.0110068 
0.0540698 0.00999252 
0.05543 0.0109469 
0.0563836 0.0120671 
0.0560427 0.0112807 
0.0572785 0.0121326 
0.0581306 0.0128968 
0.0592056 0.0131631 
0.06 0.014 
0.0437907 -0.00313341 
0.0444588 -0.004 
0.0478433 0.00147299 
0.0462471 0 
0.0446494 -0.00140475 
0.0442939 -0.00226083 
0.0458473 -0.000649398 
0.0454691 -0.00118215 
0.0474462 0.00073413 
0.0470561 0 
0.0490984 0.00221563 
0.0486553 0.0014567 
0.0497771 0.00295433 
0.0502514 0.00388606 
0.050857 0.00459701 
0.0511625 0.00628643 
0.0515241 0.0053054 
0.0520425 0.00716174 
0.0526298 0.00820074 
0.0537706 0.0082438 
0.0541719 0.00903974 
0.055186 0.0101773 
0.0548484 0.00936804 
0.0561187 0.0103948 
0.0570003 0.0111158 
0.0581294 0.0116003 
0.0591107 0.0121347 
0.06 0.0127841 
0.044975 -0.00309669 
0.0456591 -0.004 
0.0506677 0.00317064 
0.04984 0.00201726 
0.0482524 0.000725146 
0.0466496 -0.000683564 
0.0454758 -0.00209562 
0.0462195 -0.00140632 
0.0478651 0 
0.0474649 -0.000648956 
0.0494291 0.00139724 
0.049036 0.000699063 
0.0506408 0.00227608 
0.0511653 0.00374062 
0.0518327 0.00432629 
0.052189 0.00608748 
0.0526646 0.00662096 
0.0526538 0.00504671 
0.0532114 0.00723633 
0.0542658 0.00751648 
0.0549294 0.00840162 
0.0558849 0.00922896 
0.0570709 0.00981414 
0.0580532 0.0104028 
0.0590535 0.0109694 
0.06 0.0115681 
0.0461714 -0.0030903 
0.0468594 -0.004 
0.0514045 0.00285667 
0.0502682 0.00140531 
0.0486741 0 
0.0470629 -0.00139671 
0.046684 -0.00226824 
0.0482718 -0.000641247 
0.0478835 -0.0011733 
0.0498631 0.000700933 
0.0494831 0 
0.0514272 0.0020493 
0.0510259 0.00141081 
0.0520892 0.00332827 
0.0527066 0.00393975 
0.0532617 0.00608209 
0.0536258 0.00518743 
0.0534898 0.00436177 
0.0542124 0.00664329 
0.0551115 0.00722393 
0.0560141 0.00789819 
0.0570264 0.00854858 
0.0580377 0.00915927 
0.0590274 0.00975813 
0.06 0.0103522 
0.0473746 -0.00307971 
0.0480596 -0.004 
0.0521915 0.00229146 
0.0506703 0.000704093 
0.0490774 -0.000672013 
0.0479098 -0.00208769 
0.0486506 -0.00137113 
0.0502921 0 
0.0498893 -0.000642874 
0.0518467 0.00141969 
0.0514716 0.000707526 
0.0529154 0.00288592 
0.052991 0.00207299 
0.0536426 0.00338397 
0.0542272 0.00570885 
0.0543086 0.00476691 
0.0543768 0.00386624 
0.0551498 0.0061551 
0.0560907 0.00669046 
0.0570417 0.00729554 
0.058028 0.00790492 
0.0590203 0.00852885 
0.06 0.00913629 
0.0485829 -0.0030825 
0.0492599 -0.004 
0.0526201 0.00142497 
0.0511011 0 
0.0494946 -0.00137783 
0.0491266 -0.00226071 
0.0506877 -0.000640285 
0.0502981 -0.00117485 
0.0522746 0.000711286 
0.0519101 0 
0.0537847 0.00232037 
0.053437 0.00144634 
0.054583 0.00292876 
0.0551813 0.00513949 
0.0549509 0.00433765 
0.0552599 0.0035152 
0.0560702 0.00552642 
0.0570512 0.00607732 
0.0580225 0.00665217 
0.0590155 0.00729643 
0.06 0.00792036 
0.0497796 -0.00306576 
0.0504602 -0.004 
0.0546704 0.00209909 
0.0530789 0.000716529 
0.0515012 -0.000664634 
0.0503165 -0.00205375 
0.0510448 -0.00135935 
0.052719 0 
0.0523166 -0.000633445 
0.0542538 0.00142557 
0.0538934 0.000717651 
0.0554798 0.00241145 
0.0559529 0.00439064 
0.0562177 0.00315892 
0.0570457 0.00488311 
0.0580365 0.00541625 
0.0590156 0.00606667 
0.06 0.00670443 
0.0510099 -0.00310838 
0.0516604 -0.004 
0.055161 0.00146549 
0.053528 0 
0.051923 -0.00137101 
0.0515423 -0.00225156 
0.0531215 -0.000627796 
0.052721 -0.0011669 
0.0547255 0.000717796 
0.054337 0 
0.0559879 0.00150637 
0.0564784 0.00220637 
0.0571071 0.00370893 
0.0570178 0.00279369 
0.058047 0.00418577 
0.0590189 0.00484221 
0.06 0.00548851 
0.0521837 -0.00306425 
0.0528607 -0.004 
0.0555603 0.000735063 
0.0539343 -0.000666628 
0.0527489 -0.00205997 
0.0534794 -0.00134751 
0.055146 0 
0.054765 -0.000595115 
0.0568511 0.00141161 
0.0563864 0.000720913 
0.0574068 0.00206533 
0.0579585 0.00295854 
0.0590117 0.00363442 
0.06 0.00427258 
0.0534051 -0.00306497 
0.054061 -0.004 
0.0576482 0.00130511 
0.055955 0 
0.0543744 -0.00135615 
0.0539763 -0.00220762 
0.0555535 -0.000628487 
0.0551719 -0.00115143 
0.0571999 0.000672434 
0.056764 0 
0.0582952 0.00191866 
0.0590423 0.00250942 
0.06 0.00305665 
0.0583518 0.00115557 
0.0546044 -0.00305544 
0.0552612 -0.004 
0.0579783 0.000618113 
0.0563649 -0.000662066 
0.055172 -0.0020451 
0.0559181 -0.00136231 
0.057573 0 
0.0571816 -0.000631453 
0.0591508 0.00137582 
0.06 0.00189996 
0.0587445 0.000619929 
0.0558115 -0.00307219 
0.0564615 -0.004 
0.058382 0 
0.0568171 -0.00135015 
0.0563898 -0.00226528 
0.0579782 -0.00063291 
0.0575924 -0.00114359 
0.0594132 0.000570073 
0.06 0.000878516 
0.059191 0 
0.0570058 -0.00307321 
0.0576618 -0.004 
0.0587949 -0.000656165 
0.0575931 -0.00206433 
0.0583456 -0.00136625 
0.06 0 
0.059621 -0.000604771 
0.0582245 -0.00306417 
0.058862 -0.004 
0.0608 0 
0.0592464 -0.00133418 
0.0587971 -0.00219687 
0.0604023 -0.000614324 
0.0600117 -0.00111727 
0.0616 0 
0.059427 -0.00305064 
0.0600623 -0.004 
0.0612095 -0.000643734 
0.0600219 -0.00203682 
0.0607715 -0.00132017 
0.0624 0 
0.0620214 -0.000589377 
0.0606489 -0.00308132 
0.0612626 -0.004 
0.0632 0 
0.0616581 -0.00134132 
0.0612459 -0.00216522 
0.0628032 -0.000618187 
0.0624142 -0.00112656 
0.064 0 
0.0618487 -0.00305294 
0.0624628 -0.004 
0.0636136 -0.000648715 
0.0624314 -0.00202156 
0.063163 -0.00133703 
0.0644365 -0.0006161 
0.0648 0 
0.0630407 -0.00304956 
0.0636631 -0.004 
0.064079 -0.00132097 
0.0636106 -0.00217976 
0.0648222 -0.00110394 
0.0652041 -0.000614449 
0.0656 0 
0.0664 0 
0.0642272 -0.0030431 
0.0648634 -0.004 
0.0648239 -0.00202062 
0.0655609 -0.00132048 
0.0660048 -0.000646181 
0.0668164 -0.000609737 
0.0672 0 
0.0654418 -0.00304128 
0.0660637 -0.004 
0.0660305 -0.00213941 
0.0664475 -0.00133242 
0.0671978 -0.00111195 
0.0675925 -0.00061917 
0.068 0 
0.0688 0 
0.066642 -0.00304457 
0.0672639 -0.004 
0.0672171 -0.00202877 
0.0679438 -0.00133615 
0.0683968 -0.000657189 
0.0691993 -0.000625189 
0.0696 0 
0.0678349 -0.00305794 
0.0684642 -0.004 
0.0684206 -0.00223068 
0.0688401 -0.00136189 
0.0695936 -0.00113227 
0.0699755 -0.000608236 
0.0704 0 
0.0712 0 
0.0690266 -0.00306241 
0.0696645 -0.004 
0.0696203 -0.002022 
0.0703514 -0.00132798 
0.0708034 -0.000646211 
0.072 0 
0.0716362 -0.000618663 
0.0702391 -0.00305993 
0.0708647 -0.004 
0.0708403 -0.00222052 
0.0712753 -0.00133863 
0.0728 0 
0.0724078 -0.000617971 
0.0720259 -0.00111558 
0.0736 0 
0.0714355 -0.00305601 
0.072065 -0.004 
0.0720292 -0.00201558 
0.0732028 -0.000650826 
0.0727819 -0.00132276 
0.0744 0 
0.0740054 -0.000620503 
0.0726451 -0.00304575 
0.0732653 -0.004 
0.0732325 -0.00216229 
0.0736414 -0.00134792 
0.0752 0 
0.0747926 -0.000620488 
0.0743984 -0.00114574 
0.0738431 -0.00304095 
0.0744655 -0.004 
0.076 0 
0.0744195 -0.00202039 
0.0755945 -0.00065332 
0.0751465 -0.00132191 
0.0763948 -0.000624992 
0.0750474 -0.00304434 
0.0756658 -0.004 
0.0768 0 
0.0756454 -0.00215401 
0.0760317 -0.00135854 
0.077181 -0.000621516 
0.0767667 -0.00111645 
0.076245 -0.00305071 
0.0768661 -0.004 
0.0776 0 
0.0779928 -0.000651313 
0.076809 -0.00204358 
0.0775315 -0.00133634 
0.0774361 -0.00306237 
0.0780663 -0.004 
0.0788145 -0.000617782 
0.0784 0 
0.0784298 -0.00133224 
0.0780068 -0.00222664 
0.0792018 -0.00111538 
0.0786237 -0.00305327 
0.0792666 -0.004 
0.0795941 -0.00061994 
0.0792 0 
0.0792205 -0.00201762 
0.0799488 -0.00133147 
0.0798384 -0.00305764 
0.0804669 -0.004 
0.0803996 -0.000655506 
0.08 0 
0.0808441 -0.00136038 
0.0804328 -0.00221998 
0.0810203 -0.00305496 
0.0816671 -0.004 
0.0815948 -0.00112891 
0.0812066 -0.000625088 
0.0808 0 
0.0816158 -0.00204165 
0.0822363 -0.00305124 
0.0828674 -0.004 
0.0823441 -0.00132821 
0.081991 -0.000623531 
0.0816 0 
0.0840676 -0.004 
0.0828118 -0.00215291 
0.0834352 -0.00305791 
0.0832509 -0.00136328 
0.0828003 -0.000658986 
0.0824 0 
0.0871585 -0.004 
0.0852049 -0.004 
0.0862314 -0.004 
0.0845677 -0.00316115 
0.0839807 -0.00207777 
0.0840008 -0.00117192 
0.0836064 -0.000642192 
0.0832 0 
0.0874173 -0.00345989 
0.088 -0.004 
0.0866558 -0.00331932 
0.0856921 -0.00317231 
0.0851695 -0.00233523 
0.084717 -0.00142111 
0.0843863 -0.000658972 
0.084 0 
0.0872725 -0.00278011 
0.088 -0.0032 
0.0863152 -0.00219191 
0.0855939 -0.0015146 
0.0851626 -0.000741933 
0.0848 0 
0.0873042 -0.00201269 
0.088 -0.0024 
0.0862857 -0.00132335 
0.086839 -0.00150121 
0.0859252 -0.000730628 
0.0856 0 
0.0874115 -0.00121117 
0.088 -0.0016 
0.0867988 -0.000733206 
0.0864 0 
0.0874826 -0.000547134 
0.088 -0.0008 
0.0872 0 
0.088 0 
