1212 12
0 121
0
1
4
8
14
21
30
40
52
65
80
97
115
135
156
179
203
229
256
285
315
347
380
415
451
489
528
569
611
655
700
702
749
750
802
803
858
859
918
979
980
1044
1045
1112
1113
1184
1185
1259
1260
1338
1339
1420
1421
1506
1507
1595
1596
1688
1689
1784
1882
28150
28151
28152
28153
28154
28155
28156
28157
28158
28159
28160
28161
28162
28163
28164
28165
28166
28167
28168
28169
28170
28171
28172
28173
28174
28175
28176
28177
28178
28179
28180
28181
28182
28183
28184
28185
28186
28187
28188
28189
28190
28191
28192
28193
28194
28195
28196
28197
28198
28199
28200
28201
28202
28203
28204
28205
28206
28207
28208
28209

1 121
3
0
5
9
15
22
31
41
53
66
81
98
116
136
157
180
204
230
257
286
316
348
381
416
452
490
529
570
612
657
703
748
799
801
855
857
915
917
977
1040
1043
1109
1111
1181
1183
1256
1258
1335
1337
1417
1419
1503
1505
1592
1594
1685
1687
1781
1783
1880
1979
28210
28211
28212
28213
28214
28215
28216
28217
28218
28219
28220
28221
28222
28223
28224
28225
28226
28227
28228
28229
28230
28231
28232
28233
28234
28235
28236
28237
28238
28239
28240
28241
28242
28243
28244
28245
28246
28247
28248
28249
28250
28251
28252
28253
28254
28255
28256
28257
28258
28259
28260
28261
28262
28263
28264
28265
28266
28267
28268
28269

2 61
1882
1883
1983
1984
2088
2089
2196
2197
2308
2309
2423
2424
2542
2543
2665
2666
2791
2792
2921
3052
3053
3187
3188
3325
3326
3467
3468
3612
3613
3761
3762
28270
28271
28272
28273
28274
28275
28276
28277
28278
28279
28280
28281
28282
28283
28284
28285
28286
28287
28288
28289
28290
28291
28292
28293
28294
28295
28296
28297
28298
28299

3 121
3762
3913
3914
4069
4070
4228
4229
4391
4392
4557
4725
4726
4896
4897
5071
5072
5249
5250
5431
5432
5616
5617
5805
5806
5998
5999
6194
6195
6394
6595
6596
6800
6801
7008
7009
7220
7221
7435
7436
7654
7655
7876
7877
8102
8103
8331
8332
8564
8565
8800
9038
9039
9279
9280
9524
9525
9772
9773
10024
10025
10282
28300
28301
28302
28303
28304
28305
28306
28307
28308
28309
28310
28311
28312
28313
28314
28315
28316
28317
28318
28319
28320
28321
28322
28323
28324
28325
28326
28327
28328
28329
28330
28331
28332
28333
28334
28335
28336
28337
28338
28339
28340
28341
28342
28343
28344
28345
28346
28347
28348
28349
28350
28351
28352
28353
28354
28355
28356
28357
28358
28359

4 121
10282
10539
10794
11048
11298
11545
11790
12032
12274
12511
12746
12978
13208
13435
13660
13882
14102
14319
14534
14747
14957
15165
15370
15573
15773
15971
16166
16361
16551
16739
16925
17109
17292
17473
17652
17831
18008
18184
18358
18530
18701
18870
19037
19203
19367
19530
19691
19851
20009
20166
20321
20475
20627
20778
20927
21074
21221
21366
21510
21652
21792
28360
28361
28362
28363
28364
28365
28366
28367
28368
28369
28370
28371
28372
28373
28374
28375
28376
28377
28378
28379
28380
28381
28382
28383
28384
28385
28386
28387
28388
28389
28390
28391
28392
28393
28394
28395
28396
28397
28398
28399
28400
28401
28402
28403
28404
28405
28406
28407
28408
28409
28410
28411
28412
28413
28414
28415
28416
28417
28418
28419

5 61
1982
1979
2085
2087
2193
2195
2305
2307
2420
2422
2539
2541
2662
2664
2788
2790
2918
2920
3050
3183
3186
3322
3324
3464
3466
3609
3611
3758
3760
3910
3912
28420
28421
28422
28423
28424
28425
28426
28427
28428
28429
28430
28431
28432
28433
28434
28435
28436
28437
28438
28439
28440
28441
28442
28443
28444
28445
28446
28447
28448
28449

6 61
21792
21931
22068
22203
22337
22469
22600
22729
22857
22983
23108
23231
23353
23473
23592
23709
23824
23939
24052
24164
24274
24382
24489
24594
24697
24799
24899
24998
25095
25191
25285
28450
28451
28452
28453
28454
28455
28456
28457
28458
28459
28460
28461
28462
28463
28464
28465
28466
28467
28468
28469
28470
28471
28472
28473
28474
28475
28476
28477
28478
28479

7 121
4066
3912
4068
4225
4227
4388
4390
4554
4556
4723
4892
4895
5068
5070
5246
5248
5428
5430
5613
5615
5802
5804
5995
5997
6191
6193
6391
6393
6593
6796
6799
7005
7007
7217
7219
7432
7434
7651
7653
7873
7875
8099
8101
8328
8330
8561
8563
8797
8799
9036
9275
9278
9521
9523
9769
9771
10022
10023
10277
10279
10536
28480
28481
28482
28483
28484
28485
28486
28487
28488
28489
28490
28491
28492
28493
28494
28495
28496
28497
28498
28499
28500
28501
28502
28503
28504
28505
28506
28507
28508
28509
28510
28511
28512
28513
28514
28515
28516
28517
28518
28519
28520
28521
28522
28523
28524
28525
28526
28527
28528
28529
28530
28531
28532
28533
28534
28535
28536
28537
28538
28539

8 121
25285
25378
25469
25559
25647
25734
25819
25903
25985
26066
26145
26222
26298
26372
26445
26516
26586
26654
26721
26786
26850
26912
26973
27032
27090
27146
27201
27254
27306
27357
27405
27452
27497
27541
27583
27624
27663
27701
27737
27772
27805
27837
27867
27896
27923
27949
27973
27996
28017
28037
28056
28072
28087
28100
28112
28122
28131
28138
28143
28147
28149
28540
28541
28542
28543
28544
28545
28546
28547
28548
28549
28550
28551
28552
28553
28554
28555
28556
28557
28558
28559
28560
28561
28562
28563
28564
28565
28566
28567
28568
28569
28570
28571
28572
28573
28574
28575
28576
28577
28578
28579
28580
28581
28582
28583
28584
28585
28586
28587
28588
28589
28590
28591
28592
28593
28594
28595
28596
28597
28598
28599

9 121
10791
10536
11045
11295
11542
11787
12029
12271
12508
12743
12975
13205
13432
13657
13879
14099
14316
14531
14744
14954
15162
15367
15570
15770
15968
16163
16358
16548
16736
16922
17106
17289
17470
17649
17828
18005
18181
18355
18527
18698
18867
19034
19200
19364
19527
19688
19848
20006
20163
20318
20472
20624
20775
20924
21071
21218
21363
21507
21649
21789
21928
28600
28601
28602
28603
28604
28605
28606
28607
28608
28609
28610
28611
28612
28613
28614
28615
28616
28617
28618
28619
28620
28621
28622
28623
28624
28625
28626
28627
28628
28629
28630
28631
28632
28633
28634
28635
28636
28637
28638
28639
28640
28641
28642
28643
28644
28645
28646
28647
28648
28649
28650
28651
28652
28653
28654
28655
28656
28657
28658
28659

10 61
22065
21928
22200
22334
22466
22597
22726
22854
22980
23105
23228
23350
23470
23589
23706
23821
23936
24049
24161
24271
24379
24486
24591
24694
24796
24896
24995
25092
25188
25282
25375
28660
28661
28662
28663
28664
28665
28666
28667
28668
28669
28670
28671
28672
28673
28674
28675
28676
28677
28678
28679
28680
28681
28682
28683
28684
28685
28686
28687
28688
28689

11 121
25466
25375
25556
25644
25731
25816
25900
25982
26063
26142
26219
26295
26369
26442
26513
26583
26651
26718
26783
26847
26909
26970
27029
27087
27143
27198
27251
27303
27354
27402
27449
27494
27538
27580
27621
27660
27698
27734
27769
27802
27834
27864
27893
27920
27946
27970
27993
28014
28034
28053
28069
28084
28097
28109
28119
28128
28135
28141
28145
28148
28149
28690
28691
28692
28693
28694
28695
28696
28697
28698
28699
28700
28701
28702
28703
28704
28705
28706
28707
28708
28709
28710
28711
28712
28713
28714
28715
28716
28717
28718
28719
28720
28721
28722
28723
28724
28725
28726
28727
28728
28729
28730
28731
28732
28733
28734
28735
28736
28737
28738
28739
28740
28741
28742
28743
28744
28745
28746
28747
28748
28749

