299 13
0 5
0 1 
1 5 
5 10 
10 11 
11 19 

1 9
3 0 
6 3 
12 6 
20 12 
27 20 
34 27 
41 34 
48 41 
55 48 

2 9
19 26 
26 33 
33 40 
40 47 
47 54 
54 61 
61 68 
68 75 
75 82 

3 27
62 55 
69 62 
76 69 
83 76 
92 83 
103 92 
116 103 
130 116 
147 130 
165 147 
186 165 
210 186 
236 210 
264 236 
295 264 
329 295 
365 329 
404 365 
445 404 
488 445 
534 488 
582 534 
632 582 
681 632 
731 681 
780 731 
818 780 

4 32
82 89 
89 97 
97 102 
102 114 
114 127 
127 142 
142 143 
143 159 
159 178 
178 179 
179 199 
199 200 
200 223 
223 224 
224 249 
249 277 
277 278 
278 308 
308 309 
309 310 
310 342 
342 378 
378 379 
379 380 
380 417 
417 458 
458 459 
459 501 
501 502 
502 547 
547 548 
548 597 

5 63
82 90 
90 99 
99 110 
110 122 
122 136 
136 153 
153 171 
171 192 
192 216 
216 242 
242 270 
270 301 
301 335 
335 371 
371 410 
410 451 
451 494 
494 540 
540 588 
588 638 
638 687 
687 737 
737 786 
786 834 
834 881 
881 927 
927 973 
973 1019 
1019 1065 
1065 1101 
1101 1147 
1147 1193 
1193 1235 
1235 1281 
1281 1328 
1328 1376 
1376 1426 
1426 1476 
1476 1499 
1499 1550 
1550 1602 
1602 1606 
1606 1662 
1662 1665 
1665 1724 
1724 1726 
1726 1729 
1729 1791 
1791 1853 
1853 1856 
1856 1859 
1859 1922 
1922 1990 
1990 1994 
1994 2059 
2059 2062 
2062 2124 
2124 2127 
2127 2186 
2186 2189 
2189 2245 
2245 2250 
2250 2301 

6 63
597 647 
647 696 
696 746 
746 795 
795 843 
843 890 
890 936 
936 982 
982 1028 
1028 1074 
1074 1120 
1120 1166 
1166 1213 
1213 1260 
1260 1308 
1308 1357 
1357 1408 
1408 1459 
1459 1512 
1512 1566 
1566 1624 
1624 1685 
1685 1749 
1749 1813 
1813 1878 
1878 1948 
1948 2015 
2015 2079 
2079 2140 
2140 2198 
2198 2253 
2253 2305 
2305 2355 
2355 2404 
2404 2450 
2450 2495 
2495 2539 
2539 2581 
2581 2620 
2620 2658 
2658 2694 
2694 2729 
2729 2762 
2762 2794 
2794 2824 
2824 2853 
2853 2880 
2880 2906 
2906 2930 
2930 2953 
2953 2975 
2975 2994 
2994 3012 
3012 3028 
3028 3043 
3043 3056 
3056 3068 
3068 3078 
3078 3087 
3087 3094 
3094 3099 
3099 3103 
3103 3105 

7 9
865 818 
911 865 
953 911 
999 953 
1045 999 
1091 1045 
1137 1091 
1183 1137 
1210 1183 

8 27
1256 1210 
1302 1256 
1305 1302 
1352 1305 
1354 1352 
1402 1354 
1404 1402 
1405 1404 
1455 1405 
1505 1455 
1508 1505 
1509 1508 
1561 1509 
1614 1561 
1617 1614 
1674 1617 
1676 1674 
1736 1676 
1738 1736 
1801 1738 
1803 1801 
1866 1803 
1875 1866 
1932 1875 
1936 1932 
1937 1936 
1938 1937 

9 9
1563 1620 
1620 1677 
1677 1739 
1739 1804 
1804 1868 
1868 1933 
1933 1934 
1934 1935 
1935 1938 

10 32
2352 2301 
2401 2352 
2447 2401 
2492 2447 
2536 2492 
2578 2536 
2617 2578 
2655 2617 
2691 2655 
2726 2691 
2759 2726 
2791 2759 
2821 2791 
2850 2821 
2877 2850 
2903 2877 
2927 2903 
2950 2927 
2972 2950 
2991 2972 
3009 2991 
3025 3009 
3040 3025 
3053 3040 
3065 3053 
3075 3065 
3084 3075 
3091 3084 
3097 3091 
3101 3097 
3104 3101 
3105 3104 

11 9
1810 1746 
1874 1810 
1944 1874 
2011 1944 
2075 2011 
2136 2075 
2194 2136 
2249 2194 
2301 2249 

12 5
1618 1563 
1621 1618 
1680 1621 
1682 1680 
1746 1682 

