312 13
0 6
0
1
5
10
11
19

1 10
3
0
6
12
20
27
34
41
48
55

2 10
19
26
33
40
47
54
61
68
75
82

3 28
62
55
69
76
83
92
103
116
130
147
165
186
210
236
264
295
329
365
404
445
488
534
582
632
681
731
780
818

4 33
82
89
97
102
114
127
142
143
159
178
179
199
200
223
224
249
277
278
308
309
310
342
378
379
380
417
458
459
501
502
547
548
597

5 64
82
90
99
110
122
136
153
171
192
216
242
270
301
335
371
410
451
494
540
588
638
687
737
786
834
881
927
973
1019
1065
1101
1147
1193
1235
1281
1328
1376
1426
1476
1499
1550
1602
1606
1662
1665
1724
1726
1729
1791
1853
1856
1859
1922
1990
1994
2059
2062
2124
2127
2186
2189
2245
2250
2301

6 64
597
647
696
746
795
843
890
936
982
1028
1074
1120
1166
1213
1260
1308
1357
1408
1459
1512
1566
1624
1685
1749
1813
1878
1948
2015
2079
2140
2198
2253
2305
2355
2404
2450
2495
2539
2581
2620
2658
2694
2729
2762
2794
2824
2853
2880
2906
2930
2953
2975
2994
3012
3028
3043
3056
3068
3078
3087
3094
3099
3103
3105

7 10
865
818
911
953
999
1045
1091
1137
1183
1210

8 28
1256
1210
1302
1305
1352
1354
1402
1404
1405
1455
1505
1508
1509
1561
1614
1617
1674
1676
1736
1738
1801
1803
1866
1875
1932
1936
1937
1938

9 10
1563
1620
1677
1739
1804
1868
1933
1934
1935
1938

10 33
2352
2301
2401
2447
2492
2536
2578
2617
2655
2691
2726
2759
2791
2821
2850
2877
2903
2927
2950
2972
2991
3009
3025
3040
3053
3065
3075
3084
3091
3097
3101
3104
3105

11 10
1810
1746
1874
1944
2011
2075
2136
2194
2249
2301

12 6
1618
1563
1621
1680
1682
1746

