611 13
0 11
0
1
5
10
11
19
3106
3107
3108
3109
3110

1 19
3
0
6
12
20
27
34
41
48
55
3111
3112
3113
3114
3115
3116
3117
3118
3119

2 19
19
26
33
40
47
54
61
68
75
82
3120
3121
3122
3123
3124
3125
3126
3127
3128

3 55
62
55
69
76
83
92
103
116
130
147
165
186
210
236
264
295
329
365
404
445
488
534
582
632
681
731
780
818
3129
3130
3131
3132
3133
3134
3135
3136
3137
3138
3139
3140
3141
3142
3143
3144
3145
3146
3147
3148
3149
3150
3151
3152
3153
3154
3155

4 65
82
89
97
102
114
127
142
143
159
178
179
199
200
223
224
249
277
278
308
309
310
342
378
379
380
417
458
459
501
502
547
548
597
3156
3157
3158
3159
3160
3161
3162
3163
3164
3165
3166
3167
3168
3169
3170
3171
3172
3173
3174
3175
3176
3177
3178
3179
3180
3181
3182
3183
3184
3185
3186
3187

5 127
82
90
99
110
122
136
153
171
192
216
242
270
301
335
371
410
451
494
540
588
638
687
737
786
834
881
927
973
1019
1065
1101
1147
1193
1235
1281
1328
1376
1426
1476
1499
1550
1602
1606
1662
1665
1724
1726
1729
1791
1853
1856
1859
1922
1990
1994
2059
2062
2124
2127
2186
2189
2245
2250
2301
3188
3189
3190
3191
3192
3193
3194
3195
3196
3197
3198
3199
3200
3201
3202
3203
3204
3205
3206
3207
3208
3209
3210
3211
3212
3213
3214
3215
3216
3217
3218
3219
3220
3221
3222
3223
3224
3225
3226
3227
3228
3229
3230
3231
3232
3233
3234
3235
3236
3237
3238
3239
3240
3241
3242
3243
3244
3245
3246
3247
3248
3249
3250

6 127
597
647
696
746
795
843
890
936
982
1028
1074
1120
1166
1213
1260
1308
1357
1408
1459
1512
1566
1624
1685
1749
1813
1878
1948
2015
2079
2140
2198
2253
2305
2355
2404
2450
2495
2539
2581
2620
2658
2694
2729
2762
2794
2824
2853
2880
2906
2930
2953
2975
2994
3012
3028
3043
3056
3068
3078
3087
3094
3099
3103
3105
3251
3252
3253
3254
3255
3256
3257
3258
3259
3260
3261
3262
3263
3264
3265
3266
3267
3268
3269
3270
3271
3272
3273
3274
3275
3276
3277
3278
3279
3280
3281
3282
3283
3284
3285
3286
3287
3288
3289
3290
3291
3292
3293
3294
3295
3296
3297
3298
3299
3300
3301
3302
3303
3304
3305
3306
3307
3308
3309
3310
3311
3312
3313

7 19
865
818
911
953
999
1045
1091
1137
1183
1210
3314
3315
3316
3317
3318
3319
3320
3321
3322

8 55
1256
1210
1302
1305
1352
1354
1402
1404
1405
1455
1505
1508
1509
1561
1614
1617
1674
1676
1736
1738
1801
1803
1866
1875
1932
1936
1937
1938
3323
3324
3325
3326
3327
3328
3329
3330
3331
3332
3333
3334
3335
3336
3337
3338
3339
3340
3341
3342
3343
3344
3345
3346
3347
3348
3349

9 19
1563
1620
1677
1739
1804
1868
1933
1934
1935
1938
3350
3351
3352
3353
3354
3355
3356
3357
3358

10 65
2352
2301
2401
2447
2492
2536
2578
2617
2655
2691
2726
2759
2791
2821
2850
2877
2903
2927
2950
2972
2991
3009
3025
3040
3053
3065
3075
3084
3091
3097
3101
3104
3105
3359
3360
3361
3362
3363
3364
3365
3366
3367
3368
3369
3370
3371
3372
3373
3374
3375
3376
3377
3378
3379
3380
3381
3382
3383
3384
3385
3386
3387
3388
3389
3390

11 19
1810
1746
1874
1944
2011
2075
2136
2194
2249
2301
3391
3392
3393
3394
3395
3396
3397
3398
3399

12 11
1618
1563
1621
1680
1682
1746
3400
3401
3402
3403
3404

