5974 
1 0 2 
 0 3 2 
 4 1 2 
 5 1 4 
 3 6 7 
 3 7 2 
 4 2 7 
 8 4 7 
 9 5 4 
 9 4 8 
 10 5 9 
 6 12 13 
 7 6 13 
 7 13 14 
 7 14 8 
 8 14 15 
 16 9 8 
 16 8 15 
 11 10 17 
 17 10 9 
 17 9 16 
 11 17 18 
 19 11 18 
 12 20 21 
 13 12 21 
 13 21 22 
 14 13 22 
 14 22 23 
 14 23 15 
 24 16 15 
 23 24 15 
 25 18 17 
 24 25 16 
 17 16 25 
 26 19 18 
 25 26 18 
 20 27 28 
 21 20 28 
 21 28 29 
 22 21 29 
 22 29 30 
 30 23 22 
 31 24 23 
 30 31 23 
 32 25 24 
 31 32 24 
 33 26 25 
 32 33 25 
 27 34 35 
 28 27 35 
 28 35 36 
 29 28 36 
 29 36 37 
 37 30 29 
 38 31 30 
 37 38 30 
 39 32 31 
 38 39 31 
 40 33 32 
 39 40 32 
 34 41 42 
 35 34 42 
 35 42 43 
 36 35 43 
 36 43 44 
 44 37 36 
 45 38 37 
 44 45 37 
 46 39 38 
 45 46 38 
 47 40 39 
 46 47 39 
 41 48 49 
 42 41 49 
 42 49 50 
 43 42 50 
 43 50 51 
 51 44 43 
 52 45 44 
 51 52 44 
 53 46 45 
 52 53 45 
 54 47 46 
 53 54 46 
 48 55 56 
 49 48 56 
 49 56 57 
 50 49 57 
 50 57 58 
 58 51 50 
 59 52 51 
 58 59 51 
 60 53 52 
 59 60 52 
 61 54 53 
 60 61 53 
 55 62 63 
 56 55 63 
 56 63 64 
 57 56 64 
 57 64 65 
 65 58 57 
 66 59 58 
 65 66 58 
 67 60 59 
 66 67 59 
 68 61 60 
 67 68 60 
 62 69 70 
 63 62 70 
 63 70 71 
 64 63 71 
 64 71 72 
 72 65 64 
 73 66 65 
 72 73 65 
 74 67 66 
 73 74 66 
 75 68 67 
 74 75 67 
 69 76 77 
 70 69 77 
 70 77 78 
 71 70 78 
 71 78 79 
 79 72 71 
 80 73 72 
 79 80 72 
 81 74 73 
 80 81 73 
 82 75 74 
 81 82 74 
 76 83 84 
 77 76 84 
 77 84 85 
 78 77 85 
 78 85 86 
 86 79 78 
 87 80 79 
 86 87 79 
 88 81 80 
 87 88 80 
 90 82 81 
 88 90 81 
 89 82 91 
 82 90 91 
 83 92 93 
 84 83 93 
 84 93 94 
 85 84 94 
 85 94 95 
 95 86 85 
 96 87 86 
 95 96 86 
 98 88 87 
 96 98 87 
 99 90 88 
 98 99 88 
 97 89 100 
 100 89 91 
 90 99 101 
 90 101 91 
 100 91 101 
 92 103 104 
 93 92 104 
 93 104 105 
 94 93 105 
 94 105 106 
 106 95 94 
 107 96 95 
 106 107 95 
 108 98 96 
 107 108 96 
 102 97 109 
 109 97 100 
 110 99 98 
 108 110 98 
 99 110 111 
 101 99 111 
 109 100 112 
 112 100 101 
 101 111 113 
 101 113 112 
 114 102 115 
 115 102 109 
 103 116 117 
 104 103 117 
 104 117 118 
 105 104 118 
 105 118 119 
 119 106 105 
 120 107 106 
 119 120 106 
 121 108 107 
 120 121 107 
 122 110 108 
 121 122 108 
 115 109 123 
 123 109 112 
 110 122 124 
 111 110 124 
 111 124 125 
 113 111 125 
 123 112 126 
 113 125 126 
 126 112 113 
 127 114 128 
 128 114 115 
 128 115 129 
 129 115 123 
 116 130 131 
 117 116 131 
 117 131 132 
 118 117 132 
 118 132 133 
 133 119 118 
 134 120 119 
 133 134 119 
 135 121 120 
 134 135 120 
 136 122 121 
 135 136 121 
 122 136 137 
 124 122 137 
 129 123 138 
 138 123 126 
 124 137 139 
 125 124 139 
 125 139 140 
 125 140 126 
 138 126 141 
 141 126 140 
 142 127 144 
 144 127 128 
 144 128 145 
 145 128 129 
 145 129 146 
 146 129 138 
 130 147 148 
 131 130 148 
 131 148 149 
 132 131 149 
 132 149 150 
 150 133 132 
 151 134 133 
 150 151 133 
 152 135 134 
 151 152 134 
 153 136 135 
 152 153 135 
 136 153 154 
 137 136 154 
 137 154 155 
 139 137 155 
 146 138 156 
 156 138 141 
 139 155 157 
 140 139 157 
 140 157 158 
 140 158 141 
 156 141 158 
 143 142 160 
 160 142 144 
 159 143 161 
 161 143 160 
 160 144 162 
 162 144 145 
 162 145 163 
 163 145 146 
 163 146 164 
 164 146 156 
 147 165 166 
 148 147 166 
 148 166 167 
 149 148 167 
 149 167 168 
 168 150 149 
 169 151 150 
 168 169 150 
 170 152 151 
 169 170 151 
 171 153 152 
 170 171 152 
 153 171 172 
 154 153 172 
 154 172 173 
 155 154 173 
 155 173 174 
 157 155 174 
 164 156 175 
 175 156 158 
 157 174 176 
 158 157 176 
 158 176 177 
 158 177 175 
 178 159 180 
 180 159 161 
 161 160 181 
 181 160 162 
 180 161 182 
 182 161 181 
 181 162 183 
 183 162 163 
 183 163 184 
 184 163 164 
 184 164 185 
 185 164 175 
 165 186 187 
 166 165 187 
 166 187 188 
 167 166 188 
 167 188 189 
 189 168 167 
 190 169 168 
 189 190 168 
 191 170 169 
 190 191 169 
 192 171 170 
 191 192 170 
 171 192 193 
 172 171 193 
 172 193 194 
 173 172 194 
 173 194 195 
 174 173 195 
 174 195 196 
 176 174 196 
 185 175 197 
 197 175 177 
 176 196 198 
 177 176 198 
 177 198 197 
 179 178 201 
 201 178 180 
 199 179 202 
 202 179 201 
 201 180 203 
 203 180 182 
 182 181 204 
 204 181 183 
 203 182 205 
 205 182 204 
 204 183 206 
 206 183 184 
 206 184 207 
 207 184 185 
 207 185 208 
 208 185 197 
 208 197 209 
 186 210 211 
 187 186 211 
 187 211 212 
 188 187 212 
 188 212 213 
 213 189 188 
 214 190 189 
 213 214 189 
 215 191 190 
 214 215 190 
 216 192 191 
 215 216 191 
 192 216 217 
 193 192 217 
 193 217 218 
 194 193 218 
 194 218 219 
 195 194 219 
 195 219 220 
 196 195 220 
 196 220 221 
 198 196 221 
 198 221 222 
 222 209 197 
 197 198 222 
 200 199 225 
 225 199 202 
 223 200 226 
 226 200 225 
 202 201 227 
 227 201 203 
 225 202 228 
 228 202 227 
 227 203 229 
 229 203 205 
 205 204 230 
 230 204 206 
 229 205 231 
 231 205 230 
 230 206 232 
 232 206 207 
 232 207 233 
 233 207 208 
 233 208 234 
 234 208 209 
 222 235 209 
 234 209 235 
 210 236 237 
 211 210 237 
 211 237 238 
 212 211 238 
 212 238 239 
 239 213 212 
 240 214 213 
 239 240 213 
 241 215 214 
 240 241 214 
 242 216 215 
 241 242 215 
 216 242 243 
 217 216 243 
 217 243 244 
 218 217 244 
 218 244 245 
 219 218 245 
 219 245 246 
 220 219 246 
 220 246 247 
 221 220 247 
 221 247 248 
 222 221 248 
 222 248 235 
 224 223 250 
 250 223 226 
 249 224 251 
 251 224 250 
 226 225 252 
 252 225 228 
 250 226 253 
 253 226 252 
 228 227 254 
 254 227 229 
 252 228 255 
 255 228 254 
 254 229 256 
 256 229 231 
 231 230 257 
 257 230 232 
 256 231 258 
 258 231 257 
 257 232 259 
 259 232 233 
 259 233 260 
 260 233 234 
 260 234 261 
 261 234 235 
 235 262 261 
 235 248 263 
 235 263 262 
 236 264 265 
 237 236 265 
 237 265 266 
 238 237 266 
 238 266 267 
 267 239 238 
 268 240 239 
 267 268 239 
 269 241 240 
 268 269 240 
 270 242 241 
 269 270 241 
 242 270 271 
 243 242 271 
 243 271 272 
 244 243 272 
 244 272 273 
 245 244 273 
 245 273 274 
 246 245 274 
 246 274 275 
 247 246 275 
 247 275 276 
 248 247 276 
 248 276 263 
 277 249 279 
 279 249 251 
 251 250 280 
 280 250 253 
 279 251 281 
 281 251 280 
 253 252 282 
 282 252 255 
 280 253 283 
 283 253 282 
 255 254 284 
 284 254 256 
 282 255 285 
 285 255 284 
 284 256 286 
 286 256 258 
 258 257 287 
 287 257 259 
 286 258 288 
 288 258 287 
 287 259 289 
 289 259 260 
 289 260 290 
 290 260 261 
 290 261 291 
 291 261 262 
 262 263 293 
 262 293 291 
 291 293 292 
 263 276 294 
 263 294 293 
 264 295 296 
 265 264 296 
 265 296 297 
 266 265 297 
 266 297 298 
 298 267 266 
 299 268 267 
 298 299 267 
 300 269 268 
 299 300 268 
 301 270 269 
 300 301 269 
 270 301 302 
 271 270 302 
 271 302 303 
 272 271 303 
 272 303 304 
 273 272 304 
 273 304 305 
 274 273 305 
 274 305 306 
 275 274 306 
 275 306 307 
 276 275 307 
 276 307 294 
 278 277 311 
 311 277 279 
 308 278 312 
 312 278 311 
 311 279 313 
 313 279 281 
 281 280 314 
 314 280 283 
 313 281 315 
 315 281 314 
 283 282 316 
 316 282 285 
 314 283 317 
 317 283 316 
 285 284 318 
 318 284 286 
 316 285 319 
 319 285 318 
 318 286 320 
 320 286 288 
 288 287 321 
 321 287 289 
 320 288 322 
 322 288 321 
 321 289 323 
 323 289 290 
 323 290 324 
 324 290 291 
 324 291 325 
 325 291 292 
 293 326 292 
 292 326 325 
 293 294 327 
 293 327 326 
 294 307 328 
 294 328 327 
 295 329 330 
 296 295 330 
 296 330 331 
 297 296 331 
 297 331 332 
 332 298 297 
 333 299 298 
 332 333 298 
 334 300 299 
 333 334 299 
 335 301 300 
 334 335 300 
 301 335 336 
 302 301 336 
 302 336 337 
 303 302 337 
 303 337 338 
 304 303 338 
 304 338 339 
 305 304 339 
 305 339 340 
 306 305 340 
 306 340 341 
 307 306 341 
 307 341 328 
 309 308 343 
 343 308 312 
 310 309 344 
 344 309 343 
 342 310 345 
 345 310 344 
 312 311 346 
 346 311 313 
 343 312 347 
 347 312 346 
 346 313 348 
 348 313 315 
 315 314 349 
 349 314 317 
 348 315 350 
 350 315 349 
 317 316 351 
 351 316 319 
 349 317 352 
 352 317 351 
 319 318 353 
 353 318 320 
 351 319 354 
 354 319 353 
 353 320 355 
 355 320 322 
 322 321 356 
 356 321 323 
 355 322 357 
 357 322 356 
 356 323 358 
 358 323 324 
 358 324 359 
 359 324 325 
 359 325 360 
 326 361 325 
 360 325 361 
 326 327 362 
 326 362 361 
 327 328 363 
 327 363 362 
 328 341 364 
 328 364 363 
 329 365 366 
 330 329 366 
 330 366 367 
 331 330 367 
 331 367 368 
 368 332 331 
 369 333 332 
 368 369 332 
 370 334 333 
 369 370 333 
 371 335 334 
 370 371 334 
 335 371 372 
 336 335 372 
 336 372 373 
 337 336 373 
 337 373 374 
 338 337 374 
 338 374 375 
 339 338 375 
 339 375 376 
 340 339 376 
 340 376 377 
 341 340 377 
 341 377 364 
 378 342 381 
 381 342 345 
 344 343 382 
 382 343 347 
 345 344 383 
 383 344 382 
 381 345 384 
 384 345 383 
 347 346 385 
 385 346 348 
 382 347 386 
 386 347 385 
 385 348 387 
 387 348 350 
 350 349 388 
 388 349 352 
 387 350 389 
 389 350 388 
 352 351 390 
 390 351 354 
 388 352 391 
 391 352 390 
 354 353 392 
 392 353 355 
 390 354 393 
 393 354 392 
 392 355 394 
 394 355 357 
 357 356 395 
 395 356 358 
 394 357 396 
 396 357 395 
 395 358 397 
 397 358 359 
 397 359 398 
 398 359 360 
 361 399 360 
 398 360 399 
 361 362 400 
 361 400 399 
 362 363 401 
 362 401 400 
 363 364 402 
 363 402 401 
 364 377 403 
 364 403 402 
 365 404 405 
 366 365 405 
 366 405 406 
 367 366 406 
 367 406 407 
 407 368 367 
 408 369 368 
 407 408 368 
 409 370 369 
 408 409 369 
 410 371 370 
 409 410 370 
 371 410 411 
 372 371 411 
 372 411 412 
 373 372 412 
 373 412 413 
 374 373 413 
 374 413 414 
 375 374 414 
 375 414 415 
 376 375 415 
 376 415 416 
 377 376 416 
 377 416 403 
 417 380 418 
 379 378 419 
 419 378 381 
 380 379 420 
 418 380 420 
 420 379 419 
 419 381 421 
 421 381 384 
 383 382 422 
 422 382 386 
 384 383 423 
 423 383 422 
 421 384 424 
 424 384 423 
 386 385 425 
 425 385 387 
 422 386 426 
 426 386 425 
 425 387 427 
 427 387 389 
 389 388 428 
 428 388 391 
 427 389 429 
 429 389 428 
 391 390 430 
 430 390 393 
 428 391 431 
 431 391 430 
 393 392 432 
 432 392 394 
 430 393 433 
 433 393 432 
 432 394 434 
 434 394 396 
 396 395 435 
 435 395 397 
 434 396 436 
 436 396 435 
 435 397 437 
 437 397 398 
 437 398 438 
 438 398 399 
 399 439 438 
 399 400 440 
 399 440 439 
 400 401 441 
 400 441 440 
 401 402 442 
 401 442 441 
 402 403 443 
 402 443 442 
 403 416 444 
 403 444 443 
 404 445 446 
 405 404 446 
 405 446 447 
 406 405 447 
 406 447 448 
 448 407 406 
 449 408 407 
 448 449 407 
 450 409 408 
 449 450 408 
 451 410 409 
 450 451 409 
 410 451 452 
 411 410 452 
 411 452 453 
 412 411 453 
 412 453 454 
 413 412 454 
 413 454 455 
 414 413 455 
 414 455 456 
 415 414 456 
 415 456 457 
 416 415 457 
 416 457 444 
 458 417 460 
 460 417 418 
 460 418 461 
 418 420 462 
 461 418 462 
 420 419 463 
 462 420 463 
 463 419 421 
 463 421 464 
 464 421 424 
 423 422 465 
 465 422 426 
 424 423 466 
 466 423 465 
 464 424 467 
 467 424 466 
 426 425 468 
 468 425 427 
 465 426 469 
 469 426 468 
 468 427 470 
 470 427 429 
 429 428 471 
 471 428 431 
 470 429 472 
 472 429 471 
 431 430 473 
 473 430 433 
 471 431 474 
 474 431 473 
 433 432 475 
 475 432 434 
 473 433 476 
 476 433 475 
 475 434 477 
 477 434 436 
 436 435 478 
 478 435 437 
 477 436 479 
 479 436 478 
 478 437 480 
 480 437 438 
 480 438 481 
 481 438 439 
 439 440 482 
 439 482 481 
 440 441 483 
 440 483 482 
 441 442 484 
 441 484 483 
 442 443 485 
 442 485 484 
 443 444 486 
 443 486 485 
 444 457 487 
 444 487 486 
 445 488 489 
 446 445 489 
 446 489 490 
 447 446 490 
 447 490 491 
 491 448 447 
 492 449 448 
 491 492 448 
 493 450 449 
 492 493 449 
 494 451 450 
 493 494 450 
 451 494 495 
 452 451 495 
 452 495 496 
 453 452 496 
 453 496 497 
 454 453 497 
 454 497 498 
 455 454 498 
 455 498 499 
 456 455 499 
 456 499 500 
 457 456 500 
 457 500 487 
 459 458 503 
 503 458 460 
 501 459 504 
 504 459 503 
 503 460 505 
 505 460 461 
 505 461 506 
 461 462 507 
 506 461 507 
 462 463 508 
 507 462 508 
 508 463 464 
 508 464 509 
 509 464 467 
 466 465 510 
 510 465 469 
 467 466 511 
 511 466 510 
 509 467 512 
 512 467 511 
 469 468 513 
 513 468 470 
 510 469 514 
 514 469 513 
 513 470 515 
 515 470 472 
 472 471 516 
 516 471 474 
 515 472 517 
 517 472 516 
 474 473 518 
 518 473 476 
 516 474 519 
 519 474 518 
 476 475 520 
 520 475 477 
 518 476 521 
 521 476 520 
 520 477 522 
 522 477 479 
 479 478 523 
 523 478 480 
 522 479 524 
 524 479 523 
 523 480 525 
 525 480 481 
 525 481 526 
 482 527 481 
 526 481 527 
 482 483 528 
 482 528 527 
 483 484 529 
 483 529 528 
 484 485 530 
 484 530 529 
 485 486 531 
 485 531 530 
 486 487 532 
 486 532 531 
 487 500 533 
 487 533 532 
 488 534 535 
 489 488 535 
 489 535 536 
 490 489 536 
 490 536 537 
 537 491 490 
 538 492 491 
 537 538 491 
 539 493 492 
 538 539 492 
 540 494 493 
 539 540 493 
 494 540 541 
 495 494 541 
 495 541 542 
 496 495 542 
 496 542 543 
 497 496 543 
 497 543 544 
 498 497 544 
 498 544 545 
 499 498 545 
 499 545 546 
 500 499 546 
 500 546 533 
 502 501 549 
 549 501 504 
 547 502 550 
 550 502 549 
 549 504 551 
 504 503 552 
 551 504 552 
 552 503 505 
 552 505 553 
 553 505 506 
 553 506 554 
 506 507 555 
 554 506 555 
 507 508 556 
 555 507 556 
 556 508 509 
 556 509 557 
 557 509 512 
 511 510 558 
 558 510 514 
 512 511 559 
 559 511 558 
 557 512 560 
 560 512 559 
 514 513 561 
 561 513 515 
 558 514 562 
 562 514 561 
 561 515 563 
 563 515 517 
 517 516 564 
 564 516 519 
 563 517 565 
 565 517 564 
 519 518 566 
 566 518 521 
 564 519 567 
 567 519 566 
 521 520 568 
 568 520 522 
 566 521 569 
 569 521 568 
 568 522 570 
 570 522 524 
 524 523 571 
 571 523 525 
 570 524 572 
 572 524 571 
 571 525 573 
 573 525 526 
 527 574 526 
 573 526 574 
 527 528 575 
 527 575 574 
 528 529 576 
 528 576 575 
 529 530 577 
 529 577 576 
 530 531 578 
 530 578 577 
 531 532 579 
 531 579 578 
 532 533 580 
 532 580 579 
 533 546 581 
 533 581 580 
 534 582 583 
 535 534 583 
 535 583 584 
 536 535 584 
 536 584 585 
 585 537 536 
 586 538 537 
 585 586 537 
 587 539 538 
 586 587 538 
 588 540 539 
 587 588 539 
 540 588 589 
 541 540 589 
 541 589 590 
 542 541 590 
 542 590 591 
 543 542 591 
 543 591 592 
 544 543 592 
 544 592 593 
 545 544 593 
 545 593 594 
 546 545 594 
 546 594 581 
 548 547 595 
 595 547 550 
 596 548 595 
 597 548 596 
 550 549 598 
 598 549 551 
 595 550 599 
 599 550 598 
 598 551 600 
 551 552 601 
 551 601 600 
 601 552 553 
 601 553 602 
 602 553 554 
 602 554 603 
 554 555 604 
 603 554 604 
 555 556 605 
 604 555 605 
 605 556 557 
 605 557 606 
 606 557 560 
 559 558 607 
 607 558 562 
 560 559 608 
 608 559 607 
 606 560 609 
 609 560 608 
 562 561 610 
 610 561 563 
 607 562 611 
 611 562 610 
 610 563 612 
 612 563 565 
 565 564 613 
 613 564 567 
 612 565 614 
 614 565 613 
 567 566 615 
 615 566 569 
 613 567 616 
 616 567 615 
 569 568 617 
 617 568 570 
 615 569 618 
 618 569 617 
 617 570 619 
 619 570 572 
 572 571 620 
 620 571 573 
 619 572 621 
 621 572 620 
 620 573 622 
 622 573 574 
 574 623 622 
 574 575 624 
 574 624 623 
 575 576 625 
 575 625 624 
 576 577 626 
 576 626 625 
 577 578 627 
 577 627 626 
 578 579 628 
 578 628 627 
 579 580 629 
 579 629 628 
 580 581 630 
 580 630 629 
 581 594 631 
 581 631 630 
 582 632 633 
 583 582 633 
 583 633 634 
 584 583 634 
 584 634 635 
 635 585 584 
 636 586 585 
 635 636 585 
 637 587 586 
 636 637 586 
 638 588 587 
 637 638 587 
 588 638 639 
 589 588 639 
 589 639 640 
 590 589 640 
 590 640 641 
 591 590 641 
 591 641 642 
 592 591 642 
 592 642 643 
 593 592 643 
 593 643 644 
 594 593 644 
 594 644 631 
 595 599 645 
 646 596 595 
 645 646 595 
 647 597 596 
 646 647 596 
 599 598 648 
 648 598 600 
 599 648 645 
 648 600 649 
 601 602 650 
 601 650 600 
 649 600 650 
 650 602 651 
 651 602 603 
 651 603 652 
 603 604 653 
 652 603 653 
 604 605 654 
 653 604 654 
 654 605 606 
 654 606 655 
 655 606 609 
 608 607 656 
 656 607 611 
 609 608 657 
 657 608 656 
 655 609 658 
 658 609 657 
 611 610 659 
 659 610 612 
 656 611 660 
 660 611 659 
 659 612 661 
 661 612 614 
 614 613 662 
 662 613 616 
 661 614 663 
 663 614 662 
 616 615 664 
 664 615 618 
 662 616 665 
 665 616 664 
 618 617 666 
 666 617 619 
 664 618 667 
 667 618 666 
 666 619 668 
 668 619 621 
 621 620 669 
 669 620 622 
 668 621 670 
 670 621 669 
 669 622 671 
 671 622 623 
 623 624 672 
 623 672 671 
 624 625 673 
 624 673 672 
 625 626 674 
 625 674 673 
 626 627 675 
 626 675 674 
 627 628 676 
 627 676 675 
 628 629 677 
 628 677 676 
 629 630 678 
 629 678 677 
 630 631 679 
 630 679 678 
 631 644 680 
 631 680 679 
 632 681 682 
 633 632 682 
 633 682 683 
 634 633 683 
 634 683 684 
 684 635 634 
 685 636 635 
 684 685 635 
 686 637 636 
 685 686 636 
 687 638 637 
 686 687 637 
 638 687 688 
 639 638 688 
 639 688 689 
 640 639 689 
 640 689 690 
 641 640 690 
 641 690 691 
 642 641 691 
 642 691 692 
 643 642 692 
 643 692 693 
 644 643 693 
 644 693 680 
 694 645 648 
 695 646 645 
 695 645 694 
 696 647 646 
 695 696 646 
 697 694 648 
 697 648 649 
 698 697 649 
 698 649 650 
 699 698 650 
 650 651 699 
 700 699 651 
 651 652 700 
 652 653 701 
 652 701 700 
 701 653 702 
 653 654 702 
 654 655 702 
 655 703 702 
 655 658 704 
 655 704 703 
 657 656 705 
 705 656 660 
 658 657 706 
 706 657 705 
 704 658 707 
 707 658 706 
 660 659 708 
 708 659 661 
 705 660 709 
 709 660 708 
 708 661 710 
 710 661 663 
 663 662 711 
 711 662 665 
 710 663 712 
 712 663 711 
 665 664 713 
 713 664 667 
 711 665 714 
 714 665 713 
 713 667 715 
 667 666 716 
 715 667 716 
 716 666 668 
 716 668 717 
 717 668 670 
 670 669 718 
 718 669 671 
 717 670 719 
 719 670 718 
 718 671 720 
 672 721 671 
 720 671 721 
 672 673 722 
 672 722 721 
 673 674 723 
 673 723 722 
 674 675 724 
 674 724 723 
 675 676 725 
 675 725 724 
 676 677 726 
 676 726 725 
 677 678 727 
 677 727 726 
 678 679 728 
 678 728 727 
 679 680 729 
 679 729 728 
 680 693 730 
 680 730 729 
 681 731 732 
 682 681 732 
 682 732 733 
 683 682 733 
 683 733 734 
 734 684 683 
 735 685 684 
 734 735 684 
 736 686 685 
 735 736 685 
 737 687 686 
 736 737 686 
 687 737 738 
 688 687 738 
 688 738 739 
 689 688 739 
 689 739 740 
 690 689 740 
 690 740 741 
 691 690 741 
 691 741 742 
 692 691 742 
 692 742 743 
 693 692 743 
 693 743 730 
 744 694 697 
 745 695 694 
 744 745 694 
 746 696 695 
 745 746 695 
 747 744 697 
 747 697 698 
 748 747 698 
 748 698 699 
 749 748 699 
 749 699 700 
 750 749 700 
 750 700 701 
 751 750 701 
 751 701 702 
 751 702 703 
 752 751 703 
 752 703 704 
 753 752 704 
 704 707 753 
 706 705 754 
 705 709 754 
 707 706 755 
 755 706 754 
 707 755 753 
 709 756 754 
 709 708 757 
 757 708 710 
 709 757 758 
 709 758 756 
 757 710 759 
 759 710 712 
 759 712 760 
 712 711 761 
 760 712 761 
 761 711 714 
 714 713 762 
 762 713 715 
 761 714 763 
 714 762 763 
 762 715 764 
 715 716 765 
 764 715 765 
 765 716 717 
 765 717 766 
 766 717 719 
 719 718 767 
 767 718 720 
 766 719 768 
 768 719 767 
 721 769 720 
 767 720 769 
 721 722 770 
 721 770 769 
 722 723 771 
 722 771 770 
 723 724 772 
 723 772 771 
 724 725 773 
 724 773 772 
 725 726 774 
 725 774 773 
 726 727 775 
 726 775 774 
 727 728 776 
 727 776 775 
 728 729 777 
 728 777 776 
 729 730 778 
 729 778 777 
 730 743 779 
 730 779 778 
 731 780 781 
 732 731 781 
 732 781 782 
 733 732 782 
 733 782 783 
 783 734 733 
 784 735 734 
 783 784 734 
 785 736 735 
 784 785 735 
 786 737 736 
 785 786 736 
 737 786 787 
 738 737 787 
 738 787 788 
 739 738 788 
 739 788 789 
 740 739 789 
 740 789 790 
 741 740 790 
 741 790 791 
 742 741 791 
 742 791 792 
 743 742 792 
 743 792 779 
 793 744 747 
 794 745 744 
 793 794 744 
 795 746 745 
 794 795 745 
 796 793 747 
 796 747 748 
 797 796 748 
 797 748 749 
 798 797 749 
 798 749 750 
 799 798 750 
 799 750 751 
 800 799 751 
 800 751 752 
 801 800 752 
 801 752 753 
 802 801 753 
 802 753 755 
 803 802 755 
 803 755 754 
 803 754 756 
 804 803 756 
 804 756 758 
 804 758 805 
 757 759 805 
 805 758 757 
 806 805 759 
 759 760 806 
 760 761 807 
 760 807 806 
 807 761 808 
 761 763 808 
 763 762 809 
 762 764 809 
 808 763 810 
 810 763 809 
 809 764 811 
 764 765 812 
 764 812 811 
 812 765 766 
 812 766 813 
 813 766 768 
 768 767 814 
 814 767 769 
 813 768 815 
 815 768 814 
 769 816 814 
 769 770 817 
 769 817 816 
 770 771 819 
 770 819 817 
 771 772 820 
 771 820 819 
 772 773 821 
 772 821 820 
 773 774 822 
 773 822 821 
 774 775 823 
 774 823 822 
 775 776 824 
 775 824 823 
 776 777 825 
 776 825 824 
 777 778 826 
 777 826 825 
 778 779 827 
 778 827 826 
 779 792 828 
 779 828 827 
 780 818 829 
 781 780 829 
 781 829 830 
 782 781 830 
 782 830 831 
 831 783 782 
 832 784 783 
 831 832 783 
 833 785 784 
 832 833 784 
 834 786 785 
 833 834 785 
 786 834 835 
 787 786 835 
 787 835 836 
 788 787 836 
 788 836 837 
 789 788 837 
 789 837 838 
 790 789 838 
 790 838 839 
 791 790 839 
 791 839 840 
 792 791 840 
 792 840 828 
 841 793 796 
 842 794 793 
 841 842 793 
 843 795 794 
 842 843 794 
 844 841 796 
 844 796 797 
 845 844 797 
 845 797 798 
 846 845 798 
 846 798 799 
 847 846 799 
 847 799 800 
 848 847 800 
 848 800 801 
 849 848 801 
 849 801 802 
 850 849 802 
 850 802 803 
 851 850 803 
 851 803 804 
 852 851 804 
 852 804 805 
 853 852 805 
 853 805 806 
 854 853 806 
 854 806 807 
 855 854 807 
 855 807 808 
 855 808 856 
 856 808 810 
 857 856 810 
 810 809 857 
 809 811 857 
 858 857 811 
 811 812 858 
 812 813 859 
 812 859 858 
 859 813 860 
 860 813 815 
 860 815 861 
 815 814 862 
 815 862 861 
 862 814 816 
 816 817 863 
 816 863 862 
 817 819 864 
 817 864 863 
 818 865 866 
 829 818 866 
 819 820 867 
 819 867 864 
 820 821 868 
 820 868 867 
 821 822 869 
 821 869 868 
 822 823 870 
 822 870 869 
 823 824 871 
 823 871 870 
 824 825 872 
 824 872 871 
 825 826 873 
 825 873 872 
 826 827 874 
 826 874 873 
 827 828 875 
 827 875 874 
 828 840 876 
 828 876 875 
 829 866 877 
 830 829 877 
 830 877 878 
 878 831 830 
 879 832 831 
 878 879 831 
 880 833 832 
 879 880 832 
 881 834 833 
 880 881 833 
 834 881 882 
 835 834 882 
 835 882 883 
 836 835 883 
 836 883 884 
 837 836 884 
 837 884 885 
 838 837 885 
 838 885 886 
 839 838 886 
 839 886 887 
 840 839 887 
 840 887 876 
 888 841 844 
 889 842 841 
 888 889 841 
 890 843 842 
 889 890 842 
 891 888 844 
 891 844 845 
 892 891 845 
 892 845 846 
 893 892 846 
 893 846 847 
 894 893 847 
 894 847 848 
 895 894 848 
 895 848 849 
 896 895 849 
 896 849 850 
 897 896 850 
 897 850 851 
 898 897 851 
 898 851 852 
 899 898 852 
 899 852 853 
 900 899 853 
 900 853 854 
 901 900 854 
 901 854 855 
 902 901 855 
 902 855 856 
 903 902 856 
 903 856 857 
 904 903 857 
 904 857 858 
 905 904 858 
 905 858 859 
 905 859 860 
 906 905 860 
 906 860 861 
 907 906 861 
 907 861 862 
 908 907 862 
 862 863 908 
 863 864 909 
 863 909 908 
 864 867 910 
 864 910 909 
 865 911 912 
 866 865 912 
 866 912 913 
 877 866 913 
 867 868 914 
 867 914 910 
 868 869 915 
 868 915 914 
 869 870 916 
 869 916 915 
 870 871 917 
 870 917 916 
 871 872 918 
 871 918 917 
 872 873 919 
 872 919 918 
 873 874 920 
 873 920 919 
 874 875 921 
 874 921 920 
 875 876 922 
 875 922 921 
 876 887 923 
 876 923 922 
 877 913 924 
 924 878 877 
 925 879 878 
 924 925 878 
 926 880 879 
 925 926 879 
 927 881 880 
 926 927 880 
 881 927 928 
 882 881 928 
 882 928 929 
 883 882 929 
 883 929 930 
 884 883 930 
 884 930 931 
 885 884 931 
 885 931 932 
 886 885 932 
 886 932 933 
 887 886 933 
 887 933 923 
 934 888 891 
 935 889 888 
 934 935 888 
 936 890 889 
 935 936 889 
 937 934 891 
 937 891 892 
 938 937 892 
 938 892 893 
 939 938 893 
 939 893 894 
 940 939 894 
 940 894 895 
 941 940 895 
 941 895 896 
 942 941 896 
 942 896 897 
 943 942 897 
 943 897 898 
 944 943 898 
 944 898 899 
 945 944 899 
 945 899 900 
 946 945 900 
 946 900 901 
 947 946 901 
 947 901 902 
 948 947 902 
 948 902 903 
 949 948 903 
 949 903 904 
 950 949 904 
 950 904 905 
 951 950 905 
 951 905 906 
 952 951 906 
 952 906 907 
 954 952 907 
 954 907 908 
 908 909 955 
 954 908 955 
 909 910 956 
 909 956 955 
 910 914 957 
 910 957 956 
 911 953 958 
 912 911 958 
 912 958 959 
 913 912 959 
 913 959 960 
 960 924 913 
 914 915 961 
 914 961 957 
 915 916 962 
 915 962 961 
 916 917 963 
 916 963 962 
 917 918 964 
 917 964 963 
 918 919 965 
 918 965 964 
 919 920 966 
 919 966 965 
 920 921 967 
 920 967 966 
 921 922 968 
 921 968 967 
 922 923 969 
 922 969 968 
 923 933 970 
 923 970 969 
 971 925 924 
 960 971 924 
 972 926 925 
 971 972 925 
 973 927 926 
 972 973 926 
 927 973 974 
 928 927 974 
 928 974 975 
 929 928 975 
 929 975 976 
 930 929 976 
 930 976 977 
 931 930 977 
 931 977 978 
 932 931 978 
 932 978 979 
 933 932 979 
 933 979 970 
 980 934 937 
 981 935 934 
 980 981 934 
 982 936 935 
 981 982 935 
 983 980 937 
 983 937 938 
 984 983 938 
 984 938 939 
 985 984 939 
 985 939 940 
 986 985 940 
 986 940 941 
 987 986 941 
 987 941 942 
 988 987 942 
 988 942 943 
 989 988 943 
 989 943 944 
 990 989 944 
 990 944 945 
 991 990 945 
 991 945 946 
 992 991 946 
 992 946 947 
 993 992 947 
 993 947 948 
 994 993 948 
 994 948 949 
 995 994 949 
 995 949 950 
 996 995 950 
 996 950 951 
 997 996 951 
 997 951 952 
 998 997 952 
 998 952 954 
 953 999 1000 
 958 953 1000 
 1001 998 954 
 1001 954 955 
 955 956 1002 
 955 1002 1001 
 956 957 1003 
 956 1003 1002 
 957 961 1004 
 957 1004 1003 
 958 1000 1005 
 959 958 1005 
 959 1005 1006 
 1006 960 959 
 1007 971 960 
 1006 1007 960 
 961 962 1008 
 961 1008 1004 
 962 963 1009 
 962 1009 1008 
 963 964 1010 
 963 1010 1009 
 964 965 1011 
 964 1011 1010 
 965 966 1012 
 965 1012 1011 
 966 967 1013 
 966 1013 1012 
 967 968 1014 
 967 1014 1013 
 968 969 1015 
 968 1015 1014 
 969 970 1016 
 969 1016 1015 
 970 979 1017 
 970 1017 1016 
 1018 972 971 
 1007 1018 971 
 1019 973 972 
 1018 1019 972 
 973 1019 1020 
 974 973 1020 
 974 1020 1021 
 975 974 1021 
 975 1021 1022 
 976 975 1022 
 976 1022 1023 
 977 976 1023 
 977 1023 1024 
 978 977 1024 
 978 1024 1025 
 979 978 1025 
 979 1025 1017 
 1026 980 983 
 1027 981 980 
 1026 1027 980 
 1028 982 981 
 1027 1028 981 
 1029 1026 983 
 1029 983 984 
 1030 1029 984 
 1030 984 985 
 1031 1030 985 
 1031 985 986 
 1032 1031 986 
 1032 986 987 
 1033 1032 987 
 1033 987 988 
 1034 1033 988 
 1034 988 989 
 1035 1034 989 
 1035 989 990 
 1036 1035 990 
 1036 990 991 
 1037 1036 991 
 1037 991 992 
 1038 1037 992 
 1038 992 993 
 1039 1038 993 
 1039 993 994 
 1040 1039 994 
 1040 994 995 
 1041 1040 995 
 1041 995 996 
 1042 1041 996 
 1042 996 997 
 1043 1042 997 
 1043 997 998 
 1044 1043 998 
 1044 998 1001 
 999 1045 1046 
 1000 999 1046 
 1000 1046 1047 
 1005 1000 1047 
 1048 1044 1001 
 1048 1001 1002 
 1002 1003 1049 
 1048 1002 1049 
 1003 1004 1050 
 1003 1050 1049 
 1004 1008 1051 
 1004 1051 1050 
 1005 1047 1052 
 1052 1006 1005 
 1053 1007 1006 
 1052 1053 1006 
 1054 1018 1007 
 1053 1054 1007 
 1008 1009 1055 
 1008 1055 1051 
 1009 1010 1056 
 1009 1056 1055 
 1010 1011 1057 
 1010 1057 1056 
 1011 1012 1058 
 1011 1058 1057 
 1012 1013 1059 
 1012 1059 1058 
 1013 1014 1060 
 1013 1060 1059 
 1014 1015 1061 
 1014 1061 1060 
 1015 1016 1062 
 1015 1062 1061 
 1016 1017 1063 
 1016 1063 1062 
 1017 1025 1064 
 1017 1064 1063 
 1065 1019 1018 
 1054 1065 1018 
 1019 1065 1066 
 1020 1019 1066 
 1020 1066 1067 
 1021 1020 1067 
 1021 1067 1068 
 1022 1021 1068 
 1022 1068 1069 
 1023 1022 1069 
 1023 1069 1070 
 1024 1023 1070 
 1024 1070 1071 
 1025 1024 1071 
 1025 1071 1064 
 1072 1026 1029 
 1073 1027 1026 
 1072 1073 1026 
 1074 1028 1027 
 1073 1074 1027 
 1075 1072 1029 
 1075 1029 1030 
 1076 1075 1030 
 1076 1030 1031 
 1077 1076 1031 
 1077 1031 1032 
 1078 1077 1032 
 1078 1032 1033 
 1079 1078 1033 
 1079 1033 1034 
 1080 1079 1034 
 1080 1034 1035 
 1081 1080 1035 
 1081 1035 1036 
 1082 1081 1036 
 1082 1036 1037 
 1083 1082 1037 
 1083 1037 1038 
 1084 1083 1038 
 1084 1038 1039 
 1085 1084 1039 
 1085 1039 1040 
 1086 1085 1040 
 1086 1040 1041 
 1087 1086 1041 
 1087 1041 1042 
 1088 1087 1042 
 1088 1042 1043 
 1089 1088 1043 
 1089 1043 1044 
 1090 1089 1044 
 1090 1044 1048 
 1045 1091 1092 
 1046 1045 1092 
 1046 1092 1093 
 1047 1046 1093 
 1047 1093 1094 
 1094 1052 1047 
 1095 1090 1048 
 1095 1048 1049 
 1049 1050 1096 
 1049 1096 1095 
 1050 1051 1097 
 1050 1097 1096 
 1051 1055 1098 
 1051 1098 1097 
 1099 1053 1052 
 1094 1099 1052 
 1100 1054 1053 
 1099 1100 1053 
 1101 1065 1054 
 1100 1101 1054 
 1055 1056 1102 
 1055 1102 1098 
 1056 1057 1103 
 1056 1103 1102 
 1057 1058 1104 
 1057 1104 1103 
 1058 1059 1105 
 1058 1105 1104 
 1059 1060 1106 
 1059 1106 1105 
 1060 1061 1107 
 1060 1107 1106 
 1061 1062 1108 
 1061 1108 1107 
 1062 1063 1109 
 1062 1109 1108 
 1063 1064 1110 
 1063 1110 1109 
 1064 1071 1111 
 1064 1111 1110 
 1065 1101 1112 
 1066 1065 1112 
 1066 1112 1113 
 1067 1066 1113 
 1067 1113 1114 
 1068 1067 1114 
 1068 1114 1115 
 1069 1068 1115 
 1069 1115 1116 
 1070 1069 1116 
 1070 1116 1117 
 1071 1070 1117 
 1071 1117 1111 
 1118 1072 1075 
 1119 1073 1072 
 1118 1119 1072 
 1120 1074 1073 
 1119 1120 1073 
 1121 1118 1075 
 1121 1075 1076 
 1122 1121 1076 
 1122 1076 1077 
 1123 1122 1077 
 1123 1077 1078 
 1124 1123 1078 
 1124 1078 1079 
 1125 1124 1079 
 1125 1079 1080 
 1126 1125 1080 
 1126 1080 1081 
 1127 1126 1081 
 1127 1081 1082 
 1128 1127 1082 
 1128 1082 1083 
 1129 1128 1083 
 1129 1083 1084 
 1130 1129 1084 
 1130 1084 1085 
 1131 1130 1085 
 1131 1085 1086 
 1132 1131 1086 
 1132 1086 1087 
 1133 1132 1087 
 1133 1087 1088 
 1134 1133 1088 
 1134 1088 1089 
 1135 1134 1089 
 1135 1089 1090 
 1136 1135 1090 
 1136 1090 1095 
 1091 1137 1138 
 1092 1091 1138 
 1092 1138 1139 
 1093 1092 1139 
 1093 1139 1140 
 1140 1094 1093 
 1141 1099 1094 
 1140 1141 1094 
 1142 1136 1095 
 1142 1095 1096 
 1096 1097 1143 
 1142 1096 1143 
 1097 1098 1144 
 1097 1144 1143 
 1098 1102 1145 
 1098 1145 1144 
 1146 1100 1099 
 1141 1146 1099 
 1147 1101 1100 
 1146 1147 1100 
 1101 1147 1148 
 1112 1101 1148 
 1102 1103 1149 
 1102 1149 1145 
 1103 1104 1150 
 1103 1150 1149 
 1104 1105 1151 
 1104 1151 1150 
 1105 1106 1152 
 1105 1152 1151 
 1106 1107 1153 
 1106 1153 1152 
 1107 1108 1154 
 1107 1154 1153 
 1108 1109 1155 
 1108 1155 1154 
 1109 1110 1156 
 1109 1156 1155 
 1110 1111 1157 
 1110 1157 1156 
 1111 1117 1158 
 1111 1158 1157 
 1112 1148 1159 
 1113 1112 1159 
 1113 1159 1160 
 1114 1113 1160 
 1114 1160 1161 
 1115 1114 1161 
 1115 1161 1162 
 1116 1115 1162 
 1116 1162 1163 
 1117 1116 1163 
 1117 1163 1158 
 1164 1118 1121 
 1165 1119 1118 
 1164 1165 1118 
 1166 1120 1119 
 1165 1166 1119 
 1167 1164 1121 
 1167 1121 1122 
 1168 1167 1122 
 1168 1122 1123 
 1169 1168 1123 
 1169 1123 1124 
 1170 1169 1124 
 1170 1124 1125 
 1171 1170 1125 
 1171 1125 1126 
 1172 1171 1126 
 1172 1126 1127 
 1173 1172 1127 
 1173 1127 1128 
 1174 1173 1128 
 1174 1128 1129 
 1175 1174 1129 
 1175 1129 1130 
 1176 1175 1130 
 1176 1130 1131 
 1177 1176 1131 
 1177 1131 1132 
 1178 1177 1132 
 1178 1132 1133 
 1179 1178 1133 
 1179 1133 1134 
 1180 1179 1134 
 1180 1134 1135 
 1181 1180 1135 
 1181 1135 1136 
 1182 1181 1136 
 1182 1136 1142 
 1137 1183 1184 
 1138 1137 1184 
 1138 1184 1185 
 1139 1138 1185 
 1139 1185 1186 
 1186 1140 1139 
 1187 1141 1140 
 1186 1187 1140 
 1188 1146 1141 
 1187 1188 1141 
 1189 1182 1142 
 1189 1142 1143 
 1143 1144 1190 
 1143 1190 1189 
 1144 1145 1191 
 1144 1191 1190 
 1145 1149 1192 
 1145 1192 1191 
 1193 1147 1146 
 1188 1193 1146 
 1147 1193 1194 
 1148 1147 1194 
 1148 1194 1195 
 1159 1148 1195 
 1149 1150 1196 
 1149 1196 1192 
 1150 1151 1197 
 1150 1197 1196 
 1151 1152 1198 
 1151 1198 1197 
 1152 1153 1199 
 1152 1199 1198 
 1153 1154 1200 
 1153 1200 1199 
 1154 1155 1201 
 1154 1201 1200 
 1155 1156 1202 
 1155 1202 1201 
 1156 1157 1203 
 1156 1203 1202 
 1157 1158 1204 
 1157 1204 1203 
 1158 1163 1205 
 1158 1205 1204 
 1159 1195 1206 
 1160 1159 1206 
 1160 1206 1207 
 1161 1160 1207 
 1161 1207 1208 
 1162 1161 1208 
 1162 1208 1209 
 1163 1162 1209 
 1163 1209 1205 
 1211 1164 1167 
 1212 1165 1164 
 1211 1212 1164 
 1213 1166 1165 
 1212 1213 1165 
 1214 1211 1167 
 1214 1167 1168 
 1215 1214 1168 
 1215 1168 1169 
 1216 1215 1169 
 1216 1169 1170 
 1217 1216 1170 
 1217 1170 1171 
 1218 1217 1171 
 1218 1171 1172 
 1219 1218 1172 
 1219 1172 1173 
 1220 1219 1173 
 1220 1173 1174 
 1221 1220 1174 
 1221 1174 1175 
 1222 1221 1175 
 1222 1175 1176 
 1223 1222 1176 
 1223 1176 1177 
 1224 1223 1177 
 1224 1177 1178 
 1225 1224 1178 
 1225 1178 1179 
 1226 1225 1179 
 1226 1179 1180 
 1227 1226 1180 
 1227 1180 1181 
 1228 1227 1181 
 1228 1181 1182 
 1229 1228 1182 
 1229 1182 1189 
 1183 1210 1230 
 1184 1183 1230 
 1184 1230 1231 
 1185 1184 1231 
 1185 1231 1232 
 1232 1186 1185 
 1233 1187 1186 
 1232 1233 1186 
 1234 1188 1187 
 1233 1234 1187 
 1235 1193 1188 
 1234 1235 1188 
 1236 1229 1189 
 1236 1189 1190 
 1190 1191 1237 
 1236 1190 1237 
 1191 1192 1238 
 1191 1238 1237 
 1192 1196 1239 
 1192 1239 1238 
 1193 1235 1240 
 1194 1193 1240 
 1194 1240 1241 
 1195 1194 1241 
 1195 1241 1242 
 1206 1195 1242 
 1196 1197 1243 
 1196 1243 1239 
 1197 1198 1244 
 1197 1244 1243 
 1198 1199 1245 
 1198 1245 1244 
 1199 1200 1246 
 1199 1246 1245 
 1200 1201 1247 
 1200 1247 1246 
 1201 1202 1248 
 1201 1248 1247 
 1202 1203 1249 
 1202 1249 1248 
 1203 1204 1250 
 1203 1250 1249 
 1204 1205 1251 
 1204 1251 1250 
 1205 1209 1252 
 1205 1252 1251 
 1206 1242 1253 
 1207 1206 1253 
 1207 1253 1254 
 1208 1207 1254 
 1208 1254 1255 
 1209 1208 1255 
 1209 1255 1252 
 1210 1256 1257 
 1230 1210 1257 
 1258 1211 1214 
 1259 1212 1211 
 1258 1259 1211 
 1260 1213 1212 
 1259 1260 1212 
 1261 1258 1214 
 1261 1214 1215 
 1262 1261 1215 
 1262 1215 1216 
 1263 1262 1216 
 1263 1216 1217 
 1264 1263 1217 
 1264 1217 1218 
 1265 1264 1218 
 1265 1218 1219 
 1266 1265 1219 
 1266 1219 1220 
 1267 1266 1220 
 1267 1220 1221 
 1268 1267 1221 
 1268 1221 1222 
 1269 1268 1222 
 1269 1222 1223 
 1270 1269 1223 
 1270 1223 1224 
 1271 1270 1224 
 1271 1224 1225 
 1272 1271 1225 
 1272 1225 1226 
 1273 1272 1226 
 1273 1226 1227 
 1274 1273 1227 
 1274 1227 1228 
 1275 1274 1228 
 1275 1228 1229 
 1276 1275 1229 
 1276 1229 1236 
 1230 1257 1277 
 1231 1230 1277 
 1231 1277 1278 
 1278 1232 1231 
 1279 1233 1232 
 1278 1279 1232 
 1280 1234 1233 
 1279 1280 1233 
 1281 1235 1234 
 1280 1281 1234 
 1235 1281 1282 
 1240 1235 1282 
 1283 1276 1236 
 1283 1236 1237 
 1237 1238 1284 
 1237 1284 1283 
 1238 1239 1285 
 1238 1285 1284 
 1239 1243 1286 
 1239 1286 1285 
 1240 1282 1287 
 1241 1240 1287 
 1241 1287 1288 
 1242 1241 1288 
 1242 1288 1289 
 1253 1242 1289 
 1243 1244 1290 
 1243 1290 1286 
 1244 1245 1291 
 1244 1291 1290 
 1245 1246 1292 
 1245 1292 1291 
 1246 1247 1293 
 1246 1293 1292 
 1247 1248 1294 
 1247 1294 1293 
 1248 1249 1295 
 1248 1295 1294 
 1249 1250 1296 
 1249 1296 1295 
 1250 1251 1297 
 1250 1297 1296 
 1251 1252 1298 
 1251 1298 1297 
 1252 1255 1299 
 1252 1299 1298 
 1253 1289 1300 
 1254 1253 1300 
 1254 1300 1301 
 1255 1254 1301 
 1255 1301 1299 
 1256 1302 1303 
 1257 1256 1303 
 1257 1303 1304 
 1277 1257 1304 
 1306 1258 1261 
 1307 1259 1258 
 1306 1307 1258 
 1308 1260 1259 
 1307 1308 1259 
 1309 1306 1261 
 1309 1261 1262 
 1310 1309 1262 
 1310 1262 1263 
 1311 1310 1263 
 1311 1263 1264 
 1312 1311 1264 
 1312 1264 1265 
 1313 1312 1265 
 1313 1265 1266 
 1314 1313 1266 
 1314 1266 1267 
 1315 1314 1267 
 1315 1267 1268 
 1316 1315 1268 
 1316 1268 1269 
 1317 1316 1269 
 1317 1269 1270 
 1318 1317 1270 
 1318 1270 1271 
 1319 1318 1271 
 1319 1271 1272 
 1320 1319 1272 
 1320 1272 1273 
 1321 1320 1273 
 1321 1273 1274 
 1322 1321 1274 
 1322 1274 1275 
 1323 1322 1275 
 1323 1275 1276 
 1324 1323 1276 
 1324 1276 1283 
 1277 1304 1325 
 1325 1278 1277 
 1326 1279 1278 
 1325 1326 1278 
 1327 1280 1279 
 1326 1327 1279 
 1328 1281 1280 
 1327 1328 1280 
 1281 1328 1329 
 1282 1281 1329 
 1282 1329 1330 
 1287 1282 1330 
 1331 1324 1283 
 1331 1283 1284 
 1284 1285 1332 
 1331 1284 1332 
 1285 1286 1333 
 1285 1333 1332 
 1286 1290 1334 
 1286 1334 1333 
 1287 1330 1335 
 1288 1287 1335 
 1288 1335 1336 
 1289 1288 1336 
 1289 1336 1337 
 1300 1289 1337 
 1290 1291 1338 
 1290 1338 1334 
 1291 1292 1339 
 1291 1339 1338 
 1292 1293 1340 
 1292 1340 1339 
 1293 1294 1341 
 1293 1341 1340 
 1294 1295 1342 
 1294 1342 1341 
 1295 1296 1343 
 1295 1343 1342 
 1296 1297 1344 
 1296 1344 1343 
 1297 1298 1345 
 1297 1345 1344 
 1298 1299 1346 
 1298 1346 1345 
 1299 1301 1347 
 1299 1347 1346 
 1300 1337 1348 
 1301 1300 1348 
 1301 1348 1347 
 1302 1305 1349 
 1303 1302 1349 
 1303 1349 1350 
 1304 1303 1350 
 1304 1350 1351 
 1351 1325 1304 
 1305 1352 1353 
 1349 1305 1353 
 1355 1306 1309 
 1356 1307 1306 
 1355 1356 1306 
 1357 1308 1307 
 1356 1357 1307 
 1358 1355 1309 
 1358 1309 1310 
 1359 1358 1310 
 1359 1310 1311 
 1360 1359 1311 
 1360 1311 1312 
 1361 1360 1312 
 1361 1312 1313 
 1362 1361 1313 
 1362 1313 1314 
 1363 1362 1314 
 1363 1314 1315 
 1364 1363 1315 
 1364 1315 1316 
 1365 1364 1316 
 1365 1316 1317 
 1366 1365 1317 
 1366 1317 1318 
 1367 1366 1318 
 1367 1318 1319 
 1368 1367 1319 
 1368 1319 1320 
 1369 1368 1320 
 1369 1320 1321 
 1370 1369 1321 
 1370 1321 1322 
 1371 1370 1322 
 1371 1322 1323 
 1372 1371 1323 
 1372 1323 1324 
 1373 1372 1324 
 1373 1324 1331 
 1374 1326 1325 
 1351 1374 1325 
 1375 1327 1326 
 1374 1375 1326 
 1376 1328 1327 
 1375 1376 1327 
 1328 1376 1377 
 1329 1328 1377 
 1329 1377 1378 
 1330 1329 1378 
 1330 1378 1379 
 1335 1330 1379 
 1380 1373 1331 
 1380 1331 1332 
 1332 1333 1381 
 1332 1381 1380 
 1333 1334 1382 
 1333 1382 1381 
 1334 1338 1383 
 1334 1383 1382 
 1335 1379 1384 
 1336 1335 1384 
 1336 1384 1385 
 1337 1336 1385 
 1337 1385 1386 
 1348 1337 1386 
 1338 1339 1387 
 1338 1387 1383 
 1339 1340 1388 
 1339 1388 1387 
 1340 1341 1389 
 1340 1389 1388 
 1341 1342 1390 
 1341 1390 1389 
 1342 1343 1391 
 1342 1391 1390 
 1343 1344 1392 
 1343 1392 1391 
 1344 1345 1393 
 1344 1393 1392 
 1345 1346 1394 
 1345 1394 1393 
 1346 1347 1395 
 1346 1395 1394 
 1348 1386 1396 
 1347 1348 1396 
 1347 1396 1395 
 1349 1353 1397 
 1350 1349 1397 
 1350 1397 1398 
 1398 1351 1350 
 1399 1374 1351 
 1398 1399 1351 
 1352 1354 1400 
 1353 1352 1400 
 1353 1400 1401 
 1397 1353 1401 
 1354 1402 1403 
 1400 1354 1403 
 1406 1355 1358 
 1407 1356 1355 
 1406 1407 1355 
 1408 1357 1356 
 1407 1408 1356 
 1409 1406 1358 
 1409 1358 1359 
 1410 1409 1359 
 1410 1359 1360 
 1411 1410 1360 
 1411 1360 1361 
 1412 1411 1361 
 1412 1361 1362 
 1413 1412 1362 
 1413 1362 1363 
 1414 1413 1363 
 1414 1363 1364 
 1415 1414 1364 
 1415 1364 1365 
 1416 1415 1365 
 1416 1365 1366 
 1417 1416 1366 
 1417 1366 1367 
 1418 1417 1367 
 1418 1367 1368 
 1419 1418 1368 
 1419 1368 1369 
 1420 1419 1369 
 1420 1369 1370 
 1421 1420 1370 
 1421 1370 1371 
 1422 1421 1371 
 1422 1371 1372 
 1423 1422 1372 
 1423 1372 1373 
 1424 1423 1373 
 1424 1373 1380 
 1425 1375 1374 
 1399 1425 1374 
 1426 1376 1375 
 1425 1426 1375 
 1376 1426 1427 
 1377 1376 1427 
 1377 1427 1428 
 1378 1377 1428 
 1378 1428 1429 
 1379 1378 1429 
 1379 1429 1430 
 1384 1379 1430 
 1431 1424 1380 
 1431 1380 1381 
 1381 1382 1432 
 1381 1432 1431 
 1382 1383 1433 
 1382 1433 1432 
 1383 1387 1434 
 1383 1434 1433 
 1384 1430 1435 
 1385 1384 1435 
 1385 1435 1436 
 1386 1385 1436 
 1386 1436 1437 
 1396 1386 1437 
 1387 1388 1438 
 1387 1438 1434 
 1388 1389 1439 
 1388 1439 1438 
 1389 1390 1440 
 1389 1440 1439 
 1390 1391 1441 
 1390 1441 1440 
 1391 1392 1442 
 1391 1442 1441 
 1392 1393 1443 
 1392 1443 1442 
 1393 1394 1444 
 1393 1444 1443 
 1394 1395 1445 
 1394 1445 1444 
 1396 1437 1446 
 1395 1396 1446 
 1395 1446 1445 
 1397 1401 1447 
 1447 1398 1397 
 1448 1399 1398 
 1447 1448 1398 
 1449 1425 1399 
 1448 1449 1399 
 1400 1403 1450 
 1401 1400 1450 
 1401 1450 1451 
 1451 1447 1401 
 1402 1404 1452 
 1403 1402 1452 
 1403 1452 1453 
 1450 1403 1453 
 1404 1405 1454 
 1452 1404 1454 
 1405 1455 1456 
 1454 1405 1456 
 1457 1406 1409 
 1458 1407 1406 
 1457 1458 1406 
 1459 1408 1407 
 1458 1459 1407 
 1460 1457 1409 
 1460 1409 1410 
 1461 1460 1410 
 1461 1410 1411 
 1462 1461 1411 
 1462 1411 1412 
 1463 1462 1412 
 1463 1412 1413 
 1464 1463 1413 
 1464 1413 1414 
 1465 1464 1414 
 1465 1414 1415 
 1466 1465 1415 
 1466 1415 1416 
 1467 1466 1416 
 1467 1416 1417 
 1468 1467 1417 
 1468 1417 1418 
 1469 1468 1418 
 1469 1418 1419 
 1470 1469 1419 
 1470 1419 1420 
 1471 1470 1420 
 1471 1420 1421 
 1472 1471 1421 
 1472 1421 1422 
 1473 1472 1422 
 1473 1422 1423 
 1474 1473 1423 
 1474 1423 1424 
 1475 1474 1424 
 1475 1424 1431 
 1476 1426 1425 
 1449 1476 1425 
 1426 1476 1477 
 1427 1426 1477 
 1427 1477 1478 
 1428 1427 1478 
 1428 1478 1479 
 1429 1428 1479 
 1429 1479 1480 
 1430 1429 1480 
 1430 1480 1481 
 1435 1430 1481 
 1482 1475 1431 
 1482 1431 1432 
 1432 1433 1483 
 1432 1483 1482 
 1433 1434 1484 
 1433 1484 1483 
 1434 1438 1485 
 1434 1485 1484 
 1435 1481 1486 
 1436 1435 1486 
 1436 1486 1487 
 1437 1436 1487 
 1437 1487 1488 
 1446 1437 1488 
 1438 1439 1489 
 1438 1489 1485 
 1439 1440 1490 
 1439 1490 1489 
 1440 1441 1491 
 1440 1491 1490 
 1441 1442 1492 
 1441 1492 1491 
 1442 1443 1493 
 1442 1493 1492 
 1443 1444 1494 
 1443 1494 1493 
 1444 1445 1495 
 1444 1495 1494 
 1446 1488 1496 
 1445 1446 1496 
 1445 1496 1495 
 1497 1448 1447 
 1451 1497 1447 
 1498 1449 1448 
 1497 1498 1448 
 1499 1476 1449 
 1498 1499 1449 
 1450 1453 1500 
 1500 1451 1450 
 1501 1497 1451 
 1500 1501 1451 
 1452 1454 1502 
 1453 1452 1502 
 1453 1502 1503 
 1503 1500 1453 
 1454 1456 1504 
 1502 1454 1504 
 1455 1505 1506 
 1456 1455 1506 
 1456 1506 1507 
 1504 1456 1507 
 1510 1457 1460 
 1511 1458 1457 
 1510 1511 1457 
 1512 1459 1458 
 1511 1512 1458 
 1513 1510 1460 
 1513 1460 1461 
 1514 1513 1461 
 1514 1461 1462 
 1515 1514 1462 
 1515 1462 1463 
 1516 1515 1463 
 1516 1463 1464 
 1517 1516 1464 
 1517 1464 1465 
 1518 1517 1465 
 1518 1465 1466 
 1519 1518 1466 
 1519 1466 1467 
 1520 1519 1467 
 1520 1467 1468 
 1521 1520 1468 
 1521 1468 1469 
 1522 1521 1469 
 1522 1469 1470 
 1523 1522 1470 
 1523 1470 1471 
 1524 1523 1471 
 1524 1471 1472 
 1525 1524 1472 
 1525 1472 1473 
 1526 1525 1473 
 1526 1473 1474 
 1527 1526 1474 
 1527 1474 1475 
 1528 1527 1475 
 1528 1475 1482 
 1476 1499 1529 
 1477 1476 1529 
 1477 1529 1530 
 1478 1477 1530 
 1478 1530 1531 
 1479 1478 1531 
 1479 1531 1532 
 1480 1479 1532 
 1480 1532 1533 
 1481 1480 1533 
 1481 1533 1534 
 1486 1481 1534 
 1535 1528 1482 
 1535 1482 1483 
 1483 1484 1536 
 1535 1483 1536 
 1484 1485 1537 
 1484 1537 1536 
 1485 1489 1538 
 1485 1538 1537 
 1486 1534 1539 
 1487 1486 1539 
 1487 1539 1540 
 1488 1487 1540 
 1488 1540 1541 
 1496 1488 1541 
 1489 1490 1542 
 1489 1542 1538 
 1490 1491 1543 
 1490 1543 1542 
 1491 1492 1544 
 1491 1544 1543 
 1492 1493 1545 
 1492 1545 1544 
 1493 1494 1546 
 1493 1546 1545 
 1494 1495 1547 
 1494 1547 1546 
 1496 1541 1548 
 1495 1496 1548 
 1495 1548 1547 
 1549 1498 1497 
 1501 1549 1497 
 1550 1499 1498 
 1549 1550 1498 
 1499 1550 1551 
 1529 1499 1551 
 1552 1501 1500 
 1503 1552 1500 
 1553 1549 1501 
 1552 1553 1501 
 1502 1504 1554 
 1554 1503 1502 
 1555 1552 1503 
 1554 1555 1503 
 1504 1507 1556 
 1556 1554 1504 
 1505 1508 1557 
 1506 1505 1557 
 1506 1557 1558 
 1507 1506 1558 
 1507 1558 1559 
 1559 1556 1507 
 1508 1509 1560 
 1557 1508 1560 
 1509 1561 1562 
 1560 1509 1562 
 1564 1510 1513 
 1565 1511 1510 
 1564 1565 1510 
 1566 1512 1511 
 1565 1566 1511 
 1567 1564 1513 
 1567 1513 1514 
 1568 1567 1514 
 1568 1514 1515 
 1569 1568 1515 
 1569 1515 1516 
 1570 1569 1516 
 1570 1516 1517 
 1571 1570 1517 
 1571 1517 1518 
 1572 1571 1518 
 1572 1518 1519 
 1573 1572 1519 
 1573 1519 1520 
 1574 1573 1520 
 1574 1520 1521 
 1575 1574 1521 
 1575 1521 1522 
 1576 1575 1522 
 1576 1522 1523 
 1577 1576 1523 
 1577 1523 1524 
 1578 1577 1524 
 1578 1524 1525 
 1579 1578 1525 
 1579 1525 1526 
 1580 1579 1526 
 1580 1526 1527 
 1581 1580 1527 
 1581 1527 1528 
 1582 1581 1528 
 1582 1528 1535 
 1529 1551 1583 
 1530 1529 1583 
 1530 1583 1584 
 1531 1530 1584 
 1531 1584 1585 
 1532 1531 1585 
 1532 1585 1586 
 1533 1532 1586 
 1533 1586 1587 
 1534 1533 1587 
 1534 1587 1588 
 1539 1534 1588 
 1589 1582 1535 
 1589 1535 1536 
 1536 1537 1590 
 1536 1590 1589 
 1537 1538 1591 
 1537 1591 1590 
 1538 1542 1592 
 1538 1592 1591 
 1539 1588 1593 
 1540 1539 1593 
 1540 1593 1594 
 1541 1540 1594 
 1541 1594 1595 
 1548 1541 1595 
 1542 1543 1596 
 1542 1596 1592 
 1543 1544 1597 
 1543 1597 1596 
 1544 1545 1598 
 1544 1598 1597 
 1545 1546 1599 
 1545 1599 1598 
 1546 1547 1600 
 1546 1600 1599 
 1548 1595 1601 
 1547 1548 1601 
 1547 1601 1600 
 1602 1550 1549 
 1553 1602 1549 
 1550 1602 1603 
 1551 1550 1603 
 1551 1603 1604 
 1583 1551 1604 
 1605 1553 1552 
 1555 1605 1552 
 1606 1602 1553 
 1605 1606 1553 
 1607 1555 1554 
 1556 1607 1554 
 1608 1605 1555 
 1607 1608 1555 
 1609 1607 1556 
 1559 1609 1556 
 1557 1560 1610 
 1558 1557 1610 
 1558 1610 1611 
 1611 1559 1558 
 1612 1609 1559 
 1611 1612 1559 
 1560 1562 1613 
 1610 1560 1613 
 1561 1614 1615 
 1562 1561 1615 
 1562 1615 1616 
 1613 1562 1616 
 1563 1618 1619 
 1620 1563 1619 
 1622 1564 1567 
 1623 1565 1564 
 1622 1623 1564 
 1624 1566 1565 
 1623 1624 1565 
 1625 1622 1567 
 1625 1567 1568 
 1626 1625 1568 
 1626 1568 1569 
 1627 1626 1569 
 1627 1569 1570 
 1628 1627 1570 
 1628 1570 1571 
 1629 1628 1571 
 1629 1571 1572 
 1630 1629 1572 
 1630 1572 1573 
 1631 1630 1573 
 1631 1573 1574 
 1632 1631 1574 
 1632 1574 1575 
 1633 1632 1575 
 1633 1575 1576 
 1634 1633 1576 
 1634 1576 1577 
 1635 1634 1577 
 1635 1577 1578 
 1636 1635 1578 
 1636 1578 1579 
 1637 1636 1579 
 1637 1579 1580 
 1638 1637 1580 
 1638 1580 1581 
 1639 1638 1581 
 1639 1581 1582 
 1640 1639 1582 
 1640 1582 1589 
 1583 1604 1641 
 1584 1583 1641 
 1584 1641 1642 
 1585 1584 1642 
 1585 1642 1643 
 1586 1585 1643 
 1586 1643 1644 
 1587 1586 1644 
 1587 1644 1645 
 1588 1587 1645 
 1588 1645 1646 
 1593 1588 1646 
 1647 1640 1589 
 1647 1589 1590 
 1590 1591 1648 
 1647 1590 1648 
 1591 1592 1649 
 1591 1649 1648 
 1592 1596 1650 
 1592 1650 1649 
 1593 1646 1651 
 1594 1593 1651 
 1594 1651 1652 
 1595 1594 1652 
 1595 1652 1653 
 1601 1595 1653 
 1596 1597 1654 
 1596 1654 1650 
 1597 1598 1655 
 1597 1655 1654 
 1598 1599 1656 
 1598 1656 1655 
 1599 1600 1657 
 1599 1657 1656 
 1601 1653 1658 
 1600 1601 1658 
 1600 1658 1657 
 1602 1606 1659 
 1603 1602 1659 
 1603 1659 1660 
 1604 1603 1660 
 1604 1660 1661 
 1641 1604 1661 
 1662 1606 1605 
 1608 1662 1605 
 1606 1662 1663 
 1659 1606 1663 
 1664 1608 1607 
 1609 1664 1607 
 1665 1662 1608 
 1664 1665 1608 
 1666 1664 1609 
 1612 1666 1609 
 1610 1613 1667 
 1667 1611 1610 
 1668 1612 1611 
 1667 1668 1611 
 1669 1666 1612 
 1668 1669 1612 
 1613 1616 1670 
 1670 1667 1613 
 1614 1617 1671 
 1615 1614 1671 
 1615 1671 1672 
 1616 1615 1672 
 1616 1672 1673 
 1673 1670 1616 
 1617 1674 1675 
 1671 1617 1675 
 1618 1621 1678 
 1618 1678 1619 
 1677 1620 1679 
 1679 1620 1619 
 1679 1619 1678 
 1621 1680 1681 
 1678 1621 1681 
 1683 1622 1625 
 1684 1623 1622 
 1683 1684 1622 
 1685 1624 1623 
 1684 1685 1623 
 1686 1683 1625 
 1686 1625 1626 
 1687 1686 1626 
 1687 1626 1627 
 1688 1687 1627 
 1688 1627 1628 
 1689 1688 1628 
 1689 1628 1629 
 1690 1689 1629 
 1690 1629 1630 
 1691 1690 1630 
 1691 1630 1631 
 1692 1691 1631 
 1692 1631 1632 
 1693 1692 1632 
 1693 1632 1633 
 1694 1693 1633 
 1694 1633 1634 
 1695 1694 1634 
 1695 1634 1635 
 1696 1695 1635 
 1696 1635 1636 
 1697 1696 1636 
 1697 1636 1637 
 1698 1697 1637 
 1698 1637 1638 
 1699 1698 1638 
 1699 1638 1639 
 1700 1699 1639 
 1700 1639 1640 
 1701 1700 1640 
 1701 1640 1647 
 1641 1661 1702 
 1642 1641 1702 
 1642 1702 1703 
 1643 1642 1703 
 1643 1703 1704 
 1644 1643 1704 
 1644 1704 1705 
 1645 1644 1705 
 1645 1705 1706 
 1646 1645 1706 
 1646 1706 1707 
 1651 1646 1707 
 1708 1701 1647 
 1708 1647 1648 
 1648 1649 1709 
 1648 1709 1708 
 1649 1650 1710 
 1649 1710 1709 
 1650 1654 1711 
 1650 1711 1710 
 1651 1707 1712 
 1652 1651 1712 
 1652 1712 1713 
 1653 1652 1713 
 1653 1713 1714 
 1658 1653 1714 
 1654 1655 1715 
 1654 1715 1711 
 1655 1656 1716 
 1655 1716 1715 
 1656 1657 1717 
 1656 1717 1716 
 1658 1714 1718 
 1657 1658 1718 
 1657 1718 1717 
 1659 1663 1719 
 1660 1659 1719 
 1660 1719 1720 
 1661 1660 1720 
 1661 1720 1721 
 1702 1661 1721 
 1662 1665 1722 
 1663 1662 1722 
 1663 1722 1723 
 1719 1663 1723 
 1724 1665 1664 
 1666 1724 1664 
 1665 1724 1725 
 1722 1665 1725 
 1726 1724 1666 
 1669 1726 1666 
 1727 1668 1667 
 1670 1727 1667 
 1728 1669 1668 
 1727 1728 1668 
 1729 1726 1669 
 1728 1729 1669 
 1730 1727 1670 
 1673 1730 1670 
 1671 1675 1731 
 1672 1671 1731 
 1672 1731 1732 
 1732 1673 1672 
 1733 1730 1673 
 1732 1733 1673 
 1674 1676 1734 
 1675 1674 1734 
 1675 1734 1735 
 1731 1675 1735 
 1676 1736 1737 
 1734 1676 1737 
 1739 1677 1740 
 1740 1677 1679 
 1678 1681 1741 
 1678 1741 1679 
 1740 1679 1742 
 1742 1679 1741 
 1680 1682 1743 
 1681 1680 1743 
 1681 1743 1744 
 1741 1681 1744 
 1743 1682 1745 
 1682 1746 1745 
 1747 1683 1686 
 1748 1684 1683 
 1747 1748 1683 
 1749 1685 1684 
 1748 1749 1684 
 1750 1747 1686 
 1750 1686 1687 
 1751 1750 1687 
 1751 1687 1688 
 1752 1751 1688 
 1752 1688 1689 
 1753 1752 1689 
 1753 1689 1690 
 1754 1753 1690 
 1754 1690 1691 
 1755 1754 1691 
 1755 1691 1692 
 1756 1755 1692 
 1756 1692 1693 
 1757 1756 1693 
 1757 1693 1694 
 1758 1757 1694 
 1758 1694 1695 
 1759 1758 1695 
 1759 1695 1696 
 1760 1759 1696 
 1760 1696 1697 
 1761 1760 1697 
 1761 1697 1698 
 1762 1761 1698 
 1762 1698 1699 
 1763 1762 1699 
 1763 1699 1700 
 1764 1763 1700 
 1764 1700 1701 
 1765 1764 1701 
 1765 1701 1708 
 1702 1721 1766 
 1703 1702 1766 
 1703 1766 1767 
 1704 1703 1767 
 1704 1767 1768 
 1705 1704 1768 
 1705 1768 1769 
 1706 1705 1769 
 1706 1769 1770 
 1707 1706 1770 
 1707 1770 1771 
 1712 1707 1771 
 1772 1765 1708 
 1772 1708 1709 
 1709 1710 1773 
 1772 1709 1773 
 1710 1711 1774 
 1710 1774 1773 
 1711 1715 1775 
 1711 1775 1774 
 1712 1771 1776 
 1713 1712 1776 
 1713 1776 1777 
 1714 1713 1777 
 1714 1777 1778 
 1718 1714 1778 
 1715 1716 1779 
 1715 1779 1775 
 1716 1717 1780 
 1716 1780 1779 
 1718 1778 1781 
 1717 1718 1781 
 1717 1781 1780 
 1719 1723 1782 
 1720 1719 1782 
 1720 1782 1783 
 1721 1720 1783 
 1721 1783 1784 
 1766 1721 1784 
 1722 1725 1785 
 1723 1722 1785 
 1723 1785 1786 
 1782 1723 1786 
 1724 1726 1787 
 1725 1724 1787 
 1725 1787 1788 
 1785 1725 1788 
 1726 1729 1789 
 1787 1726 1789 
 1790 1728 1727 
 1730 1790 1727 
 1791 1729 1728 
 1790 1791 1728 
 1729 1791 1792 
 1789 1729 1792 
 1793 1790 1730 
 1733 1793 1730 
 1731 1735 1794 
 1794 1732 1731 
 1795 1733 1732 
 1794 1795 1732 
 1796 1793 1733 
 1795 1796 1733 
 1734 1737 1797 
 1735 1734 1797 
 1735 1797 1798 
 1798 1794 1735 
 1736 1738 1799 
 1737 1736 1799 
 1737 1799 1800 
 1797 1737 1800 
 1738 1801 1802 
 1799 1738 1802 
 1804 1739 1805 
 1805 1739 1740 
 1805 1740 1806 
 1806 1740 1742 
 1741 1744 1807 
 1806 1742 1807 
 1742 1741 1807 
 1807 1744 1808 
 1743 1745 1809 
 1744 1743 1809 
 1809 1808 1744 
 1746 1810 1745 
 1810 1809 1745 
 1811 1747 1750 
 1812 1748 1747 
 1811 1812 1747 
 1813 1749 1748 
 1812 1813 1748 
 1814 1811 1750 
 1814 1750 1751 
 1815 1814 1751 
 1815 1751 1752 
 1816 1815 1752 
 1816 1752 1753 
 1817 1816 1753 
 1817 1753 1754 
 1818 1817 1754 
 1818 1754 1755 
 1819 1818 1755 
 1819 1755 1756 
 1820 1819 1756 
 1820 1756 1757 
 1821 1820 1757 
 1821 1757 1758 
 1822 1821 1758 
 1822 1758 1759 
 1823 1822 1759 
 1823 1759 1760 
 1824 1823 1760 
 1824 1760 1761 
 1825 1824 1761 
 1825 1761 1762 
 1826 1825 1762 
 1826 1762 1763 
 1827 1826 1763 
 1827 1763 1764 
 1828 1827 1764 
 1828 1764 1765 
 1829 1828 1765 
 1829 1765 1772 
 1766 1784 1830 
 1767 1766 1830 
 1767 1830 1831 
 1768 1767 1831 
 1768 1831 1832 
 1769 1768 1832 
 1769 1832 1833 
 1770 1769 1833 
 1770 1833 1834 
 1771 1770 1834 
 1771 1834 1835 
 1776 1771 1835 
 1836 1829 1772 
 1836 1772 1773 
 1773 1774 1837 
 1773 1837 1836 
 1774 1775 1838 
 1774 1838 1837 
 1775 1779 1839 
 1775 1839 1838 
 1776 1835 1840 
 1777 1776 1840 
 1777 1840 1841 
 1778 1777 1841 
 1778 1841 1842 
 1781 1778 1842 
 1779 1780 1843 
 1779 1843 1839 
 1781 1842 1844 
 1780 1781 1844 
 1780 1844 1843 
 1782 1786 1845 
 1783 1782 1845 
 1783 1845 1846 
 1784 1783 1846 
 1784 1846 1847 
 1830 1784 1847 
 1785 1788 1848 
 1786 1785 1848 
 1786 1848 1849 
 1845 1786 1849 
 1787 1789 1850 
 1788 1787 1850 
 1788 1850 1851 
 1848 1788 1851 
 1789 1792 1852 
 1850 1789 1852 
 1853 1791 1790 
 1793 1853 1790 
 1791 1853 1854 
 1792 1791 1854 
 1792 1854 1855 
 1852 1792 1855 
 1856 1853 1793 
 1796 1856 1793 
 1857 1795 1794 
 1798 1857 1794 
 1858 1796 1795 
 1857 1858 1795 
 1859 1856 1796 
 1858 1859 1796 
 1797 1800 1860 
 1860 1798 1797 
 1861 1857 1798 
 1860 1861 1798 
 1799 1802 1862 
 1800 1799 1862 
 1800 1862 1863 
 1863 1860 1800 
 1801 1803 1864 
 1802 1801 1864 
 1802 1864 1865 
 1862 1802 1865 
 1803 1866 1867 
 1864 1803 1867 
 1868 1804 1869 
 1869 1804 1805 
 1869 1805 1870 
 1870 1805 1806 
 1870 1806 1871 
 1871 1806 1807 
 1808 1872 1807 
 1871 1807 1872 
 1809 1873 1808 
 1808 1873 1872 
 1810 1874 1809 
 1809 1874 1873 
 1876 1811 1814 
 1877 1812 1811 
 1876 1877 1811 
 1878 1813 1812 
 1877 1878 1812 
 1879 1876 1814 
 1879 1814 1815 
 1880 1879 1815 
 1880 1815 1816 
 1881 1880 1816 
 1881 1816 1817 
 1882 1881 1817 
 1882 1817 1818 
 1883 1882 1818 
 1883 1818 1819 
 1884 1883 1819 
 1884 1819 1820 
 1885 1884 1820 
 1885 1820 1821 
 1886 1885 1821 
 1886 1821 1822 
 1887 1886 1822 
 1887 1822 1823 
 1888 1887 1823 
 1888 1823 1824 
 1889 1888 1824 
 1889 1824 1825 
 1890 1889 1825 
 1890 1825 1826 
 1891 1890 1826 
 1891 1826 1827 
 1892 1891 1827 
 1892 1827 1828 
 1893 1892 1828 
 1893 1828 1829 
 1894 1893 1829 
 1894 1829 1836 
 1830 1847 1895 
 1831 1830 1895 
 1831 1895 1896 
 1832 1831 1896 
 1832 1896 1897 
 1833 1832 1897 
 1833 1897 1898 
 1834 1833 1898 
 1834 1898 1899 
 1835 1834 1899 
 1835 1899 1900 
 1840 1835 1900 
 1901 1894 1836 
 1901 1836 1837 
 1837 1838 1902 
 1901 1837 1902 
 1838 1839 1903 
 1838 1903 1902 
 1839 1843 1904 
 1839 1904 1903 
 1840 1900 1905 
 1841 1840 1905 
 1841 1905 1906 
 1842 1841 1906 
 1842 1906 1907 
 1844 1842 1907 
 1844 1907 1908 
 1843 1844 1908 
 1843 1908 1904 
 1845 1849 1909 
 1846 1845 1909 
 1846 1909 1910 
 1847 1846 1910 
 1847 1910 1911 
 1895 1847 1911 
 1848 1851 1912 
 1849 1848 1912 
 1849 1912 1913 
 1909 1849 1913 
 1850 1852 1914 
 1851 1850 1914 
 1851 1914 1915 
 1912 1851 1915 
 1852 1855 1916 
 1914 1852 1916 
 1853 1856 1917 
 1854 1853 1917 
 1854 1917 1918 
 1855 1854 1918 
 1855 1918 1919 
 1916 1855 1919 
 1856 1859 1920 
 1917 1856 1920 
 1921 1858 1857 
 1861 1921 1857 
 1922 1859 1858 
 1921 1922 1858 
 1859 1922 1923 
 1920 1859 1923 
 1924 1861 1860 
 1863 1924 1860 
 1925 1921 1861 
 1924 1925 1861 
 1862 1865 1926 
 1926 1863 1862 
 1927 1924 1863 
 1926 1927 1863 
 1864 1867 1928 
 1865 1864 1928 
 1865 1928 1929 
 1929 1926 1865 
 1866 1875 1930 
 1867 1866 1930 
 1867 1930 1931 
 1928 1867 1931 
 1933 1868 1939 
 1939 1868 1869 
 1939 1869 1940 
 1940 1869 1870 
 1940 1870 1941 
 1870 1871 1941 
 1872 1942 1871 
 1942 1941 1871 
 1873 1943 1872 
 1872 1943 1942 
 1874 1944 1873 
 1873 1944 1943 
 1875 1932 1945 
 1930 1875 1945 
 1946 1876 1879 
 1947 1877 1876 
 1946 1947 1876 
 1948 1878 1877 
 1947 1948 1877 
 1949 1946 1879 
 1949 1879 1880 
 1950 1949 1880 
 1950 1880 1881 
 1951 1950 1881 
 1951 1881 1882 
 1952 1951 1882 
 1952 1882 1883 
 1953 1952 1883 
 1953 1883 1884 
 1954 1953 1884 
 1954 1884 1885 
 1955 1954 1885 
 1955 1885 1886 
 1956 1955 1886 
 1956 1886 1887 
 1957 1956 1887 
 1957 1887 1888 
 1958 1957 1888 
 1958 1888 1889 
 1959 1958 1889 
 1959 1889 1890 
 1960 1959 1890 
 1960 1890 1891 
 1961 1960 1891 
 1961 1891 1892 
 1962 1961 1892 
 1962 1892 1893 
 1963 1962 1893 
 1963 1893 1894 
 1964 1963 1894 
 1964 1894 1901 
 1895 1911 1965 
 1896 1895 1965 
 1896 1965 1966 
 1897 1896 1966 
 1897 1966 1967 
 1898 1897 1967 
 1898 1967 1968 
 1899 1898 1968 
 1899 1968 1969 
 1900 1899 1969 
 1900 1969 1970 
 1905 1900 1970 
 1971 1964 1901 
 1971 1901 1902 
 1902 1903 1972 
 1902 1972 1971 
 1903 1904 1973 
 1903 1973 1972 
 1904 1908 1974 
 1904 1974 1973 
 1905 1970 1975 
 1906 1905 1975 
 1906 1975 1976 
 1907 1906 1976 
 1907 1976 1977 
 1908 1907 1977 
 1908 1977 1974 
 1909 1913 1978 
 1910 1909 1978 
 1910 1978 1979 
 1911 1910 1979 
 1911 1979 1980 
 1965 1911 1980 
 1912 1915 1981 
 1913 1912 1981 
 1913 1981 1982 
 1978 1913 1982 
 1914 1916 1983 
 1915 1914 1983 
 1915 1983 1984 
 1981 1915 1984 
 1916 1919 1985 
 1983 1916 1985 
 1917 1920 1986 
 1918 1917 1986 
 1918 1986 1987 
 1919 1918 1987 
 1919 1987 1988 
 1985 1919 1988 
 1920 1923 1989 
 1986 1920 1989 
 1990 1922 1921 
 1925 1990 1921 
 1922 1990 1991 
 1923 1922 1991 
 1923 1991 1992 
 1989 1923 1992 
 1993 1925 1924 
 1927 1993 1924 
 1994 1990 1925 
 1993 1994 1925 
 1995 1927 1926 
 1929 1995 1926 
 1996 1993 1927 
 1995 1996 1927 
 1928 1931 1997 
 1997 1929 1928 
 1998 1995 1929 
 1997 1998 1929 
 1930 1945 1999 
 1931 1930 1999 
 1931 1999 2000 
 2000 1997 1931 
 1932 1936 2001 
 1945 1932 2001 
 1934 1933 2002 
 2002 1933 1939 
 1935 1934 2003 
 2003 1934 2002 
 1938 1935 2004 
 2004 1935 2003 
 1936 1937 2005 
 2001 1936 2005 
 1937 1938 2006 
 2005 1937 2006 
 2006 1938 2004 
 2002 1939 2007 
 2007 1939 1940 
 2007 1940 2008 
 2008 1940 1941 
 1942 2009 1941 
 2009 2008 1941 
 1943 2010 1942 
 1942 2010 2009 
 1944 2011 1943 
 1943 2011 2010 
 1945 2001 2012 
 1999 1945 2012 
 2013 1946 1949 
 2014 1947 1946 
 2013 2014 1946 
 2015 1948 1947 
 2014 2015 1947 
 2016 2013 1949 
 2016 1949 1950 
 2017 2016 1950 
 2017 1950 1951 
 2018 2017 1951 
 2018 1951 1952 
 2019 2018 1952 
 2019 1952 1953 
 2020 2019 1953 
 2020 1953 1954 
 2021 2020 1954 
 2021 1954 1955 
 2022 2021 1955 
 2022 1955 1956 
 2023 2022 1956 
 2023 1956 1957 
 2024 2023 1957 
 2024 1957 1958 
 2025 2024 1958 
 2025 1958 1959 
 2026 2025 1959 
 2026 1959 1960 
 2027 2026 1960 
 2027 1960 1961 
 2028 2027 1961 
 2028 1961 1962 
 2029 2028 1962 
 2029 1962 1963 
 2030 2029 1963 
 2030 1963 1964 
 2031 2030 1964 
 2031 1964 1971 
 1965 1980 2032 
 1966 1965 2032 
 1966 2032 2033 
 1967 1966 2033 
 1967 2033 2034 
 1968 1967 2034 
 1968 2034 2035 
 1969 1968 2035 
 1969 2035 2036 
 1970 1969 2036 
 1970 2036 2037 
 1975 1970 2037 
 2038 2031 1971 
 2038 1971 1972 
 1972 1973 2039 
 2038 1972 2039 
 1973 1974 2040 
 1973 2040 2039 
 1974 1977 2041 
 1974 2041 2040 
 1975 2037 2042 
 1976 1975 2042 
 1976 2042 2043 
 1977 1976 2043 
 1977 2043 2041 
 1978 1982 2044 
 1979 1978 2044 
 1979 2044 2045 
 1980 1979 2045 
 1980 2045 2046 
 2032 1980 2046 
 1981 1984 2047 
 1982 1981 2047 
 1982 2047 2048 
 2044 1982 2048 
 1983 1985 2049 
 1984 1983 2049 
 1984 2049 2050 
 2047 1984 2050 
 1985 1988 2051 
 2049 1985 2051 
 1986 1989 2052 
 1987 1986 2052 
 1987 2052 2053 
 1988 1987 2053 
 1988 2053 2054 
 2051 1988 2054 
 1989 1992 2055 
 2052 1989 2055 
 1990 1994 2056 
 1991 1990 2056 
 1991 2056 2057 
 1992 1991 2057 
 1992 2057 2058 
 2055 1992 2058 
 2059 1994 1993 
 1996 2059 1993 
 1994 2059 2060 
 2056 1994 2060 
 2061 1996 1995 
 1998 2061 1995 
 2062 2059 1996 
 2061 2062 1996 
 2063 1998 1997 
 2000 2063 1997 
 2064 2061 1998 
 2063 2064 1998 
 1999 2012 2065 
 2065 2000 1999 
 2066 2063 2000 
 2065 2066 2000 
 2001 2005 2067 
 2012 2001 2067 
 2003 2002 2068 
 2068 2002 2007 
 2004 2003 2069 
 2069 2003 2068 
 2006 2004 2070 
 2070 2004 2069 
 2005 2006 2071 
 2067 2005 2071 
 2071 2006 2070 
 2068 2007 2072 
 2072 2007 2008 
 2009 2073 2008 
 2008 2073 2072 
 2010 2074 2009 
 2074 2073 2009 
 2011 2075 2010 
 2010 2075 2074 
 2012 2067 2076 
 2076 2065 2012 
 2077 2013 2016 
 2078 2014 2013 
 2077 2078 2013 
 2079 2015 2014 
 2078 2079 2014 
 2080 2077 2016 
 2080 2016 2017 
 2081 2080 2017 
 2081 2017 2018 
 2082 2081 2018 
 2082 2018 2019 
 2083 2082 2019 
 2083 2019 2020 
 2084 2083 2020 
 2084 2020 2021 
 2085 2084 2021 
 2085 2021 2022 
 2086 2085 2022 
 2086 2022 2023 
 2087 2086 2023 
 2087 2023 2024 
 2088 2087 2024 
 2088 2024 2025 
 2089 2088 2025 
 2089 2025 2026 
 2090 2089 2026 
 2090 2026 2027 
 2091 2090 2027 
 2091 2027 2028 
 2092 2091 2028 
 2092 2028 2029 
 2093 2092 2029 
 2093 2029 2030 
 2094 2093 2030 
 2094 2030 2031 
 2095 2094 2031 
 2095 2031 2038 
 2032 2046 2096 
 2033 2032 2096 
 2033 2096 2097 
 2034 2033 2097 
 2034 2097 2098 
 2035 2034 2098 
 2035 2098 2099 
 2036 2035 2099 
 2036 2099 2100 
 2037 2036 2100 
 2037 2100 2101 
 2042 2037 2101 
 2102 2095 2038 
 2102 2038 2039 
 2039 2040 2103 
 2039 2103 2102 
 2040 2041 2104 
 2040 2104 2103 
 2041 2043 2105 
 2041 2105 2104 
 2042 2101 2106 
 2043 2042 2106 
 2043 2106 2105 
 2044 2048 2107 
 2045 2044 2107 
 2045 2107 2108 
 2046 2045 2108 
 2046 2108 2109 
 2096 2046 2109 
 2047 2050 2110 
 2048 2047 2110 
 2048 2110 2111 
 2107 2048 2111 
 2049 2051 2112 
 2050 2049 2112 
 2050 2112 2113 
 2110 2050 2113 
 2051 2054 2114 
 2112 2051 2114 
 2052 2055 2115 
 2053 2052 2115 
 2053 2115 2116 
 2054 2053 2116 
 2054 2116 2117 
 2114 2054 2117 
 2055 2058 2118 
 2115 2055 2118 
 2118 2058 2119 
 2056 2060 2120 
 2057 2056 2120 
 2057 2120 2121 
 2058 2057 2121 
 2058 2121 2119 
 2059 2062 2122 
 2060 2059 2122 
 2060 2122 2123 
 2120 2060 2123 
 2124 2062 2061 
 2064 2124 2061 
 2062 2124 2125 
 2122 2062 2125 
 2126 2064 2063 
 2066 2126 2063 
 2127 2124 2064 
 2126 2127 2064 
 2128 2066 2065 
 2076 2128 2065 
 2129 2126 2066 
 2128 2129 2066 
 2067 2071 2130 
 2130 2076 2067 
 2069 2068 2131 
 2131 2068 2072 
 2070 2069 2132 
 2132 2069 2131 
 2071 2070 2133 
 2071 2133 2130 
 2133 2070 2132 
 2073 2134 2072 
 2072 2134 2131 
 2074 2135 2073 
 2073 2135 2134 
 2075 2136 2074 
 2074 2136 2135 
 2137 2128 2076 
 2130 2137 2076 
 2138 2077 2080 
 2139 2078 2077 
 2138 2139 2077 
 2140 2079 2078 
 2139 2140 2078 
 2141 2138 2080 
 2141 2080 2081 
 2142 2141 2081 
 2142 2081 2082 
 2143 2142 2082 
 2143 2082 2083 
 2144 2143 2083 
 2144 2083 2084 
 2145 2144 2084 
 2145 2084 2085 
 2146 2145 2085 
 2146 2085 2086 
 2147 2146 2086 
 2147 2086 2087 
 2148 2147 2087 
 2148 2087 2088 
 2149 2148 2088 
 2149 2088 2089 
 2150 2149 2089 
 2150 2089 2090 
 2151 2150 2090 
 2151 2090 2091 
 2152 2151 2091 
 2152 2091 2092 
 2153 2152 2092 
 2153 2092 2093 
 2154 2153 2093 
 2154 2093 2094 
 2155 2154 2094 
 2155 2094 2095 
 2156 2155 2095 
 2156 2095 2102 
 2096 2109 2157 
 2097 2096 2157 
 2097 2157 2158 
 2098 2097 2158 
 2098 2158 2159 
 2099 2098 2159 
 2099 2159 2160 
 2100 2099 2160 
 2100 2160 2161 
 2101 2100 2161 
 2101 2161 2162 
 2106 2101 2162 
 2163 2156 2102 
 2163 2102 2103 
 2103 2104 2164 
 2103 2164 2163 
 2104 2105 2165 
 2104 2165 2164 
 2106 2162 2166 
 2105 2106 2166 
 2105 2166 2165 
 2107 2111 2167 
 2108 2107 2167 
 2108 2167 2168 
 2109 2108 2168 
 2109 2168 2169 
 2157 2109 2169 
 2110 2113 2170 
 2111 2110 2170 
 2111 2170 2171 
 2167 2111 2171 
 2112 2114 2172 
 2113 2112 2172 
 2113 2172 2173 
 2170 2113 2173 
 2114 2117 2174 
 2172 2114 2174 
 2115 2118 2175 
 2116 2115 2175 
 2116 2175 2176 
 2117 2116 2176 
 2117 2176 2177 
 2174 2117 2177 
 2118 2119 2178 
 2175 2118 2178 
 2178 2119 2179 
 2119 2121 2180 
 2119 2180 2179 
 2120 2123 2181 
 2121 2120 2181 
 2121 2181 2180 
 2122 2125 2182 
 2123 2122 2182 
 2123 2182 2183 
 2181 2123 2183 
 2124 2127 2184 
 2125 2124 2184 
 2125 2184 2185 
 2182 2125 2185 
 2186 2127 2126 
 2129 2186 2126 
 2127 2186 2187 
 2184 2127 2187 
 2188 2129 2128 
 2137 2188 2128 
 2189 2186 2129 
 2188 2189 2129 
 2190 2137 2130 
 2190 2130 2133 
 2134 2191 2131 
 2131 2191 2132 
 2191 2192 2132 
 2192 2190 2133 
 2132 2192 2133 
 2135 2193 2134 
 2134 2193 2191 
 2136 2194 2135 
 2135 2194 2193 
 2195 2188 2137 
 2190 2195 2137 
 2196 2138 2141 
 2197 2139 2138 
 2196 2197 2138 
 2198 2140 2139 
 2197 2198 2139 
 2199 2196 2141 
 2199 2141 2142 
 2200 2199 2142 
 2200 2142 2143 
 2201 2200 2143 
 2201 2143 2144 
 2202 2201 2144 
 2202 2144 2145 
 2203 2202 2145 
 2203 2145 2146 
 2204 2203 2146 
 2204 2146 2147 
 2205 2204 2147 
 2205 2147 2148 
 2206 2205 2148 
 2206 2148 2149 
 2207 2206 2149 
 2207 2149 2150 
 2208 2207 2150 
 2208 2150 2151 
 2209 2208 2151 
 2209 2151 2152 
 2210 2209 2152 
 2210 2152 2153 
 2211 2210 2153 
 2211 2153 2154 
 2212 2211 2154 
 2212 2154 2155 
 2213 2212 2155 
 2213 2155 2156 
 2214 2213 2156 
 2214 2156 2163 
 2157 2169 2215 
 2158 2157 2215 
 2158 2215 2216 
 2159 2158 2216 
 2159 2216 2217 
 2160 2159 2217 
 2160 2217 2218 
 2161 2160 2218 
 2161 2218 2219 
 2162 2161 2219 
 2162 2219 2220 
 2166 2162 2220 
 2221 2214 2163 
 2221 2163 2164 
 2164 2165 2222 
 2164 2222 2221 
 2166 2220 2223 
 2165 2166 2223 
 2165 2223 2222 
 2167 2171 2224 
 2168 2167 2224 
 2168 2224 2225 
 2169 2168 2225 
 2169 2225 2226 
 2215 2169 2226 
 2170 2173 2227 
 2171 2170 2227 
 2171 2227 2228 
 2224 2171 2228 
 2172 2174 2229 
 2173 2172 2229 
 2173 2229 2230 
 2227 2173 2230 
 2174 2177 2231 
 2229 2174 2231 
 2175 2178 2232 
 2176 2175 2232 
 2176 2232 2233 
 2177 2176 2233 
 2177 2233 2234 
 2231 2177 2234 
 2178 2179 2235 
 2232 2178 2235 
 2235 2179 2236 
 2179 2180 2237 
 2179 2237 2236 
 2181 2183 2238 
 2180 2181 2238 
 2180 2238 2237 
 2182 2185 2239 
 2183 2182 2239 
 2183 2239 2240 
 2238 2183 2240 
 2184 2187 2241 
 2185 2184 2241 
 2185 2241 2242 
 2239 2185 2242 
 2241 2187 2243 
 2186 2189 2244 
 2187 2186 2244 
 2187 2244 2243 
 2245 2189 2188 
 2195 2245 2188 
 2189 2245 2246 
 2244 2189 2246 
 2247 2195 2190 
 2192 2247 2190 
 2193 2248 2191 
 2248 2247 2192 
 2191 2248 2192 
 2194 2249 2193 
 2249 2248 2193 
 2250 2245 2195 
 2247 2250 2195 
 2251 2196 2199 
 2252 2197 2196 
 2251 2252 2196 
 2253 2198 2197 
 2252 2253 2197 
 2254 2251 2199 
 2254 2199 2200 
 2255 2254 2200 
 2255 2200 2201 
 2256 2255 2201 
 2256 2201 2202 
 2257 2256 2202 
 2257 2202 2203 
 2258 2257 2203 
 2258 2203 2204 
 2259 2258 2204 
 2259 2204 2205 
 2260 2259 2205 
 2260 2205 2206 
 2261 2260 2206 
 2261 2206 2207 
 2262 2261 2207 
 2262 2207 2208 
 2263 2262 2208 
 2263 2208 2209 
 2264 2263 2209 
 2264 2209 2210 
 2265 2264 2210 
 2265 2210 2211 
 2266 2265 2211 
 2266 2211 2212 
 2267 2266 2212 
 2267 2212 2213 
 2268 2267 2213 
 2268 2213 2214 
 2269 2268 2214 
 2269 2214 2221 
 2215 2226 2270 
 2216 2215 2270 
 2216 2270 2271 
 2217 2216 2271 
 2217 2271 2272 
 2218 2217 2272 
 2218 2272 2273 
 2219 2218 2273 
 2219 2273 2274 
 2220 2219 2274 
 2220 2274 2275 
 2223 2220 2275 
 2276 2269 2221 
 2276 2221 2222 
 2223 2275 2277 
 2222 2223 2277 
 2276 2222 2277 
 2224 2228 2278 
 2225 2224 2278 
 2225 2278 2279 
 2226 2225 2279 
 2226 2279 2280 
 2270 2226 2280 
 2227 2230 2281 
 2228 2227 2281 
 2228 2281 2282 
 2278 2228 2282 
 2229 2231 2283 
 2230 2229 2283 
 2230 2283 2284 
 2281 2230 2284 
 2231 2234 2285 
 2283 2231 2285 
 2232 2235 2286 
 2233 2232 2286 
 2233 2286 2287 
 2234 2233 2287 
 2234 2287 2288 
 2285 2234 2288 
 2235 2236 2289 
 2286 2235 2289 
 2289 2236 2290 
 2236 2237 2291 
 2236 2291 2290 
 2238 2240 2292 
 2237 2238 2292 
 2237 2292 2291 
 2239 2242 2293 
 2240 2239 2293 
 2240 2293 2294 
 2292 2240 2294 
 2241 2243 2295 
 2242 2241 2295 
 2242 2295 2296 
 2293 2242 2296 
 2295 2243 2297 
 2244 2246 2298 
 2243 2244 2298 
 2243 2298 2297 
 2298 2246 2299 
 2245 2250 2300 
 2246 2245 2300 
 2246 2300 2299 
 2301 2250 2247 
 2249 2301 2248 
 2248 2301 2247 
 2250 2301 2302 
 2300 2250 2302 
 2303 2251 2254 
 2304 2252 2251 
 2303 2304 2251 
 2305 2253 2252 
 2304 2305 2252 
 2306 2303 2254 
 2306 2254 2255 
 2307 2306 2255 
 2307 2255 2256 
 2308 2307 2256 
 2308 2256 2257 
 2309 2308 2257 
 2309 2257 2258 
 2310 2309 2258 
 2310 2258 2259 
 2311 2310 2259 
 2311 2259 2260 
 2312 2311 2260 
 2312 2260 2261 
 2313 2312 2261 
 2313 2261 2262 
 2314 2313 2262 
 2314 2262 2263 
 2315 2314 2263 
 2315 2263 2264 
 2316 2315 2264 
 2316 2264 2265 
 2317 2316 2265 
 2317 2265 2266 
 2318 2317 2266 
 2318 2266 2267 
 2319 2318 2267 
 2319 2267 2268 
 2320 2319 2268 
 2320 2268 2269 
 2321 2320 2269 
 2321 2269 2276 
 2270 2280 2322 
 2271 2270 2322 
 2271 2322 2323 
 2272 2271 2323 
 2272 2323 2324 
 2273 2272 2324 
 2273 2324 2325 
 2274 2273 2325 
 2274 2325 2326 
 2275 2274 2326 
 2275 2326 2327 
 2277 2275 2327 
 2328 2321 2276 
 2277 2327 2328 
 2328 2276 2277 
 2278 2282 2329 
 2279 2278 2329 
 2279 2329 2330 
 2280 2279 2330 
 2280 2330 2331 
 2322 2280 2331 
 2281 2284 2332 
 2282 2281 2332 
 2282 2332 2333 
 2329 2282 2333 
 2283 2285 2334 
 2284 2283 2334 
 2284 2334 2335 
 2332 2284 2335 
 2285 2288 2336 
 2334 2285 2336 
 2286 2289 2337 
 2287 2286 2337 
 2287 2337 2338 
 2288 2287 2338 
 2288 2338 2339 
 2336 2288 2339 
 2289 2290 2340 
 2337 2289 2340 
 2340 2290 2341 
 2290 2291 2342 
 2290 2342 2341 
 2292 2294 2343 
 2291 2292 2343 
 2291 2343 2342 
 2293 2296 2344 
 2294 2293 2344 
 2294 2344 2345 
 2343 2294 2345 
 2344 2296 2346 
 2295 2297 2347 
 2296 2295 2347 
 2296 2347 2346 
 2347 2297 2348 
 2298 2299 2349 
 2297 2298 2349 
 2297 2349 2348 
 2349 2299 2350 
 2300 2302 2351 
 2299 2300 2351 
 2351 2350 2299 
 2301 2352 2302 
 2352 2351 2302 
 2353 2303 2306 
 2354 2304 2303 
 2353 2354 2303 
 2355 2305 2304 
 2354 2355 2304 
 2356 2353 2306 
 2356 2306 2307 
 2357 2356 2307 
 2357 2307 2308 
 2358 2357 2308 
 2358 2308 2309 
 2359 2358 2309 
 2359 2309 2310 
 2360 2359 2310 
 2360 2310 2311 
 2361 2360 2311 
 2361 2311 2312 
 2362 2361 2312 
 2362 2312 2313 
 2363 2362 2313 
 2363 2313 2314 
 2364 2363 2314 
 2364 2314 2315 
 2365 2364 2315 
 2365 2315 2316 
 2366 2365 2316 
 2366 2316 2317 
 2367 2366 2317 
 2367 2317 2318 
 2368 2367 2318 
 2368 2318 2319 
 2369 2368 2319 
 2369 2319 2320 
 2370 2369 2320 
 2370 2320 2321 
 2371 2370 2321 
 2371 2321 2328 
 2322 2331 2372 
 2323 2322 2372 
 2323 2372 2373 
 2324 2323 2373 
 2324 2373 2374 
 2325 2324 2374 
 2325 2374 2375 
 2326 2325 2375 
 2326 2375 2376 
 2327 2326 2376 
 2377 2371 2328 
 2377 2328 2327 
 2377 2327 2376 
 2329 2333 2378 
 2330 2329 2378 
 2330 2378 2379 
 2331 2330 2379 
 2331 2379 2380 
 2372 2331 2380 
 2332 2335 2381 
 2333 2332 2381 
 2333 2381 2382 
 2378 2333 2382 
 2334 2336 2383 
 2335 2334 2383 
 2335 2383 2384 
 2381 2335 2384 
 2336 2339 2385 
 2383 2336 2385 
 2337 2340 2386 
 2338 2337 2386 
 2338 2386 2387 
 2339 2338 2387 
 2339 2387 2388 
 2385 2339 2388 
 2340 2341 2389 
 2386 2340 2389 
 2389 2341 2390 
 2341 2342 2391 
 2341 2391 2390 
 2343 2345 2392 
 2342 2343 2392 
 2342 2392 2391 
 2344 2346 2393 
 2345 2344 2393 
 2345 2393 2394 
 2392 2345 2394 
 2393 2346 2395 
 2346 2347 2396 
 2346 2396 2395 
 2347 2348 2397 
 2397 2396 2347 
 2348 2349 2398 
 2398 2397 2348 
 2350 2399 2349 
 2399 2398 2349 
 2351 2400 2350 
 2350 2400 2399 
 2352 2401 2351 
 2351 2401 2400 
 2402 2353 2356 
 2403 2354 2353 
 2402 2403 2353 
 2404 2355 2354 
 2403 2404 2354 
 2405 2402 2356 
 2405 2356 2357 
 2406 2405 2357 
 2406 2357 2358 
 2407 2406 2358 
 2407 2358 2359 
 2408 2407 2359 
 2408 2359 2360 
 2409 2408 2360 
 2409 2360 2361 
 2410 2409 2361 
 2410 2361 2362 
 2411 2410 2362 
 2411 2362 2363 
 2412 2411 2363 
 2412 2363 2364 
 2413 2412 2364 
 2413 2364 2365 
 2414 2413 2365 
 2414 2365 2366 
 2415 2414 2366 
 2415 2366 2367 
 2416 2415 2367 
 2416 2367 2368 
 2417 2416 2368 
 2417 2368 2369 
 2418 2417 2369 
 2418 2369 2370 
 2419 2418 2370 
 2419 2370 2371 
 2420 2419 2371 
 2420 2371 2377 
 2372 2380 2421 
 2373 2372 2421 
 2373 2421 2422 
 2374 2373 2422 
 2374 2422 2423 
 2375 2374 2423 
 2375 2423 2424 
 2376 2375 2424 
 2425 2420 2377 
 2376 2424 2425 
 2425 2377 2376 
 2378 2382 2426 
 2379 2378 2426 
 2421 2380 2427 
 2379 2426 2428 
 2380 2379 2428 
 2380 2428 2427 
 2381 2384 2429 
 2382 2381 2429 
 2382 2429 2430 
 2426 2382 2430 
 2383 2385 2431 
 2384 2383 2431 
 2384 2431 2432 
 2429 2384 2432 
 2385 2388 2433 
 2431 2385 2433 
 2386 2389 2434 
 2387 2386 2434 
 2387 2434 2435 
 2388 2387 2435 
 2388 2435 2436 
 2433 2388 2436 
 2389 2390 2437 
 2434 2389 2437 
 2437 2390 2438 
 2391 2392 2439 
 2391 2439 2390 
 2439 2438 2390 
 2392 2394 2440 
 2440 2439 2392 
 2393 2395 2441 
 2394 2393 2441 
 2441 2440 2394 
 2396 2442 2395 
 2442 2441 2395 
 2397 2443 2396 
 2396 2443 2442 
 2398 2444 2397 
 2397 2444 2443 
 2399 2445 2398 
 2398 2445 2444 
 2400 2446 2399 
 2399 2446 2445 
 2401 2447 2400 
 2400 2447 2446 
 2448 2402 2405 
 2449 2403 2402 
 2448 2449 2402 
 2450 2404 2403 
 2449 2450 2403 
 2451 2448 2405 
 2451 2405 2406 
 2452 2451 2406 
 2452 2406 2407 
 2453 2452 2407 
 2453 2407 2408 
 2454 2453 2408 
 2454 2408 2409 
 2455 2454 2409 
 2455 2409 2410 
 2456 2455 2410 
 2456 2410 2411 
 2457 2456 2411 
 2457 2411 2412 
 2458 2457 2412 
 2458 2412 2413 
 2459 2458 2413 
 2459 2413 2414 
 2460 2459 2414 
 2460 2414 2415 
 2461 2460 2415 
 2461 2415 2416 
 2462 2461 2416 
 2462 2416 2417 
 2463 2462 2417 
 2463 2417 2418 
 2464 2463 2418 
 2464 2418 2419 
 2465 2464 2419 
 2465 2419 2420 
 2466 2465 2420 
 2466 2420 2425 
 2421 2427 2467 
 2422 2421 2467 
 2422 2467 2468 
 2423 2422 2468 
 2423 2468 2469 
 2424 2423 2469 
 2470 2466 2425 
 2470 2425 2424 
 2424 2469 2470 
 2426 2430 2471 
 2428 2426 2471 
 2467 2427 2472 
 2428 2471 2473 
 2427 2428 2473 
 2427 2473 2472 
 2429 2432 2474 
 2430 2429 2474 
 2430 2474 2475 
 2471 2430 2475 
 2431 2433 2476 
 2432 2431 2476 
 2432 2476 2477 
 2474 2432 2477 
 2433 2436 2478 
 2476 2433 2478 
 2478 2436 2479 
 2434 2437 2480 
 2435 2434 2480 
 2435 2480 2481 
 2436 2435 2481 
 2481 2479 2436 
 2480 2437 2482 
 2438 2483 2437 
 2483 2482 2437 
 2439 2484 2438 
 2438 2484 2483 
 2440 2485 2439 
 2439 2485 2484 
 2441 2486 2440 
 2440 2486 2485 
 2442 2487 2441 
 2441 2487 2486 
 2443 2488 2442 
 2442 2488 2487 
 2444 2489 2443 
 2443 2489 2488 
 2445 2490 2444 
 2444 2490 2489 
 2446 2491 2445 
 2445 2491 2490 
 2447 2492 2446 
 2446 2492 2491 
 2493 2448 2451 
 2494 2449 2448 
 2493 2494 2448 
 2495 2450 2449 
 2494 2495 2449 
 2496 2493 2451 
 2496 2451 2452 
 2497 2496 2452 
 2497 2452 2453 
 2498 2497 2453 
 2498 2453 2454 
 2499 2498 2454 
 2499 2454 2455 
 2500 2499 2455 
 2500 2455 2456 
 2501 2500 2456 
 2501 2456 2457 
 2502 2501 2457 
 2502 2457 2458 
 2503 2502 2458 
 2503 2458 2459 
 2504 2503 2459 
 2504 2459 2460 
 2505 2504 2460 
 2505 2460 2461 
 2506 2505 2461 
 2506 2461 2462 
 2507 2506 2462 
 2507 2462 2463 
 2508 2507 2463 
 2508 2463 2464 
 2509 2508 2464 
 2509 2464 2465 
 2510 2509 2465 
 2510 2465 2466 
 2511 2510 2466 
 2511 2466 2470 
 2467 2472 2512 
 2468 2467 2512 
 2468 2512 2513 
 2469 2468 2513 
 2514 2511 2470 
 2469 2513 2514 
 2514 2470 2469 
 2512 2472 2515 
 2471 2475 2516 
 2473 2471 2516 
 2473 2516 2517 
 2472 2473 2517 
 2472 2517 2515 
 2516 2475 2518 
 2474 2477 2519 
 2475 2474 2519 
 2475 2519 2518 
 2519 2477 2520 
 2476 2478 2521 
 2477 2476 2521 
 2477 2521 2522 
 2522 2520 2477 
 2521 2478 2523 
 2479 2524 2478 
 2524 2523 2478 
 2481 2525 2479 
 2479 2525 2524 
 2482 2526 2480 
 2526 2525 2481 
 2526 2481 2480 
 2483 2527 2482 
 2482 2527 2526 
 2484 2528 2483 
 2483 2528 2527 
 2485 2529 2484 
 2484 2529 2528 
 2486 2530 2485 
 2485 2530 2529 
 2487 2531 2486 
 2486 2531 2530 
 2488 2532 2487 
 2487 2532 2531 
 2489 2533 2488 
 2488 2533 2532 
 2490 2534 2489 
 2489 2534 2533 
 2491 2535 2490 
 2490 2535 2534 
 2492 2536 2491 
 2491 2536 2535 
 2537 2493 2496 
 2538 2494 2493 
 2537 2538 2493 
 2539 2495 2494 
 2538 2539 2494 
 2540 2537 2496 
 2540 2496 2497 
 2541 2540 2497 
 2541 2497 2498 
 2542 2541 2498 
 2542 2498 2499 
 2543 2542 2499 
 2543 2499 2500 
 2544 2543 2500 
 2544 2500 2501 
 2545 2544 2501 
 2545 2501 2502 
 2546 2545 2502 
 2546 2502 2503 
 2547 2546 2503 
 2547 2503 2504 
 2548 2547 2504 
 2548 2504 2505 
 2549 2548 2505 
 2549 2505 2506 
 2550 2549 2506 
 2550 2506 2507 
 2551 2550 2507 
 2551 2507 2508 
 2552 2551 2508 
 2552 2508 2509 
 2553 2552 2509 
 2553 2509 2510 
 2554 2553 2510 
 2554 2510 2511 
 2555 2554 2511 
 2555 2511 2514 
 2512 2515 2556 
 2513 2512 2556 
 2557 2555 2514 
 2557 2514 2513 
 2557 2513 2556 
 2556 2515 2558 
 2515 2517 2559 
 2515 2559 2558 
 2516 2518 2560 
 2517 2516 2560 
 2517 2560 2561 
 2561 2559 2517 
 2560 2518 2562 
 2563 2562 2518 
 2519 2520 2563 
 2563 2518 2519 
 2522 2564 2520 
 2520 2564 2563 
 2523 2565 2521 
 2565 2564 2522 
 2565 2522 2521 
 2524 2566 2523 
 2523 2566 2565 
 2525 2567 2524 
 2524 2567 2566 
 2526 2568 2525 
 2525 2568 2567 
 2527 2569 2526 
 2526 2569 2568 
 2528 2570 2527 
 2527 2570 2569 
 2529 2571 2528 
 2528 2571 2570 
 2530 2572 2529 
 2529 2572 2571 
 2531 2573 2530 
 2530 2573 2572 
 2532 2574 2531 
 2531 2574 2573 
 2533 2575 2532 
 2532 2575 2574 
 2534 2576 2533 
 2533 2576 2575 
 2535 2577 2534 
 2534 2577 2576 
 2536 2578 2535 
 2535 2578 2577 
 2579 2537 2540 
 2580 2538 2537 
 2579 2580 2537 
 2581 2539 2538 
 2580 2581 2538 
 2582 2579 2540 
 2582 2540 2541 
 2583 2582 2541 
 2583 2541 2542 
 2584 2583 2542 
 2584 2542 2543 
 2585 2584 2543 
 2585 2543 2544 
 2586 2585 2544 
 2586 2544 2545 
 2587 2586 2545 
 2587 2545 2546 
 2588 2587 2546 
 2588 2546 2547 
 2589 2588 2547 
 2589 2547 2548 
 2590 2589 2548 
 2590 2548 2549 
 2591 2590 2549 
 2591 2549 2550 
 2592 2591 2550 
 2592 2550 2551 
 2593 2592 2551 
 2593 2551 2552 
 2594 2593 2552 
 2594 2552 2553 
 2595 2594 2553 
 2595 2553 2554 
 2596 2595 2554 
 2596 2554 2555 
 2597 2596 2555 
 2597 2555 2557 
 2556 2558 2598 
 2557 2556 2598 
 2598 2597 2557 
 2559 2599 2558 
 2599 2598 2558 
 2561 2600 2559 
 2559 2600 2599 
 2562 2601 2560 
 2601 2600 2561 
 2601 2561 2560 
 2563 2602 2562 
 2602 2601 2562 
 2564 2603 2563 
 2563 2603 2602 
 2565 2604 2564 
 2564 2604 2603 
 2566 2605 2565 
 2565 2605 2604 
 2567 2606 2566 
 2566 2606 2605 
 2568 2607 2567 
 2567 2607 2606 
 2569 2608 2568 
 2568 2608 2607 
 2570 2609 2569 
 2569 2609 2608 
 2571 2610 2570 
 2570 2610 2609 
 2572 2611 2571 
 2571 2611 2610 
 2573 2612 2572 
 2572 2612 2611 
 2574 2613 2573 
 2573 2613 2612 
 2575 2614 2574 
 2574 2614 2613 
 2576 2615 2575 
 2575 2615 2614 
 2577 2616 2576 
 2576 2616 2615 
 2578 2617 2577 
 2577 2617 2616 
 2618 2579 2582 
 2619 2580 2579 
 2618 2619 2579 
 2620 2581 2580 
 2619 2620 2580 
 2621 2618 2582 
 2621 2582 2583 
 2622 2621 2583 
 2622 2583 2584 
 2623 2622 2584 
 2623 2584 2585 
 2624 2623 2585 
 2624 2585 2586 
 2625 2624 2586 
 2625 2586 2587 
 2626 2625 2587 
 2626 2587 2588 
 2627 2626 2588 
 2627 2588 2589 
 2628 2627 2589 
 2628 2589 2590 
 2629 2628 2590 
 2629 2590 2591 
 2630 2629 2591 
 2630 2591 2592 
 2631 2630 2592 
 2631 2592 2593 
 2632 2631 2593 
 2632 2593 2594 
 2633 2632 2594 
 2633 2594 2595 
 2634 2633 2595 
 2634 2595 2596 
 2635 2634 2596 
 2635 2596 2597 
 2636 2635 2597 
 2636 2597 2598 
 2599 2637 2598 
 2598 2637 2636 
 2600 2638 2599 
 2599 2638 2637 
 2601 2639 2600 
 2600 2639 2638 
 2602 2640 2601 
 2601 2640 2639 
 2603 2641 2602 
 2602 2641 2640 
 2604 2642 2603 
 2603 2642 2641 
 2605 2643 2604 
 2604 2643 2642 
 2606 2644 2605 
 2605 2644 2643 
 2607 2645 2606 
 2606 2645 2644 
 2608 2646 2607 
 2607 2646 2645 
 2609 2647 2608 
 2608 2647 2646 
 2610 2648 2609 
 2609 2648 2647 
 2611 2649 2610 
 2610 2649 2648 
 2612 2650 2611 
 2611 2650 2649 
 2613 2651 2612 
 2612 2651 2650 
 2614 2652 2613 
 2613 2652 2651 
 2615 2653 2614 
 2614 2653 2652 
 2616 2654 2615 
 2615 2654 2653 
 2617 2655 2616 
 2616 2655 2654 
 2656 2618 2621 
 2657 2619 2618 
 2656 2657 2618 
 2658 2620 2619 
 2657 2658 2619 
 2659 2656 2621 
 2659 2621 2622 
 2660 2659 2622 
 2660 2622 2623 
 2661 2660 2623 
 2661 2623 2624 
 2662 2661 2624 
 2662 2624 2625 
 2663 2662 2625 
 2663 2625 2626 
 2664 2663 2626 
 2664 2626 2627 
 2665 2664 2627 
 2665 2627 2628 
 2666 2665 2628 
 2666 2628 2629 
 2667 2666 2629 
 2667 2629 2630 
 2668 2667 2630 
 2668 2630 2631 
 2669 2668 2631 
 2669 2631 2632 
 2670 2669 2632 
 2670 2632 2633 
 2671 2670 2633 
 2671 2633 2634 
 2672 2671 2634 
 2672 2634 2635 
 2673 2672 2635 
 2673 2635 2636 
 2673 2636 2637 
 2638 2674 2637 
 2637 2674 2673 
 2639 2675 2638 
 2638 2675 2674 
 2640 2676 2639 
 2639 2676 2675 
 2641 2677 2640 
 2640 2677 2676 
 2642 2678 2641 
 2641 2678 2677 
 2643 2679 2642 
 2642 2679 2678 
 2644 2680 2643 
 2643 2680 2679 
 2645 2681 2644 
 2644 2681 2680 
 2646 2682 2645 
 2645 2682 2681 
 2647 2683 2646 
 2646 2683 2682 
 2648 2684 2647 
 2647 2684 2683 
 2649 2685 2648 
 2648 2685 2684 
 2650 2686 2649 
 2649 2686 2685 
 2651 2687 2650 
 2650 2687 2686 
 2652 2688 2651 
 2651 2688 2687 
 2653 2689 2652 
 2652 2689 2688 
 2654 2690 2653 
 2653 2690 2689 
 2655 2691 2654 
 2654 2691 2690 
 2692 2656 2659 
 2693 2657 2656 
 2692 2693 2656 
 2694 2658 2657 
 2693 2694 2657 
 2695 2692 2659 
 2695 2659 2660 
 2696 2695 2660 
 2696 2660 2661 
 2697 2696 2661 
 2697 2661 2662 
 2698 2697 2662 
 2698 2662 2663 
 2699 2698 2663 
 2699 2663 2664 
 2700 2699 2664 
 2700 2664 2665 
 2701 2700 2665 
 2701 2665 2666 
 2702 2701 2666 
 2702 2666 2667 
 2703 2702 2667 
 2703 2667 2668 
 2704 2703 2668 
 2704 2668 2669 
 2705 2704 2669 
 2705 2669 2670 
 2706 2705 2670 
 2706 2670 2671 
 2707 2706 2671 
 2707 2671 2672 
 2708 2707 2672 
 2708 2672 2673 
 2708 2673 2709 
 2674 2709 2673 
 2675 2710 2674 
 2674 2710 2709 
 2676 2711 2675 
 2675 2711 2710 
 2677 2712 2676 
 2676 2712 2711 
 2678 2713 2677 
 2677 2713 2712 
 2679 2714 2678 
 2678 2714 2713 
 2680 2715 2679 
 2679 2715 2714 
 2681 2716 2680 
 2680 2716 2715 
 2682 2717 2681 
 2681 2717 2716 
 2683 2718 2682 
 2682 2718 2717 
 2684 2719 2683 
 2683 2719 2718 
 2685 2720 2684 
 2684 2720 2719 
 2686 2721 2685 
 2685 2721 2720 
 2687 2722 2686 
 2686 2722 2721 
 2688 2723 2687 
 2687 2723 2722 
 2689 2724 2688 
 2688 2724 2723 
 2690 2725 2689 
 2689 2725 2724 
 2691 2726 2690 
 2690 2726 2725 
 2727 2692 2695 
 2728 2693 2692 
 2727 2728 2692 
 2729 2694 2693 
 2728 2729 2693 
 2730 2727 2695 
 2730 2695 2696 
 2731 2730 2696 
 2731 2696 2697 
 2732 2731 2697 
 2732 2697 2698 
 2733 2732 2698 
 2733 2698 2699 
 2734 2733 2699 
 2734 2699 2700 
 2735 2734 2700 
 2735 2700 2701 
 2736 2735 2701 
 2736 2701 2702 
 2737 2736 2702 
 2737 2702 2703 
 2738 2737 2703 
 2738 2703 2704 
 2739 2738 2704 
 2739 2704 2705 
 2740 2739 2705 
 2740 2705 2706 
 2741 2740 2706 
 2741 2706 2707 
 2742 2741 2707 
 2742 2707 2708 
 2742 2708 2743 
 2710 2743 2709 
 2709 2743 2708 
 2711 2744 2710 
 2710 2744 2743 
 2712 2745 2711 
 2711 2745 2744 
 2713 2746 2712 
 2712 2746 2745 
 2714 2747 2713 
 2713 2747 2746 
 2715 2748 2714 
 2714 2748 2747 
 2716 2749 2715 
 2715 2749 2748 
 2717 2750 2716 
 2716 2750 2749 
 2718 2751 2717 
 2717 2751 2750 
 2719 2752 2718 
 2718 2752 2751 
 2720 2753 2719 
 2719 2753 2752 
 2721 2754 2720 
 2720 2754 2753 
 2722 2755 2721 
 2721 2755 2754 
 2723 2756 2722 
 2722 2756 2755 
 2724 2757 2723 
 2723 2757 2756 
 2725 2758 2724 
 2724 2758 2757 
 2726 2759 2725 
 2725 2759 2758 
 2760 2727 2730 
 2761 2728 2727 
 2760 2761 2727 
 2762 2729 2728 
 2761 2762 2728 
 2763 2760 2730 
 2763 2730 2731 
 2764 2763 2731 
 2764 2731 2732 
 2765 2764 2732 
 2765 2732 2733 
 2766 2765 2733 
 2766 2733 2734 
 2767 2766 2734 
 2767 2734 2735 
 2768 2767 2735 
 2768 2735 2736 
 2769 2768 2736 
 2769 2736 2737 
 2770 2769 2737 
 2770 2737 2738 
 2771 2770 2738 
 2771 2738 2739 
 2772 2771 2739 
 2772 2739 2740 
 2773 2772 2740 
 2773 2740 2741 
 2774 2773 2741 
 2774 2741 2742 
 2775 2774 2742 
 2775 2742 2743 
 2744 2776 2743 
 2743 2776 2775 
 2745 2777 2744 
 2744 2777 2776 
 2746 2778 2745 
 2745 2778 2777 
 2747 2779 2746 
 2746 2779 2778 
 2748 2780 2747 
 2747 2780 2779 
 2749 2781 2748 
 2748 2781 2780 
 2750 2782 2749 
 2749 2782 2781 
 2751 2783 2750 
 2750 2783 2782 
 2752 2784 2751 
 2751 2784 2783 
 2753 2785 2752 
 2752 2785 2784 
 2754 2786 2753 
 2753 2786 2785 
 2755 2787 2754 
 2754 2787 2786 
 2756 2788 2755 
 2755 2788 2787 
 2757 2789 2756 
 2756 2789 2788 
 2758 2790 2757 
 2757 2790 2789 
 2759 2791 2758 
 2758 2791 2790 
 2792 2760 2763 
 2793 2761 2760 
 2792 2793 2760 
 2794 2762 2761 
 2793 2794 2761 
 2795 2792 2763 
 2795 2763 2764 
 2796 2795 2764 
 2796 2764 2765 
 2797 2796 2765 
 2797 2765 2766 
 2798 2797 2766 
 2798 2766 2767 
 2799 2798 2767 
 2799 2767 2768 
 2800 2799 2768 
 2800 2768 2769 
 2801 2800 2769 
 2801 2769 2770 
 2802 2801 2770 
 2802 2770 2771 
 2803 2802 2771 
 2803 2771 2772 
 2804 2803 2772 
 2804 2772 2773 
 2805 2804 2773 
 2805 2773 2774 
 2806 2805 2774 
 2806 2774 2775 
 2806 2775 2776 
 2777 2807 2776 
 2776 2807 2806 
 2778 2808 2777 
 2777 2808 2807 
 2779 2809 2778 
 2778 2809 2808 
 2780 2810 2779 
 2779 2810 2809 
 2781 2811 2780 
 2780 2811 2810 
 2782 2812 2781 
 2781 2812 2811 
 2783 2813 2782 
 2782 2813 2812 
 2784 2814 2783 
 2783 2814 2813 
 2785 2815 2784 
 2784 2815 2814 
 2786 2816 2785 
 2785 2816 2815 
 2787 2817 2786 
 2786 2817 2816 
 2788 2818 2787 
 2787 2818 2817 
 2789 2819 2788 
 2788 2819 2818 
 2790 2820 2789 
 2789 2820 2819 
 2791 2821 2790 
 2790 2821 2820 
 2822 2792 2795 
 2823 2793 2792 
 2822 2823 2792 
 2824 2794 2793 
 2823 2824 2793 
 2825 2822 2795 
 2825 2795 2796 
 2826 2825 2796 
 2826 2796 2797 
 2827 2826 2797 
 2827 2797 2798 
 2828 2827 2798 
 2828 2798 2799 
 2829 2828 2799 
 2829 2799 2800 
 2830 2829 2800 
 2830 2800 2801 
 2831 2830 2801 
 2831 2801 2802 
 2832 2831 2802 
 2832 2802 2803 
 2833 2832 2803 
 2833 2803 2804 
 2834 2833 2804 
 2834 2804 2805 
 2835 2834 2805 
 2835 2805 2806 
 2835 2806 2836 
 2807 2836 2806 
 2808 2837 2807 
 2807 2837 2836 
 2809 2838 2808 
 2808 2838 2837 
 2810 2839 2809 
 2809 2839 2838 
 2811 2840 2810 
 2810 2840 2839 
 2812 2841 2811 
 2811 2841 2840 
 2813 2842 2812 
 2812 2842 2841 
 2814 2843 2813 
 2813 2843 2842 
 2815 2844 2814 
 2814 2844 2843 
 2816 2845 2815 
 2815 2845 2844 
 2817 2846 2816 
 2816 2846 2845 
 2818 2847 2817 
 2817 2847 2846 
 2819 2848 2818 
 2818 2848 2847 
 2820 2849 2819 
 2819 2849 2848 
 2821 2850 2820 
 2820 2850 2849 
 2851 2822 2825 
 2852 2823 2822 
 2851 2852 2822 
 2853 2824 2823 
 2852 2853 2823 
 2854 2851 2825 
 2854 2825 2826 
 2855 2854 2826 
 2855 2826 2827 
 2856 2855 2827 
 2856 2827 2828 
 2857 2856 2828 
 2857 2828 2829 
 2858 2857 2829 
 2858 2829 2830 
 2859 2858 2830 
 2859 2830 2831 
 2860 2859 2831 
 2860 2831 2832 
 2861 2860 2832 
 2861 2832 2833 
 2862 2861 2833 
 2862 2833 2834 
 2863 2862 2834 
 2863 2834 2835 
 2863 2835 2864 
 2837 2864 2836 
 2836 2864 2835 
 2838 2865 2837 
 2837 2865 2864 
 2839 2866 2838 
 2838 2866 2865 
 2840 2867 2839 
 2839 2867 2866 
 2841 2868 2840 
 2840 2868 2867 
 2842 2869 2841 
 2841 2869 2868 
 2843 2870 2842 
 2842 2870 2869 
 2844 2871 2843 
 2843 2871 2870 
 2845 2872 2844 
 2844 2872 2871 
 2846 2873 2845 
 2845 2873 2872 
 2847 2874 2846 
 2846 2874 2873 
 2848 2875 2847 
 2847 2875 2874 
 2849 2876 2848 
 2848 2876 2875 
 2850 2877 2849 
 2849 2877 2876 
 2878 2851 2854 
 2879 2852 2851 
 2878 2879 2851 
 2880 2853 2852 
 2879 2880 2852 
 2881 2878 2854 
 2881 2854 2855 
 2882 2881 2855 
 2882 2855 2856 
 2883 2882 2856 
 2883 2856 2857 
 2884 2883 2857 
 2884 2857 2858 
 2885 2884 2858 
 2885 2858 2859 
 2886 2885 2859 
 2886 2859 2860 
 2887 2886 2860 
 2887 2860 2861 
 2888 2887 2861 
 2888 2861 2862 
 2889 2888 2862 
 2889 2862 2863 
 2890 2889 2863 
 2890 2863 2864 
 2865 2891 2864 
 2864 2891 2890 
 2866 2892 2865 
 2865 2892 2891 
 2867 2893 2866 
 2866 2893 2892 
 2868 2894 2867 
 2867 2894 2893 
 2869 2895 2868 
 2868 2895 2894 
 2870 2896 2869 
 2869 2896 2895 
 2871 2897 2870 
 2870 2897 2896 
 2872 2898 2871 
 2871 2898 2897 
 2873 2899 2872 
 2872 2899 2898 
 2874 2900 2873 
 2873 2900 2899 
 2875 2901 2874 
 2874 2901 2900 
 2876 2902 2875 
 2875 2902 2901 
 2877 2903 2876 
 2876 2903 2902 
 2904 2878 2881 
 2905 2879 2878 
 2904 2905 2878 
 2906 2880 2879 
 2905 2906 2879 
 2907 2904 2881 
 2907 2881 2882 
 2908 2907 2882 
 2908 2882 2883 
 2909 2908 2883 
 2909 2883 2884 
 2910 2909 2884 
 2910 2884 2885 
 2911 2910 2885 
 2911 2885 2886 
 2912 2887 2888 
 2913 2911 2886 
 2913 2886 2887 
 2912 2913 2887 
 2914 2912 2888 
 2914 2888 2889 
 2915 2914 2889 
 2915 2889 2890 
 2915 2890 2891 
 2892 2916 2891 
 2891 2916 2915 
 2893 2917 2892 
 2892 2917 2916 
 2894 2918 2893 
 2893 2918 2917 
 2895 2919 2894 
 2894 2919 2918 
 2896 2920 2895 
 2895 2920 2919 
 2897 2921 2896 
 2896 2921 2920 
 2898 2922 2897 
 2897 2922 2921 
 2899 2923 2898 
 2898 2923 2922 
 2900 2924 2899 
 2899 2924 2923 
 2901 2925 2900 
 2900 2925 2924 
 2902 2926 2901 
 2901 2926 2925 
 2903 2927 2902 
 2902 2927 2926 
 2928 2904 2907 
 2929 2905 2904 
 2928 2929 2904 
 2930 2906 2905 
 2929 2930 2905 
 2931 2928 2907 
 2931 2907 2908 
 2932 2931 2908 
 2932 2908 2909 
 2933 2932 2909 
 2933 2909 2910 
 2934 2933 2910 
 2934 2910 2911 
 2935 2934 2911 
 2935 2911 2913 
 2936 2912 2914 
 2937 2935 2913 
 2937 2913 2912 
 2936 2937 2912 
 2938 2936 2914 
 2938 2914 2915 
 2938 2915 2939 
 2916 2939 2915 
 2917 2940 2916 
 2916 2940 2939 
 2918 2941 2917 
 2917 2941 2940 
 2919 2942 2918 
 2918 2942 2941 
 2920 2943 2919 
 2919 2943 2942 
 2921 2944 2920 
 2920 2944 2943 
 2922 2945 2921 
 2921 2945 2944 
 2923 2946 2922 
 2922 2946 2945 
 2924 2947 2923 
 2923 2947 2946 
 2925 2948 2924 
 2924 2948 2947 
 2926 2949 2925 
 2925 2949 2948 
 2927 2950 2926 
 2926 2950 2949 
 2951 2928 2931 
 2952 2929 2928 
 2951 2952 2928 
 2953 2930 2929 
 2952 2953 2929 
 2954 2951 2931 
 2954 2931 2932 
 2955 2954 2932 
 2955 2932 2933 
 2956 2955 2933 
 2956 2933 2934 
 2957 2956 2934 
 2957 2934 2935 
 2958 2957 2935 
 2958 2935 2937 
 2959 2936 2938 
 2960 2958 2937 
 2960 2937 2936 
 2959 2960 2936 
 2959 2938 2961 
 2940 2961 2939 
 2939 2961 2938 
 2962 2959 2961 
 2941 2963 2940 
 2940 2963 2961 
 2942 2964 2941 
 2941 2964 2963 
 2943 2965 2942 
 2942 2965 2964 
 2944 2966 2943 
 2943 2966 2965 
 2945 2967 2944 
 2944 2967 2966 
 2946 2968 2945 
 2945 2968 2967 
 2947 2969 2946 
 2946 2969 2968 
 2948 2970 2947 
 2947 2970 2969 
 2949 2971 2948 
 2948 2971 2970 
 2950 2972 2949 
 2949 2972 2971 
 2973 2951 2954 
 2974 2952 2951 
 2973 2974 2951 
 2975 2953 2952 
 2974 2975 2952 
 2976 2973 2954 
 2976 2954 2955 
 2977 2976 2955 
 2977 2955 2956 
 2978 2977 2956 
 2978 2956 2957 
 2979 2978 2957 
 2979 2957 2958 
 2980 2979 2958 
 2980 2958 2960 
 2981 2980 2960 
 2981 2960 2959 
 2981 2959 2962 
 2963 2982 2961 
 2982 2981 2962 
 2961 2982 2962 
 2964 2983 2963 
 2963 2983 2982 
 2965 2984 2964 
 2964 2984 2983 
 2966 2985 2965 
 2965 2985 2984 
 2967 2986 2966 
 2966 2986 2985 
 2968 2987 2967 
 2967 2987 2986 
 2969 2988 2968 
 2968 2988 2987 
 2970 2989 2969 
 2969 2989 2988 
 2971 2990 2970 
 2970 2990 2989 
 2972 2991 2971 
 2971 2991 2990 
 2992 2973 2976 
 2993 2974 2973 
 2992 2993 2973 
 2994 2975 2974 
 2993 2994 2974 
 2995 2992 2976 
 2995 2976 2977 
 2996 2995 2977 
 2996 2977 2978 
 2997 2996 2978 
 2997 2978 2979 
 2998 2997 2979 
 2998 2979 2980 
 2999 2998 2980 
 2999 2980 2981 
 3000 2999 2981 
 3000 2981 2982 
 2983 3001 2982 
 2982 3001 3000 
 2984 3002 2983 
 3002 3001 2983 
 2985 3003 2984 
 2984 3003 3002 
 2986 3004 2985 
 2985 3004 3003 
 2987 3005 2986 
 2986 3005 3004 
 2988 3006 2987 
 2987 3006 3005 
 2989 3007 2988 
 2988 3007 3006 
 2990 3008 2989 
 2989 3008 3007 
 2991 3009 2990 
 2990 3009 3008 
 3010 2992 2995 
 3011 2993 2992 
 3010 3011 2992 
 3012 2994 2993 
 3011 3012 2993 
 3013 3010 2995 
 3013 2995 2996 
 3014 3013 2996 
 3014 2996 2997 
 3015 3014 2997 
 3015 2997 2998 
 3016 3015 2998 
 3016 2998 2999 
 3017 3016 2999 
 3017 2999 3000 
 3017 3000 3001 
 3002 3018 3001 
 3001 3018 3017 
 3003 3019 3002 
 3002 3019 3018 
 3004 3020 3003 
 3003 3020 3019 
 3005 3021 3004 
 3004 3021 3020 
 3006 3022 3005 
 3005 3022 3021 
 3007 3023 3006 
 3006 3023 3022 
 3008 3024 3007 
 3007 3024 3023 
 3009 3025 3008 
 3008 3025 3024 
 3026 3010 3013 
 3027 3011 3010 
 3026 3027 3010 
 3028 3012 3011 
 3027 3028 3011 
 3029 3026 3013 
 3029 3013 3014 
 3030 3029 3014 
 3030 3014 3015 
 3031 3030 3015 
 3031 3015 3016 
 3032 3031 3016 
 3032 3016 3017 
 3032 3017 3033 
 3018 3033 3017 
 3019 3034 3018 
 3018 3034 3033 
 3020 3035 3019 
 3019 3035 3034 
 3021 3036 3020 
 3036 3035 3020 
 3022 3037 3021 
 3021 3037 3036 
 3023 3038 3022 
 3022 3038 3037 
 3024 3039 3023 
 3023 3039 3038 
 3025 3040 3024 
 3024 3040 3039 
 3041 3026 3029 
 3042 3027 3026 
 3041 3042 3026 
 3043 3028 3027 
 3042 3043 3027 
 3044 3041 3029 
 3044 3029 3030 
 3045 3044 3030 
 3045 3030 3031 
 3046 3045 3031 
 3046 3031 3032 
 3034 3047 3033 
 3032 3033 3047 
 3047 3046 3032 
 3035 3048 3034 
 3034 3048 3047 
 3036 3049 3035 
 3035 3049 3048 
 3037 3050 3036 
 3036 3050 3049 
 3038 3051 3037 
 3037 3051 3050 
 3039 3052 3038 
 3038 3052 3051 
 3040 3053 3039 
 3039 3053 3052 
 3054 3041 3044 
 3055 3042 3041 
 3054 3055 3041 
 3056 3043 3042 
 3055 3056 3042 
 3057 3054 3044 
 3057 3044 3045 
 3058 3057 3045 
 3058 3045 3046 
 3059 3058 3046 
 3059 3046 3047 
 3048 3060 3047 
 3047 3060 3059 
 3049 3061 3048 
 3048 3061 3060 
 3050 3062 3049 
 3049 3062 3061 
 3051 3063 3050 
 3050 3063 3062 
 3052 3064 3051 
 3051 3064 3063 
 3053 3065 3052 
 3052 3065 3064 
 3066 3054 3057 
 3067 3055 3054 
 3066 3067 3054 
 3068 3056 3055 
 3067 3068 3055 
 3069 3066 3057 
 3069 3057 3058 
 3070 3069 3058 
 3070 3058 3059 
 3070 3059 3060 
 3061 3071 3060 
 3060 3071 3070 
 3062 3072 3061 
 3072 3071 3061 
 3063 3073 3062 
 3062 3073 3072 
 3064 3074 3063 
 3063 3074 3073 
 3065 3075 3064 
 3064 3075 3074 
 3076 3066 3069 
 3077 3067 3066 
 3076 3077 3066 
 3078 3068 3067 
 3077 3078 3067 
 3079 3076 3069 
 3079 3069 3070 
 3079 3070 3080 
 3071 3080 3070 
 3072 3081 3071 
 3071 3081 3080 
 3073 3082 3072 
 3072 3082 3081 
 3074 3083 3073 
 3073 3083 3082 
 3075 3084 3074 
 3074 3084 3083 
 3085 3076 3079 
 3086 3077 3076 
 3085 3086 3076 
 3087 3078 3077 
 3086 3087 3077 
 3085 3079 3088 
 3081 3088 3080 
 3080 3088 3079 
 3082 3089 3081 
 3081 3089 3088 
 3083 3090 3082 
 3082 3090 3089 
 3084 3091 3083 
 3083 3091 3090 
 3092 3085 3088 
 3093 3086 3085 
 3092 3093 3085 
 3094 3087 3086 
 3093 3094 3086 
 3089 3095 3088 
 3088 3095 3092 
 3090 3096 3089 
 3089 3096 3095 
 3091 3097 3090 
 3090 3097 3096 
 3098 3093 3092 
 3098 3092 3095 
 3099 3094 3093 
 3098 3099 3093 
 3096 3100 3095 
 3095 3100 3098 
 3097 3101 3096 
 3096 3101 3100 
 3100 3102 3098 
 3103 3099 3098 
 3103 3098 3102 
 3101 3104 3100 
 3100 3104 3102 
 3104 3105 3102 
 3105 3103 3102 
 