  0.04242162206
  0.04355415670
  0.04574420565
  0.04969648423
  0.05274736276
  0.04359385388
  0.04644224481
  0.03914733745
  0.03758765673
  0.04254569115
  0.04661292014
  0.04179021174
  0.03781301549
  0.03933683406
  0.04111222665
  0.03565803063
  0.03310231377
  0.03675999411
  0.04145709176
  0.04238523182
  0.03677222738
  0.03614613980
  0.03764333396
  0.03785504656
  0.03539793476
  0.03143895429
  0.03273796054
  0.03610513025
  0.03830181070
  0.03892939957
  0.03546344968
  0.03329655577
  0.03532501115
  0.03617881240
  0.03566741584
  0.03245382298
  0.03205274854
  0.03271616710
  0.03410219013
  0.03459436048
  0.03482453227
  0.03247836136
  0.03233871568
  0.02980617335
  0.03104319561
  0.03175679966
  0.03047279401
  0.03073036349
  0.02968862468
  0.02958065731
  0.02843666524
  0.02717570590
  0.02576803331
  0.02731073553
  0.02869010612
  0.02692369510
  0.02696728329
  0.02831338794
  0.02890069981
  0.02816786772
  0.02742385194
  0.02615044291
  0.02524873676
  0.02396005086
  0.02279643043
  0.02273387769
  0.02229180830
  0.02387571278
  0.02395739135
  0.02252426335
  0.02230334210
  0.02204226069
  0.02033959590
  0.02110667332
  0.02120578518
  0.02053738989
  0.01809209222
  0.01747248896
  0.01874782281
  0.01751824435
  0.01802689151
  0.01734693374
  0.01833522721
  0.01786428624
  0.01868155201
  0.01990993339
  0.02046380108
  0.01929765583
  0.01794073457
  0.01673937440
  0.01780307568
  0.01930826573
  0.01925135101
  0.01808495946
  0.01534421804
  0.01412358417
  0.01543846844
  0.01790090614
  0.01767957206
  0.01579573969
  0.01652611847
  0.01670081152
  0.01668737469
  0.01459944080
  0.01176796089
  0.01364209517
  0.01228262838
  0.01244800457
  0.01311865082
  0.01362090168
  0.01254973939
  0.01225017332
  0.01406319490
  0.01321416010
  0.01227442837
  0.01308219044
  0.01144268620
  0.01222590454
  0.01151907551
  0.01136398017
  0.01179485312
  0.00954320518
  0.01040764575
  0.01216345285
  0.01172098954
  0.01071497300
  0.00996329894
  0.01060714579
  0.00915005066
  0.00890953167
  0.01035574139
  0.01143062649
  0.01204490219
  0.01001267147
  0.01046835288
  0.00971878434
  0.00934518561
  0.00863289193
  0.00996368069
  0.01070248839
  0.01076676365
  0.00917351827
  0.00858982564
  0.01025595749
  0.01014078453
  0.00980901383
  0.00819858461
  0.00873702808
  0.00979353042
  0.01155731044
  0.01050109116
  0.01019601314
  0.01045189279
  0.01158263525
  0.01127201919
  0.00995380997
  0.00814027464
  0.00802570651
  0.00843150321
  0.00964606779
  0.00956860165
  0.01092263860
  0.00992571288
  0.00820828311
  0.00809920188
  0.00968161821
  0.01051007419
  0.00874079936
  0.00807872230
  0.00853644652
  0.00970184022
  0.01154794417
  0.01111355845
  0.01093593376
  0.01059820521
  0.01043790999
  0.00973063334
  0.00875409656
  0.00885273373
  0.00680200413
  0.00625191276
  0.00584316162
  0.00614386427
  0.00670726762
  0.00674967855
  0.00631867157
  0.00589543397
  0.00626475998
  0.00486507265
  0.00476553185
  0.00470367165
  0.00507383022
  0.00576285161
  0.00643109494
  0.00675588353
  0.00668028274
  0.00753715751
  0.00697895959
  0.00713392351
  0.00684651836
