  0.80496516623
  0.80882474171
  0.81321100244
  0.81833524898
  0.82363333235
  0.82858145107
  0.83237945157
  0.83788730001
  0.84405247889
  0.84970957375
  0.85495366083
  0.86037867646
  0.86533858035
  0.86975545757
  0.87408872922
  0.87896522874
  0.88476364520
  0.89080163137
  0.89665962912
  0.90233211508
  0.90789966979
  0.91309394462
  0.91805205061
  0.92303209344
  0.92814608084
  0.93338122583
  0.93901855298
  0.94513933716
  0.95154287574
  0.95783387089
  0.96406891254
  0.97043240518
  0.97654117897
  0.98276532714
  0.98918926029
  0.99577247583
  1.00224718735
  1.00906432204
  1.01626528008
  1.02364655351
  1.03065795516
  1.03745523004
  1.04406899997
  1.05085253645
  1.05750183890
  1.06438822193
  1.07146509592
  1.07824451565
  1.08480508154
  1.09101031615
  1.09731587503
  1.10382813519
  1.11063668791
  1.11730046539
  1.12401259558
  1.13114671615
  1.13816586622
  1.14551004459
  1.15302428990
  1.16045503076
  1.16755305723
  1.17431343840
  1.18079016138
  1.18706422525
  1.19318784141
  1.19930668729
  1.20570726279
  1.21161686545
  1.21765939008
  1.22355530787
  1.22909719686
  1.23472010533
  1.24055168987
  1.24610436049
  1.25193556394
  1.25773791732
  1.26291931693
  1.26737116672
  1.27154630659
  1.27631683791
  1.28106113619
  1.28606073567
  1.29113289811
  1.29658661533
  1.30194450908
  1.30748764948
  1.31330868034
  1.31931414384
  1.32492075129
  1.33040480186
  1.33561109250
  1.34077737001
  1.34617526398
  1.35128736617
  1.35573986025
  1.35947143388
  1.36321962145
  1.36751554335
  1.37288503546
  1.37815678711
  1.38259108690
  1.38662500062
  1.39066304732
  1.39462705484
  1.39827239216
  1.40111143084
  1.40466501148
  1.40811706049
  1.41151316727
  1.41469173601
  1.41805226084
  1.42134255431
  1.42414997499
  1.42756730869
  1.43076818702
  1.43350039515
  1.43641153236
  1.43897681532
  1.44173426224
  1.44447928215
  1.44711571462
  1.44971798165
  1.45176137664
  1.45401254929
  1.45672629265
  1.45951514432
  1.46222503585
  1.46486143713
  1.46778404030
  1.46999151981
  1.47218600750
  1.47486972453
  1.47796695968
  1.48123299810
  1.48356878356
  1.48580770580
  1.48756885713
  1.48912590372
  1.49054197999
  1.49235174419
  1.49452259266
  1.49657169729
  1.49819210991
  1.49972452510
  1.50166454651
  1.50372377701
  1.50593703876
  1.50770419952
  1.50925998459
  1.51138953467
  1.51410727649
  1.51614624317
  1.51794833647
  1.51976935317
  1.52185759794
  1.52385140475
  1.52573723323
  1.52713612320
  1.52843291190
  1.52987738068
  1.53158587906
  1.53349441147
  1.53569050611
  1.53797482282
  1.53914173272
  1.54013058431
  1.54144138804
  1.54317985938
  1.54488404635
  1.54647646688
  1.54811211454
  1.55000024802
  1.55243003037
  1.55447981419
  1.55606393342
  1.55756896070
  1.55916982782
  1.56089282666
  1.56229138934
  1.56367428300
  1.56461415487
  1.56548222617
  1.56640721376
  1.56748734728
  1.56875730628
  1.56991812614
  1.57098566756
  1.57179361361
  1.57250598556
  1.57311448518
  1.57377273175
  1.57453694167
  1.57546383164
  1.57665860794
  1.57781950287
  1.57905295849
  1.58025879126
  1.58152514084
  1.58231267049
  1.58317888468
