  0.27433337325
  0.34944844036
  0.24542785233
  0.17488902059
  0.17479703235
  0.15337084946
  0.13056303478
  0.10583961765
  0.06728397914
  0.04085484987
  0.02454391429
  0.01722246767
  0.01381478237
  0.01212093656
  0.01020753337
  0.00729203439
  0.00448946136
  0.00325352371
  0.00311452968
  0.00235506861
  0.00225754671
  0.00227726392
  0.00203339284
  0.00191066050
  0.00199984847
  0.00211970581
  0.00227559751
  0.00247491842
  0.00272273895
  0.00305200719
  0.00349981775
  0.00410620827
  0.00334386276
  0.00207974317
  0.00202411520
  0.00200925360
  0.00200307006
  0.00200463193
  0.00201096815
  0.00198897759
  0.00189026996
  0.00183638418
  0.00177459495
  0.00176654676
  0.00172599867
  0.00166952559
  0.00166571245
  0.00162656952
  0.00162665127
  0.00163314526
  0.00161094739
  0.00161665845
  0.00163263679
  0.00161263266
  0.00161045802
  0.00162908149
  0.00164955425
  0.00167189467
  0.00169589737
  0.00172096008
  0.00173736522
  0.00171687496
  0.00171543919
  0.00172136697
  0.00170682932
  0.00168738150
  0.00169492847
  0.00170719729
  0.00172169445
  0.00173699404
  0.00172713013
  0.00169184120
  0.00168813161
  0.00168571011
  0.00163843214
  0.00163642268
  0.00164084487
  0.00164504346
  0.00160201526
  0.00157945322
  0.00152770971
  0.00143578184
  0.00127613859
  0.00111849017
  0.00099539039
  0.00087210307
  0.00078982432
  0.00061277106
  0.00040464139
  0.00038348472
  0.00036672823
  0.00035056077
  0.00033504371
  0.00032033455
  0.00030625548
  0.00029243859
  0.00027808086
  0.00026215624
  0.00024712667
  0.00023715756
