90 4
0 15
0 1 
1 4 
4 9 
9 16 
16 21 
21 30 
30 32 
32 43 
43 56 
56 59 
59 74 
74 76 
76 95 
95 96 
96 118 

1 30
3 0 
5 3 
8 5 
14 8 
22 14 
33 22 
45 33 
60 45 
77 60 
97 77 
119 97 
141 119 
162 141 
182 162 
202 182 
222 202 
242 222 
262 242 
282 262 
302 282 
303 302 
323 303 
324 323 
345 324 
346 345 
368 346 
369 368 
392 369 
393 392 
419 393 

2 30
118 140 
140 161 
161 181 
181 201 
201 221 
221 241 
241 261 
261 281 
281 301 
301 322 
322 344 
344 367 
367 391 
391 416 
416 441 
441 464 
464 486 
486 506 
506 524 
524 540 
540 555 
555 568 
568 580 
580 590 
590 599 
599 606 
606 612 
612 616 
616 619 
619 620 

3 15
443 419 
466 443 
488 466 
508 488 
526 508 
542 526 
557 542 
570 557 
582 570 
592 582 
601 592 
608 601 
614 608 
618 614 
620 618 

