180 4
0 30
0 621 
621 1 
1 622 
622 4 
4 623 
623 9 
9 624 
624 16 
16 625 
625 21 
21 626 
626 30 
30 627 
627 32 
32 628 
628 43 
43 629 
629 56 
56 630 
630 59 
59 631 
631 74 
74 632 
632 76 
76 633 
633 95 
95 634 
634 96 
96 635 
635 118 

1 60
3 636 
636 0 
5 637 
637 3 
8 638 
638 5 
14 639 
639 8 
22 640 
640 14 
33 641 
641 22 
45 642 
642 33 
60 643 
643 45 
77 644 
644 60 
97 645 
645 77 
119 646 
646 97 
141 647 
647 119 
162 648 
648 141 
182 649 
649 162 
202 650 
650 182 
222 651 
651 202 
242 652 
652 222 
262 653 
653 242 
282 654 
654 262 
302 655 
655 282 
303 656 
656 302 
323 657 
657 303 
324 658 
658 323 
345 659 
659 324 
346 660 
660 345 
368 661 
661 346 
369 662 
662 368 
392 663 
663 369 
393 664 
664 392 
419 665 
665 393 

2 60
118 666 
666 140 
140 667 
667 161 
161 668 
668 181 
181 669 
669 201 
201 670 
670 221 
221 671 
671 241 
241 672 
672 261 
261 673 
673 281 
281 674 
674 301 
301 675 
675 322 
322 676 
676 344 
344 677 
677 367 
367 678 
678 391 
391 679 
679 416 
416 680 
680 441 
441 681 
681 464 
464 682 
682 486 
486 683 
683 506 
506 684 
684 524 
524 685 
685 540 
540 686 
686 555 
555 687 
687 568 
568 688 
688 580 
580 689 
689 590 
590 690 
690 599 
599 691 
691 606 
606 692 
692 612 
612 693 
693 616 
616 694 
694 619 
619 695 
695 620 

3 30
443 696 
696 419 
466 697 
697 443 
488 698 
698 466 
508 699 
699 488 
526 700 
700 508 
542 701 
701 526 
557 702 
702 542 
570 703 
703 557 
582 704 
704 570 
592 705 
705 582 
601 706 
706 592 
608 707 
707 601 
614 708 
708 608 
618 709 
709 614 
620 710 
710 618 

