1150 
1 0 2 
 0 3 2 
 4 1 6 
 6 1 2 
 3 5 7 
 3 7 2 
 6 2 7 
 9 4 10 
 10 4 6 
 5 8 11 
 7 5 11 
 10 6 12 
 12 6 7 
 7 11 13 
 7 13 12 
 8 14 15 
 11 8 15 
 16 9 17 
 17 9 10 
 17 10 18 
 18 10 12 
 11 15 19 
 13 11 19 
 18 12 20 
 13 19 20 
 20 12 13 
 14 22 23 
 15 14 23 
 15 23 24 
 19 15 24 
 21 16 25 
 25 16 17 
 25 17 26 
 26 17 18 
 26 18 27 
 27 18 20 
 19 24 28 
 19 28 20 
 27 20 29 
 29 20 28 
 30 21 31 
 31 21 25 
 22 33 34 
 23 22 34 
 23 34 35 
 24 23 35 
 24 35 36 
 28 24 36 
 31 25 37 
 37 25 26 
 37 26 38 
 38 26 27 
 38 27 39 
 39 27 29 
 28 36 40 
 28 40 29 
 39 29 40 
 32 30 41 
 41 30 31 
 41 31 42 
 42 31 37 
 43 32 44 
 44 32 41 
 33 45 46 
 34 33 46 
 34 46 47 
 35 34 47 
 35 47 48 
 36 35 48 
 36 48 49 
 40 36 49 
 42 37 50 
 50 37 38 
 50 38 51 
 51 38 39 
 51 39 52 
 52 39 40 
 40 49 53 
 40 53 52 
 44 41 54 
 54 41 42 
 54 42 55 
 55 42 50 
 56 43 57 
 57 43 44 
 57 44 58 
 58 44 54 
 45 60 61 
 46 45 61 
 46 61 62 
 47 46 62 
 47 62 63 
 48 47 63 
 48 63 64 
 49 48 64 
 49 64 65 
 53 49 65 
 55 50 66 
 66 50 51 
 66 51 67 
 67 51 52 
 67 52 68 
 53 65 68 
 68 52 53 
 58 54 69 
 69 54 55 
 69 55 70 
 70 55 66 
 59 56 71 
 71 56 57 
 71 57 72 
 72 57 58 
 72 58 73 
 73 58 69 
 74 59 75 
 75 59 71 
 60 77 78 
 61 60 78 
 61 78 79 
 62 61 79 
 62 79 80 
 63 62 80 
 63 80 81 
 64 63 81 
 64 81 82 
 65 64 82 
 65 82 83 
 68 65 83 
 70 66 84 
 84 66 67 
 84 67 85 
 85 67 68 
 85 68 86 
 83 86 68 
 73 69 87 
 87 69 70 
 87 70 88 
 88 70 84 
 75 71 89 
 89 71 72 
 90 73 87 
 89 72 91 
 91 72 73 
 91 73 90 
 76 74 92 
 92 74 75 
 92 75 93 
 93 75 89 
 94 76 92 
 95 76 94 
 77 97 98 
 78 77 98 
 78 98 99 
 79 78 99 
 79 99 100 
 80 79 100 
 80 100 101 
 81 80 101 
 81 101 102 
 82 81 102 
 82 102 103 
 83 82 103 
 83 103 104 
 83 104 86 
 88 84 105 
 105 84 85 
 105 85 106 
 106 85 86 
 106 86 104 
 90 87 107 
 107 87 88 
 107 88 108 
 108 88 105 
 109 90 107 
 93 89 110 
 110 89 91 
 110 91 111 
 111 91 90 
 111 90 109 
 93 110 112 
 94 92 113 
 113 92 93 
 113 93 114 
 93 112 114 
 115 94 113 
 96 95 116 
 116 95 94 
 116 94 115 
 117 96 116 
 118 96 117 
 97 119 120 
 98 97 120 
 98 120 121 
 99 98 121 
 99 121 122 
 100 99 122 
 100 122 123 
 101 100 123 
 101 123 124 
 102 101 124 
 102 124 125 
 103 102 125 
 103 125 126 
 104 103 126 
 104 126 127 
 128 106 104 
 104 127 128 
 108 105 129 
 129 105 106 
 129 106 128 
 109 107 130 
 130 107 108 
 130 108 131 
 108 129 131 
 132 109 130 
 111 109 133 
 133 109 132 
 112 110 134 
 110 111 134 
 134 111 135 
 111 133 135 
 112 134 136 
 112 136 114 
 115 113 137 
 137 113 114 
 137 114 136 
 116 115 138 
 115 137 138 
 139 117 116 
 138 139 116 
 140 118 117 
 139 140 117 
 119 141 142 
 120 119 142 
 120 142 143 
 121 120 143 
 121 143 144 
 122 121 144 
 122 144 145 
 123 122 145 
 123 145 146 
 124 123 146 
 124 146 147 
 125 124 147 
 125 147 148 
 126 125 148 
 126 148 149 
 127 126 149 
 127 149 150 
 151 128 127 
 127 150 151 
 129 128 152 
 152 128 151 
 129 152 153 
 153 131 129 
 132 130 154 
 154 130 131 
 154 131 153 
 133 132 155 
 132 154 155 
 156 135 133 
 155 156 133 
 157 136 134 
 156 157 135 
 157 134 135 
 158 137 136 
 157 158 136 
 159 138 137 
 158 159 137 
 160 139 138 
 160 138 159 
 161 140 139 
 160 161 139 
 141 162 163 
 142 141 163 
 142 163 164 
 143 142 164 
 143 164 165 
 144 143 165 
 144 165 166 
 145 144 166 
 145 166 167 
 146 145 167 
 146 167 168 
 147 146 168 
 147 168 169 
 148 147 169 
 148 169 170 
 149 148 170 
 149 170 171 
 150 149 171 
 152 151 172 
 150 171 172 
 151 150 172 
 173 153 152 
 172 173 152 
 174 154 153 
 173 174 153 
 175 155 154 
 174 175 154 
 176 156 155 
 175 176 155 
 177 157 156 
 176 177 156 
 178 158 157 
 177 178 157 
 179 159 158 
 178 179 158 
 180 160 159 
 179 180 159 
 181 161 160 
 180 181 160 
 162 182 183 
 163 162 183 
 163 183 184 
 164 163 184 
 164 184 185 
 165 164 185 
 165 185 186 
 166 165 186 
 166 186 187 
 167 166 187 
 167 187 188 
 168 167 188 
 168 188 189 
 169 168 189 
 169 189 190 
 170 169 190 
 170 190 191 
 171 170 191 
 192 172 171 
 192 171 191 
 193 173 172 
 193 172 192 
 194 174 173 
 193 194 173 
 195 175 174 
 194 195 174 
 196 176 175 
 195 196 175 
 197 177 176 
 196 197 176 
 198 178 177 
 197 198 177 
 199 179 178 
 198 199 178 
 200 180 179 
 199 200 179 
 201 181 180 
 200 201 180 
 182 202 203 
 183 182 203 
 183 203 204 
 184 183 204 
 184 204 205 
 185 184 205 
 185 205 206 
 186 185 206 
 186 206 207 
 187 186 207 
 187 207 208 
 188 187 208 
 188 208 209 
 189 188 209 
 189 209 210 
 190 189 210 
 190 210 211 
 191 190 211 
 212 192 191 
 191 211 212 
 213 193 192 
 212 213 192 
 214 194 193 
 213 214 193 
 215 195 194 
 214 215 194 
 216 196 195 
 215 216 195 
 217 197 196 
 216 217 196 
 218 198 197 
 217 218 197 
 219 199 198 
 218 219 198 
 220 200 199 
 219 220 199 
 221 201 200 
 220 221 200 
 202 222 223 
 203 202 223 
 203 223 224 
 204 203 224 
 204 224 225 
 205 204 225 
 205 225 226 
 206 205 226 
 206 226 227 
 207 206 227 
 207 227 228 
 208 207 228 
 208 228 229 
 209 208 229 
 209 229 230 
 210 209 230 
 210 230 231 
 211 210 231 
 211 231 232 
 232 212 211 
 233 213 212 
 232 233 212 
 234 214 213 
 233 234 213 
 235 215 214 
 234 235 214 
 236 216 215 
 235 236 215 
 237 217 216 
 236 237 216 
 238 218 217 
 237 238 217 
 239 219 218 
 238 239 218 
 240 220 219 
 239 240 219 
 241 221 220 
 240 241 220 
 222 242 243 
 223 222 243 
 223 243 244 
 224 223 244 
 224 244 245 
 225 224 245 
 225 245 246 
 226 225 246 
 226 246 247 
 227 226 247 
 227 247 248 
 228 227 248 
 228 248 249 
 229 228 249 
 229 249 250 
 230 229 250 
 230 250 251 
 231 230 251 
 252 232 231 
 252 231 251 
 253 233 232 
 252 253 232 
 254 234 233 
 253 254 233 
 255 235 234 
 254 255 234 
 256 236 235 
 255 256 235 
 257 237 236 
 256 257 236 
 258 238 237 
 257 258 237 
 259 239 238 
 258 259 238 
 260 240 239 
 259 260 239 
 261 241 240 
 260 261 240 
 242 262 263 
 243 242 263 
 243 263 264 
 244 243 264 
 244 264 265 
 245 244 265 
 245 265 266 
 246 245 266 
 246 266 267 
 247 246 267 
 247 267 268 
 248 247 268 
 248 268 269 
 249 248 269 
 249 269 270 
 250 249 270 
 250 270 271 
 251 250 271 
 251 271 272 
 272 252 251 
 273 253 252 
 272 273 252 
 274 254 253 
 273 274 253 
 275 255 254 
 274 275 254 
 276 256 255 
 275 276 255 
 277 257 256 
 276 277 256 
 278 258 257 
 277 278 257 
 279 259 258 
 278 279 258 
 280 260 259 
 279 280 259 
 281 261 260 
 280 281 260 
 262 282 283 
 263 262 283 
 263 283 284 
 264 263 284 
 264 284 285 
 265 264 285 
 265 285 286 
 266 265 286 
 266 286 287 
 267 266 287 
 267 287 288 
 268 267 288 
 268 288 289 
 269 268 289 
 269 289 290 
 270 269 290 
 270 290 291 
 271 270 291 
 292 272 271 
 292 271 291 
 293 273 272 
 292 293 272 
 294 274 273 
 293 294 273 
 295 275 274 
 294 295 274 
 296 276 275 
 295 296 275 
 297 277 276 
 296 297 276 
 298 278 277 
 297 298 277 
 299 279 278 
 298 299 278 
 300 280 279 
 299 300 279 
 301 281 280 
 300 301 280 
 282 302 304 
 283 282 304 
 283 304 305 
 284 283 305 
 284 305 306 
 285 284 306 
 285 306 307 
 286 285 307 
 286 307 308 
 287 286 308 
 287 308 309 
 288 287 309 
 288 309 310 
 289 288 310 
 289 310 311 
 290 289 311 
 290 311 312 
 291 290 312 
 291 312 313 
 313 292 291 
 314 293 292 
 313 314 292 
 315 294 293 
 314 315 293 
 316 295 294 
 315 316 294 
 317 296 295 
 316 317 295 
 318 297 296 
 317 318 296 
 319 298 297 
 318 319 297 
 320 299 298 
 319 320 298 
 321 300 299 
 320 321 299 
 322 301 300 
 321 322 300 
 302 303 325 
 304 302 325 
 303 323 326 
 325 303 326 
 304 325 327 
 305 304 327 
 305 327 328 
 306 305 328 
 306 328 329 
 307 306 329 
 307 329 330 
 308 307 330 
 308 330 331 
 309 308 331 
 309 331 332 
 310 309 332 
 310 332 333 
 311 310 333 
 311 333 334 
 312 311 334 
 335 313 312 
 335 312 334 
 336 314 313 
 335 336 313 
 337 315 314 
 336 337 314 
 338 316 315 
 337 338 315 
 339 317 316 
 338 339 316 
 340 318 317 
 339 340 317 
 341 319 318 
 340 341 318 
 342 320 319 
 341 342 319 
 343 321 320 
 342 343 320 
 344 322 321 
 343 344 321 
 323 324 347 
 326 323 347 
 324 345 348 
 347 324 348 
 325 326 349 
 327 325 349 
 326 347 350 
 349 326 350 
 327 349 351 
 328 327 351 
 328 351 352 
 329 328 352 
 329 352 353 
 330 329 353 
 330 353 354 
 331 330 354 
 331 354 355 
 332 331 355 
 332 355 356 
 333 332 356 
 333 356 357 
 334 333 357 
 334 357 358 
 358 335 334 
 359 336 335 
 358 359 335 
 360 337 336 
 359 360 336 
 361 338 337 
 360 361 337 
 362 339 338 
 361 362 338 
 363 340 339 
 362 363 339 
 364 341 340 
 363 364 340 
 365 342 341 
 364 365 341 
 366 343 342 
 365 366 342 
 367 344 343 
 366 367 343 
 345 346 370 
 348 345 370 
 346 368 371 
 370 346 371 
 347 348 372 
 350 347 372 
 348 370 373 
 372 348 373 
 349 350 374 
 351 349 374 
 350 372 375 
 374 350 375 
 351 374 376 
 352 351 376 
 352 376 377 
 353 352 377 
 353 377 378 
 354 353 378 
 354 378 379 
 355 354 379 
 355 379 380 
 356 355 380 
 356 380 381 
 357 356 381 
 382 358 357 
 382 357 381 
 383 359 358 
 382 383 358 
 384 360 359 
 383 384 359 
 385 361 360 
 384 385 360 
 386 362 361 
 385 386 361 
 387 363 362 
 386 387 362 
 388 364 363 
 387 388 363 
 389 365 364 
 388 389 364 
 390 366 365 
 389 390 365 
 391 367 366 
 390 391 366 
 369 392 394 
 368 369 395 
 371 368 395 
 395 369 394 
 370 371 396 
 373 370 396 
 371 395 397 
 396 371 397 
 372 373 398 
 375 372 398 
 373 396 399 
 398 373 399 
 374 375 400 
 376 374 400 
 375 398 401 
 400 375 401 
 376 400 402 
 377 376 402 
 377 402 403 
 378 377 403 
 378 403 404 
 379 378 404 
 379 404 405 
 380 379 405 
 380 405 406 
 381 380 406 
 381 406 407 
 407 382 381 
 408 383 382 
 407 408 382 
 409 384 383 
 408 409 383 
 410 385 384 
 409 410 384 
 411 386 385 
 410 411 385 
 412 387 386 
 411 412 386 
 413 388 387 
 412 413 387 
 414 389 388 
 413 414 388 
 415 390 389 
 414 415 389 
 416 391 390 
 415 416 390 
 392 393 417 
 394 392 417 
 417 393 418 
 393 419 418 
 394 417 420 
 395 394 421 
 397 395 421 
 421 394 420 
 396 397 422 
 399 396 422 
 397 421 423 
 422 397 423 
 398 399 424 
 401 398 424 
 399 422 425 
 424 399 425 
 400 401 426 
 402 400 426 
 401 424 427 
 426 401 427 
 402 426 428 
 403 402 428 
 403 428 429 
 404 403 429 
 404 429 430 
 405 404 430 
 405 430 431 
 406 405 431 
 432 407 406 
 432 406 431 
 433 408 407 
 432 433 407 
 434 409 408 
 433 434 408 
 435 410 409 
 434 435 409 
 436 411 410 
 435 436 410 
 437 412 411 
 436 437 411 
 438 413 412 
 437 438 412 
 439 414 413 
 438 439 413 
 440 415 414 
 439 440 414 
 441 416 415 
 440 441 415 
 417 418 442 
 420 417 442 
 419 443 418 
 443 442 418 
 442 444 420 
 421 420 445 
 423 421 445 
 445 420 444 
 422 423 446 
 425 422 446 
 423 445 447 
 446 423 447 
 425 446 448 
 424 425 449 
 427 424 449 
 449 425 448 
 426 427 450 
 428 426 450 
 427 449 451 
 450 427 451 
 428 450 452 
 429 428 452 
 429 452 453 
 430 429 453 
 430 453 454 
 431 430 454 
 431 454 455 
 455 432 431 
 456 433 432 
 455 456 432 
 457 434 433 
 456 457 433 
 458 435 434 
 457 458 434 
 459 436 435 
 458 459 435 
 460 437 436 
 459 460 436 
 461 438 437 
 460 461 437 
 462 439 438 
 461 462 438 
 463 440 439 
 462 463 439 
 464 441 440 
 463 464 440 
 442 465 444 
 443 466 442 
 442 466 465 
 444 465 467 
 444 467 445 
 467 468 445 
 447 445 468 
 468 469 447 
 446 447 469 
 448 446 469 
 469 470 448 
 449 448 471 
 451 449 471 
 471 448 470 
 450 451 472 
 452 450 472 
 451 471 473 
 472 451 473 
 452 472 474 
 453 452 474 
 474 472 475 
 453 474 476 
 454 453 476 
 455 454 477 
 454 476 477 
 478 456 455 
 477 478 455 
 479 457 456 
 478 479 456 
 480 458 457 
 479 480 457 
 481 459 458 
 480 481 458 
 482 460 459 
 481 482 459 
 483 461 460 
 482 483 460 
 484 462 461 
 483 484 461 
 485 463 462 
 484 485 462 
 486 464 463 
 485 486 463 
 465 487 467 
 466 488 465 
 465 488 487 
 467 487 489 
 467 489 468 
 468 489 490 
 468 490 469 
 469 490 491 
 469 491 470 
 470 491 492 
 470 492 471 
 493 473 471 
 471 492 493 
 493 494 473 
 472 473 494 
 472 494 475 
 495 477 476 
 494 496 475 
 474 475 496 
 476 474 496 
 496 497 476 
 476 497 495 
 498 478 477 
 495 498 477 
 499 479 478 
 498 499 478 
 500 480 479 
 499 500 479 
 501 481 480 
 500 501 480 
 502 482 481 
 501 502 481 
 503 483 482 
 502 503 482 
 504 484 483 
 503 504 483 
 505 485 484 
 504 505 484 
 506 486 485 
 505 506 485 
 487 507 489 
 488 508 487 
 487 508 507 
 489 507 509 
 489 509 490 
 490 509 510 
 490 510 491 
 491 510 511 
 491 511 492 
 492 511 512 
 492 512 493 
 493 512 513 
 493 513 494 
 494 513 514 
 494 514 496 
 515 498 495 
 515 495 497 
 496 514 516 
 496 516 497 
 497 516 515 
 517 499 498 
 515 517 498 
 518 500 499 
 517 518 499 
 519 501 500 
 518 519 500 
 520 502 501 
 519 520 501 
 521 503 502 
 520 521 502 
 522 504 503 
 521 522 503 
 523 505 504 
 522 523 504 
 524 506 505 
 523 524 505 
 507 525 509 
 508 526 507 
 507 526 525 
 509 525 527 
 509 527 510 
 510 527 528 
 510 528 511 
 511 528 529 
 511 529 512 
 512 529 530 
 512 530 513 
 513 530 531 
 513 531 514 
 514 531 532 
 514 532 516 
 533 517 515 
 516 532 533 
 533 515 516 
 534 518 517 
 533 534 517 
 535 519 518 
 534 535 518 
 536 520 519 
 535 536 519 
 537 521 520 
 536 537 520 
 538 522 521 
 537 538 521 
 539 523 522 
 538 539 522 
 540 524 523 
 539 540 523 
 525 541 527 
 526 542 525 
 525 542 541 
 527 541 543 
 527 543 528 
 528 543 544 
 528 544 529 
 529 544 545 
 529 545 530 
 545 546 530 
 530 546 531 
 531 546 547 
 531 547 532 
 532 547 548 
 532 548 533 
 549 534 533 
 549 533 548 
 550 535 534 
 549 550 534 
 551 536 535 
 550 551 535 
 552 537 536 
 551 552 536 
 553 538 537 
 552 553 537 
 554 539 538 
 553 554 538 
 555 540 539 
 554 555 539 
 541 556 543 
 542 557 541 
 541 557 556 
 543 556 558 
 543 558 544 
 544 558 559 
 544 559 545 
 545 559 560 
 545 560 546 
 546 560 561 
 546 561 547 
 547 561 562 
 547 562 548 
 549 548 562 
 563 550 549 
 562 563 549 
 564 551 550 
 563 564 550 
 565 552 551 
 564 565 551 
 566 553 552 
 565 566 552 
 567 554 553 
 566 567 553 
 568 555 554 
 567 568 554 
 556 569 558 
 557 570 556 
 556 570 569 
 558 569 571 
 558 571 559 
 559 571 572 
 559 572 560 
 560 572 573 
 560 573 561 
 561 573 574 
 561 574 562 
 575 563 562 
 562 574 575 
 576 564 563 
 575 576 563 
 577 565 564 
 576 577 564 
 578 566 565 
 577 578 565 
 579 567 566 
 578 579 566 
 580 568 567 
 579 580 567 
 569 581 571 
 570 582 569 
 569 582 581 
 571 581 583 
 571 583 572 
 572 583 584 
 572 584 573 
 584 585 573 
 573 585 574 
 586 576 575 
 574 585 586 
 586 575 574 
 587 577 576 
 586 587 576 
 588 578 577 
 587 588 577 
 589 579 578 
 588 589 578 
 590 580 579 
 589 590 579 
 581 591 583 
 582 592 581 
 581 592 591 
 583 591 593 
 583 593 584 
 584 593 594 
 584 594 585 
 585 594 595 
 585 595 586 
 596 587 586 
 596 586 595 
 597 588 587 
 596 597 587 
 598 589 588 
 597 598 588 
 599 590 589 
 598 599 589 
 591 600 593 
 592 601 591 
 591 601 600 
 593 600 602 
 593 602 594 
 594 602 603 
 594 603 595 
 595 603 596 
 604 597 596 
 604 596 603 
 605 598 597 
 604 605 597 
 606 599 598 
 605 606 598 
 600 607 602 
 601 608 600 
 600 608 607 
 602 607 609 
 602 609 603 
 610 604 603 
 603 609 610 
 611 605 604 
 610 611 604 
 612 606 605 
 611 612 605 
 607 613 609 
 608 614 607 
 607 614 613 
 615 611 610 
 609 613 615 
 615 610 609 
 616 612 611 
 615 616 611 
 613 617 615 
 614 618 613 
 613 618 617 
 619 616 615 
 619 615 617 
 618 620 617 
 620 619 617 
 