2391
0	0	
0	0.0666667	
0.0432506	0.0453528	
0.0666667	0	
0	0.133333	
0.133333	0	
0.0486741	0.101448	
0.100912	0.0586486	
0.2	0	
0	0.2	
0.0517599	0.166289	
0.170224	0.0531932	
0.101898	0.132053	
0.148889	0.102422	
0.266667	0	
0.235005	0.0539957	
0	0.266667	
0.0530962	0.232603	
0.106903	0.198297	
0.204655	0.107452	
0.166537	0.163657	
0	0.333333	
0.333333	0	
0.300716	0.0543773	
0.26841	0.108891	
0.0532897	0.299302	
0.106625	0.265061	
0.159453	0.23092	
0.235897	0.164014	
0.208066	0.210439	
0	0.4	
0.0535853	0.365931	
0	0.466667	
0.4	0	
0.366934	0.0543589	
0.334004	0.109077	
0.300737	0.164911	
0.106444	0.33222	
0.159828	0.297724	
0.212086	0.26598	
0.265865	0.2263	
0.0538582	0.432998	
0.107576	0.399217	
0	0.533333	
0.0538421	0.499948	
0.466667	0	
0.433408	0.0541947	
0.400203	0.108564	
0.36703	0.163371	
0.334046	0.218895	
0.160726	0.365424	
0.213926	0.331953	
0.265378	0.298543	
0.313606	0.268464	
0.107584	0.466285	
0.16155	0.432627	
0	0.6	
0.0539418	0.566895	
0.107643	0.533504	
0	0.666667	
0.533333	0	
0.500004	0.0540673	
0.466705	0.108222	
0.433413	0.162544	
0.400343	0.217019	
0.369301	0.271834	
0.215033	0.398803	
0.269283	0.364333	
0.330329	0.328305	
0.16102	0.499413	
0.215265	0.465845	
0.0543642	0.633931	
0.107648	0.600396	
0.160695	0.566027	
0	0.733333	
0.0550103	0.702	
0	0.8	
0.6	0	
0.566664	0.0539876	
0.533316	0.107967	
0.499896	0.161959	
0.466382	0.216283	
0.432529	0.271015	
0.400875	0.327405	
0.268699	0.431627	
0.322403	0.397201	
0.372442	0.375377	
0.213383	0.532187	
0.268059	0.497905	
0.109585	0.667625	
0.213232	0.598517	
0.161231	0.632141	
0.0552133	0.767533	
0.115805	0.738997	
0.0541076	0.830731	
0	0.866667	
0	0.933333	
0.666667	0	
0.633348	0.0539263	
0.600007	0.107807	
0.566615	0.161656	
0.533071	0.215604	
0.498785	0.270152	
0.463348	0.326318	
0.43174	0.390448	
0.322744	0.467305	
0.376863	0.433527	
0.266268	0.56157	
0.318766	0.531274	
0.268818	0.620784	
0.164399	0.69763	
0.220017	0.66798	
0.16859	0.747492	
0.105989	0.80054	
0.149348	0.781637	
0.102992	0.849991	
0.0604513	0.899654	
0.0457734	0.956968	
0	1	
0.733333	0	
0.700027	0.0538741	
0.666725	0.107712	
0.633315	0.161432	
0.599823	0.215131	
0.565869	0.268797	
0.531481	0.322901	
0.498322	0.377223	
0.479292	0.432662	
0.431287	0.461483	
0.380561	0.509345	
0.316616	0.589445	
0.357933	0.563651	
0.316389	0.636717	
0.285196	0.674938	
0.211095	0.731529	
0.257128	0.71602	
0.198055	0.786803	
0.158243	0.83434	
0.130847	0.895576	
0.101749	0.951853	
0.0666667	1	
0.8	0	
0.766676	0.0538268	
0.733382	0.107611	
0.69996	0.161218	
0.666449	0.214763	
0.632599	0.268049	
0.598272	0.321063	
0.564133	0.373853	
0.533496	0.425066	
0.509885	0.465583	
0.474338	0.47823	
0.446168	0.517759	
0.409395	0.568105	
0.368944	0.620592	
0.342991	0.677187	
0.305872	0.730896	
0.258382	0.773249	
0.228014	0.835809	
0.196378	0.891409	
0.165268	0.946208	
0.133333	1	
0.866667	0	
0.833303	0.0537918	
0.799963	0.1075	
0.766668	0.161185	
0.733217	0.214607	
0.698942	0.267455	
0.664768	0.320301	
0.629287	0.372425	
0.593149	0.424415	
0.556054	0.476648	
0.508459	0.514836	
0.474164	0.569823	
0.437123	0.622478	
0.402193	0.677086	
0.366532	0.731318	
0.326094	0.782542	
0.293937	0.834985	
0.263713	0.890875	
0.232183	0.945648	
0.2	1	
0.933333	0	
0.899927	0.0537804	
0.866536	0.107445	
0.833114	0.160954	
0.799638	0.214292	
0.765451	0.267151	
0.73009	0.319495	
0.694405	0.371606	
0.657117	0.423255	
0.618805	0.475242	
0.574581	0.523432	
0.539775	0.571897	
0.504064	0.623861	
0.467951	0.676526	
0.432279	0.729779	
0.394336	0.784812	
0.362552	0.837397	
0.330951	0.891451	
0.29954	0.945996	
0.266667	1	
1	0	
0.966565	0.0537881	
0.933125	0.107433	
0.899629	0.160885	
0.865856	0.214038	
0.831595	0.26686	
0.796596	0.319285	
0.759784	0.370979	
0.722312	0.422395	
0.683613	0.473321	
0.643995	0.523972	
0.606757	0.574258	
0.570722	0.625213	
0.535125	0.677408	
0.499898	0.730403	
0.464844	0.784071	
0.430999	0.838167	
0.398995	0.892426	
0.366639	0.946404	
0.333333	1	
1.06667	0	
1.03322	0.0537998	
0.999747	0.107441	
0.966173	0.160858	
0.932391	0.214022	
0.898383	0.266973	
0.862637	0.319053	
0.825982	0.370736	
0.78841	0.422035	
0.750303	0.473113	
0.71205	0.524106	
0.674184	0.574982	
0.637445	0.626128	
0.601806	0.678028	
0.566974	0.730753	
0.532665	0.784171	
0.498935	0.838084	
0.46585	0.892162	
0.433256	0.946232	
0.4	1	
1.13333	0	
1.09989	0.0538041	
1.06639	0.107447	
1.03278	0.160863	
0.999026	0.214079	
0.965196	0.267192	
0.929446	0.319199	
0.892429	0.370671	
0.854864	0.421909	
0.816916	0.472963	
0.779007	0.524088	
0.741198	0.575162	
0.704168	0.62649	
0.668152	0.678295	
0.633707	0.731029	
0.59975	0.784293	
0.566216	0.838053	
0.532937	0.892029	
0.499828	0.946062	
0.466667	1	
1.2	0	
1.16656	0.0537936	
1.13304	0.107434	
1.09941	0.160853	
1.06559	0.214045	
1.03126	0.266871	
0.996212	0.319327	
0.959105	0.370717	
0.92148	0.421896	
0.8836	0.472964	
0.845785	0.524076	
0.808032	0.575214	
0.770693	0.626513	
0.735016	0.67859	
0.70006	0.731041	
0.666552	0.784448	
0.633116	0.838072	
0.599796	0.89195	
0.566547	0.94597	
0.533333	1	
1.26667	0	
1.23321	0.053766	
1.19969	0.107393	
1.16604	0.160803	
1.13214	0.213941	
1.09791	0.26681	
1.06296	0.31933	
1.02584	0.370752	
0.988179	0.421913	
0.950308	0.472974	
0.912525	0.524084	
0.874882	0.575266	
0.837791	0.626713	
0.801397	0.678489	
0.766985	0.731314	
0.733221	0.784526	
0.699849	0.83811	
0.66655	0.891936	
0.63327	0.945931	
0.6	1	
1.33333	0	
1.4	0	
1.29987	0.0537297	
1.26634	0.10733	
1.23268	0.160722	
1.19879	0.21386	
1.1646	0.266748	
1.12922	0.319054	
1.0925	0.370699	
1.05489	0.421901	
1.01702	0.472968	
0.979128	0.524035	
0.941637	0.575282	
0.904227	0.626569	
0.868501	0.678713	
0.833331	0.731154	
0.799871	0.784573	
0.766519	0.838154	
0.733236	0.891952	
0.699957	0.945926	
0.666667	1	
1.46667	0	
1.53333	0	
1.36652	0.0537022	
1.43319	0.0537028	
1.333	0.107275	
1.29937	0.160646	
1.26555	0.213807	
1.23149	0.266843	
1.1958	0.318912	
1.15913	0.370569	
1.1216	0.42183	
1.08372	0.472918	
1.04595	0.524049	
1.00833	0.575267	
0.971242	0.626725	
0.935157	0.678692	
0.89997	0.731107	
0.86652	0.784586	
0.833154	0.838161	
0.799889	0.891965	
0.766619	0.945931	
0.733333	1	
1.6	0	
1.66667	0	
1.49988	0.0537587	
1.56663	0.0536586	
1.39967	0.107273	
1.46638	0.107347	
1.36609	0.16063	
1.33243	0.213859	
1.29805	0.266585	
1.26301	0.319031	
1.22597	0.370437	
1.18837	0.421675	
1.15044	0.472787	
1.11259	0.523933	
1.07493	0.575177	
1.03756	0.626529	
1.00127	0.678368	
0.966839	0.731234	
0.933069	0.7845	
0.899774	0.838137	
0.866532	0.891958	
0.833274	0.94593	
0.8	1	
1.73333	0	
1.8	0	
1.63336	0.0535446	
1.70011	0.0533098	
1.53311	0.10746	
1.59993	0.107377	
1.43284	0.160734	
1.49963	0.160977	
1.39914	0.213841	
1.36518	0.266675	
1.32977	0.318744	
1.29311	0.370273	
1.25532	0.421416	
1.21723	0.472546	
1.17922	0.523719	
1.14142	0.574992	
1.10427	0.626506	
1.06769	0.678244	
1.03296	0.730868	
0.999662	0.784445	
0.966414	0.838113	
0.933184	0.891939	
0.899936	0.945921	
0.866667	1	
1.86667	0	
1.93333	0	
1.83312	0.0512687	
1.76682	0.0529185	
1.66685	0.10691	
1.73361	0.106288	
1.56636	0.161292	
1.63329	0.160758	
1.46607	0.214156	
1.53303	0.214703	
1.43209	0.266886	
1.39725	0.318961	
1.36139	0.37056	
1.32266	0.421059	
1.28411	0.47207	
1.24584	0.523355	
1.20793	0.574727	
1.17013	0.626064	
1.13475	0.678398	
1.09975	0.730968	
1.06635	0.784458	
1.03306	0.83809	
0.999847	0.891921	
0.966607	0.945912	
0.933333	1	
1.89911	0.0491282	
1.95472	0.0433274	
2	0	
1.86568	0.0993652	
1.80044	0.1062	
1.69988	0.159789	
1.76722	0.15878	
1.59984	0.215067	
1.66662	0.21386	
1.49946	0.267674	
1.56673	0.268979	
1.46505	0.319845	
1.42989	0.370996	
1.39046	0.420567	
1.3513	0.47121	
1.31229	0.522716	
1.27433	0.574341	
1.23701	0.625948	
1.20079	0.677933	
1.16669	0.731062	
1.13302	0.784424	
1.09968	0.838043	
1.06651	0.891905	
1.03328	0.945903	
1	1	
1.94116	0.100842	
2	0.0666667	
1.89631	0.149394	
1.8347	0.166112	
1.73172	0.212139	
1.78742	0.208035	
1.70105	0.266206	
1.63413	0.269927	
1.5337	0.321431	
1.60023	0.325074	
1.4979	0.373123	
1.45776	0.420967	
1.41974	0.468573	
1.37785	0.521529	
1.34035	0.573747	
1.30392	0.625822	
1.26819	0.678142	
1.23341	0.730938	
1.1996	0.784288	
1.16634	0.838001	
1.13317	0.891886	
1.09995	0.945894	
1.06667	1	
1.94589	0.170288	
2	0.133333	
1.89141	0.20426	
1.83504	0.235634	
1.77254	0.266971	
1.73092	0.313741	
1.67039	0.330928	
1.57038	0.385105	
1.62567	0.374531	
1.52599	0.429398	
1.56845	0.431373	
1.4896	0.481712	
1.43922	0.520026	
1.40422	0.572869	
1.36952	0.625154	
1.33451	0.67775	
1.30001	0.730721	
1.26626	0.784153	
1.23305	0.837959	
1.19986	0.891858	
1.16663	0.945885	
1.13333	1	
1.9455	0.235005	
2	0.2	
1.89037	0.268182	
1.83378	0.300242	
1.78019	0.334114	
1.72765	0.368876	
1.67336	0.399737	
1.61426	0.433477	
1.48817	0.532566	
1.56614	0.477508	
1.52756	0.521575	
1.46418	0.57281	
1.4344	0.624007	
1.40035	0.677033	
1.36658	0.73048	
1.33298	0.784026	
1.29975	0.837887	
1.26654	0.89183	
1.23329	0.945882	
1.2	1	
1.94532	0.300635	
2	0.266667	
1.89058	0.333742	
1.83613	0.366941	
1.78218	0.400553	
1.72884	0.434181	
1.67509	0.466667	
1.62073	0.501363	
1.52028	0.566707	
1.57073	0.540651	
1.49921	0.621435	
1.46698	0.676319	
1.43322	0.730323	
1.39972	0.783896	
1.36643	0.837801	
1.3332	0.891802	
1.29995	0.945881	
1.26667	1	
1.94545	0.366893	
2	0.333333	
1.89113	0.400205	
1.83693	0.433675	
1.78309	0.46717	
1.7294	0.50063	
1.67568	0.53419	
1.62221	0.567271	
1.56744	0.609482	
1.53485	0.671004	
1.49985	0.728989	
1.46632	0.783483	
1.43307	0.837644	
1.39985	0.891738	
1.36661	0.945866	
1.33333	1	
1.94567	0.43344	
2	0.4	
1.89152	0.46684	
1.83752	0.500367	
1.78372	0.533934	
1.72999	0.567657	
1.67667	0.60155	
1.62661	0.623997	
1.598	0.672504	
1.56586	0.727498	
1.53254	0.782731	
1.49955	0.837348	
1.46647	0.891646	
1.43326	0.945839	
1.4	1	
1.94583	0.500091	
2	0.466667	
1.89184	0.533545	
1.83804	0.567066	
1.78433	0.600755	
1.73011	0.634886	
1.66915	0.670384	
1.63097	0.727357	
1.59893	0.782405	
1.56621	0.837172	
1.53316	0.891591	
1.49992	0.945808	
1.46667	1	
1.94599	0.566754	
2	0.533333	
1.8922	0.600182	
1.83865	0.63365	
1.78547	0.667347	
1.73316	0.701403	
1.6858	0.731342	
1.66453	0.782476	
1.63296	0.837217	
1.59983	0.891594	
1.56655	0.945763	
1.53333	1	
1.94618	0.633376	
2	0.6	
1.89255	0.666706	
1.83934	0.699862	
1.78575	0.732456	
1.73186	0.77199	
1.6995	0.833301	
1.6658	0.890449	
1.63294	0.945503	
1.6	1	
1.94636	0.699941	
2	0.666667	
1.89319	0.733034	
1.84147	0.765347	
1.79052	0.7867	
1.76242	0.835312	
1.73088	0.889988	
1.69858	0.944839	
1.66667	1	
1.94625	0.766532	
2	0.733333	
1.89315	0.799816	
1.83278	0.834721	
1.79448	0.890919	
1.7645	0.945107	
1.73333	1	
1.94787	0.832915	
2	0.8	
1.89736	0.866345	
1.84829	0.895437	
1.82856	0.945313	
1.8	1	
1.95047	0.89813	
2	0.866667	
1.89741	0.940417	
1.86667	1	
1.95624	0.954376	
2	0.933333	
1.93333	1	
2	1	
0	0.0333333	
0	0.1	
0	0.166667	
0	0.233333	
0	0.3	
0	0.366667	
0	0.433333	
0	0.5	
0	0.566667	
0	0.633333	
0	0.7	
0	0.766667	
0	0.833333	
0	0.9	
0	0.966667	
0.0333333	0	
0.1	0	
0.166667	0	
0.233333	0	
0.3	0	
0.366667	0	
0.433333	0	
0.5	0	
0.566667	0	
0.633333	0	
0.7	0	
0.766667	0	
0.833333	0	
0.9	0	
0.966667	0	
1.03333	0	
1.1	0	
1.16667	0	
1.23333	0	
1.3	0	
1.36667	0	
1.43333	0	
1.5	0	
1.56667	0	
1.63333	0	
1.7	0	
1.76667	0	
1.83333	0	
1.9	0	
1.96667	0	
0.0333333	1	
0.1	1	
0.166667	1	
0.233333	1	
0.3	1	
0.366667	1	
0.433333	1	
0.5	1	
0.566667	1	
0.633333	1	
0.7	1	
0.766667	1	
0.833333	1	
0.9	1	
0.966667	1	
1.03333	1	
1.1	1	
1.16667	1	
1.23333	1	
1.3	1	
1.36667	1	
1.43333	1	
1.5	1	
1.56667	1	
1.63333	1	
1.7	1	
1.76667	1	
1.83333	1	
1.9	1	
1.96667	1	
2	0.0333333	
2	0.1	
2	0.166667	
2	0.233333	
2	0.3	
2	0.366667	
2	0.433333	
2	0.5	
2	0.566667	
2	0.633333	
2	0.7	
2	0.766667	
2	0.833333	
2	0.9	
2	0.966667	
0.0216253	0.0226764	
0.0216253	0.0560097	
0.0549586	0.0226764	
0.024337	0.0840576	
0.024337	0.117391	
0.0459623	0.0734006	
0.117123	0.0293243	
0.0837895	0.0293243	
0.0720815	0.0520007	
0.0747932	0.0800485	
0.02588	0.149811	
0.02588	0.183144	
0.050217	0.133869	
0.185112	0.0265966	
0.151779	0.0265966	
0.135568	0.0559209	
0.0752862	0.116751	
0.0768291	0.149171	
0.101405	0.0953508	
0.159557	0.0778077	
0.124901	0.0805354	
0.125394	0.117238	
0.250836	0.0269978	
0.217502	0.0269978	
0.202614	0.0535945	
0.0265481	0.216301	
0.0265481	0.249635	
0.0524281	0.199446	
0.0793314	0.182293	
0.0799995	0.21545	
0.104401	0.165175	
0.21983	0.0807241	
0.187439	0.0803228	
0.176772	0.104937	
0.134218	0.147855	
0.13672	0.180977	
0.185596	0.135555	
0.157713	0.13304	
0.317025	0.0271886	
0.283691	0.0271886	
0.26786	0.0541865	
0.284563	0.0816344	
0.251708	0.0814436	
0.236533	0.108172	
0.0266449	0.282984	
0.0266449	0.316318	
0.053193	0.265952	
0.0798604	0.248832	
0.0799571	0.282182	
0.106764	0.231679	
0.133178	0.214609	
0.133039	0.247991	
0.162995	0.197289	
0.252154	0.136453	
0.220276	0.135733	
0.201217	0.163835	
0.187302	0.187048	
0.183759	0.22068	
0.221981	0.187227	
0.0267926	0.349632	
0.0267926	0.382966	
0.0534375	0.332617	
0.383467	0.0271794	
0.350134	0.0271794	
0.333825	0.0543681	
0.350469	0.0817181	
0.31736	0.0817273	
0.301207	0.108984	
0.317371	0.136994	
0.284574	0.136901	
0.268317	0.164462	
0.079867	0.315761	
0.0800147	0.349075	
0.106534	0.298641	
0.133226	0.281393	
0.133136	0.314972	
0.15964	0.264322	
0.185769	0.24845	
0.185957	0.281852	
0.210076	0.23821	
0.283301	0.195605	
0.250881	0.195157	
0.236966	0.21837	
0.238975	0.24614	
0.0269291	0.416499	
0.0269291	0.449833	
0.0537217	0.399465	
0.0805808	0.382574	
0.0807172	0.416108	
0.10701	0.365718	
0.026921	0.483307	
0.026921	0.51664	
0.0538501	0.466473	
0.450037	0.0270973	
0.416704	0.0270973	
0.400171	0.0542768	
0.416806	0.0813792	
0.383569	0.0814613	
0.367104	0.108821	
0.383617	0.135967	
0.350517	0.136224	
0.333883	0.164141	
0.350538	0.191133	
0.317391	0.191903	
0.299956	0.222598	
0.133585	0.348822	
0.134151	0.38232	
0.160277	0.331574	
0.186877	0.314839	
0.187326	0.348689	
0.213006	0.298967	
0.238732	0.282262	
0.239652	0.315248	
0.265621	0.262422	
0.323826	0.24368	
0.289736	0.247382	
0.289492	0.283504	
0.080721	0.449642	
0.0807129	0.483116	
0.10758	0.432751	
0.134563	0.415922	
0.134567	0.449456	
0.161138	0.399026	
0.0269709	0.550114	
0.0269709	0.583448	
0.053892	0.533422	
0.0807425	0.516726	
0.0807924	0.5502	
0.107613	0.499895	
0.516669	0.0270336	
0.483335	0.0270336	
0.466706	0.054131	
0.483354	0.0811446	
0.450056	0.0812083	
0.433454	0.108393	
0.450059	0.135383	
0.416808	0.135554	
0.400222	0.162957	
0.416878	0.189781	
0.383686	0.190195	
0.367194	0.217957	
0.384822	0.244427	
0.351673	0.245365	
0.341453	0.270149	
0.18788	0.382114	
0.188291	0.415715	
0.21448	0.365378	
0.241605	0.348143	
0.242158	0.381568	
0.26733	0.331438	
0.297853	0.313424	
0.299806	0.346319	
0.349815	0.30007	
0.321968	0.298384	
0.134302	0.482849	
0.134331	0.516459	
0.161285	0.46602	
0.188408	0.449236	
0.188143	0.482629	
0.215149	0.432324	
0.0271821	0.616965	
0.0271821	0.650299	
0.054153	0.600413	
0.080795	0.583646	
0.0810062	0.617163	
0.107646	0.56695	
0.134169	0.549766	
0.134172	0.583212	
0.160858	0.53272	
0.0275052	0.684333	
0.0275052	0.717667	
0.0546872	0.667965	
0.583332	0.0269938	
0.549999	0.0269938	
0.533334	0.0540274	
0.54999	0.0809772	
0.51666	0.081017	
0.50001	0.108094	
0.516606	0.134963	
0.4833	0.135091	
0.466655	0.162251	
0.483139	0.189121	
0.449897	0.189413	
0.433362	0.216651	
0.449455	0.243649	
0.416436	0.244017	
0.400915	0.271425	
0.416702	0.29921	
0.385088	0.29962	
0.365602	0.327855	
0.241866	0.415215	
0.241982	0.448736	
0.268991	0.39798	
0.295843	0.380767	
0.295551	0.414414	
0.326366	0.362753	
0.351386	0.351841	
0.347423	0.386289	
0.386658	0.351391	
0.187201	0.5158	
0.187039	0.549107	
0.214324	0.499016	
0.241662	0.481875	
0.240721	0.515046	
0.268379	0.464766	
0.0819745	0.650778	
0.0822976	0.684813	
0.108616	0.634011	
0.186964	0.582272	
0.213307	0.565352	
0.13444	0.616268	
0.135408	0.649883	
0.160963	0.599084	
0.187232	0.615329	
0.0276067	0.750433	
0.0276067	0.783766	
0.0551118	0.734767	
0.0854077	0.720499	
0.0855092	0.753265	
0.112695	0.703311	
0.0270538	0.815365	
0.0546605	0.799132	
0.0270538	0.848699	
0.650008	0.0269631	
0.616674	0.0269631	
0.600006	0.053957	
0.616678	0.0808666	
0.583335	0.0808973	
0.566662	0.107887	
0.583311	0.134731	
0.549966	0.134811	
0.533255	0.161807	
0.549843	0.18863	
0.516483	0.188782	
0.499726	0.215943	
0.515928	0.242878	
0.482583	0.243217	
0.465657	0.270584	
0.481067	0.298235	
0.447939	0.298667	
0.432111	0.326861	
0.447544	0.358383	
0.416307	0.358927	
0.402091	0.382913	
0.295721	0.449466	
0.295402	0.482605	
0.322574	0.432253	
0.349633	0.415364	
0.349803	0.450416	
0.374652	0.404452	
0.404301	0.411987	
0.239826	0.546879	
0.23975	0.580044	
0.267164	0.529737	
0.293413	0.514589	
0.292517	0.546422	
0.320755	0.499289	
0.241025	0.609651	
0.267543	0.591177	
0.136992	0.682628	
0.140102	0.718314	
0.162815	0.664885	
0.190624	0.65006	
0.192208	0.682805	
0.216625	0.633249	
0.244418	0.644382	
0.166494	0.722561	
0.142197	0.743245	
0.0806014	0.784037	
0.0800485	0.815635	
0.110897	0.769769	
0.132576	0.760317	
0.127669	0.791088	
0.158969	0.764564	
0.0785496	0.840361	
0.104491	0.825265	
0.0302256	0.883161	
0.0302256	0.916494	
0.0572794	0.865193	
0.0817215	0.874823	
0.0228867	0.945151	
0.0531123	0.928311	
0.0228867	0.978484	
0.71668	0.026937	
0.683347	0.026937	
0.666687	0.0539002	
0.683376	0.0807932	
0.650037	0.0808193	
0.633366	0.10776	
0.65002	0.134572	
0.616661	0.134619	
0.599965	0.161544	
0.616569	0.188281	
0.583219	0.188393	
0.566447	0.215367	
0.582846	0.241964	
0.54947	0.242201	
0.532327	0.269475	
0.548675	0.295849	
0.515133	0.296526	
0.497414	0.324609	
0.514901	0.350062	
0.480835	0.35177	
0.465031	0.383836	
0.488807	0.404943	
0.455516	0.411555	
0.404075	0.447505	
0.431513	0.425966	
0.455289	0.447073	
0.351652	0.488325	
0.349664	0.520309	
0.378712	0.471436	
0.405924	0.485414	
0.291442	0.575508	
0.292717	0.605115	
0.317691	0.56036	
0.33835	0.547463	
0.337275	0.576548	
0.369247	0.536498	
0.292604	0.62875	
0.316502	0.613081	
0.277007	0.647861	
0.252606	0.671459	
0.300792	0.655827	
0.187747	0.714579	
0.189843	0.739511	
0.215556	0.699754	
0.238573	0.692	
0.234112	0.723774	
0.271162	0.695479	
0.204575	0.759166	
0.183323	0.767148	
0.173702	0.78422	
0.132116	0.81744	
0.130617	0.842165	
0.153795	0.807989	
0.178149	0.810572	
0.116919	0.872783	
0.095649	0.897615	
0.144545	0.864958	
0.0737613	0.954411	
0.0811002	0.925754	
0.116298	0.923715	
0.05622	0.978484	
0.0842079	0.975927	
0.783338	0.0269134	
0.750005	0.0269134	
0.733351	0.0538504	
0.750029	0.0807188	
0.716704	0.0807425	
0.700054	0.107662	
0.716671	0.134415	
0.683342	0.134465	
0.666637	0.161325	
0.683204	0.187991	
0.649882	0.188098	
0.633136	0.214947	
0.649524	0.241406	
0.616211	0.24159	
0.599234	0.268423	
0.615436	0.294556	
0.582071	0.29493	
0.564877	0.321982	
0.581203	0.347458	
0.547807	0.348377	
0.531228	0.375538	
0.548815	0.399459	
0.515909	0.401145	
0.506394	0.428864	
0.521691	0.445325	
0.494589	0.449123	
0.452813	0.469857	
0.476815	0.455446	
0.492112	0.471907	
0.438727	0.489621	
0.413364	0.513552	
0.460253	0.497994	
0.427781	0.542932	
0.394978	0.538725	
0.383664	0.565878	
0.34278	0.605019	
0.342666	0.628654	
0.363439	0.592122	
0.38917	0.594349	
0.32969	0.656952	
0.314093	0.676062	
0.355967	0.648889	
0.2815	0.723458	
0.295534	0.702917	
0.324431	0.704041	
0.228219	0.780026	
0.234739	0.752389	
0.282127	0.752072	
0.257755	0.744634	
0.193129	0.835074	
0.213035	0.811306	
0.243198	0.804529	
0.163612	0.893492	
0.17731	0.862875	
0.212196	0.863609	
0.133508	0.94903	
0.148057	0.920892	
0.180823	0.918808	
0.117541	0.975927	
0.1493	0.973104	
0.849985	0.0268959	
0.816652	0.0268959	
0.79999	0.0538093	
0.816633	0.080646	
0.783319	0.0806635	
0.766673	0.107556	
0.783316	0.134342	
0.750025	0.134398	
0.733314	0.161201	
0.749943	0.187896	
0.716588	0.187913	
0.699833	0.214685	
0.716079	0.241031	
0.682696	0.241109	
0.66577	0.267752	
0.681855	0.293878	
0.648683	0.294175	
0.63152	0.320682	
0.647027	0.346363	
0.61378	0.346744	
0.59671	0.373139	
0.611218	0.39842	
0.578641	0.399134	
0.563323	0.42474	
0.574602	0.450532	
0.544775	0.450857	
0.53297	0.471116	
0.491399	0.496533	
0.477313	0.516297	
0.532257	0.495742	
0.509172	0.49021	
0.44178	0.568964	
0.460166	0.543791	
0.491312	0.542329	
0.403033	0.621535	
0.423259	0.595292	
0.455643	0.59615	
0.372592	0.677137	
0.385568	0.648839	
0.419658	0.649782	
0.336202	0.731107	
0.354761	0.704252	
0.384362	0.704202	
0.292238	0.777896	
0.315983	0.756719	
0.346313	0.75693	
0.260976	0.835397	
0.27616	0.804117	
0.310015	0.808764	
0.230045	0.891142	
0.245863	0.863342	
0.278825	0.86293	
0.198725	0.945928	
0.214281	0.918528	
0.247948	0.918261	
0.182634	0.973104	
0.216092	0.972824	
0.91663	0.0268902	
0.883297	0.0268902	
0.866615	0.0537861	
0.883231	0.0806129	
0.849919	0.0806186	
0.833249	0.107473	
0.849825	0.1342	
0.816538	0.134227	
0.799891	0.161069	
0.816376	0.187623	
0.783153	0.187738	
0.766428	0.214449	
0.782545	0.240721	
0.749334	0.240879	
0.732196	0.267303	
0.747771	0.293323	
0.714516	0.293475	
0.697429	0.319898	
0.712248	0.345551	
0.679586	0.345953	
0.661846	0.372016	
0.675761	0.397431	
0.643202	0.39784	
0.625133	0.423835	
0.637961	0.449249	
0.605977	0.449829	
0.58743	0.475945	
0.54152	0.519134	
0.565318	0.50004	
0.596693	0.499337	
0.506969	0.57086	
0.524117	0.543366	
0.557178	0.547665	
0.470593	0.62317	
0.489114	0.596842	
0.521919	0.597879	
0.435072	0.676806	
0.452537	0.649502	
0.486008	0.650193	
0.399405	0.730548	
0.417236	0.703433	
0.450115	0.703152	
0.360215	0.783677	
0.380434	0.758065	
0.413308	0.757296	
0.328244	0.836191	
0.344323	0.80997	
0.378444	0.811105	
0.297332	0.891163	
0.312444	0.863218	
0.346752	0.864424	
0.265862	0.945822	
0.281626	0.918435	
0.315246	0.918724	
0.249425	0.972824	
0.283103	0.972998	
0.983283	0.026894	
0.949949	0.026894	
0.933246	0.0537843	
0.949845	0.0806104	
0.916526	0.0806066	
0.89983	0.107439	
0.916377	0.134159	
0.883082	0.134165	
0.866371	0.16092	
0.882742	0.187462	
0.849485	0.187496	
0.832747	0.214165	
0.848726	0.240449	
0.815617	0.240576	
0.798523	0.267006	
0.814096	0.293073	
0.781024	0.293218	
0.763343	0.31939	
0.77819	0.345132	
0.744937	0.345237	
0.727095	0.371293	
0.741048	0.396687	
0.708359	0.397001	
0.689715	0.422825	
0.702963	0.447858	
0.670365	0.448288	
0.651209	0.474282	
0.609288	0.523702	
0.6314	0.499607	
0.663804	0.498647	
0.573266	0.573077	
0.590669	0.548845	
0.625376	0.549115	
0.537393	0.624537	
0.555248	0.598555	
0.588739	0.599735	
0.501538	0.676967	
0.519595	0.650634	
0.552924	0.65131	
0.466088	0.730091	
0.483924	0.703464	
0.517511	0.703905	
0.42959	0.784442	
0.448561	0.756925	
0.482371	0.757237	
0.396775	0.837782	
0.412667	0.811489	
0.447921	0.811119	
0.364973	0.891938	
0.380774	0.864911	
0.414997	0.865296	
0.33309	0.9462	
0.348795	0.918927	
0.382817	0.919415	
0.316437	0.972998	
0.349986	0.973202	
1.04994	0.0268999	
1.01661	0.0268999	
0.999894	0.0537939	
1.01648	0.0806206	
0.983156	0.0806147	
0.966436	0.107437	
0.98296	0.13415	
0.949649	0.134145	
0.932901	0.160872	
0.949282	0.18744	
0.91601	0.187454	
0.899123	0.21403	
0.915387	0.240498	
0.88212	0.240506	
0.864989	0.266917	
0.88051	0.293013	
0.847116	0.292957	
0.829617	0.319169	
0.844309	0.344894	
0.811289	0.34501	
0.792883	0.370857	
0.807196	0.396386	
0.774097	0.396507	
0.755361	0.422215	
0.769356	0.447574	
0.736308	0.447754	
0.716958	0.473217	
0.731176	0.49861	
0.697831	0.498714	
0.678023	0.524039	
0.64047	0.57462	
0.65909	0.549477	
0.693117	0.549544	
0.604084	0.62567	
0.622101	0.600193	
0.655814	0.600555	
0.568465	0.677718	
0.586264	0.65162	
0.619625	0.652078	
0.533436	0.730578	
0.551049	0.70408	
0.58439	0.70439	
0.498755	0.784121	
0.516281	0.757287	
0.549819	0.757462	
0.464967	0.838126	
0.48189	0.811078	
0.5158	0.811128	
0.432423	0.892294	
0.448425	0.865164	
0.482393	0.865123	
0.399948	0.946318	
0.416126	0.919329	
0.449553	0.919197	
0.38332	0.973202	
0.416628	0.973116	
1.11661	0.026902	
1.08328	0.026902	
1.06656	0.0538019	
1.08314	0.0806258	
1.04981	0.0806236	
1.03307	0.107444	
1.04959	0.134155	
1.01626	0.134152	
0.999476	0.160861	
1.0159	0.187471	
0.982599	0.187468	
0.965708	0.214051	
0.982111	0.240636	
0.948793	0.240607	
0.93179	0.267083	
0.947321	0.293195	
0.913915	0.293086	
0.896042	0.319126	
0.910938	0.344935	
0.877533	0.344862	
0.859205	0.370703	
0.873646	0.39629	
0.840423	0.396322	
0.821637	0.421972	
0.83589	0.447436	
0.802663	0.447499	
0.783609	0.473038	
0.745528	0.524097	
0.764655	0.4986	
0.797961	0.498525	
0.707691	0.575072	
0.726624	0.549634	
0.760103	0.549625	
0.670806	0.626309	
0.689176	0.600736	
0.722683	0.600826	
0.634979	0.678161	
0.652799	0.652212	
0.68616	0.652393	
0.60034	0.730891	
0.617756	0.704528	
0.65093	0.704662	
0.566208	0.784232	
0.583362	0.757523	
0.616729	0.757661	
0.532576	0.838069	
0.54944	0.811112	
0.582983	0.811173	
0.499394	0.892095	
0.515936	0.865057	
0.549576	0.865041	
0.466542	0.946147	
0.482839	0.919112	
0.516382	0.919045	
0.449961	0.973116	
0.483247	0.973031	
1.18328	0.0268968	
1.14994	0.0268968	
1.13322	0.0537988	
1.1498	0.080614	
1.11647	0.0806192	
1.09972	0.107441	
1.11623	0.134144	
1.0829	0.13415	
1.06609	0.160858	
1.0825	0.187449	
1.04919	0.187454	
1.03231	0.214062	
1.04843	0.240458	
1.01514	0.240475	
0.998229	0.267032	
1.01374	0.293099	
0.980704	0.29326	
0.962829	0.319263	
0.977658	0.345022	
0.944276	0.344958	
0.925767	0.370694	
0.940293	0.396306	
0.906955	0.396284	
0.888172	0.421903	
0.90254	0.44743	
0.869232	0.447436	
0.850258	0.472963	
0.864693	0.49852	
0.83135	0.498519	
0.812396	0.524082	
0.774615	0.575188	
0.793519	0.549651	
0.826908	0.549645	
0.737431	0.626501	
0.755946	0.600838	
0.789363	0.600863	
0.701584	0.678443	
0.719592	0.65254	
0.752855	0.652552	
0.666884	0.731035	
0.684106	0.704668	
0.717538	0.704816	
0.633151	0.784371	
0.650129	0.757738	
0.683306	0.757744	
0.599666	0.838063	
0.616433	0.811183	
0.649834	0.81126	
0.566366	0.89199	
0.583006	0.865002	
0.616456	0.865011	
0.533188	0.946016	
0.549742	0.919	
0.583171	0.91896	
0.516581	0.973031	
0.54994	0.972985	
1.24994	0.026883	
1.21661	0.026883	
1.19988	0.0537798	
1.21645	0.0805796	
1.18312	0.0805934	
1.16637	0.107414	
1.18286	0.134098	
1.14954	0.134119	
1.13272	0.160828	
1.14909	0.187372	
1.11577	0.187397	
1.09887	0.213993	
1.11502	0.240376	
1.08175	0.240428	
1.06459	0.26684	
1.08043	0.29307	
1.04711	0.2931	
1.02959	0.319328	
1.0444	0.345041	
1.01102	0.345039	
0.992471	0.370734	
1.00701	0.396333	
0.973642	0.396315	
0.95483	0.421905	
0.969243	0.447444	
0.935894	0.447435	
0.916954	0.472969	
0.879155	0.52408	
0.898063	0.498524	
0.931417	0.498529	
0.841457	0.57524	
0.860334	0.549671	
0.893704	0.549675	
0.804242	0.626613	
0.822911	0.600963	
0.856336	0.600989	
0.768206	0.67854	
0.786045	0.652501	
0.819594	0.652601	
0.733523	0.731178	
0.751	0.704952	
0.784191	0.704902	
0.699887	0.784487	
0.716641	0.757783	
0.750103	0.75792	
0.666482	0.838091	
0.6832	0.811279	
0.716535	0.811318	
0.633173	0.891943	
0.649833	0.865004	
0.683199	0.865023	
0.599908	0.945951	
0.616533	0.918941	
0.64991	0.918934	
0.583274	0.972985	
0.616635	0.972966	
1.3166	0.0268648	
1.28327	0.0268648	
1.26654	0.0537478	
1.2831	0.08053	
1.24978	0.0805481	
1.23301	0.107362	
1.24951	0.134026	
1.21619	0.134058	
1.19936	0.160763	
1.21574	0.187291	
1.18241	0.187331	
1.16547	0.2139	
1.18169	0.240304	
1.14837	0.240345	
1.13125	0.266779	
1.14691	0.292901	
1.11356	0.292932	
1.09609	0.319192	
1.11086	0.344877	
1.07773	0.345014	
1.05917	0.370725	
1.0737	0.3963	
1.04036	0.396327	
1.02154	0.421907	
1.03596	0.447435	
1.0026	0.447441	
0.983663	0.472971	
0.998074	0.498502	
0.964718	0.498505	
0.945827	0.524059	
0.90826	0.575274	
0.927081	0.549683	
0.960382	0.549658	
0.871009	0.626641	
0.889555	0.600917	
0.922932	0.600925	
0.834949	0.678601	
0.853146	0.652713	
0.886364	0.652641	
0.800158	0.731234	
0.817364	0.704821	
0.850916	0.704934	
0.766546	0.784549	
0.783428	0.757944	
0.816601	0.757864	
0.733184	0.838132	
0.74987	0.81134	
0.783195	0.811364	
0.699893	0.891944	
0.716542	0.865031	
0.749877	0.865053	
0.666613	0.945928	
0.683253	0.918931	
0.716596	0.918939	
0.649968	0.972966	
0.683312	0.972963	
1.38326	0.0268511	
1.34993	0.0268511	
1.33319	0.0537159	
1.44993	0.0268514	
1.41659	0.0268514	
1.39985	0.0537025	
1.34976	0.0804886	
1.31643	0.0805024	
1.29967	0.107303	
1.31618	0.13396	
1.28285	0.133988	
1.26603	0.160684	
1.28246	0.187226	
1.24912	0.187265	
1.23217	0.213833	
1.24852	0.240325	
1.21514	0.240351	
1.19804	0.266796	
1.21365	0.292878	
1.1802	0.29283	
1.16251	0.318983	
1.17746	0.344741	
1.14417	0.344812	
1.12581	0.370634	
1.14036	0.396199	
1.10705	0.396264	
1.08825	0.421865	
1.10266	0.447374	
1.06931	0.447409	
1.05037	0.472943	
1.01254	0.524042	
1.03149	0.498509	
1.06484	0.498483	
0.974986	0.575275	
0.993731	0.549651	
1.02714	0.549658	
0.937735	0.626647	
0.956439	0.601003	
0.989788	0.600996	
0.901829	0.678703	
0.919692	0.652631	
0.953199	0.652709	
0.86665	0.73113	
0.884235	0.70491	
0.917563	0.7049	
0.833196	0.78458	
0.849925	0.75787	
0.883245	0.757847	
0.799837	0.838158	
0.816513	0.811367	
0.849837	0.811374	
0.766562	0.891958	
0.783204	0.865059	
0.816521	0.865063	
0.733288	0.945928	
0.749927	0.918941	
0.783254	0.918948	
0.716645	0.972963	
0.749976	0.972965	
1.51661	0.0268793	
1.48327	0.0268793	
1.46653	0.0537308	
1.58331	0.0268293	
1.54998	0.0268293	
1.53325	0.0537086	
1.41643	0.0804878	
1.3831	0.0804875	
1.36633	0.107274	
1.48313	0.080553	
1.44978	0.080525	
1.43302	0.10731	
1.38288	0.133952	
1.34954	0.133953	
1.33273	0.160638	
1.34926	0.187245	
1.3159	0.187252	
1.29899	0.213833	
1.31524	0.240222	
1.2818	0.240196	
1.26477	0.266714	
1.28053	0.292808	
1.24725	0.292937	
1.2294	0.318972	
1.24449	0.344734	
1.21088	0.344675	
1.19255	0.370503	
1.20717	0.396056	
1.17375	0.396122	
1.15499	0.421752	
1.16941	0.447231	
1.13602	0.447308	
1.11708	0.472852	
1.13152	0.49836	
1.09816	0.498425	
1.07927	0.523991	
1.04163	0.575222	
1.06044	0.549613	
1.09376	0.549555	
1.0044	0.626627	
1.02295	0.600898	
1.05625	0.600853	
0.968214	0.67853	
0.986256	0.652546	
1.01942	0.652448	
0.933404	0.731171	
0.950998	0.704963	
0.984055	0.704801	
0.899795	0.784543	
0.916519	0.757803	
0.949954	0.757867	
0.866464	0.838149	
0.883147	0.811361	
0.916422	0.811318	
0.83321	0.891961	
0.849843	0.86506	
0.883153	0.865047	
0.799946	0.94593	
0.816581	0.918947	
0.849903	0.918944	
0.783309	0.972965	
0.816637	0.972965	
1.65002	0.0267723	
1.61668	0.0267723	
1.6	0.0536016	
1.71672	0.0266549	
1.68339	0.0266549	
1.66674	0.0534272	
1.54987	0.0805595	
1.5165	0.0806095	
1.49974	0.107404	
1.61665	0.0804609	
1.58328	0.0805178	
1.56652	0.107419	
1.44961	0.134041	
1.41626	0.134004	
1.39947	0.160682	
1.51637	0.134219	
1.483	0.134162	
1.46623	0.160856	
1.41599	0.187287	
1.38262	0.187235	
1.36579	0.21385	
1.38216	0.240258	
1.3488	0.240267	
1.33162	0.26663	
1.34747	0.29271	
1.31391	0.292665	
1.29639	0.318888	
1.31144	0.344509	
1.27806	0.344652	
1.25954	0.370355	
1.27421	0.395845	
1.24064	0.395927	
1.22185	0.421546	
1.23627	0.446981	
1.2028	0.44711	
1.18383	0.472666	
1.1459	0.523826	
1.16483	0.498253	
1.19822	0.498132	
1.10817	0.575084	
1.127	0.549462	
1.16032	0.549355	
1.07092	0.626517	
1.0896	0.600842	
1.12284	0.600749	
1.03448	0.678306	
1.05263	0.652386	
1.08598	0.652375	
0.999901	0.731051	
1.01712	0.704618	
1.05033	0.704556	
0.966366	0.784473	
0.983251	0.75784	
1.01631	0.757657	
0.933094	0.838125	
0.949742	0.811306	
0.983038	0.811279	
0.899858	0.891949	
0.916479	0.865038	
0.949799	0.865026	
0.866605	0.945926	
0.883234	0.91894	
0.91656	0.91893	
0.84997	0.972965	
0.883302	0.972961	
1.84989	0.0256344	
1.81656	0.0256344	
1.78341	0.0264592	
1.75008	0.0264592	
1.73347	0.0531141	
1.79997	0.0520936	
1.68348	0.0801099	
1.65011	0.0802274	
1.63339	0.107144	
1.75022	0.0796033	
1.71686	0.079799	
1.70023	0.106599	
1.58315	0.134335	
1.54974	0.134376	
1.53299	0.161135	
1.65007	0.133834	
1.61661	0.134067	
1.59983	0.161025	
1.48285	0.187566	
1.44946	0.187445	
1.43261	0.213998	
1.54969	0.187998	
1.51633	0.18784	
1.49955	0.21443	
1.44908	0.240521	
1.41562	0.240363	
1.39863	0.26678	
1.41467	0.292923	
1.38121	0.292818	
1.36351	0.318853	
1.37932	0.34476	
1.34558	0.344652	
1.32725	0.370416	
1.34202	0.39581	
1.30788	0.395666	
1.28899	0.421238	
1.30338	0.446565	
1.26971	0.446743	
1.25067	0.472308	
1.26497	0.497712	
1.23153	0.49795	
1.21253	0.523537	
1.17467	0.574859	
1.19357	0.549223	
1.22688	0.549041	
1.1372	0.626285	
1.15577	0.600528	
1.18903	0.600396	
1.10122	0.678321	
1.11951	0.652452	
1.15244	0.652231	
1.06636	0.730918	
1.08372	0.704606	
1.11725	0.704683	
1.03301	0.784452	
1.04966	0.757663	
1.08305	0.757713	
0.999738	0.838101	
1.01636	0.811268	
1.04971	0.811274	
0.966516	0.89193	
0.983131	0.865017	
1.01645	0.865006	
0.933272	0.945917	
0.949895	0.918926	
0.983227	0.918917	
0.916635	0.972961	
0.94997	0.972956	
1.91622	0.0245641	
1.88289	0.0245641	
1.86612	0.0501985	
1.94403	0.0216637	
1.92692	0.0462278	
1.97736	0.0216637	
1.8824	0.0742467	
1.8494	0.075317	
1.81678	0.0787345	
1.78363	0.0795594	
1.76703	0.106244	
1.83306	0.102783	
1.71675	0.133039	
1.68337	0.13335	
1.66659	0.160273	
1.78383	0.13249	
1.75041	0.132534	
1.73355	0.159285	
1.61656	0.187913	
1.5831	0.18818	
1.56643	0.214885	
1.68325	0.186825	
1.64996	0.187309	
1.63323	0.214464	
1.51624	0.241189	
1.48277	0.240915	
1.46577	0.26728	
1.58328	0.242023	
1.54988	0.241841	
1.5331	0.268327	
1.48225	0.29376	
1.44857	0.293366	
1.43115	0.319403	
1.44747	0.345421	
1.41357	0.344979	
1.39564	0.370778	
1.41018	0.395782	
1.37592	0.395564	
1.35656	0.420813	
1.37088	0.445889	
1.33698	0.446135	
1.3177	0.47164	
1.27907	0.523035	
1.2982	0.497393	
1.3318	0.496963	
1.24113	0.574534	
1.26009	0.548848	
1.29331	0.548529	
1.20357	0.626006	
1.22247	0.600337	
1.25567	0.600144	
1.16777	0.678165	
1.18546	0.651998	
1.2189	0.65194	
1.13322	0.731015	
1.15072	0.70473	
1.18374	0.704497	
1.09969	0.784441	
1.11639	0.757696	
1.14986	0.757743	
1.06637	0.838066	
1.08302	0.81125	
1.11635	0.811233	
1.03318	0.891913	
1.04979	0.864998	
1.08309	0.864974	
0.999943	0.945908	
1.01656	0.918912	
1.04989	0.918904	
0.983303	0.972956	
1.01664	0.972952	
1.94794	0.0720846	
1.92013	0.0749851	
1.90342	0.100104	
1.97736	0.054997	
1.97058	0.0837543	
1.91874	0.125118	
1.881	0.12438	
1.85019	0.132739	
1.81757	0.136156	
1.80096	0.162446	
1.86551	0.157753	
1.74947	0.185459	
1.7158	0.185964	
1.69917	0.212999	
1.81106	0.187074	
1.77732	0.183408	
1.75957	0.210087	
1.71638	0.239172	
1.68384	0.240033	
1.65038	0.241894	
1.61699	0.242497	
1.60043	0.269453	
1.66759	0.268066	
1.55022	0.295205	
1.51658	0.294553	
1.49938	0.320638	
1.61718	0.2975	
1.58348	0.297027	
1.56697	0.323252	
1.5158	0.347277	
1.48148	0.346484	
1.4639	0.37206	
1.47783	0.397045	
1.44382	0.395982	
1.42411	0.420767	
1.43875	0.44477	
1.4051	0.44457	
1.38552	0.469892	
1.3988	0.495051	
1.36457	0.496369	
1.34507	0.522123	
1.30734	0.574044	
1.32632	0.548232	
1.3591	0.547638	
1.27047	0.625885	
1.28913	0.600082	
1.32214	0.599785	
1.23449	0.678037	
1.2526	0.652045	
1.28606	0.651982	
1.20005	0.731	
1.2171	0.704435	
1.2508	0.70454	
1.16631	0.784356	
1.18315	0.757675	
1.21651	0.757613	
1.13301	0.838022	
1.14968	0.811212	
1.18297	0.811144	
1.09984	0.891895	
1.11643	0.864964	
1.14976	0.864943	
1.06662	0.945899	
1.08323	0.9189	
1.11656	0.91889	
1.04997	0.972952	
1.08331	0.972947	
1.94352	0.135565	
1.9211	0.159841	
1.97058	0.117088	
1.97294	0.151811	
1.91865	0.187274	
1.89386	0.176827	
1.86306	0.185186	
1.86322	0.219947	
1.83487	0.200873	
1.81123	0.221834	
1.80379	0.251303	
1.77998	0.237503	
1.75213	0.239555	
1.7368	0.266589	
1.75173	0.290356	
1.71599	0.289973	
1.68572	0.298567	
1.65226	0.300428	
1.63531	0.328001	
1.70065	0.322334	
1.5853	0.35509	
1.55204	0.353268	
1.53414	0.379114	
1.64803	0.35273	
1.61295	0.349802	
1.59802	0.379818	
1.54818	0.407252	
1.51195	0.40126	
1.49187	0.425182	
1.56941	0.408239	
1.54722	0.430385	
1.50779	0.455555	
1.47368	0.45134	
1.45467	0.475143	
1.42948	0.4943	
1.40854	0.520778	
1.46441	0.500869	
1.37228	0.573308	
1.39103	0.547199	
1.42172	0.546448	
1.33672	0.625488	
1.35494	0.599451	
1.38687	0.599012	
1.30135	0.677946	
1.31922	0.651786	
1.35202	0.651452	
1.26671	0.73083	
1.2841	0.704431	
1.31726	0.704236	
1.23293	0.78422	
1.24983	0.757545	
1.28313	0.757437	
1.19969	0.83798	
1.21633	0.811123	
1.24965	0.811056	
1.16652	0.891872	
1.1831	0.864929	
1.21645	0.864908	
1.13329	0.94589	
1.1499	0.918886	
1.18324	0.918872	
1.11664	0.972947	
1.14998	0.972943	
1.94569	0.202647	
1.91846	0.219632	
1.97294	0.185144	
1.97275	0.217502	
1.91793	0.251593	
1.89089	0.236221	
1.8627	0.251908	
1.86207	0.284212	
1.83441	0.267938	
1.80316	0.283607	
1.80699	0.317178	
1.77636	0.300543	
1.75555	0.323927	
1.75392	0.351495	
1.72928	0.341308	
1.69902	0.349902	
1.64952	0.387134	
1.67188	0.365333	
1.7005	0.384307	
1.64381	0.416607	
1.61997	0.404004	
1.59232	0.409291	
1.59136	0.432425	
1.46369	0.526296	
1.48888	0.507139	
1.5902	0.455492	
1.56729	0.454441	
1.54607	0.453453	
1.52787	0.47961	
1.54685	0.499542	
1.50858	0.501644	
1.50786	0.527071	
1.4342	0.572839	
1.4517	0.546418	
1.47618	0.552688	
1.40196	0.624581	
1.41931	0.598438	
1.44929	0.598408	
1.36743	0.677392	
1.38494	0.651094	
1.41738	0.65052	
1.33329	0.730601	
1.35055	0.704115	
1.38347	0.703757	
1.29962	0.784089	
1.31649	0.757374	
1.34978	0.757253	
1.2664	0.837923	
1.283	0.81102	
1.31637	0.810957	
1.2332	0.891844	
1.24979	0.864895	
1.28314	0.864859	
1.19996	0.945884	
1.21657	0.91887	
1.24992	0.918856	
1.18331	0.972943	
1.21665	0.972941	
1.94541	0.26782	
1.91784	0.284409	
1.97275	0.250836	
1.97266	0.283651	
1.91795	0.317189	
1.89047	0.300962	
1.86218	0.316992	
1.86335	0.350342	
1.83495	0.333592	
1.80816	0.350528	
1.80915	0.383747	
1.78119	0.367334	
1.75491	0.384715	
1.75551	0.417367	
1.72824	0.401528	
1.7011	0.416959	
1.70197	0.450424	
1.67423	0.433202	
1.64468	0.450072	
1.64791	0.484015	
1.6175	0.46742	
1.59344	0.489436	
1.49223	0.569758	
1.50423	0.549636	
1.52392	0.544141	
1.59573	0.521007	
1.56843	0.509079	
1.54914	0.531113	
1.54551	0.553679	
1.46681	0.622721	
1.4817	0.597122	
1.50975	0.594071	
1.43366	0.676676	
1.45069	0.650163	
1.48309	0.648877	
1.3999	0.730402	
1.41679	0.703678	
1.4501	0.703321	
1.36635	0.783961	
1.38315	0.757188	
1.41647	0.757109	
1.33309	0.837844	
1.34971	0.810914	
1.38308	0.810849	
1.29987	0.891816	
1.31648	0.864844	
1.34982	0.864801	
1.26662	0.945881	
1.28325	0.918855	
1.31658	0.918841	
1.24998	0.972941	
1.28331	0.97294	
1.94538	0.333764	
1.91802	0.350317	
1.97266	0.316984	
1.97273	0.350113	
1.91829	0.383549	
1.89086	0.366973	
1.86363	0.383573	
1.86403	0.41694	
1.83653	0.400308	
1.80955	0.417114	
1.81001	0.450422	
1.78264	0.433862	
1.75597	0.450676	
1.75625	0.4839	
1.72912	0.467406	
1.70225	0.483649	
1.70254	0.51741	
1.67539	0.500428	
1.64821	0.517777	
1.64895	0.55073	
1.62147	0.534317	
1.59647	0.553961	
1.53332	0.615458	
1.54386	0.588094	
1.59483	0.588377	
1.56909	0.575066	
1.50091	0.673661	
1.51703	0.64622	
1.55115	0.640243	
1.46654	0.729656	
1.48341	0.702654	
1.51735	0.699997	
1.43302	0.78369	
1.44977	0.756903	
1.48309	0.756236	
1.39975	0.837723	
1.41639	0.81077	
1.4497	0.810564	
1.36653	0.89177	
1.38314	0.86477	
1.41646	0.864691	
1.33328	0.945873	
1.34991	0.918834	
1.38323	0.918802	
1.31664	0.97294	
1.34997	0.972933	
1.94556	0.400166	
1.9184	0.416822	
1.97273	0.383446	
1.97284	0.41672	
1.9186	0.45014	
1.89133	0.433522	
1.86423	0.450257	
1.86452	0.483603	
1.83722	0.467021	
1.81031	0.483768	
1.81062	0.51715	
1.78341	0.500552	
1.75656	0.517282	
1.75685	0.550795	
1.72969	0.534144	
1.70283	0.550923	
1.70333	0.584603	
1.67618	0.56787	
1.64944	0.584411	
1.65164	0.612773	
1.62441	0.595634	
1.59702	0.616739	
1.56642	0.671754	
1.58272	0.640993	
1.6123	0.64825	
1.53285	0.728244	
1.55035	0.699251	
1.58193	0.700001	
1.49943	0.783107	
1.51619	0.75586	
1.5492	0.755115	
1.46631	0.837496	
1.48294	0.810416	
1.51604	0.81004	
1.43316	0.891692	
1.44977	0.864645	
1.48301	0.864497	
1.39994	0.945853	
1.41655	0.918789	
1.44987	0.918743	
1.38331	0.972933	
1.41663	0.97292	
1.94575	0.466765	
1.91868	0.483465	
1.97284	0.450053	
1.97292	0.483379	
1.91884	0.516818	
1.89168	0.500192	
1.86468	0.516956	
1.86494	0.550305	
1.83778	0.533716	
1.81088	0.5505	
1.81118	0.58391	
1.78403	0.567344	
1.75716	0.584206	
1.75722	0.617821	
1.73005	0.601271	
1.70339	0.618218	
1.69963	0.652635	
1.67291	0.635967	
1.64788	0.64719	
1.63357	0.671444	
1.59841	0.727428	
1.61448	0.699931	
1.65006	0.698871	
1.56573	0.782568	
1.58239	0.754952	
1.61495	0.754881	
1.53288	0.83726	
1.54938	0.809951	
1.58257	0.809788	
1.49982	0.891619	
1.51635	0.86447	
1.54969	0.864381	
1.46659	0.945824	
1.48319	0.918727	
1.51654	0.918699	
1.44996	0.97292	
1.48329	0.972904	
1.94591	0.533422	
1.91892	0.550149	
1.97292	0.516712	
1.973	0.550044	
1.9191	0.583468	
1.89202	0.566863	
1.86512	0.583624	
1.86543	0.616916	
1.83835	0.600358	
1.81149	0.617203	
1.81206	0.650499	
1.7849	0.634051	
1.75779	0.651116	
1.75931	0.684375	
1.73163	0.668145	
1.70115	0.685893	
1.65839	0.72935	
1.67748	0.700863	
1.70948	0.716373	
1.63173	0.78244	
1.64775	0.754916	
1.67516	0.756909	
1.59959	0.837194	
1.61595	0.809811	
1.64875	0.809846	
1.56649	0.891592	
1.58302	0.864383	
1.61639	0.864405	
1.53324	0.945785	
1.54986	0.918677	
1.58319	0.918678	
1.51662	0.972904	
1.54994	0.972882	
1.94609	0.600065	
1.91919	0.616779	
1.973	0.583377	
1.97309	0.616688	
1.91937	0.650041	
1.89238	0.633444	
1.8656	0.650178	
1.86595	0.683284	
1.839	0.666756	
1.81241	0.683604	
1.81255	0.716159	
1.78561	0.699901	
1.75945	0.716929	
1.6982	0.777233	
1.70883	0.751666	
1.75881	0.752223	
1.73251	0.736697	
1.66623	0.835259	
1.68201	0.807888	
1.71568	0.802646	
1.63281	0.891021	
1.64938	0.863833	
1.68265	0.861875	
1.59975	0.945633	
1.61638	0.918549	
1.64937	0.917976	
1.58328	0.972882	
1.61647	0.972752	
1.94627	0.666659	
1.91946	0.683323	
1.97309	0.650021	
1.97318	0.683304	
1.91977	0.716488	
1.89287	0.69987	
1.86627	0.716448	
1.86733	0.74919	
1.84041	0.732604	
1.81361	0.748902	
1.81599	0.776023	
1.78813	0.759578	
1.76119	0.779345	
1.73096	0.834307	
1.74714	0.803651	
1.77647	0.811006	
1.69834	0.890218	
1.71519	0.861645	
1.74665	0.86265	
1.66576	0.945171	
1.68219	0.917644	
1.71473	0.917414	
1.6498	0.972752	
1.68262	0.97242	
1.9463	0.733237	
1.91972	0.749783	
1.97318	0.716637	
1.97312	0.749933	
1.9197	0.783174	
1.89317	0.766425	
1.86731	0.782581	
1.86297	0.817268	
1.83712	0.800034	
1.81165	0.81071	
1.7976	0.835016	
1.76268	0.890453	
1.77845	0.863115	
1.81363	0.86282	
1.73154	0.944973	
1.74769	0.917548	
1.77949	0.918013	
1.71596	0.97242	
1.74892	0.972554	
1.94706	0.799724	
1.92051	0.816365	
1.97312	0.783266	
1.97394	0.816457	
1.92262	0.84963	
1.89526	0.83308	
1.86507	0.850533	
1.82138	0.893178	
1.84053	0.865079	
1.87283	0.880891	
1.79653	0.94521	
1.81152	0.918116	
1.83842	0.920375	
1.78225	0.972554	
1.81428	0.972657	
1.94917	0.865523	
1.92392	0.882238	
1.97394	0.849791	
1.97523	0.882398	
1.86298	0.942865	
1.87285	0.917927	
1.92394	0.919273	
1.89739	0.903381	
1.84761	0.972657	
1.88204	0.970208	
1.95335	0.926253	
1.92682	0.947396	
1.97523	0.915732	
1.97812	0.943855	
1.91537	0.970208	
1.94479	0.977188	
1.97812	0.977188	
