184 12
0 18
0 772 
772 1 
1 773 
773 4 
4 774 
774 8 
8 775 
775 14 
14 776 
776 16 
16 777 
777 17 
17 778 
778 30 
30 779 
779 32 
32 780 
780 41 

1 18
3 781 
781 0 
5 782 
782 3 
9 783 
783 5 
18 784 
784 9 
23 785 
785 18 
26 786 
786 23 
27 787 
787 26 
28 788 
788 27 
45 789 
789 28 

2 10
41 790 
790 57 
57 791 
791 64 
64 792 
792 84 
84 793 
793 105 
105 794 
794 106 

3 18
106 795 
795 130 
130 796 
796 131 
131 797 
797 158 
158 798 
798 159 
159 799 
799 192 
192 800 
800 193 
193 801 
801 231 
231 802 
802 232 
232 803 
803 278 

4 18
278 804 
804 322 
322 805 
805 364 
364 806 
806 402 
402 807 
807 436 
436 808 
808 473 
473 809 
809 505 
505 810 
810 535 
535 811 
811 562 
562 812 
812 591 

5 10
63 813 
813 45 
83 814 
814 63 
104 815 
815 83 
123 816 
816 104 
129 817 
817 123 

6 10
591 818 
818 616 
616 819 
819 639 
639 820 
820 660 
660 821 
821 678 
678 822 
822 694 

7 18
155 823 
823 129 
157 824 
824 155 
189 825 
825 157 
191 826 
826 189 
228 827 
827 191 
230 828 
828 228 
274 829 
829 230 
275 830 
830 274 
319 831 
831 275 

8 18
694 832 
832 709 
709 833 
833 722 
722 834 
834 734 
734 835 
835 744 
744 836 
836 753 
753 837 
837 760 
760 838 
838 765 
765 839 
839 769 
769 840 
840 771 

9 18
361 841 
841 319 
399 842 
842 361 
433 843 
843 399 
470 844 
844 433 
502 845 
845 470 
532 846 
846 502 
559 847 
847 532 
588 848 
848 559 
613 849 
849 588 

10 10
636 850 
850 613 
657 851 
851 636 
675 852 
852 657 
691 853 
853 675 
706 854 
854 691 

11 18
719 855 
855 706 
731 856 
856 719 
741 857 
857 731 
750 858 
858 741 
757 859 
859 750 
763 860 
860 757 
767 861 
861 763 
770 862 
862 767 
771 863 
863 770 

