828 28
0 23
0
1
5
10
22
37
54
73
75
101
131
174
2254
2255
2256
2257
2258
2259
2260
2261
2262
2263
2264

1 23
3
0
7
16
29
45
63
86
115
156
206
255
2265
2266
2267
2268
2269
2270
2271
2272
2273
2274
2275

2 15
174
222
270
320
372
430
488
549
2276
2277
2278
2279
2280
2281
2282

3 43
43
50
58
59
67
68
79
89
105
118
144
158
169
170
171
173
174
194
195
207
254
255
2283
2284
2285
2286
2287
2288
2289
2290
2291
2292
2293
2294
2295
2296
2297
2298
2299
2300
2301
2302
2303

4 35
133
139
182
174
220
233
266
267
273
314
321
322
360
361
362
363
364
365
2304
2305
2306
2307
2308
2309
2310
2311
2312
2313
2314
2315
2316
2317
2318
2319
2320

5 23
549
613
680
749
817
890
963
1037
1038
1116
1117
1198
2321
2322
2323
2324
2325
2326
2327
2328
2329
2330
2331

6 35
549
548
608
610
673
742
806
807
879
947
948
949
964
965
974
1047
1048
1124
2332
2333
2334
2335
2336
2337
2338
2339
2340
2341
2342
2343
2344
2345
2346
2347
2348

7 43
549
611
612
678
746
813
886
957
1031
1109
1188
1271
1350
1425
1497
1569
1635
1694
1748
1800
1847
1891
2349
2350
2351
2352
2353
2354
2355
2356
2357
2358
2359
2360
2361
2362
2363
2364
2365
2366
2367
2368
2369

8 23
1198
1280
1357
1432
1503
1574
1639
1697
1751
1802
1848
1891
2370
2371
2372
2373
2374
2375
2376
2377
2378
2379
2380

9 35
189
139
193
242
287
255
303
306
336
337
348
349
350
351
352
353
354
355
2381
2382
2383
2384
2385
2386
2387
2388
2389
2390
2391
2392
2393
2394
2395
2396
2397

10 15
305
255
356
411
415
475
537
599
2398
2399
2400
2401
2402
2403
2404

11 33
139
178
227
276
327
379
437
495
556
619
686
755
823
896
970
1044
1124
2405
2406
2407
2408
2409
2410
2411
2412
2413
2414
2415
2416
2417
2418
2419
2420

12 33
139
188
238
288
339
391
450
508
569
631
698
766
835
907
981
1057
1136
2421
2422
2423
2424
2425
2426
2427
2428
2429
2430
2431
2432
2433
2434
2435
2436

13 35
1124
1206
1288
1366
1434
1504
1561
1626
1684
1687
1688
1690
1745
1795
1798
1846
1849
1891
2437
2438
2439
2440
2441
2442
2443
2444
2445
2446
2447
2448
2449
2450
2451
2452
2453

14 33
1124
1123
1202
1203
1283
1290
1291
1302
1377
1379
1383
1388
1461
1463
1529
1530
1595
2454
2455
2456
2457
2458
2459
2460
2461
2462
2463
2464
2465
2466
2467
2468
2469

15 15
1891
1930
1967
2001
2033
2063
2090
2116
2470
2471
2472
2473
2474
2475
2476

16 35
599
598
661
727
793
865
867
868
930
931
932
933
979
980
983
1061
1062
1136
2477
2478
2479
2480
2481
2482
2483
2484
2485
2486
2487
2488
2489
2490
2491
2492
2493

17 23
665
599
735
801
875
946
1021
1095
1098
1176
1177
1260
2494
2495
2496
2497
2498
2499
2500
2501
2502
2503
2504

18 43
663
599
664
733
798
870
941
1015
1091
1168
1251
1330
1407
1480
1552
1619
1679
1734
1785
1834
1878
1920
2505
2506
2507
2508
2509
2510
2511
2512
2513
2514
2515
2516
2517
2518
2519
2520
2521
2522
2523
2524
2525

19 33
1136
1135
1211
1212
1220
1233
1234
1236
1315
1317
1318
1319
1382
1455
1523
1527
1595
2526
2527
2528
2529
2530
2531
2532
2533
2534
2535
2536
2537
2538
2539
2540
2541

20 35
1136
1218
1299
1374
1448
1516
1545
1611
1670
1723
1728
1779
1782
1829
1831
1876
1877
1920
2542
2543
2544
2545
2546
2547
2548
2549
2550
2551
2552
2553
2554
2555
2556
2557
2558

21 35
1595
1660
1715
1768
1815
1860
1899
1933
1969
1971
2002
2025
2027
2057
2059
2060
2088
2116
2559
2560
2561
2562
2563
2564
2565
2566
2567
2568
2569
2570
2571
2572
2573
2574
2575

22 35
1595
1656
1710
1722
1773
1820
1865
1906
1942
1973
2006
2019
2049
2075
2076
2079
2107
2133
2576
2577
2578
2579
2580
2581
2582
2583
2584
2585
2586
2587
2588
2589
2590
2591
2592

23 43
2115
2114
2116
2131
2132
2133
2136
2135
2137
2150
2151
2152
2153
2157
2163
2164
2165
2166
2167
2168
2169
2170
2593
2594
2595
2596
2597
2598
2599
2600
2601
2602
2603
2604
2605
2606
2607
2608
2609
2610
2611
2612
2613

24 23
2116
2140
2162
2182
2199
2214
2226
2235
2242
2247
2251
2253
2614
2615
2616
2617
2618
2619
2620
2621
2622
2623
2624

25 23
1338
1260
1414
1486
1558
1624
1683
1737
1789
1836
1879
1920
2625
2626
2627
2628
2629
2630
2631
2632
2633
2634
2635

26 15
1957
1920
1992
2024
2055
2082
2109
2133
2636
2637
2638
2639
2640
2641
2642

27 23
2156
2133
2176
2195
2211
2223
2232
2239
2245
2249
2252
2253
2643
2644
2645
2646
2647
2648
2649
2650
2651
2652
2653

