428 28
0 12
0
1
5
10
22
37
54
73
75
101
131
174

1 12
3
0
7
16
29
45
63
86
115
156
206
255

2 8
174
222
270
320
372
430
488
549

3 22
43
50
58
59
67
68
79
89
105
118
144
158
169
170
171
173
174
194
195
207
254
255

4 18
133
139
182
174
220
233
266
267
273
314
321
322
360
361
362
363
364
365

5 12
549
613
680
749
817
890
963
1037
1038
1116
1117
1198

6 18
549
548
608
610
673
742
806
807
879
947
948
949
964
965
974
1047
1048
1124

7 22
549
611
612
678
746
813
886
957
1031
1109
1188
1271
1350
1425
1497
1569
1635
1694
1748
1800
1847
1891

8 12
1198
1280
1357
1432
1503
1574
1639
1697
1751
1802
1848
1891

9 18
189
139
193
242
287
255
303
306
336
337
348
349
350
351
352
353
354
355

10 8
305
255
356
411
415
475
537
599

11 17
139
178
227
276
327
379
437
495
556
619
686
755
823
896
970
1044
1124

12 17
139
188
238
288
339
391
450
508
569
631
698
766
835
907
981
1057
1136

13 18
1124
1206
1288
1366
1434
1504
1561
1626
1684
1687
1688
1690
1745
1795
1798
1846
1849
1891

14 17
1124
1123
1202
1203
1283
1290
1291
1302
1377
1379
1383
1388
1461
1463
1529
1530
1595

15 8
1891
1930
1967
2001
2033
2063
2090
2116

16 18
599
598
661
727
793
865
867
868
930
931
932
933
979
980
983
1061
1062
1136

17 12
665
599
735
801
875
946
1021
1095
1098
1176
1177
1260

18 22
663
599
664
733
798
870
941
1015
1091
1168
1251
1330
1407
1480
1552
1619
1679
1734
1785
1834
1878
1920

19 17
1136
1135
1211
1212
1220
1233
1234
1236
1315
1317
1318
1319
1382
1455
1523
1527
1595

20 18
1136
1218
1299
1374
1448
1516
1545
1611
1670
1723
1728
1779
1782
1829
1831
1876
1877
1920

21 18
1595
1660
1715
1768
1815
1860
1899
1933
1969
1971
2002
2025
2027
2057
2059
2060
2088
2116

22 18
1595
1656
1710
1722
1773
1820
1865
1906
1942
1973
2006
2019
2049
2075
2076
2079
2107
2133

23 22
2115
2114
2116
2131
2132
2133
2136
2135
2137
2150
2151
2152
2153
2157
2163
2164
2165
2166
2167
2168
2169
2170

24 12
2116
2140
2162
2182
2199
2214
2226
2235
2242
2247
2251
2253

25 12
1338
1260
1414
1486
1558
1624
1683
1737
1789
1836
1879
1920

26 8
1957
1920
1992
2024
2055
2082
2109
2133

27 12
2156
2133
2176
2195
2211
2223
2232
2239
2245
2249
2252
2253

