92 12
0 9
0 1 
1 4 
4 8 
8 14 
14 16 
16 17 
17 30 
30 32 
32 41 

1 9
3 0 
5 3 
9 5 
18 9 
23 18 
26 23 
27 26 
28 27 
45 28 

2 5
41 57 
57 64 
64 84 
84 105 
105 106 

3 9
106 130 
130 131 
131 158 
158 159 
159 192 
192 193 
193 231 
231 232 
232 278 

4 9
278 322 
322 364 
364 402 
402 436 
436 473 
473 505 
505 535 
535 562 
562 591 

5 5
63 45 
83 63 
104 83 
123 104 
129 123 

6 5
591 616 
616 639 
639 660 
660 678 
678 694 

7 9
155 129 
157 155 
189 157 
191 189 
228 191 
230 228 
274 230 
275 274 
319 275 

8 9
694 709 
709 722 
722 734 
734 744 
744 753 
753 760 
760 765 
765 769 
769 771 

9 9
361 319 
399 361 
433 399 
470 433 
502 470 
532 502 
559 532 
588 559 
613 588 

10 5
636 613 
657 636 
675 657 
691 675 
706 691 

11 9
719 706 
731 719 
741 731 
750 741 
757 750 
763 757 
767 763 
770 767 
771 770 

