1450 
2 1 0 
 2 0 3 
 6 4 1 
 2 6 1 
 5 7 3 
 2 3 7 
 2 7 6 
 10 8 4 
 4 6 10 
 11 5 9 
 5 11 7 
 12 10 6 
 6 7 12 
 13 7 11 
 13 12 7 
 15 14 8 
 8 10 15 
 19 9 18 
 9 19 11 
 20 15 10 
 10 12 20 
 21 11 19 
 13 11 21 
 20 12 22 
 13 21 22 
 13 22 12 
 24 16 14 
 14 15 24 
 25 24 15 
 15 20 25 
 29 17 16 
 16 24 29 
 31 30 17 
 17 29 31 
 33 18 23 
 18 33 19 
 34 19 33 
 21 19 34 
 35 25 20 
 35 20 22 
 34 36 21 
 21 36 22 
 37 35 22 
 37 22 36 
 38 23 26 
 23 38 33 
 39 29 24 
 24 25 39 
 40 39 25 
 25 35 40 
 42 26 27 
 26 42 38 
 43 27 28 
 27 43 42 
 28 44 43 
 44 28 45 
 46 31 29 
 29 39 46 
 47 32 30 
 30 31 47 
 48 47 31 
 31 46 48 
 49 41 32 
 32 47 49 
 50 33 38 
 33 50 34 
 51 34 50 
 36 34 51 
 52 40 35 
 37 52 35 
 36 51 53 
 37 36 53 
 37 53 52 
 54 38 42 
 38 54 50 
 55 46 39 
 39 40 55 
 56 55 40 
 40 52 56 
 41 58 57 
 58 41 49 
 59 42 43 
 42 59 54 
 60 43 44 
 43 60 59 
 44 61 60 
 62 44 45 
 44 62 61 
 45 63 62 
 65 48 46 
 46 55 65 
 66 49 47 
 47 48 66 
 67 66 48 
 48 65 67 
 49 68 58 
 68 49 66 
 69 50 54 
 50 69 51 
 70 51 69 
 70 53 51 
 71 56 52 
 52 53 71 
 72 53 70 
 72 71 53 
 73 54 59 
 54 73 69 
 74 65 55 
 55 56 74 
 75 74 56 
 56 71 75 
 57 76 64 
 76 57 58 
 58 77 76 
 77 58 68 
 78 59 60 
 59 78 73 
 79 60 61 
 60 79 78 
 61 80 79 
 81 61 62 
 81 80 61 
 82 62 63 
 62 82 81 
 63 83 82 
 64 85 84 
 85 64 76 
 86 67 65 
 65 74 86 
 87 68 66 
 66 67 87 
 88 87 67 
 67 86 88 
 68 89 77 
 89 68 87 
 90 69 73 
 69 90 70 
 91 70 90 
 72 70 91 
 71 92 75 
 72 91 92 
 72 92 71 
 93 73 78 
 73 93 90 
 94 86 74 
 74 75 94 
 95 94 75 
 95 75 92 
 76 96 85 
 96 76 77 
 77 97 96 
 97 77 89 
 79 98 78 
 78 98 93 
 80 99 79 
 98 79 99 
 99 80 100 
 80 81 101 
 101 100 80 
 102 81 82 
 102 101 81 
 103 82 83 
 103 102 82 
 104 103 83 
 84 107 105 
 107 84 85 
 85 108 107 
 108 85 96 
 88 86 109 
 86 94 109 
 87 110 89 
 110 87 88 
 110 88 111 
 109 111 88 
 89 112 97 
 112 89 110 
 113 90 93 
 90 113 91 
 114 91 113 
 91 114 92 
 115 95 92 
 115 92 114 
 98 116 93 
 93 116 113 
 117 109 94 
 94 95 117 
 118 117 95 
 115 118 95 
 96 119 108 
 119 96 97 
 97 120 119 
 120 97 112 
 99 121 98 
 116 98 121 
 100 122 99 
 121 99 122 
 122 100 124 
 100 101 125 
 125 124 100 
 101 102 126 
 126 125 101 
 102 103 127 
 127 126 102 
 123 128 104 
 103 104 128 
 128 127 103 
 106 105 132 
 107 132 105 
 133 130 106 
 132 133 106 
 107 134 132 
 134 107 108 
 108 135 134 
 135 108 119 
 111 109 136 
 117 136 109 
 110 137 112 
 137 110 111 
 137 111 138 
 138 111 136 
 112 139 120 
 139 112 137 
 140 113 116 
 113 140 114 
 114 140 141 
 115 114 141 
 115 141 118 
 121 142 116 
 140 116 142 
 143 136 117 
 143 117 118 
 144 143 118 
 144 118 141 
 119 145 135 
 145 119 120 
 120 146 145 
 146 120 139 
 122 147 121 
 147 142 121 
 124 148 122 
 147 122 148 
 129 149 123 
 128 123 149 
 148 124 150 
 124 125 151 
 151 150 124 
 125 126 152 
 152 151 125 
 126 127 153 
 153 152 126 
 149 154 128 
 127 128 154 
 154 153 127 
 156 129 155 
 149 129 156 
 160 131 130 
 130 133 160 
 161 158 131 
 131 160 161 
 162 133 132 
 132 134 162 
 163 160 133 
 133 162 163 
 134 164 162 
 164 134 135 
 135 165 164 
 165 135 145 
 166 136 143 
 167 138 136 
 166 167 136 
 139 137 168 
 168 137 138 
 169 168 138 
 169 138 167 
 139 170 146 
 168 170 139 
 171 140 142 
 171 141 140 
 172 141 171 
 144 141 172 
 173 171 142 
 174 142 147 
 173 142 174 
 144 175 143 
 166 143 175 
 144 172 175 
 145 176 165 
 176 145 146 
 146 177 176 
 177 146 170 
 148 178 147 
 174 147 178 
 150 180 148 
 180 178 148 
 180 150 181 
 156 182 149 
 154 149 182 
 150 151 183 
 183 181 150 
 151 152 184 
 184 183 151 
 152 153 185 
 185 184 152 
 182 186 154 
 153 154 186 
 186 185 153 
 187 155 157 
 155 187 156 
 188 156 187 
 156 188 182 
 190 157 189 
 157 190 187 
 194 159 158 
 158 161 194 
 195 192 159 
 159 194 195 
 196 161 160 
 160 163 196 
 197 194 161 
 161 196 197 
 198 163 162 
 162 164 198 
 199 196 163 
 163 198 199 
 200 165 176 
 164 201 198 
 201 164 165 
 165 200 201 
 166 202 167 
 166 175 202 
 167 203 169 
 203 167 202 
 204 169 203 
 170 168 205 
 169 205 168 
 204 205 169 
 170 206 177 
 206 170 205 
 173 207 171 
 207 172 171 
 207 208 172 
 208 175 172 
 173 209 207 
 173 174 209 
 178 210 174 
 179 210 178 
 210 209 174 
 202 175 211 
 208 211 175 
 212 177 206 
 176 213 200 
 213 176 177 
 177 212 213 
 214 178 180 
 179 178 214 
 179 214 215 
 179 216 210 
 215 216 179 
 181 217 180 
 214 180 217 
 217 181 218 
 181 183 219 
 218 181 219 
 220 182 188 
 186 182 220 
 183 184 221 
 221 219 183 
 184 185 222 
 222 221 184 
 220 223 186 
 185 186 223 
 223 222 185 
 224 187 190 
 187 224 188 
 225 188 224 
 188 225 220 
 226 189 191 
 189 226 190 
 227 190 226 
 190 227 224 
 229 191 228 
 191 229 226 
 233 193 192 
 192 195 233 
 234 231 193 
 193 233 234 
 235 195 194 
 194 197 235 
 236 233 195 
 195 235 236 
 237 197 196 
 196 199 237 
 238 235 197 
 197 237 238 
 239 199 198 
 198 201 239 
 240 237 199 
 199 239 240 
 241 200 213 
 201 242 239 
 242 201 200 
 200 241 242 
 202 243 203 
 211 243 202 
 204 203 244 
 244 203 243 
 204 245 205 
 245 204 244 
 206 205 246 
 245 246 205 
 206 248 212 
 247 212 248 
 248 206 246 
 209 249 207 
 208 207 249 
 250 211 208 
 250 208 249 
 249 209 251 
 216 251 210 
 210 251 209 
 252 243 211 
 250 252 211 
 213 253 241 
 212 253 213 
 247 253 212 
 254 241 253 
 255 253 247 
 217 256 214 
 215 214 256 
 215 257 216 
 215 256 257 
 216 258 251 
 258 216 257 
 218 259 217 
 256 217 259 
 260 218 219 
 260 261 218 
 259 218 261 
 262 260 219 
 263 219 221 
 262 219 263 
 264 220 225 
 223 220 264 
 221 222 265 
 263 221 265 
 223 264 266 
 222 223 266 
 222 266 265 
 267 224 227 
 224 267 225 
 268 225 267 
 225 268 264 
 269 226 229 
 226 269 227 
 270 227 269 
 227 270 267 
 271 228 230 
 228 271 229 
 272 229 271 
 229 272 269 
 230 273 271 
 273 230 274 
 231 276 232 
 231 234 276 
 277 232 276 
 277 278 232 
 279 234 233 
 279 233 236 
 280 276 234 
 280 234 279 
 235 281 236 
 235 238 281 
 236 282 279 
 282 236 281 
 283 238 237 
 237 240 283 
 284 281 238 
 238 283 284 
 285 240 239 
 239 242 285 
 286 283 240 
 240 285 286 
 242 287 285 
 241 287 242 
 254 287 241 
 288 287 254 
 255 247 289 
 290 243 252 
 244 243 291 
 290 291 243 
 245 292 246 
 245 244 292 
 244 291 292 
 246 293 248 
 292 293 246 
 248 294 247 
 289 247 294 
 294 248 293 
 249 251 295 
 250 249 295 
 250 295 252 
 296 295 251 
 258 296 251 
 290 252 297 
 252 295 297 
 288 254 298 
 299 254 253 
 255 299 253 
 299 298 254 
 255 300 299 
 289 300 255 
 259 301 256 
 257 256 301 
 258 302 296 
 258 257 302 
 257 301 302 
 261 303 259 
 301 259 303 
 260 304 261 
 260 262 304 
 304 305 261 
 305 303 261 
 262 263 306 
 262 306 304 
 263 265 307 
 306 263 307 
 264 268 308 
 308 266 264 
 266 308 309 
 265 266 309 
 307 265 309 
 310 267 270 
 267 310 268 
 311 268 310 
 268 311 308 
 312 269 272 
 269 312 270 
 313 270 312 
 270 313 310 
 314 271 273 
 271 314 272 
 315 272 314 
 272 315 312 
 273 316 314 
 317 274 275 
 274 317 273 
 316 273 317 
 318 317 275 
 318 275 319 
 280 320 276 
 277 276 321 
 321 276 320 
 277 322 278 
 277 321 322 
 280 279 323 
 279 282 323 
 280 323 320 
 324 323 282 
 281 325 282 
 324 282 325 
 284 325 281 
 326 284 283 
 283 286 326 
 327 325 284 
 327 284 326 
 328 286 285 
 328 285 287 
 329 326 286 
 286 328 329 
 330 328 287 
 288 330 287 
 288 331 330 
 331 288 298 
 289 332 300 
 289 294 332 
 290 333 291 
 290 297 333 
 292 334 293 
 291 334 292 
 291 333 334 
 293 335 294 
 332 294 335 
 335 293 334 
 296 336 295 
 297 295 336 
 336 296 337 
 302 337 296 
 333 297 338 
 297 336 338 
 298 339 331 
 339 298 340 
 300 340 299 
 299 340 298 
 300 341 340 
 341 300 332 
 301 303 342 
 301 342 302 
 343 337 302 
 343 302 342 
 342 303 344 
 305 345 303 
 345 344 303 
 304 306 346 
 304 346 305 
 347 305 346 
 347 345 305 
 306 307 348 
 348 346 306 
 349 307 309 
 349 348 307 
 350 346 348 
 351 308 311 
 351 309 308 
 352 309 351 
 349 309 352 
 311 353 351 
 354 310 313 
 310 354 311 
 353 311 354 
 313 355 354 
 356 312 315 
 312 356 313 
 355 313 356 
 357 356 315 
 314 316 358 
 315 314 358 
 357 315 358 
 359 358 316 
 318 360 317 
 317 360 316 
 359 316 360 
 318 319 361 
 318 361 360 
 362 320 323 
 320 363 321 
 363 320 362 
 321 364 322 
 364 321 363 
 362 323 365 
 324 365 323 
 324 366 365 
 324 325 366 
 366 325 367 
 327 367 325 
 327 326 368 
 327 368 367 
 326 329 368 
 369 368 329 
 329 328 370 
 369 329 370 
 330 370 328 
 371 370 330 
 371 330 331 
 371 331 372 
 331 339 372 
 339 373 372 
 341 332 374 
 332 335 374 
 333 375 334 
 333 338 375 
 334 376 335 
 374 335 376 
 376 334 375 
 337 377 336 
 338 336 377 
 377 337 378 
 343 378 337 
 379 375 338 
 379 338 377 
 340 380 339 
 373 339 380 
 380 340 381 
 341 381 340 
 341 374 381 
 344 382 342 
 343 342 382 
 343 382 378 
 383 382 344 
 384 344 345 
 383 344 384 
 347 385 345 
 345 385 384 
 386 346 350 
 347 346 386 
 347 386 385 
 387 386 350 
 349 388 348 
 348 388 350 
 349 352 388 
 389 350 388 
 387 350 389 
 390 351 353 
 352 351 390 
 391 352 390 
 391 388 352 
 392 390 353 
 355 393 354 
 353 354 393 
 392 353 393 
 394 393 355 
 357 395 356 
 356 395 355 
 394 355 395 
 357 358 396 
 357 396 395 
 359 397 358 
 397 396 358 
 359 360 398 
 359 398 397 
 399 360 361 
 399 398 360 
 365 400 362 
 362 401 363 
 401 362 400 
 363 402 364 
 402 363 401 
 400 365 403 
 366 403 365 
 403 366 404 
 367 404 366 
 404 367 405 
 405 367 368 
 406 373 380 
 407 405 368 
 369 407 368 
 369 408 407 
 369 370 408 
 408 370 409 
 371 409 370 
 371 372 409 
 410 409 372 
 406 411 373 
 412 410 372 
 412 372 373 
 411 412 373 
 413 374 376 
 374 414 381 
 413 414 374 
 375 415 376 
 413 376 415 
 379 415 375 
 416 378 382 
 379 417 415 
 377 378 417 
 379 377 417 
 416 417 378 
 381 418 380 
 406 380 418 
 418 381 414 
 383 419 382 
 416 382 419 
 383 420 419 
 383 384 420 
 385 421 384 
 384 421 420 
 387 422 386 
 386 422 385 
 385 422 421 
 387 389 423 
 387 423 422 
 389 388 424 
 391 424 388 
 425 389 424 
 389 425 423 
 392 426 390 
 391 390 426 
 391 426 424 
 392 427 426 
 392 393 427 
 394 428 393 
 428 427 393 
 394 395 429 
 394 429 428 
 396 430 395 
 429 395 430 
 431 396 397 
 396 431 430 
 397 398 432 
 397 432 431 
 398 399 433 
 398 433 432 
 403 434 400 
 400 435 401 
 435 400 434 
 401 436 402 
 436 401 435 
 434 403 437 
 404 437 403 
 437 404 438 
 405 438 404 
 438 405 439 
 407 439 405 
 406 440 411 
 406 418 440 
 439 407 441 
 408 441 407 
 442 441 408 
 442 408 409 
 410 442 409 
 443 442 410 
 443 410 444 
 444 410 412 
 445 411 440 
 412 446 444 
 446 412 411 
 445 446 411 
 413 447 414 
 413 415 447 
 414 448 418 
 448 414 447 
 449 415 417 
 449 447 415 
 416 419 450 
 416 450 417 
 449 417 451 
 451 417 450 
 452 450 419 
 440 418 453 
 453 418 448 
 454 453 448 
 420 455 419 
 452 419 455 
 456 421 422 
 421 456 457 
 457 420 421 
 420 457 455 
 423 459 422 
 456 422 459 
 458 456 459 
 458 459 460 
 461 423 425 
 423 461 459 
 424 426 462 
 425 424 462 
 463 425 462 
 463 461 425 
 427 464 426 
 462 426 464 
 427 428 465 
 465 464 427 
 428 429 466 
 428 466 465 
 429 430 467 
 467 466 429 
 430 431 468 
 468 467 430 
 431 432 469 
 469 468 431 
 432 433 470 
 470 469 432 
 437 471 434 
 434 472 435 
 472 434 471 
 435 473 436 
 473 435 472 
 471 437 474 
 438 474 437 
 474 438 475 
 439 475 438 
 475 439 476 
 441 476 439 
 445 440 477 
 440 453 477 
 441 478 476 
 442 478 441 
 443 478 442 
 443 479 478 
 443 444 479 
 480 479 444 
 444 446 480 
 445 481 446 
 445 477 481 
 482 480 446 
 481 482 446 
 483 452 455 
 447 484 448 
 454 448 484 
 449 484 447 
 451 484 449 
 451 485 484 
 452 485 450 
 452 483 485 
 451 450 485 
 486 477 453 
 454 486 453 
 454 487 486 
 454 484 487 
 488 455 457 
 488 489 455 
 483 455 489 
 458 490 456 
 490 457 456 
 488 457 490 
 458 460 491 
 458 491 490 
 492 491 460 
 460 459 493 
 493 459 461 
 494 460 493 
 492 460 494 
 493 461 495 
 463 495 461 
 462 464 496 
 463 462 496 
 463 496 495 
 464 465 497 
 464 497 496 
 465 466 498 
 465 498 497 
 466 467 499 
 499 498 466 
 467 468 500 
 500 499 467 
 468 469 501 
 501 500 468 
 469 470 502 
 502 501 469 
 474 503 471 
 471 504 472 
 504 471 503 
 472 505 473 
 505 472 504 
 503 474 506 
 475 506 474 
 506 475 507 
 507 475 476 
 476 508 507 
 508 476 478 
 481 477 509 
 477 486 509 
 510 508 478 
 479 510 478 
 479 511 510 
 511 479 480 
 512 511 480 
 512 480 482 
 482 481 513 
 481 509 513 
 514 482 513 
 514 512 482 
 483 489 515 
 483 515 485 
 515 516 485 
 487 484 516 
 485 516 484 
 517 509 486 
 486 487 517 
 518 517 487 
 518 487 516 
 519 515 489 
 488 490 520 
 488 520 489 
 521 489 520 
 519 489 521 
 490 522 520 
 491 522 490 
 492 523 491 
 491 523 522 
 494 524 492 
 492 524 523 
 493 495 525 
 494 493 525 
 494 525 524 
 495 496 526 
 495 526 525 
 527 496 497 
 526 496 527 
 528 497 498 
 497 528 527 
 498 499 529 
 529 528 498 
 499 500 530 
 530 529 499 
 500 501 531 
 531 530 500 
 501 502 532 
 532 531 501 
 506 533 503 
 503 534 504 
 534 503 533 
 504 535 505 
 535 504 534 
 533 506 536 
 507 536 506 
 537 536 507 
 537 507 508 
 538 537 508 
 510 538 508 
 539 509 517 
 513 509 540 
 539 540 509 
 541 538 510 
 511 541 510 
 511 542 541 
 512 542 511 
 512 514 542 
 514 543 542 
 514 513 543 
 540 543 513 
 515 544 516 
 519 544 515 
 545 516 544 
 518 516 545 
 546 539 517 
 518 545 546 
 518 546 517 
 519 521 547 
 519 547 544 
 522 548 520 
 520 548 521 
 549 521 548 
 547 521 549 
 550 522 523 
 522 550 548 
 551 523 524 
 523 551 550 
 524 525 552 
 524 552 551 
 553 525 526 
 552 525 553 
 554 526 527 
 526 554 553 
 555 527 528 
 554 527 555 
 556 528 529 
 556 555 528 
 529 530 557 
 557 556 529 
 530 531 558 
 558 557 530 
 531 532 559 
 559 558 531 
 536 560 533 
 533 561 534 
 560 561 533 
 534 562 535 
 562 534 561 
 563 560 536 
 536 537 563 
 564 563 537 
 564 537 538 
 565 564 538 
 565 538 541 
 566 539 546 
 540 539 567 
 566 567 539 
 568 567 566 
 543 540 569 
 567 569 540 
 541 570 565 
 570 541 542 
 571 570 542 
 543 571 542 
 543 569 571 
 545 544 572 
 547 572 544 
 572 573 545 
 546 545 573 
 574 546 573 
 574 566 546 
 547 549 575 
 575 572 547 
 576 548 550 
 577 548 576 
 577 549 548 
 578 549 577 
 578 575 549 
 579 550 551 
 550 579 576 
 580 576 579 
 581 551 552 
 551 581 579 
 582 552 553 
 552 582 581 
 583 553 554 
 553 583 582 
 584 554 555 
 554 584 583 
 585 555 556 
 555 585 584 
 556 557 586 
 586 585 556 
 557 558 587 
 587 586 557 
 558 559 588 
 588 587 558 
 560 563 589 
 561 560 590 
 589 590 560 
 561 591 562 
 590 591 561 
 592 589 563 
 563 564 592 
 593 592 564 
 564 565 593 
 594 593 565 
 565 570 594 
 568 566 595 
 574 595 566 
 569 567 596 
 568 596 567 
 597 596 568 
 568 595 597 
 571 569 598 
 596 598 569 
 599 594 570 
 599 570 571 
 598 599 571 
 573 572 600 
 575 600 572 
 573 600 601 
 595 574 601 
 574 573 601 
 578 602 575 
 602 600 575 
 580 603 576 
 603 577 576 
 577 603 604 
 578 604 602 
 578 577 604 
 580 605 603 
 579 581 606 
 580 579 606 
 605 580 606 
 607 581 582 
 581 607 606 
 608 582 583 
 582 608 607 
 609 583 584 
 583 609 608 
 610 584 585 
 584 610 609 
 611 585 586 
 610 585 611 
 587 612 586 
 611 586 612 
 587 588 613 
 612 587 613 
 589 592 614 
 590 589 615 
 614 615 589 
 591 590 616 
 615 616 590 
 617 614 592 
 592 593 617 
 618 617 593 
 593 594 618 
 619 618 594 
 594 599 619 
 597 595 620 
 595 601 620 
 596 621 598 
 597 620 621 
 597 621 596 
 599 622 619 
 599 598 622 
 598 621 622 
 623 600 602 
 620 601 624 
 625 624 601 
 625 601 600 
 623 625 600 
 602 604 626 
 623 602 626 
 605 627 603 
 603 627 604 
 628 604 627 
 628 626 604 
 605 606 629 
 605 629 627 
 630 606 607 
 629 606 630 
 631 607 608 
 607 631 630 
 632 608 609 
 608 632 631 
 633 609 610 
 609 633 632 
 634 610 611 
 610 634 633 
 612 635 611 
 634 611 635 
 613 636 612 
 635 612 636 
 614 617 637 
 615 614 638 
 637 638 614 
 616 615 639 
 638 639 615 
 640 637 617 
 617 618 640 
 641 640 618 
 618 619 641 
 642 641 619 
 619 622 642 
 620 643 621 
 620 624 643 
 644 642 622 
 622 621 644 
 643 644 621 
 645 643 624 
 623 626 646 
 623 646 625 
 645 624 647 
 624 625 647 
 646 647 625 
 628 648 626 
 626 648 646 
 627 629 649 
 627 649 628 
 650 628 649 
 650 648 628 
 629 630 651 
 629 651 649 
 652 630 631 
 630 652 651 
 653 631 632 
 631 653 652 
 654 632 633 
 632 654 653 
 655 633 634 
 633 655 654 
 656 634 635 
 634 656 655 
 636 657 635 
 656 635 657 
 637 640 658 
 638 637 659 
 658 659 637 
 639 638 660 
 659 660 638 
 661 658 640 
 640 641 661 
 662 661 641 
 641 642 662 
 663 662 642 
 642 644 663 
 644 664 663 
 643 664 644 
 645 664 643 
 645 665 664 
 645 647 665 
 666 665 647 
 647 646 666 
 666 646 648 
 667 666 648 
 667 648 668 
 650 668 648 
 649 651 669 
 650 649 669 
 650 669 668 
 651 652 670 
 651 670 669 
 671 652 653 
 652 671 670 
 672 653 654 
 653 672 671 
 673 654 655 
 654 673 672 
 674 655 656 
 655 674 673 
 657 675 656 
 656 675 674 
 658 661 676 
 659 658 677 
 658 676 677 
 660 659 678 
 659 677 678 
 679 676 661 
 661 662 679 
 680 679 662 
 662 663 680 
 681 680 663 
 663 664 681 
 682 681 664 
 665 682 664 
 665 683 682 
 666 683 665 
 667 683 666 
 667 668 684 
 667 684 683 
 668 669 685 
 668 685 684 
 686 669 670 
 685 669 686 
 687 670 671 
 670 687 686 
 688 671 672 
 671 688 687 
 689 672 673 
 672 689 688 
 690 673 674 
 673 690 689 
 691 674 675 
 674 691 690 
 676 679 692 
 676 693 677 
 693 676 692 
 694 678 677 
 677 693 694 
 692 679 695 
 679 680 695 
 695 680 696 
 680 681 696 
 696 681 697 
 682 697 681 
 697 682 698 
 683 698 682 
 699 698 683 
 699 683 684 
 684 685 700 
 699 684 700 
 685 686 701 
 701 700 685 
 687 702 686 
 702 701 686 
 687 688 703 
 703 702 687 
 704 688 689 
 704 703 688 
 689 690 705 
 705 704 689 
 706 690 691 
 690 706 705 
 695 707 692 
 692 708 693 
 708 692 707 
 693 709 694 
 709 693 708 
 707 695 710 
 696 710 695 
 710 696 711 
 697 711 696 
 711 697 712 
 698 712 697 
 699 700 713 
 699 713 698 
 712 698 713 
 700 701 714 
 700 714 713 
 701 702 715 
 715 714 701 
 702 703 716 
 716 715 702 
 703 704 717 
 717 716 703 
 704 705 718 
 718 717 704 
 705 706 719 
 719 718 705 
 710 720 707 
 707 721 708 
 721 707 720 
 708 722 709 
 722 708 721 
 720 710 723 
 711 723 710 
 723 711 724 
 712 724 711 
 725 724 712 
 725 712 713 
 714 726 713 
 725 713 726 
 714 715 727 
 727 726 714 
 715 716 728 
 728 727 715 
 716 717 729 
 729 728 716 
 717 718 730 
 730 729 717 
 718 719 731 
 731 730 718 
 723 732 720 
 720 733 721 
 733 720 732 
 721 734 722 
 734 721 733 
 732 723 735 
 724 735 723 
 724 736 735 
 725 736 724 
 725 726 736 
 726 727 737 
 737 736 726 
 727 728 738 
 738 737 727 
 728 729 739 
 739 738 728 
 729 730 740 
 740 739 729 
 730 731 741 
 741 740 730 
 742 732 735 
 732 743 733 
 743 732 742 
 733 744 734 
 744 733 743 
 745 742 735 
 745 735 736 
 746 745 736 
 746 736 737 
 737 738 747 
 746 737 747 
 738 739 748 
 748 747 738 
 739 740 749 
 749 748 739 
 740 741 750 
 750 749 740 
 742 745 751 
 742 752 743 
 751 752 742 
 743 753 744 
 753 743 752 
 751 745 754 
 746 747 754 
 746 754 745 
 747 748 755 
 747 755 754 
 748 749 756 
 756 755 748 
 749 750 757 
 757 756 749 
 758 751 754 
 752 751 759 
 758 759 751 
 752 760 753 
 759 760 752 
 755 761 754 
 758 754 761 
 755 756 762 
 762 761 755 
 756 757 763 
 763 762 756 
 758 764 759 
 758 761 764 
 760 759 765 
 765 759 764 
 761 762 766 
 766 764 761 
 762 763 767 
 767 766 762 
 768 764 766 
 765 764 769 
 768 769 764 
 766 767 770 
 768 766 770 
 768 770 771 
 768 771 769 
 