2993
-0.5	-0.5	
-0.5	-0.455556	
-0.471154	-0.469854	
-0.455556	-0.5	
-0.5	-0.411111	
-0.411111	-0.5	
-0.467023	-0.433058	
-0.433193	-0.460658	
-0.5	-0.366667	
-0.366667	-0.5	
-0.465499	-0.389507	
-0.386767	-0.464418	
-0.432162	-0.41185	
-0.400696	-0.431713	
-0.5	-0.322222	
-0.464555	-0.345127	
-0.5	-0.277778	
-0.5	-0.233333	
-0.322222	-0.5	
-0.343296	-0.463963	
-0.428862	-0.368157	
-0.36368	-0.428497	
-0.389002	-0.391039	
-0.277778	-0.5	
-0.464351	-0.300614	
-0.428829	-0.323589	
-0.233333	-0.5	
-0.188889	-0.5	
-0.144444	-0.5	
-0.464227	-0.25607	
-0.5	-0.188889	
-0.464124	-0.211558	
-0.5	-0.144444	
-0.299487	-0.463631	
-0.320943	-0.427255	
-0.393707	-0.346403	
-0.342648	-0.390664	
-0.361255	-0.35999	
-0.255331	-0.463677	
-0.428571	-0.278903	
-0.393055	-0.302093	
-0.5	-0.1	
-0.211042	-0.463823	
-0.166722	-0.463989	
-0.122705	-0.464225	
-0.1	-0.5	
-0.428334	-0.234238	
-0.464052	-0.167133	
-0.428188	-0.189844	
-0.46402	-0.12298	
-0.277213	-0.427067	
-0.299311	-0.389671	
-0.358389	-0.322834	
-0.322527	-0.34901	
-0.233097	-0.427464	
-0.392633	-0.256857	
-0.357178	-0.278982	
-0.5	-0.06	
-0.464351	-0.0814613	
-0.188878	-0.427801	
-0.144922	-0.42815	
-0.102206	-0.428521	
-0.0810063	-0.464467	
-0.06	-0.5	
-0.5	-0.02	
-0.392252	-0.212323	
-0.428258	-0.145799	
-0.392047	-0.168321	
-0.428438	-0.103402	
-0.255107	-0.390703	
-0.277155	-0.353582	
-0.322615	-0.300524	
-0.290568	-0.320751	
-0.210866	-0.3915	
-0.356405	-0.234623	
-0.320139	-0.257437	
-0.464556	-0.0407702	
-0.428808	-0.0619838	
-0.166626	-0.391831	
-0.122991	-0.392079	
-0.0806837	-0.392589	
-0.060674	-0.42893	
-0.0403009	-0.464667	
-0.02	-0.5	
-0.5	0.02	
-0.464686	-0.000394778	
-0.355869	-0.190217	
-0.392178	-0.125271	
-0.355377	-0.146869	
-0.392665	-0.0833382	
-0.232623	-0.354651	
-0.253658	-0.318455	
-0.279355	-0.281931	
-0.187644	-0.354797	
-0.320363	-0.212828	
-0.284869	-0.235495	
-0.429066	-0.0212549	
-0.39317	-0.0423306	
-0.143071	-0.354696	
-0.0999977	-0.355593	
-0.0585234	-0.356849	
-0.0395474	-0.39317	
-0.0199022	-0.429193	
3.70849e-05	-0.464816	
0.02	-0.5	
-0.5	0.06	
-0.5	0.1	
-0.46467	0.0399385	
-0.4291	0.0191969	
-0.318052	-0.168166	
-0.355948	-0.104447	
-0.318036	-0.12508	
-0.356888	-0.0632153	
-0.20895	-0.317545	
-0.23188	-0.28117	
-0.251241	-0.250302	
-0.162549	-0.316357	
-0.282531	-0.191843	
-0.248391	-0.216442	
-0.393397	-0.00188699	
-0.357432	-0.0229629	
-0.118234	-0.316605	
-0.0758662	-0.319062	
0.06	-0.5	
-0.0357768	-0.320644	
-0.0180251	-0.357284	
0.000978476	-0.393403	
0.0206458	-0.429153	
0.0404915	-0.464607	
0.1	-0.5	
-0.5	0.144444	
-0.5	0.188889	
-0.464416	0.0805845	
-0.464056	0.122283	
-0.428906	0.0598637	
-0.393377	0.0385462	
-0.275297	-0.146122	
-0.320249	-0.0833262	
-0.28327	-0.101664	
-0.321375	-0.0433748	
-0.185477	-0.279834	
-0.212601	-0.238953	
-0.137248	-0.273303	
-0.244135	-0.177484	
-0.219164	-0.199291	
-0.357485	0.0169289	
-0.321636	-0.00433911	
-0.0906575	-0.280591	
-0.051561	-0.283188	
0.0812251	-0.464367	
-0.0137024	-0.285574	
0.0034082	-0.32134	
0.0220038	-0.357329	
0.0415253	-0.393172	
0.0614492	-0.428831	
0.144444	-0.5	
0.122836	-0.464069	
0.188889	-0.5	
-0.5	0.233333	
-0.5	0.277778	
-0.46395	0.166505	
-0.463796	0.210784	
-0.428499	0.101355	
-0.428045	0.144275	
-0.393126	0.0794349	
-0.357357	0.0572323	
-0.235176	-0.145185	
-0.245841	-0.113868	
-0.285907	-0.062274	
-0.253689	-0.0802995	
-0.285928	-0.0243139	
-0.167644	-0.241742	
-0.184594	-0.203913	
-0.134865	-0.234103	
-0.103329	-0.2445	
-0.204268	-0.166008	
-0.321115	0.0346571	
-0.286129	0.0128302	
-0.0650947	-0.241942	
-0.0583634	-0.211323	
-0.0281671	-0.251168	
0.00615097	-0.25142	
0.102899	-0.428419	
0.023849	-0.285537	
0.0425514	-0.321117	
0.0623606	-0.356778	
0.0826223	-0.392621	
0.166783	-0.464052	
0.14537	-0.428181	
0.233333	-0.5	
0.211168	-0.464208	
0.277778	-0.5	
-0.5	0.322222	
-0.5	0.366667	
-0.463656	0.255088	
-0.463654	0.299252	
-0.427689	0.188265	
-0.427385	0.2325	
-0.39227	0.121662	
-0.391689	0.165582	
-0.319622	0.0745247	
-0.356217	0.0981172	
-0.209428	-0.12588	
-0.220524	-0.0931037	
-0.227773	-0.0659339	
-0.248195	-0.0422003	
-0.252295	-0.00653814	
-0.151191	-0.205871	
-0.163425	-0.172548	
-0.114912	-0.2051	
-0.0835669	-0.210427	
-0.173951	-0.137758	
-0.251509	0.0268203	
-0.284174	0.0506385	
-0.036849	-0.222098	
-0.0440508	-0.196569	
-0.062281	-0.185763	
-0.00750722	-0.222017	
0.0200682	-0.219841	
0.0431859	-0.24834	
0.124627	-0.392113	
0.0615728	-0.285356	
0.0824492	-0.320016	
0.103643	-0.35584	
0.189267	-0.428238	
0.167653	-0.392032	
0.255541	-0.46439	
0.233442	-0.428514	
0.322222	-0.5	
0.299949	-0.464632	
0.366667	-0.5	
-0.5	0.411111	
-0.5	0.455556	
-0.463905	0.343268	
-0.463913	0.386401	
-0.427092	0.276606	
-0.427325	0.320165	
-0.391233	0.209935	
-0.39077	0.254239	
-0.355154	0.141526	
-0.354681	0.18642	
-0.280673	0.0904502	
-0.317632	0.115941	
-0.178955	-0.0986559	
-0.199883	-0.0674473	
-0.216509	-0.0463785	
-0.219887	-0.0197121	
-0.222951	0.0349121	
-0.222119	0.00734706	
-0.126698	-0.170817	
-0.144011	-0.146372	
-0.0895961	-0.169894	
-0.14525	-0.116396	
-0.243208	0.0646223	
-0.243095	0.104399	
-0.211325	0.0573818	
-0.0218552	-0.194811	
-0.0389085	-0.169159	
-0.0593504	-0.158295	
0.00530637	-0.189249	
0.0460737	-0.21687	
0.0374562	-0.190611	
0.0656858	-0.227303	
0.0789008	-0.252053	
0.146071	-0.355314	
0.100595	-0.282977	
0.124108	-0.317916	
0.211476	-0.392366	
0.189294	-0.355896	
0.277717	-0.428946	
0.255629	-0.392897	
0.344392	-0.464827	
0.32209	-0.429616	
0.388864	-0.465449	
0.411111	-0.5	
0.455556	-0.5	
-0.459927	0.432484	
-0.469504	0.471091	
-0.5	0.5	
-0.428056	0.362976	
-0.431232	0.399368	
-0.389882	0.297859	
-0.391522	0.340414	
-0.354495	0.231248	
-0.353961	0.275778	
-0.317601	0.162085	
-0.317912	0.208145	
-0.273742	0.136757	
-0.233343	0.134279	
-0.196232	0.0432753	
-0.145286	-0.0866411	
-0.165144	-0.0631681	
-0.191668	-0.0376943	
-0.189523	-0.00561742	
-0.194759	0.0209991	
-0.11073	-0.13434	
-0.0744814	-0.133998	
-0.118819	-0.0944713	
-0.202913	0.113557	
-0.209982	0.0839894	
-0.185529	0.061328	
-0.0117522	-0.161027	
-0.0384655	-0.136953	
0.0254248	-0.152904	
0.0667907	-0.1993	
0.0623851	-0.16652	
0.0922342	-0.220947	
0.113528	-0.245986	
0.167188	-0.318022	
0.1447	-0.275325	
0.233611	-0.356608	
0.211677	-0.320677	
0.299705	-0.39361	
0.277849	-0.35733	
0.366558	-0.429265	
0.343604	-0.394917	
0.41091	-0.431747	
0.432639	-0.466933	
0.469598	-0.471149	
0.5	-0.5	
-0.411795	0.430127	
-0.432038	0.467417	
-0.455556	0.5	
-0.39044	0.388238	
-0.359583	0.359517	
-0.348623	0.319949	
-0.318156	0.252471	
-0.320948	0.289272	
-0.280524	0.184855	
-0.281534	0.231155	
-0.242319	0.166281	
-0.207787	0.149676	
-0.168776	0.0379238	
-0.129497	-0.0623388	
-0.152766	-0.0276162	
-0.160889	0.0106135	
-0.085636	-0.100318	
-0.0526266	-0.101997	
-0.0979574	-0.066293	
-0.173115	0.126786	
-0.169775	0.0867329	
-0.158314	0.0585764	
-0.00134154	-0.123294	
-0.0235679	-0.103186	
0.0305421	-0.111262	
0.0602202	-0.130866	
0.098365	-0.179202	
0.0859649	-0.147309	
0.124488	-0.208977	
0.144083	-0.234699	
0.136791	-0.173319	
0.189986	-0.282113	
0.17576	-0.244572	
0.234863	-0.285031	
0.256519	-0.320286	
0.300285	-0.322622	
0.321349	-0.357955	
0.357953	-0.361001	
0.389491	-0.389034	
0.430372	-0.400185	
0.459795	-0.433256	
0.5	-0.455556	
-0.367705	0.427755	
-0.389656	0.464808	
-0.411111	0.5	
-0.345003	0.392047	
-0.322444	0.35663	
-0.302023	0.320175	
-0.28009	0.279231	
-0.248931	0.250698	
-0.238637	0.210138	
-0.211186	0.180468	
-0.173946	0.170199	
-0.14168	0.140063	
-0.135793	0.0361332	
-0.110808	-0.0333399	
-0.121808	-0.00182034	
-0.0625545	-0.0661497	
-0.0310541	-0.0713785	
-0.0794336	-0.0405789	
-0.140763	0.102196	
-0.136641	0.0722865	
0.0049112	-0.0845032	
0.0387904	-0.0823738	
0.0635939	-0.0996881	
0.0926355	-0.120546	
0.115506	-0.145811	
0.145719	-0.144511	
0.164986	-0.204154	
0.171103	-0.163869	
0.215694	-0.247831	
0.198544	-0.219382	
0.249575	-0.251497	
0.280829	-0.279448	
0.319971	-0.29083	
0.347868	-0.321492	
0.389726	-0.342521	
0.427242	-0.363621	
0.463586	-0.386543	
0.5	-0.411111	
-0.322997	0.427907	
-0.345018	0.463741	
-0.366667	0.5	
-0.300881	0.392125	
-0.278553	0.355968	
-0.256812	0.318904	
-0.117458	0.119657	
-0.234493	0.283916	
-0.212795	0.247235	
-0.193415	0.210496	
-0.157476	0.208927	
-0.11103	0.148055	
-0.133995	0.176627	
-0.101933	0.0226321	
-0.102189	0.0527202	
-0.0812226	-0.00604413	
-0.00738314	-0.0509938	
-0.0415978	-0.0298991	
-0.104726	0.088451	
0.0283926	-0.0490347	
0.0644916	-0.0639592	
0.0976462	-0.0870804	
0.132882	-0.112524	
0.172315	-0.127031	
0.203117	-0.18461	
0.203812	-0.151903	
0.237645	-0.212842	
0.280094	-0.232365	
0.317435	-0.253641	
0.353107	-0.276832	
0.389078	-0.299025	
0.426721	-0.320954	
0.463491	-0.343242	
0.5	-0.366667	
-0.278449	0.427872	
-0.300435	0.463896	
-0.322222	0.5	
-0.256289	0.391728	
-0.234032	0.355301	
-0.211679	0.318835	
-0.0908083	0.121047	
-0.188941	0.282366	
-0.172422	0.245794	
-0.141123	0.237511	
-0.122214	0.212195	
-0.0845673	0.150409	
-0.0976723	0.180527	
-0.0686543	0.0321715	
-0.0666668	0.0643304	
-0.0485913	0.00871858	
0.000644265	-0.0204508	
-0.0198292	0.00384559	
0.0319448	-0.0149333	
-0.0663208	0.100554	
-0.0423345	0.0849139	
0.0649573	-0.0264428	
0.134181	-0.0752871	
0.097102	-0.0534216	
0.159546	-0.0611896	
0.170403	-0.0911538	
0.186728	-0.063163	
0.205084	-0.115876	
0.239154	-0.167181	
0.231475	-0.135297	
0.276716	-0.186958	
0.315981	-0.209452	
0.353736	-0.23247	
0.390161	-0.254988	
0.426642	-0.277121	
0.463386	-0.299436	
0.5	-0.322222	
-0.233982	0.427671	
-0.255947	0.463858	
-0.277778	0.5	
-0.211828	0.391425	
-0.18926	0.354903	
-0.166539	0.317621	
-0.0611329	0.134933	
-0.142854	0.276227	
-0.111793	0.249062	
-0.0909207	0.221212	
-0.0625577	0.168866	
-0.0664976	0.200568	
0.0495881	0.004783	
-0.0257476	0.0443842	
0.0161465	0.0164749	
-0.0347249	0.113771	
-0.0105324	0.086027	
0.100629	-0.0212391	
0.0830455	0.0101812	
0.136417	-0.0370351	
0.170002	-0.039309	
0.197741	-0.0448771	
0.211578	-0.08454	
0.212819	-0.0587267	
0.243386	-0.105277	
0.270292	-0.137952	
0.31406	-0.163455	
0.353805	-0.187803	
0.39067	-0.21072	
0.427055	-0.233032	
0.463451	-0.255289	
0.5	-0.277778	
-0.189615	0.427611	
-0.21147	0.463802	
-0.233333	0.5	
-0.167853	0.391336	
-0.145954	0.354835	
-0.123716	0.318032	
-0.0278186	0.154952	
-0.100615	0.283969	
-0.0789171	0.252816	
-0.0657301	0.227889	
-0.0376582	0.191808	
-0.0461687	0.218152	
0.0524074	0.0345758	
0.0240177	0.0631201	
-0.00148388	0.124535	
0.0184278	0.100491	
0.0820871	0.0437305	
0.122672	0.000656505	
0.110648	0.0344201	
0.16139	-0.010755	
0.196228	-0.0227291	
0.223449	-0.0372254	
0.243773	-0.0656949	
0.279698	-0.0930103	
0.315079	-0.119218	
0.353553	-0.143512	
0.390781	-0.166573	
0.427321	-0.188902	
0.4636	-0.211056	
0.5	-0.233333	
-0.145593	0.427677	
-0.167078	0.463819	
-0.188889	0.5	
-0.124869	0.391568	
-0.103796	0.355483	
-0.0825357	0.320058	
0.00964389	0.160918	
-0.00681943	0.189837	
-0.0612842	0.285897	
-0.0431594	0.248864	
-0.0200449	0.221047	
0.0651216	0.0665846	
0.0490567	0.0956551	
0.0353836	0.133636	
0.0987847	0.0662276	
0.153567	0.0276211	
0.132606	0.0617369	
0.189516	0.00633401	
0.222411	-0.00954534	
0.251956	-0.0286516	
0.283501	-0.0524865	
0.318166	-0.0767863	
0.354668	-0.100572	
0.391143	-0.123221	
0.427508	-0.145177	
0.463738	-0.166912	
0.5	-0.188889	
-0.103222	0.427936	
-0.122722	0.463868	
-0.144444	0.5	
-0.0829248	0.392111	
-0.0628617	0.356229	
-0.0429658	0.320725	
0.037621	0.168495	
0.0212415	0.195238	
0.0437503	0.195606	
0.00788993	0.220847	
-0.0240574	0.285251	
-0.00591363	0.250997	
0.0856847	0.0982858	
0.0730906	0.133515	
0.0586979	0.156	
0.11949	0.0937807	
0.190871	0.0378014	
0.167317	0.0631941	
0.147625	0.0863179	
0.220761	0.0194446	
0.217803	0.0461949	
0.252555	0.00555547	
0.285787	-0.0142923	
0.32014	-0.036378	
0.355832	-0.058975	
0.39175	-0.081008	
0.427879	-0.102422	
0.463919	-0.123014	
0.5	-0.144444	
-0.0619218	0.428279	
-0.081385	0.46411	
-0.1	0.5	
-0.0422799	0.392379	
-0.0228908	0.356414	
-0.00423676	0.320393	
0.0611459	0.184097	
0.038398	0.220678	
0.0572039	0.209218	
0.0284223	0.250634	
0.0132137	0.284619	
0.108565	0.133951	
0.0871195	0.167912	
0.144096	0.116126	
0.200214	0.0672106	
0.179019	0.0984769	
0.227907	0.0657303	
0.248788	0.0429901	
0.285633	0.0234359	
0.320921	0.002973	
0.356498	-0.0184105	
0.392343	-0.0398609	
0.428276	-0.0608705	
0.46414	-0.0811297	
0.5	-0.1	
-0.0213265	0.428464	
-0.0406684	0.464407	
-0.06	0.5	
-0.00201188	0.39239	
0.0167553	0.355985	
0.0344905	0.319139	
0.0824883	0.207403	
0.0643059	0.237345	
0.0505655	0.281242	
0.142222	0.146213	
0.112599	0.201476	
0.124378	0.1708	
0.172861	0.137524	
0.220968	0.0929282	
0.207674	0.125044	
0.251761	0.0793277	
0.285098	0.0612491	
0.32066	0.0422551	
0.356644	0.0216694	
0.392649	0.000642862	
0.428624	-0.0201644	
0.464367	-0.0404142	
0.5	-0.06	
0.019035	0.428388	
-0.000500095	0.464324	
-0.02	0.5	
0.0382849	0.391997	
0.0567644	0.355197	
0.0738934	0.317206	
0.102963	0.240281	
0.0891226	0.278451	
0.133862	0.230138	
0.161284	0.172611	
0.148978	0.204253	
0.203347	0.166532	
0.245581	0.114061	
0.233894	0.144932	
0.282268	0.101077	
0.319401	0.0823951	
0.356128	0.0621004	
0.392517	0.0411287	
0.428613	0.0202554	
0.464468	-0.000131995	
0.5	-0.02	
0.0597341	0.428115	
0.0398371	0.464322	
0.02	0.5	
0.0792812	0.391391	
0.0979902	0.354117	
0.115636	0.315235	
0.136205	0.269777	
0.167105	0.238034	
0.18475	0.204515	
0.218773	0.199457	
0.244369	0.176612	
0.274507	0.145479	
0.317059	0.124275	
0.355132	0.103512	
0.392026	0.0822411	
0.42844	0.0607334	
0.464349	0.0400599	
0.5	0.02	
0.101369	0.427745	
0.080619	0.464123	
0.06	0.5	
0.121574	0.390803	
0.141353	0.353111	
0.161355	0.314558	
0.185665	0.27677	
0.212351	0.238614	
0.248128	0.215172	
0.28184	0.190195	
0.316539	0.1672	
0.354499	0.146002	
0.391483	0.124378	
0.428025	0.102296	
0.46415	0.0801402	
0.5	0.06	
0.144275	0.427463	
0.122858	0.463928	
0.1	0.5	
0.165295	0.390542	
0.186299	0.353313	
0.208373	0.316196	
0.232332	0.280665	
0.251465	0.249525	
0.285306	0.234139	
0.319657	0.212358	
0.355194	0.18949	
0.391351	0.167578	
0.427678	0.144989	
0.463771	0.122544	
0.5	0.1	
0.188183	0.427381	
0.166553	0.463748	
0.144444	0.5	
0.210167	0.390904	
0.231388	0.353866	
0.252674	0.3175	
0.27906	0.279795	
0.319775	0.2563	
0.355814	0.233785	
0.39163	0.211499	
0.427627	0.189185	
0.463796	0.166841	
0.5	0.144444	
0.232599	0.427145	
0.2107	0.463598	
0.188889	0.5	
0.255001	0.390648	
0.275208	0.354241	
0.289684	0.320239	
0.322196	0.300197	
0.356617	0.277527	
0.39204	0.255543	
0.427853	0.233441	
0.463835	0.211202	
0.5	0.188889	
0.276649	0.426595	
0.254751	0.463273	
0.233333	0.5	
0.298904	0.389061	
0.321072	0.34816	
0.35721	0.319882	
0.392682	0.299452	
0.42816	0.277704	
0.463977	0.255569	
0.5	0.233333	
0.320223	0.426572	
0.298985	0.463245	
0.277778	0.5	
0.341372	0.389952	
0.360191	0.357945	
0.393702	0.343804	
0.428379	0.322259	
0.46413	0.299985	
0.5	0.277778	
0.362706	0.427175	
0.342721	0.463404	
0.322222	0.5	
0.388199	0.389612	
0.428501	0.366577	
0.46415	0.344384	
0.5	0.322222	
0.398878	0.430235	
0.385526	0.463433	
0.366667	0.5	
0.431375	0.410559	
0.465092	0.388617	
0.5	0.366667	
0.431562	0.459636	
0.411111	0.5	
0.466523	0.432402	
0.5	0.411111	
0.470833	0.469359	
0.455556	0.5	
0.5	0.455556	
0.5	0.5	
-0.5	-0.477778	
-0.5	-0.433333	
-0.5	-0.388889	
-0.5	-0.344444	
-0.5	-0.3	
-0.5	-0.255556	
-0.5	-0.211111	
-0.5	-0.166667	
-0.5	-0.122222	
-0.477778	-0.5	
-0.433333	-0.5	
-0.388889	-0.5	
-0.344444	-0.5	
-0.3	-0.5	
-0.255556	-0.5	
-0.211111	-0.5	
-0.166667	-0.5	
-0.122222	-0.5	
-0.5	-0.08	
-0.5	-0.04	
-0.5	0	
-0.5	0.04	
-0.5	0.08	
-0.5	0.122222	
-0.5	0.166667	
-0.5	0.211111	
-0.5	0.255556	
-0.5	0.3	
-0.5	0.344444	
-0.5	0.388889	
-0.5	0.433333	
-0.5	0.477778	
-0.477778	0.5	
-0.433333	0.5	
-0.388889	0.5	
-0.344444	0.5	
-0.3	0.5	
-0.255556	0.5	
-0.211111	0.5	
-0.166667	0.5	
-0.122222	0.5	
-0.08	-0.5	
-0.04	-0.5	
0	-0.5	
0.04	-0.5	
0.08	-0.5	
-0.08	0.5	
-0.04	0.5	
0	0.5	
0.04	0.5	
0.08	0.5	
0.122222	-0.5	
0.166667	-0.5	
0.211111	-0.5	
0.255556	-0.5	
0.3	-0.5	
0.344444	-0.5	
0.388889	-0.5	
0.433333	-0.5	
0.477778	-0.5	
0.122222	0.5	
0.166667	0.5	
0.211111	0.5	
0.255556	0.5	
0.3	0.5	
0.344444	0.5	
0.388889	0.5	
0.433333	0.5	
0.477778	0.5	
0.5	-0.477778	
0.5	-0.433333	
0.5	-0.388889	
0.5	-0.344444	
0.5	-0.3	
0.5	-0.255556	
0.5	-0.211111	
0.5	-0.166667	
0.5	-0.122222	
0.5	-0.08	
0.5	-0.04	
0.5	0	
0.5	0.04	
0.5	0.08	
0.5	0.122222	
0.5	0.166667	
0.5	0.211111	
0.5	0.255556	
0.5	0.3	
0.5	0.344444	
0.5	0.388889	
0.5	0.433333	
0.5	0.477778	
-0.485577	-0.462705	
-0.485577	-0.484927	
-0.463355	-0.484927	
-0.483512	-0.422085	
-0.483512	-0.444307	
-0.469089	-0.451456	
-0.422152	-0.480329	
-0.444374	-0.480329	
-0.452174	-0.465256	
-0.450108	-0.446858	
-0.48275	-0.378087	
-0.48275	-0.400309	
-0.466261	-0.411283	
-0.398939	-0.482209	
-0.376717	-0.482209	
-0.40998	-0.462538	
-0.448831	-0.400679	
-0.449593	-0.422454	
-0.432677	-0.436254	
-0.416944	-0.446185	
-0.393732	-0.448066	
-0.416429	-0.421782	
-0.482278	-0.333674	
-0.482278	-0.355897	
-0.465027	-0.367317	
-0.354981	-0.481981	
-0.332759	-0.481981	
-0.365031	-0.464191	
-0.446709	-0.356642	
-0.447181	-0.378832	
-0.430512	-0.390004	
-0.375224	-0.446458	
-0.353488	-0.44623	
-0.382188	-0.430105	
-0.410582	-0.401445	
-0.408932	-0.379598	
-0.376341	-0.409768	
-0.394849	-0.411376	
-0.482176	-0.289196	
-0.482176	-0.311418	
-0.464453	-0.32287	
-0.44659	-0.312101	
-0.446692	-0.334358	
-0.428846	-0.345873	
-0.482113	-0.244701	
-0.482113	-0.266924	
-0.464289	-0.278342	
-0.482062	-0.200223	
-0.482062	-0.222446	
-0.464175	-0.233814	
-0.310854	-0.481815	
-0.288632	-0.481815	
-0.321391	-0.463797	
-0.332119	-0.445609	
-0.310215	-0.445443	
-0.342312	-0.427876	
-0.411268	-0.334996	
-0.411285	-0.35728	
-0.391354	-0.368721	
-0.331796	-0.40896	
-0.353164	-0.409581	
-0.365825	-0.390852	
-0.377481	-0.353197	
-0.375128	-0.375515	
-0.351951	-0.375327	
-0.266555	-0.481838	
-0.244332	-0.481838	
-0.277409	-0.463654	
-0.446399	-0.267486	
-0.446461	-0.289758	
-0.4287	-0.301246	
-0.410813	-0.290498	
-0.410942	-0.312841	
-0.393381	-0.324248	
-0.222188	-0.481911	
-0.199966	-0.481911	
-0.233187	-0.46375	
-0.177805	-0.481994	
-0.155583	-0.481994	
-0.188882	-0.463906	
-0.133575	-0.482113	
-0.144714	-0.464107	
-0.111353	-0.482113	
-0.446229	-0.222898	
-0.446281	-0.245154	
-0.428453	-0.25657	
-0.482026	-0.155789	
-0.482026	-0.178011	
-0.464088	-0.189346	
-0.44612	-0.178489	
-0.446156	-0.200701	
-0.428261	-0.212041	
-0.48201	-0.11149	
-0.48201	-0.133712	
-0.464036	-0.145057	
-0.28835	-0.445349	
-0.266272	-0.445372	
-0.299078	-0.427161	
-0.310127	-0.408463	
-0.288262	-0.408369	
-0.32098	-0.390168	
-0.375722	-0.312464	
-0.376048	-0.334618	
-0.359822	-0.341412	
-0.310919	-0.369341	
-0.332587	-0.369837	
-0.341891	-0.3545	
-0.340458	-0.335922	
-0.244214	-0.44557	
-0.22207	-0.445643	
-0.255155	-0.427265	
-0.410483	-0.245547	
-0.410602	-0.26788	
-0.392844	-0.279475	
-0.374905	-0.267919	
-0.375116	-0.290538	
-0.357784	-0.300908	
-0.482175	-0.0907306	
-0.482175	-0.0707306	
-0.464185	-0.102221	
-0.19996	-0.445812	
-0.1778	-0.445895	
-0.210988	-0.427633	
-0.155822	-0.446069	
-0.133814	-0.446187	
-0.1669	-0.427976	
-0.112456	-0.446373	
-0.123564	-0.428335	
-0.101856	-0.464346	
-0.0905032	-0.482234	
-0.0916063	-0.446494	
-0.0705032	-0.482234	
-0.41022	-0.201084	
-0.410293	-0.223281	
-0.392442	-0.23459	
-0.446139	-0.13439	
-0.446155	-0.156466	
-0.428223	-0.167821	
-0.410152	-0.15706	
-0.410117	-0.179082	
-0.39215	-0.190322	
-0.446229	-0.113191	
-0.446394	-0.0924316	
-0.428348	-0.1246	
-0.26616	-0.408885	
-0.244102	-0.409083	
-0.277209	-0.390187	
-0.288233	-0.371627	
-0.266131	-0.372143	
-0.299841	-0.351296	
-0.339897	-0.289753	
-0.340502	-0.311679	
-0.322571	-0.324767	
-0.306547	-0.334881	
-0.283861	-0.337167	
-0.306592	-0.310638	
-0.221982	-0.409482	
-0.199872	-0.409651	
-0.232987	-0.391102	
-0.374329	-0.223473	
-0.374519	-0.24574	
-0.356792	-0.256803	
-0.338272	-0.24603	
-0.338658	-0.268209	
-0.321377	-0.27898	
-0.482278	-0.0503851	
-0.482278	-0.0303851	
-0.464454	-0.0611158	
-0.446579	-0.0717225	
-0.446682	-0.051377	
-0.428623	-0.0826929	
-0.177752	-0.409816	
-0.155774	-0.40999	
-0.188746	-0.391666	
-0.133956	-0.410114	
-0.112599	-0.4103	
-0.144808	-0.391955	
-0.091445	-0.410555	
-0.101837	-0.392334	
-0.0814401	-0.428725	
-0.0708402	-0.446698	
-0.0706789	-0.410759	
-0.0606536	-0.464567	
-0.0501504	-0.482334	
-0.0504874	-0.446798	
-0.0301504	-0.482334	
-0.482343	-0.0101974	
-0.482343	0.00980261	
-0.464621	-0.0205825	
-0.373958	-0.179269	
-0.374061	-0.20127	
-0.356137	-0.21242	
-0.410308	-0.114336	
-0.410218	-0.135535	
-0.392113	-0.146796	
-0.373777	-0.13607	
-0.373712	-0.157595	
-0.355623	-0.168543	
-0.410551	-0.0933701	
-0.410736	-0.072661	
-0.392422	-0.104304	
-0.243865	-0.372677	
-0.221745	-0.373076	
-0.254889	-0.354117	
-0.265406	-0.336018	
-0.24314	-0.336553	
-0.272113	-0.319603	
-0.300985	-0.291227	
-0.299747	-0.269684	
-0.266506	-0.300193	
-0.284962	-0.301341	
-0.199255	-0.373149	
-0.177135	-0.373314	
-0.210134	-0.354724	
-0.338116	-0.201522	
-0.338384	-0.223726	
-0.320251	-0.235132	
-0.302616	-0.224162	
-0.302504	-0.246466	
-0.282112	-0.258713	
-0.446811	-0.0310126	
-0.446876	-0.0108248	
-0.428937	-0.0416194	
-0.410989	-0.0521572	
-0.411118	-0.0317928	
-0.392918	-0.0628344	
-0.133031	-0.373388	
-0.154849	-0.373264	
-0.165358	-0.354747	
-0.0903407	-0.374091	
-0.111494	-0.373836	
-0.121535	-0.355144	
-0.0696036	-0.374719	
-0.0792605	-0.356221	
-0.0501107	-0.41105	
-0.0601156	-0.392879	
-0.0490354	-0.37501	
-0.0402881	-0.429061	
-0.0301015	-0.44693	
-0.0297248	-0.411182	
-0.0201319	-0.464742	
-0.00998146	-0.482408	
-0.00993254	-0.447004	
0.0100185	-0.482408	
-0.482335	0.0299693	
-0.482335	0.0499693	
-0.464678	0.0197719	
-0.446893	0.00940106	
-0.446885	0.0295677	
-0.429083	-0.00102901	
-0.336961	-0.179191	
-0.336714	-0.157517	
-0.319208	-0.190497	
-0.374063	-0.114859	
-0.374307	-0.0938925	
-0.355663	-0.125658	
-0.336706	-0.135974	
-0.336992	-0.114763	
-0.318044	-0.146623	
-0.374777	-0.0732768	
-0.375029	-0.052773	
-0.356418	-0.0838311	
-0.220786	-0.336098	
-0.198297	-0.336171	
-0.231304	-0.318	
-0.242769	-0.299812	
-0.220415	-0.299358	
-0.255618	-0.28155	
-0.268055	-0.242899	
-0.265298	-0.266116	
-0.24156	-0.265736	
-0.15281	-0.335527	
-0.175097	-0.335577	
-0.185749	-0.316951	
-0.300292	-0.180004	
-0.301447	-0.202335	
-0.2837	-0.213669	
-0.265461	-0.204142	
-0.26663	-0.225968	
-0.249816	-0.233372	
-0.411232	-0.011571	
-0.411248	0.00865495	
-0.393284	-0.0221088	
-0.375301	-0.0326468	
-0.375415	-0.012425	
-0.35716	-0.0430891	
-0.109116	-0.336099	
-0.130653	-0.335651	
-0.140391	-0.316481	
-0.0671948	-0.337955	
-0.0879319	-0.337327	
-0.0970501	-0.317834	
-0.0471501	-0.338747	
-0.0558215	-0.319853	
-0.0287862	-0.375227	
-0.0382742	-0.357067	
-0.0269009	-0.338964	
-0.00946184	-0.411298	
-0.0192845	-0.393287	
-0.00852329	-0.375344	
0.0103414	-0.446984	
0.000371826	-0.429173	
0.0108121	-0.411278	
0.0502457	-0.482303	
0.0302457	-0.482303	
0.0202643	-0.464711	
0.0305686	-0.44688	
-0.482208	0.0702922	
-0.482208	0.0902922	
-0.464543	0.0602615	
-0.482028	0.133364	
-0.482028	0.111142	
-0.464236	0.101434	
-0.446788	0.0499011	
-0.446661	0.0702241	
-0.429003	0.0395303	
-0.411238	0.0288715	
-0.411141	0.0492049	
-0.393387	0.0183296	
-0.296674	-0.157144	
-0.296666	-0.135601	
-0.278914	-0.168982	
-0.338099	-0.0938865	
-0.338569	-0.0732708	
-0.319142	-0.104203	
-0.300653	-0.113372	
-0.301759	-0.0924951	
-0.279283	-0.123893	
-0.339132	-0.0532951	
-0.339404	-0.0331689	
-0.320812	-0.0633505	
-0.197213	-0.29869	
-0.174013	-0.298095	
-0.208678	-0.280502	
-0.199039	-0.259393	
-0.22224	-0.260062	
-0.231921	-0.244628	
-0.230496	-0.227697	
-0.127741	-0.294954	
-0.149898	-0.29483	
-0.161362	-0.276568	
-0.259716	-0.161803	
-0.263333	-0.184663	
-0.246263	-0.196963	
-0.231649	-0.188388	
-0.233777	-0.207867	
-0.215882	-0.219122	
-0.375441	0.00752094	
-0.375431	0.0277375	
-0.357459	-0.00301704	
-0.339534	-0.013651	
-0.339561	0.00629488	
-0.321506	-0.023857	
-0.0832619	-0.299826	
-0.104446	-0.298598	
-0.113953	-0.276947	
-0.0436689	-0.301916	
-0.0637136	-0.301125	
-0.0711093	-0.281889	
0.0906125	-0.482183	
0.0706125	-0.482183	
0.0608583	-0.464487	
-0.0247396	-0.303109	
-0.0326317	-0.284381	
-0.00730843	-0.339312	
-0.0161843	-0.320992	
-0.0051471	-0.303457	
0.0114911	-0.375366	
0.00198937	-0.357307	
0.012706	-0.339334	
0.0310856	-0.411163	
0.0212519	-0.393288	
0.0317645	-0.375251	
0.0713371	-0.446599	
0.0509703	-0.446719	
0.0410475	-0.428992	
0.0514872	-0.411002	
0.111418	-0.482035	
0.13364	-0.482035	
0.102031	-0.464218	
-0.481975	0.177697	
-0.481975	0.155475	
-0.464003	0.144394	
-0.481898	0.222059	
-0.481898	0.199836	
-0.463873	0.188645	
-0.446277	0.111819	
-0.446457	0.0909695	
-0.428702	0.0806091	
-0.445998	0.15539	
-0.446051	0.133279	
-0.428272	0.122815	
-0.411016	0.0696493	
-0.410812	0.0903947	
-0.393252	0.0589905	
-0.375367	0.0478893	
-0.375242	0.0683336	
-0.357421	0.0370806	
-0.255236	-0.145653	
-0.239655	-0.161334	
-0.264556	-0.107766	
-0.260569	-0.129995	
-0.240509	-0.129526	
-0.303078	-0.0728001	
-0.303641	-0.0528244	
-0.284589	-0.0819691	
-0.269798	-0.0712867	
-0.268479	-0.0909818	
-0.249765	-0.0970837	
-0.303652	-0.0338444	
-0.303782	-0.0143265	
-0.285918	-0.043294	
-0.17656	-0.260788	
-0.152446	-0.257523	
-0.190122	-0.240348	
-0.198598	-0.221433	
-0.176119	-0.222828	
-0.201879	-0.201602	
-0.151254	-0.237923	
-0.136056	-0.253703	
-0.120288	-0.258901	
-0.0969931	-0.262545	
-0.119097	-0.239301	
-0.211716	-0.18265	
-0.224201	-0.171746	
-0.219722	-0.155597	
-0.194431	-0.184961	
-0.3393	0.025793	
-0.339236	0.0459447	
-0.321376	0.015159	
-0.303883	0.00424554	
-0.303622	0.0237436	
-0.286028	-0.00574186	
-0.0583278	-0.262565	
-0.0778761	-0.261266	
-0.0842117	-0.243221	
-0.0209348	-0.268371	
-0.0398641	-0.267178	
-0.0466309	-0.246555	
-0.00377572	-0.268497	
-0.0110081	-0.251294	
0.112868	-0.446244	
0.0920621	-0.446393	
0.0821741	-0.428625	
0.0136286	-0.303439	
0.00507328	-0.285556	
0.015	-0.268479	
0.0322776	-0.339223	
0.0229798	-0.321228	
0.0332002	-0.303327	
0.0519429	-0.374975	
0.0421822	-0.357054	
0.052456	-0.338948	
0.0927607	-0.41052	
0.0720358	-0.410726	
0.0620738	-0.392897	
0.0724915	-0.3747	
0.155614	-0.482026	
0.177836	-0.482026	
0.14481	-0.464061	
0.134103	-0.446125	
0.156076	-0.446117	
0.124134	-0.4283	
0.200029	-0.482104	
0.222251	-0.482104	
0.188976	-0.46413	
-0.481828	0.266433	
-0.481828	0.244211	
-0.463726	0.232936	
-0.481827	0.310737	
-0.481827	0.288515	
-0.463655	0.27717	
-0.445743	0.199525	
-0.445819	0.177385	
-0.427867	0.16627	
-0.445521	0.243794	
-0.445591	0.221642	
-0.427537	0.210382	
-0.410158	0.132969	
-0.410384	0.111508	
-0.392698	0.100549	
-0.409689	0.176924	
-0.409867	0.154928	
-0.391979	0.143622	
-0.33849	0.0658785	
-0.320368	0.0545909	
-0.374672	0.0887761	
-0.374243	0.10989	
-0.356787	0.0776748	
-0.33792	0.086321	
-0.222302	-0.135532	
-0.227635	-0.119874	
-0.206848	-0.145944	
-0.233182	-0.103486	
-0.237106	-0.0867016	
-0.214976	-0.109492	
-0.240731	-0.0731167	
-0.224148	-0.0795188	
-0.267051	-0.0522372	
-0.267062	-0.0332571	
-0.250942	-0.0612499	
-0.237984	-0.0540671	
-0.269111	-0.015426	
-0.269212	0.00314603	
-0.250245	-0.0243692	
-0.143028	-0.219987	
-0.159417	-0.223806	
-0.167893	-0.204892	
-0.157308	-0.189209	
-0.17401	-0.188231	
-0.183846	-0.169278	
-0.124888	-0.219602	
-0.133051	-0.205485	
-0.10912	-0.2248	
-0.0743308	-0.226184	
-0.0934478	-0.227463	
-0.0709652	-0.210875	
-0.0617291	-0.226632	
-0.0992392	-0.207763	
-0.189109	-0.151883	
-0.19169	-0.131819	
-0.168688	-0.155153	
-0.268819	0.0198253	
-0.251902	0.0101411	
-0.302645	0.0426478	
-0.301898	0.0625816	
-0.285152	0.0317343	
-0.267842	0.0387294	
-0.0509718	-0.23202	
-0.0325081	-0.236633	
-0.0476062	-0.216711	
-0.0404499	-0.209333	
-0.0512071	-0.203946	
-0.0603222	-0.198543	
-0.0729239	-0.198095	
-0.0531659	-0.191166	
-0.000678127	-0.236719	
-0.0178372	-0.236592	
-0.0221781	-0.222058	
0.0131096	-0.235631	
0.00628049	-0.220929	
0.0335174	-0.266939	
0.0246684	-0.24988	
0.031627	-0.234091	
0.113763	-0.410266	
0.134998	-0.410147	
0.103625	-0.392367	
0.0520621	-0.303236	
0.0427109	-0.285446	
0.0523794	-0.266848	
0.0724049	-0.338397	
0.0625003	-0.320567	
0.072011	-0.302686	
0.114135	-0.373977	
0.0931329	-0.37423	
0.083002	-0.356309	
0.0930463	-0.337928	
0.178025	-0.446145	
0.200218	-0.446223	
0.167319	-0.42821	
0.156511	-0.410107	
0.17846	-0.410135	
0.14614	-0.392073	
0.244437	-0.482195	
0.266659	-0.482195	
0.233355	-0.464299	
0.222305	-0.446361	
0.244491	-0.446452	
0.211355	-0.428376	
0.288863	-0.482316	
0.311086	-0.482316	
0.277745	-0.464511	
-0.481953	0.354967	
-0.481953	0.332745	
-0.463779	0.32126	
-0.481957	0.398756	
-0.481957	0.376534	
-0.463909	0.364834	
-0.445373	0.287929	
-0.445374	0.265847	
-0.427239	0.254553	
-0.445615	0.331717	
-0.445489	0.309709	
-0.427208	0.298385	
-0.409309	0.221217	
-0.409461	0.1991	
-0.391461	0.187758	
-0.408931	0.265422	
-0.409078	0.24337	
-0.391002	0.232087	
-0.373422	0.153554	
-0.373712	0.131594	
-0.355686	0.119822	
-0.372957	0.198177	
-0.373185	0.176001	
-0.354917	0.163973	
-0.300148	0.0824875	
-0.282424	0.0705444	
-0.336925	0.107029	
-0.336393	0.128734	
-0.318627	0.0952331	
-0.299153	0.103196	
-0.194192	-0.112268	
-0.199739	-0.0958798	
-0.176453	-0.118207	
-0.210203	-0.0802755	
-0.213828	-0.0666906	
-0.189419	-0.0830516	
-0.222141	-0.0561562	
-0.232352	-0.0442894	
-0.208196	-0.0569129	
-0.234041	-0.0309562	
-0.236091	-0.0131251	
-0.218198	-0.0330453	
-0.237207	0.000404464	
-0.236814	0.0170837	
-0.23723	0.0308662	
-0.222535	0.0211296	
-0.221003	-0.00618253	
-0.120805	-0.187959	
-0.138945	-0.188344	
-0.145062	-0.171682	
-0.158981	-0.142065	
-0.153718	-0.15946	
-0.135355	-0.158594	
-0.102254	-0.187497	
-0.108147	-0.170356	
-0.0759385	-0.177829	
-0.0865815	-0.19016	
-0.162102	-0.107526	
-0.159601	-0.127077	
-0.14463	-0.131384	
-0.263691	0.0576304	
-0.261941	0.0775363	
-0.247359	0.0457213	
-0.233079	0.0497672	
-0.261884	0.0974244	
-0.243151	0.0845104	
-0.227266	0.0610021	
-0.217138	0.0461469	
-0.0146812	-0.208414	
-0.0293521	-0.208454	
-0.032953	-0.19569	
-0.0414796	-0.182864	
-0.0505947	-0.177461	
-0.0303818	-0.181985	
-0.0608157	-0.172029	
-0.0744733	-0.164095	
-0.0491294	-0.163727	
0.0126873	-0.204545	
-0.00110043	-0.205633	
-0.00827439	-0.19203	
0.033071	-0.218356	
0.0446298	-0.232605	
0.041765	-0.203741	
0.0287622	-0.205226	
0.0213813	-0.18993	
0.0558798	-0.222087	
0.0544358	-0.237822	
0.0610434	-0.250197	
0.0702368	-0.268704	
0.0722933	-0.239678	
0.135349	-0.373713	
0.156862	-0.373673	
0.124857	-0.355577	
0.0915222	-0.301497	
0.0810841	-0.284166	
0.0897481	-0.267515	
0.135089	-0.336615	
0.113876	-0.336878	
0.103279	-0.318966	
0.112352	-0.300446	
0.200372	-0.410302	
0.222459	-0.41044	
0.189564	-0.392199	
0.178473	-0.373964	
0.200385	-0.374131	
0.167682	-0.355605	
0.266629	-0.446668	
0.288833	-0.446789	
0.255579	-0.42873	
0.244535	-0.410706	
0.266673	-0.410921	
0.233552	-0.392632	
0.333307	-0.482413	
0.355529	-0.482413	
0.32217	-0.464729	
0.311019	-0.447124	
0.333241	-0.447221	
0.299903	-0.429281	
0.377765	-0.482724	
0.366628	-0.465138	
0.399988	-0.482724	
-0.479963	0.421798	
-0.479963	0.44402	
-0.46192	0.409442	
-0.484752	0.463323	
-0.464715	0.451788	
-0.484752	0.485546	
-0.445985	0.374688	
-0.445981	0.353122	
-0.427691	0.341571	
-0.445579	0.415926	
-0.447573	0.392884	
-0.429644	0.381172	
-0.408487	0.287232	
-0.408604	0.309012	
-0.390326	0.276049	
-0.409423	0.33029	
-0.409789	0.351695	
-0.390702	0.319137	
-0.372632	0.242744	
-0.372864	0.220591	
-0.354588	0.208834	
-0.371921	0.286819	
-0.372365	0.265009	
-0.354228	0.253513	
-0.336141	0.174252	
-0.336378	0.151806	
-0.317617	0.139013	
-0.336203	0.219696	
-0.336296	0.197282	
-0.317757	0.185115	
-0.295687	0.126349	
-0.295672	0.149421	
-0.277208	0.113604	
-0.258419	0.120578	
-0.253543	0.135518	
-0.238219	0.119339	
-0.209592	0.0390937	
-0.203778	0.0503285	
-0.16212	-0.0926485	
-0.145268	-0.101518	
-0.172049	-0.080912	
-0.182513	-0.0653077	
-0.155215	-0.0749046	
-0.204089	-0.0420364	
-0.205778	-0.0287032	
-0.195775	-0.0525708	
-0.178406	-0.0504312	
-0.204705	-0.0126648	
-0.205821	0.000864822	
-0.190595	-0.0216559	
-0.208439	0.0141731	
-0.208855	0.0279556	
-0.195496	0.0321372	
-0.192141	0.00769083	
-0.100163	-0.152117	
-0.118714	-0.152578	
-0.12737	-0.140356	
-0.12799	-0.125368	
-0.0926057	-0.134169	
-0.0820388	-0.151946	
-0.0669159	-0.146147	
-0.132035	-0.105434	
-0.132053	-0.0905562	
-0.114775	-0.114406	
-0.223004	0.108978	
-0.218128	0.123918	
-0.226539	0.094194	
-0.226595	0.0743059	
-0.210653	0.0706856	
-0.206447	0.098773	
-0.198427	0.0593549	
-0.197755	0.0726587	
-0.19088	0.0523017	
-0.00322293	-0.175138	
-0.0168037	-0.177919	
-0.0253303	-0.165093	
-0.048908	-0.147624	
-0.0564735	-0.135476	
-0.038687	-0.153056	
-0.0251089	-0.14899	
0.0314405	-0.171758	
0.0153656	-0.171077	
0.00683629	-0.156966	
0.0564322	-0.208085	
0.0521235	-0.194956	
0.0662382	-0.213302	
0.0645879	-0.18291	
0.0499207	-0.178566	
0.043905	-0.159712	
0.0855675	-0.2365	
0.07896	-0.224125	
0.0795124	-0.210124	
0.107061	-0.264482	
0.0962142	-0.24902	
0.102881	-0.233467	
0.178241	-0.336959	
0.15663	-0.336668	
0.145648	-0.317969	
0.155944	-0.296674	
0.134404	-0.29662	
0.122648	-0.279151	
0.129114	-0.260656	
0.222543	-0.374487	
0.24462	-0.374753	
0.211452	-0.356252	
0.200485	-0.338287	
0.222644	-0.338643	
0.189433	-0.31935	
0.288711	-0.411278	
0.310897	-0.411613	
0.277667	-0.393254	
0.266739	-0.375113	
0.288777	-0.37547	
0.25573	-0.356969	
0.355475	-0.447046	
0.377711	-0.447357	
0.344324	-0.42944	
0.332847	-0.412266	
0.355081	-0.412091	
0.321654	-0.394264	
0.399887	-0.448598	
0.388734	-0.430506	
0.421875	-0.483467	
0.444097	-0.483467	
0.410752	-0.466191	
0.421775	-0.44934	
0.451119	-0.469041	
0.462577	-0.485574	
0.484799	-0.485574	
-0.421513	0.414748	
-0.435861	0.431306	
-0.445982	0.449951	
-0.450771	0.469254	
-0.421916	0.448772	
-0.46253	0.485546	
-0.443797	0.483709	
-0.409248	0.375607	
-0.410836	0.393803	
-0.390981	0.364326	
-0.401118	0.409183	
-0.375012	0.373877	
-0.375552	0.349965	
-0.369253	0.308904	
-0.370073	0.330182	
-0.354103	0.339733	
-0.351292	0.297864	
-0.336059	0.264125	
-0.336326	0.24186	
-0.318034	0.230308	
-0.334786	0.304611	
-0.337454	0.282525	
-0.319552	0.270872	
-0.299218	0.1965	
-0.299063	0.17347	
-0.277133	0.160806	
-0.299845	0.241813	
-0.299723	0.21965	
-0.281029	0.208005	
-0.261422	0.175568	
-0.258031	0.151519	
-0.237831	0.15028	
-0.220565	0.141977	
-0.225053	0.157978	
-0.20535	0.131616	
-0.182504	0.0405996	
-0.177152	0.0496259	
-0.181767	0.0294615	
-0.137392	-0.0744899	
-0.147321	-0.0627534	
-0.124158	-0.0784051	
-0.172217	-0.0326553	
-0.171144	-0.0166168	
-0.158955	-0.0453921	
-0.141132	-0.0449775	
-0.175206	0.00249805	
-0.177824	0.0158063	
-0.164832	0.0242687	
-0.156827	-0.00850136	
-0.0800587	-0.117158	
-0.098183	-0.117329	
-0.102228	-0.0973946	
-0.063554	-0.117998	
-0.0691313	-0.101158	
-0.0455461	-0.119475	
-0.108388	-0.0803821	
-0.113727	-0.0643159	
-0.0917967	-0.0833054	
-0.188014	0.120171	
-0.190451	0.138231	
-0.186344	0.100145	
-0.171445	0.106759	
-0.177652	0.0740305	
-0.189878	0.0853612	
-0.171922	0.0599522	
-0.164044	0.0726546	
-0.163545	0.0482501	
0.0120416	-0.138099	
-0.00654689	-0.142161	
-0.0199035	-0.130124	
-0.0380972	-0.102591	
-0.0310167	-0.12007	
-0.0124547	-0.11324	
0.0279835	-0.132083	
0.0146003	-0.117278	
0.0613027	-0.148693	
0.0428225	-0.141885	
0.0453812	-0.121064	
0.0952996	-0.200075	
0.0825778	-0.189251	
0.080375	-0.172861	
0.074175	-0.156915	
0.0921649	-0.163256	
0.0730926	-0.139088	
0.119008	-0.227482	
0.108361	-0.214962	
0.111427	-0.19409	
0.128805	-0.240343	
0.144392	-0.255012	
0.134286	-0.221838	
0.117578	-0.176261	
0.130639	-0.191148	
0.178587	-0.300068	
0.200831	-0.301395	
0.167343	-0.278719	
0.16023	-0.259948	
0.182873	-0.263343	
0.159922	-0.239636	
0.22327	-0.302854	
0.212424	-0.283572	
0.245065	-0.338447	
0.267184	-0.338808	
0.234098	-0.320482	
0.245691	-0.302659	
0.289067	-0.339976	
0.278402	-0.321454	
0.310527	-0.375783	
0.332477	-0.376436	
0.299599	-0.357642	
0.310817	-0.340289	
0.339651	-0.359478	
0.350779	-0.377959	
0.400201	-0.41039	
0.378025	-0.409149	
0.366548	-0.391975	
0.373722	-0.375018	
0.409932	-0.394609	
0.420641	-0.415966	
0.464697	-0.452202	
0.446217	-0.450095	
0.435353	-0.432501	
0.445084	-0.41672	
0.484799	-0.463352	
0.479898	-0.444406	
-0.38975	0.428941	
-0.379073	0.407996	
-0.400725	0.447468	
-0.410847	0.466113	
-0.37868	0.446281	
-0.421574	0.483709	
-0.400383	0.482404	
-0.367722	0.390142	
-0.356354	0.409901	
-0.352293	0.375782	
-0.341014	0.358073	
-0.333724	0.374339	
-0.335534	0.33829	
-0.325323	0.320062	
-0.312234	0.338403	
-0.311486	0.304724	
-0.299123	0.265851	
-0.300519	0.284251	
-0.291057	0.299703	
-0.280812	0.255193	
-0.264511	0.264964	
-0.265232	0.240926	
-0.25958	0.197497	
-0.260085	0.220646	
-0.243784	0.230418	
-0.240478	0.188209	
-0.224911	0.195303	
-0.226753	0.173374	
-0.209487	0.165072	
-0.190867	0.159937	
-0.192566	0.175333	
-0.17353	0.148492	
-0.157397	0.133424	
-0.157813	0.155131	
-0.152284	0.0370285	
-0.147054	0.0473548	
-0.148341	0.0233733	
-0.120153	-0.0478393	
-0.131787	-0.0304781	
-0.104383	-0.0498164	
-0.137287	-0.0147183	
-0.141349	0.00439659	
-0.128801	0.0171564	
-0.116308	-0.0175801	
-0.0575905	-0.0840734	
-0.0740952	-0.0832338	
-0.0802559	-0.0662213	
-0.0418403	-0.0866878	
-0.0468043	-0.0687641	
-0.027311	-0.087282	
-0.095121	-0.0369594	
-0.0886955	-0.0534359	
-0.070994	-0.0533643	
-0.155269	0.0944644	
-0.156939	0.114491	
-0.141221	0.121129	
-0.153208	0.0795097	
-0.138702	0.0872412	
-0.147478	0.0654314	
-0.136217	0.0542098	
0.0177267	-0.0978825	
0.00178483	-0.103899	
-0.00932835	-0.0938444	
-0.0130715	-0.0779409	
0.0218508	-0.0834385	
0.0346663	-0.0968178	
0.047068	-0.105475	
0.061907	-0.115277	
0.0511921	-0.0910309	
0.0893002	-0.133928	
0.0764279	-0.125706	
0.0781147	-0.110117	
0.106936	-0.162507	
0.126149	-0.159565	
0.100736	-0.14656	
0.104071	-0.133179	
0.130613	-0.145161	
0.141255	-0.158915	
0.154535	-0.219427	
0.144737	-0.206566	
0.150888	-0.188736	
0.170373	-0.224363	
0.153947	-0.168594	
0.168044	-0.184012	
0.158411	-0.15419	
0.20284	-0.264972	
0.225278	-0.266431	
0.195727	-0.246202	
0.187152	-0.231977	
0.207119	-0.233606	
0.181765	-0.211768	
0.232634	-0.249664	
0.242219	-0.268264	
0.290557	-0.301035	
0.268674	-0.299867	
0.257846	-0.28224	
0.265202	-0.265473	
0.3004	-0.285139	
0.310128	-0.306726	
0.352911	-0.341247	
0.334609	-0.339723	
0.324076	-0.322057	
0.333919	-0.306161	
0.389608	-0.365778	
0.37384	-0.351761	
0.368797	-0.332007	
0.428807	-0.381903	
0.408367	-0.376328	
0.408484	-0.353071	
0.46169	-0.409899	
0.446979	-0.393364	
0.445414	-0.375082	
0.479898	-0.422183	
0.481793	-0.398827	
-0.334	0.409977	
-0.345351	0.427831	
-0.356362	0.445748	
-0.367337	0.464275	
-0.334008	0.445824	
-0.378161	0.482404	
-0.355843	0.481871	
-0.322942	0.392086	
-0.311939	0.410016	
-0.311663	0.374377	
-0.300499	0.356299	
-0.289717	0.374046	
-0.290288	0.338071	
-0.279418	0.31954	
-0.267683	0.337436	
-0.268451	0.299067	
-0.129569	0.12986	
-0.129111	0.110926	
-0.245652	0.30141	
-0.257292	0.281573	
-0.241712	0.267307	
-0.230863	0.248967	
-0.223644	0.265575	
-0.225716	0.228687	
-0.216026	0.210317	
-0.203105	0.228866	
-0.202301	0.195482	
-0.18368	0.190347	
-0.175445	0.209711	
-0.165711	0.189563	
-0.114244	0.133856	
-0.126355	0.144059	
-0.145735	0.192777	
-0.15397	0.173413	
-0.137837	0.158345	
-0.122513	0.162341	
-0.118863	0.0293826	
-0.111871	0.0104059	
-0.118991	0.0444267	
-0.119415	0.0625034	
-0.102061	0.0376762	
-0.0960155	-0.019692	
-0.101515	-0.00393224	
-0.0915779	0.00829397	
-0.0803281	-0.0233115	
-0.0192186	-0.0611862	
-0.00123597	-0.0677485	
-0.0605157	-0.035239	
-0.0614102	-0.0179716	
-0.0363259	-0.0506388	
-0.0520761	-0.0480244	
-0.0244905	-0.0404464	
-0.120683	0.0803688	
-0.122744	0.0953235	
-0.111092	0.104054	
-0.103457	0.0705856	
0.0335915	-0.0657042	
0.0166519	-0.066769	
0.0105047	-0.0500143	
0.051641	-0.0731665	
0.0464421	-0.0564969	
0.0640427	-0.0818236	
0.0951409	-0.103813	
0.0806201	-0.0933842	
0.0810689	-0.0755198	
0.1393	-0.128517	
0.124194	-0.129168	
0.112759	-0.116535	
0.115264	-0.099802	
0.171709	-0.14545	
0.159017	-0.135771	
0.152598	-0.119777	
0.184052	-0.194382	
0.18711	-0.174239	
0.20083	-0.201996	
0.187458	-0.157886	
0.203465	-0.168256	
0.188063	-0.139467	
0.24361	-0.23217	
0.226669	-0.230337	
0.218094	-0.216112	
0.220381	-0.198726	
0.264834	-0.241931	
0.258869	-0.222603	
0.280461	-0.255907	
0.318703	-0.272235	
0.299132	-0.266545	
0.298764	-0.243003	
0.350488	-0.299162	
0.336539	-0.283831	
0.335271	-0.265236	
0.389402	-0.320773	
0.368473	-0.310259	
0.371093	-0.287929	
0.408224	-0.331738	
0.426982	-0.342288	
0.4079	-0.30999	
0.463538	-0.364892	
0.445367	-0.353431	
0.445106	-0.332098	
0.481793	-0.376605	
0.481745	-0.354954	
-0.289665	0.409998	
-0.300723	0.427889	
-0.311716	0.445901	
-0.322727	0.463819	
-0.289442	0.445884	
-0.33362	0.481871	
-0.311329	0.481948	
-0.278585	0.391926	
-0.267369	0.4098	
-0.267421	0.373848	
-0.256293	0.355635	
-0.24516	0.373514	
-0.245422	0.337103	
-0.234246	0.31887	
-0.222856	0.337068	
-0.223086	0.301376	
-0.104133	0.120352	
-0.100919	0.134551	
-0.0977669	0.104749	
-0.211717	0.283141	
-0.20031	0.300601	
-0.200868	0.2648	
-0.180681	0.26408	
-0.192608	0.246515	
-0.182918	0.228145	
-0.164949	0.227361	
-0.156772	0.241653	
-0.149299	0.223219	
-0.139845	0.210561	
-0.131669	0.224853	
-0.128104	0.194411	
-0.0977987	0.149232	
-0.0876878	0.135728	
-0.115834	0.178577	
-0.109943	0.196361	
-0.104351	0.164291	
-0.0911198	0.165468	
-0.0852938	0.0274018	
-0.0854215	0.0424458	
-0.0749384	0.0130637	
-0.0844278	0.0585253	
-0.0856962	0.0763907	
-0.0676605	0.0482509	
-0.0649069	0.00133723	
-0.0450945	-0.0105902	
-0.0586228	0.020445	
0.0145184	-0.0347427	
-0.00336944	-0.0357223	
-0.0204768	-0.0251749	
-0.0307135	-0.0130267	
-0.0342102	0.00628209	
-0.00959246	-0.00830258	
0.0162946	-0.017692	
0.0301687	-0.031984	
-0.0855232	0.0945023	
-0.0785645	0.1108	
-0.0664938	0.082442	
-0.0543276	0.0927337	
-0.0545007	0.0746221	
0.0647245	-0.045201	
0.0466749	-0.0377388	
0.0484511	-0.0206881	
0.115914	-0.0811837	
0.133531	-0.0939053	
0.115642	-0.0643543	
0.0973741	-0.070251	
0.0807968	-0.0586904	
0.0810296	-0.0399322	
0.171359	-0.109092	
0.151642	-0.101839	
0.152292	-0.0832204	
0.146864	-0.0682383	
0.164975	-0.0761717	
0.178565	-0.0771584	
0.173137	-0.0621763	
0.188699	-0.121453	
0.204448	-0.133889	
0.187744	-0.103515	
0.2384	-0.190011	
0.221136	-0.175895	
0.221483	-0.159542	
0.217644	-0.1436	
0.235315	-0.151239	
0.21828	-0.125586	
0.278405	-0.209661	
0.25718	-0.1999	
0.257935	-0.177069	
0.316708	-0.231546	
0.298037	-0.220908	
0.296348	-0.198205	
0.353422	-0.254651	
0.335586	-0.243055	
0.334859	-0.220961	
0.389619	-0.277007	
0.371634	-0.26591	
0.371948	-0.243729	
0.426682	-0.299037	
0.40786	-0.288073	
0.408401	-0.266054	
0.463439	-0.321339	
0.445054	-0.310195	
0.445014	-0.288278	
0.481745	-0.332732	
0.481693	-0.310829	
-0.245136	0.409699	
-0.256216	0.427771	
-0.267198	0.445865	
-0.278191	0.463877	
-0.244965	0.445764	
-0.289106	0.481948	
-0.266862	0.481929	
-0.234059	0.391576	
-0.222905	0.409548	
-0.22293	0.373363	
-0.211646	0.355102	
-0.200544	0.373164	
-0.20047	0.336869	
-0.189109	0.318228	
-0.177899	0.336262	
-0.17774	0.299994	
-0.0759706	0.12799	
-0.0728501	0.142671	
-0.0637268	0.117743	
-0.165898	0.279297	
-0.154696	0.296924	
-0.157638	0.261011	
-0.141989	0.256869	
-0.126458	0.243286	
-0.127324	0.262644	
-0.117004	0.230628	
-0.101357	0.235137	
-0.106567	0.216704	
-0.0942965	0.20087	
-0.0735625	0.159637	
-0.080115	0.174696	
-0.0618453	0.151899	
-0.0787091	0.21089	
-0.082085	0.190547	
-0.0645276	0.184717	
0.0407665	-0.00507516	
0.0572727	-0.0108299	
-0.047201	0.0382778	
-0.0462072	0.0543573	
-0.0340411	0.0646491	
-0.0371694	0.0265514	
-0.0227884	0.0241149	
-0.00184134	0.0101603	
-0.00480055	0.0304296	
0.0240457	0.000770802	
0.00839538	-0.00198791	
0.0328673	0.010629	
-0.0479289	0.124352	
-0.0505228	0.107162	
-0.0385297	0.0993424	
-0.0264335	0.0854705	
-0.0226287	0.099899	
-0.01814	0.0652056	
0.0827932	-0.023841	
0.0988656	-0.0373303	
0.0918373	-0.00552894	
0.0740014	-0.00813083	
0.0663168	0.0074821	
0.147982	-0.0491123	
0.135299	-0.0561611	
0.11676	-0.0452283	
0.118523	-0.0291371	
0.178365	-0.051236	
0.164774	-0.0502493	
0.153209	-0.038172	
0.183872	-0.0420931	
0.192235	-0.0540201	
0.19099	-0.0878469	
0.199153	-0.0738515	
0.208331	-0.100208	
0.199773	-0.0609448	
0.212198	-0.0716334	
0.20528	-0.0518019	
0.224235	-0.110576	
0.227482	-0.0949086	
0.237431	-0.120287	
0.273504	-0.162455	
0.254723	-0.152567	
0.250884	-0.136624	
0.256839	-0.121615	
0.31502	-0.186453	
0.295388	-0.175206	
0.292176	-0.150703	
0.353771	-0.210137	
0.334893	-0.198627	
0.333932	-0.175629	
0.390415	-0.232854	
0.372203	-0.221595	
0.372237	-0.199261	
0.426848	-0.255076	
0.408608	-0.24401	
0.408862	-0.221876	
0.463419	-0.277362	
0.445046	-0.266205	
0.445253	-0.24416	
0.481693	-0.288607	
0.481725	-0.266533	
-0.200722	0.409518	
-0.211799	0.427641	
-0.222726	0.445736	
-0.233709	0.46383	
-0.200543	0.445706	
-0.24464	0.481929	
-0.222402	0.481901	
-0.189841	0.391381	
-0.178734	0.409474	
-0.178556	0.37312	
-0.167607	0.354869	
-0.156903	0.373086	
-0.156246	0.336228	
-0.145127	0.317827	
-0.134835	0.336434	
-0.133285	0.29713	
-0.0444758	0.144942	
-0.0451882	0.161909	
-0.0312718	0.134361	
-0.112165	0.301	
-0.121735	0.280098	
-0.106204	0.266515	
-0.0953552	0.250939	
-0.0897662	0.268392	
-0.0849189	0.237014	
-0.0723236	0.240352	
-0.0783254	0.224551	
-0.0661138	0.214228	
-0.050108	0.180337	
-0.0520779	0.196188	
-0.0327384	0.17338	
-0.0563331	0.20936	
-0.0419135	0.20498	
-0.0559494	0.223021	
0.0677264	0.0223785	
0.0509977	0.0196794	
0.0342769	0.0255254	
0.0382126	0.0488479	
0.0200821	0.0397975	
-0.000864951	0.0537521	
0.00674264	0.0745735	
-0.0146513	0.139743	
-0.0181044	0.119153	
-0.00600815	0.105281	
0.00847198	0.112513	
0.00394771	0.0932591	
0.0212228	0.0818057	
0.0672472	0.0391531	
0.0825663	0.0269559	
0.129545	-0.0181893	
0.111651	-0.0102913	
0.102859	0.00541885	
0.0968469	0.0223007	
0.11666	0.0175383	
0.0963677	0.0390753	
0.148904	-0.023895	
0.142031	-0.00504925	
0.165696	-0.025032	
0.196985	-0.0338031	
0.183115	-0.0310191	
0.178809	-0.016742	
0.218134	-0.047976	
0.210595	-0.0410513	
0.209839	-0.0299772	
0.24358	-0.0854861	
0.227675	-0.0751175	
0.228296	-0.0622108	
0.233611	-0.0514602	
0.274995	-0.115481	
0.261542	-0.0991438	
0.261736	-0.0793526	
0.292685	-0.128585	
0.314569	-0.141336	
0.297388	-0.106114	
0.333806	-0.153483	
0.353679	-0.165657	
0.334316	-0.131365	
0.390725	-0.188646	
0.372293	-0.177188	
0.372167	-0.155042	
0.427188	-0.210967	
0.408995	-0.199811	
0.409051	-0.177738	
0.463526	-0.233172	
0.445328	-0.222044	
0.445461	-0.199979	
0.481725	-0.244311	
0.4818	-0.222195	
-0.156723	0.409507	
-0.167604	0.427644	
-0.178347	0.445715	
-0.189274	0.46381	
-0.156335	0.445748	
-0.20018	0.481901	
-0.177983	0.481909	
-0.146361	0.391452	
-0.135231	0.409623	
-0.135411	0.373201	
-0.114332	0.373526	
-0.124875	0.355159	
-0.113756	0.336758	
-0.0931658	0.337771	
-0.103126	0.319045	
-0.0915755	0.302014	
-0.00908738	0.157935	
0.00408	0.142727	
-0.017319	0.172395	
-0.0222388	0.190823	
0.00141223	0.175378	
-0.07191	0.302978	
-0.0809497	0.284933	
-0.0701007	0.269356	
-0.0610383	0.25084	
-0.0522218	0.267381	
-0.0544447	0.238377	
-0.0446641	0.233508	
-0.0331068	0.2196	
-0.0316022	0.234956	
-0.0288516	0.206428	
-0.0134322	0.205442	
0.0587645	0.0505802	
0.0445697	0.0648523	
0.0736044	0.0551576	
0.0365372	0.0793876	
0.0570892	0.0811199	
0.0337423	0.0980732	
0.0225138	0.147277	
0.0169499	0.129086	
0.0422202	0.114646	
0.0269057	0.117064	
0.104716	0.0503239	
0.0904359	0.0549791	
0.0819532	0.0664061	
0.157478	0.00843306	
0.13812	0.0141388	
0.132107	0.0310206	
0.121627	0.0480785	
0.143087	0.044679	
0.115696	0.0639822	
0.175453	-0.0022105	
0.192872	-0.00819753	
0.171542	0.0169776	
0.20932	-0.0161372	
0.22293	-0.0233854	
0.205964	-0.00160566	
0.247864	-0.0471733	
0.237702	-0.0329385	
0.237183	-0.0190985	
0.263637	-0.0590907	
0.2816	-0.0727484	
0.267728	-0.0405691	
0.298932	-0.0848983	
0.316623	-0.0980022	
0.300834	-0.0646364	
0.334873	-0.109895	
0.354111	-0.122042	
0.336417	-0.0886793	
0.372348	-0.133367	
0.390962	-0.144897	
0.372906	-0.111897	
0.427414	-0.16704	
0.409144	-0.155875	
0.409326	-0.134199	
0.463669	-0.188984	
0.445529	-0.177907	
0.445623	-0.156044	
0.4818	-0.199972	
0.481869	-0.1779	
-0.114045	0.409752	
-0.124408	0.427806	
-0.134158	0.445773	
-0.1449	0.463843	
-0.112972	0.445902	
-0.155761	0.481909	
-0.133583	0.481934	
-0.0930735	0.410024	
-0.103897	0.39184	
-0.0933604	0.373797	
-0.0728933	0.37417	
-0.0833288	0.355856	
-0.0726987	0.338144	
-0.0529137	0.338477	
-0.0627507	0.320392	
-0.052125	0.303311	
0.0236325	0.164706	
0.0365023	0.151065	
0.0154427	0.178078	
0.00721102	0.192538	
0.0294313	0.181866	
0.0324959	0.195422	
0.0406857	0.18205	
0.00053525	0.205342	
-0.00607749	0.220947	
0.0145657	0.208042	
-0.0426708	0.285574	
-0.0335116	0.302988	
-0.0336084	0.267058	
-0.0149855	0.268124	
-0.0245365	0.249931	
-0.0129793	0.236022	
0.000988148	0.235922	
0.0754032	0.0824352	
0.0673707	0.0969705	
0.0922347	0.0822567	
0.0793877	0.115901	
0.0610737	0.114585	
0.0542371	0.133576	
0.0470408	0.144818	
0.0658942	0.144758	
0.0481595	0.162247	
0.126048	0.0777588	
0.109137	0.0800042	
0.102587	0.0960332	
0.172219	0.0327113	
0.190194	0.0220677	
0.160442	0.0454076	
0.179094	0.0504977	
0.149962	0.0624655	
0.140116	0.0740274	
0.157471	0.074756	
0.133557	0.0900493	
0.205139	0.0128893	
0.221586	0.00494963	
0.205816	0.028623	
0.204337	0.0419981	
0.219282	0.0328197	
0.237483	-0.00199494	
0.252255	-0.0115481	
0.236658	0.0125	
0.268871	-0.021472	
0.284644	-0.0333894	
0.269171	-0.0043684	
0.30182	-0.0444322	
0.319153	-0.0565821	
0.302963	-0.0253351	
0.336999	-0.0678807	
0.35525	-0.0797737	
0.337986	-0.0476765	
0.373209	-0.0907902	
0.391447	-0.102115	
0.373791	-0.0699915	
0.427694	-0.1238	
0.409511	-0.112822	
0.409815	-0.0917151	
0.463828	-0.144963	
0.445713	-0.134095	
0.445899	-0.112718	
0.481869	-0.155678	
0.481959	-0.133729	
-0.0724233	0.410195	
-0.0825719	0.428107	
-0.0923035	0.446023	
-0.102054	0.463989	
-0.0716534	0.446194	
-0.111361	0.481934	
-0.0906925	0.482055	
-0.0521008	0.410329	
-0.0626024	0.392245	
-0.0525708	0.374304	
-0.0325854	0.374397	
-0.0428763	0.356322	
-0.0329283	0.338569	
-0.0135638	0.338404	
-0.0236013	0.320559	
-0.0141471	0.302822	
0.0493835	0.176296	
0.0524481	0.189852	
0.0599219	0.170048	
0.0298197	0.207958	
0.023144	0.220762	
0.0410742	0.208142	
0.047801	0.214948	
0.0504771	0.202412	
0.0591749	0.196657	
0.0181561	0.235741	
0.0112543	0.250816	
0.0334101	0.235656	
0.00448846	0.302506	
-0.00542188	0.284935	
0.00365002	0.267808	
0.020818	0.267627	
0.0971247	0.116119	
0.0908277	0.133733	
0.114027	0.113866	
0.0978421	0.150931	
0.0801051	0.150713	
0.0729087	0.161956	
0.0741327	0.176004	
0.145861	0.101222	
0.131793	0.104953	
0.12633	0.125039	
0.209009	0.0567027	
0.195543	0.052506	
0.183766	0.0652024	
0.189616	0.0828437	
0.173168	0.0808355	
0.163322	0.0923974	
0.161557	0.107302	
0.222855	0.0559626	
0.214061	0.0664705	
0.250672	0.0242728	
0.234775	0.0312174	
0.233295	0.0445925	
0.238348	0.0543602	
0.269094	0.0144957	
0.28571	0.00457183	
0.26721	0.033213	
0.303354	-0.00565963	
0.32053	-0.0167025	
0.303277	0.0132045	
0.338319	-0.0273943	
0.356165	-0.0386928	
0.338709	-0.00771877	
0.374088	-0.049418	
0.392046	-0.0604345	
0.37442	-0.0291357	
0.410013	-0.0709393	
0.428078	-0.0816463	
0.41031	-0.0503657	
0.464029	-0.102072	
0.44601	-0.0917759	
0.446208	-0.0710001	
0.481959	-0.111507	
0.48207	-0.0905648	
-0.0318032	0.410422	
-0.0416241	0.428371	
-0.0512951	0.446343	
-0.0610267	0.464258	
-0.0309975	0.446436	
-0.0706925	0.482055	
-0.0503342	0.482204	
-0.0116692	0.410427	
-0.0221459	0.392384	
-0.0124513	0.374402	
0.00737172	0.374187	
-0.00306775	0.3562	
0.00625928	0.338189	
0.0256229	0.337562	
0.0151269	0.319766	
0.0238521	0.301879	
0.0718171	0.19575	
0.0698461	0.20831	
0.0848039	0.187657	
0.0513519	0.229011	
0.0463641	0.24399	
0.0733971	0.222374	
0.0607549	0.223281	
0.0318896	0.28293	
0.042528	0.30019	
0.0394939	0.265938	
0.0574357	0.259293	
0.125393	0.140082	
0.143159	0.131169	
0.0998594	0.184694	
0.0975437	0.204439	
0.118489	0.186138	
0.105749	0.169356	
0.116471	0.152376	
0.1333	0.158506	
0.17594	0.118	
0.158479	0.126825	
0.157542	0.141868	
0.224438	0.0793292	
0.210591	0.0800694	
0.199993	0.0957025	
0.193346	0.11176	
0.214321	0.108986	
0.190268	0.131284	
0.250275	0.0611589	
0.239834	0.072529	
0.236365	0.0861279	
0.266943	0.0521196	
0.285365	0.0423425	
0.268429	0.0702884	
0.303146	0.0328455	
0.32079	0.022614	
0.302879	0.0517521	
0.338782	0.0123212	
0.356571	0.00162942	
0.338652	0.0319622	
0.374573	-0.00888384	
0.392496	-0.019609	
0.374646	0.0111561	
0.410484	-0.0300127	
0.42845	-0.0405175	
0.410637	-0.00976078	
0.464254	-0.0607719	
0.446322	-0.0506423	
0.446496	-0.0302893	
0.48207	-0.0705648	
0.482184	-0.0502071	
0.00851157	0.410389	
-0.00114574	0.428426	
-0.0109133	0.446394	
-0.0205843	0.464365	
0.00926746	0.446356	
-0.0303342	0.482204	
-0.01025	0.482162	
0.02866	0.410193	
0.0181365	0.392193	
0.0275201	0.373991	
0.0475246	0.373597	
0.0367599	0.355591	
0.0456275	0.337168	
0.0653289	0.336201	
0.0541919	0.318172	
0.0622295	0.299224	
0.0927256	0.223842	
0.0836344	0.238813	
0.107781	0.220878	
0.081508	0.297828	
0.0698441	0.279846	
0.0767143	0.257898	
0.0960428	0.259366	
0.118413	0.23521	
0.123231	0.215807	
0.167073	0.155068	
0.151753	0.159412	
0.142831	0.171706	
0.130788	0.202864	
0.14142	0.217196	
0.136678	0.187527	
0.155131	0.188432	
0.20551	0.145788	
0.188104	0.152028	
0.182316	0.169572	
0.248671	0.0966944	
0.233275	0.103495	
0.226627	0.119552	
0.220784	0.134988	
0.239738	0.129496	
0.218621	0.155732	
0.283683	0.0811632	
0.267015	0.0902025	
0.263925	0.107569	
0.302249	0.0718221	
0.320031	0.0623251	
0.300834	0.0917362	
0.338394	0.0521777	
0.356386	0.0418849	
0.337764	0.0722477	
0.37458	0.031399	
0.392583	0.0208858	
0.374323	0.0516145	
0.410631	0.0104491	
0.428619	4.54917e-05	
0.410565	0.030692	
0.446546	-0.0101482	
0.464418	-0.0202731	
0.44654	0.0100617	
0.482184	-0.0302071	
0.482234	-0.010066	
0.0490095	0.410056	
0.0393846	0.428251	
0.029436	0.446355	
0.0196685	0.464323	
0.0497856	0.446218	
0.00974995	0.482162	
0.0299185	0.482161	
0.0695076	0.409753	
0.058783	0.391694	
0.0680228	0.373294	
0.0886357	0.372754	
0.0773773	0.354657	
0.0859418	0.335661	
0.106813	0.334676	
0.0947646	0.31622	
0.102379	0.296843	
0.112664	0.274114	
0.125921	0.292506	
0.119584	0.255029	
0.135034	0.249958	
0.150484	0.234086	
0.151655	0.253905	
0.158041	0.221144	
0.175928	0.221274	
0.166864	0.204384	
0.173017	0.188563	
0.194049	0.185523	
0.201762	0.201986	
0.21106	0.182995	
0.223858	0.171572	
0.231571	0.188034	
0.239132	0.160772	
0.278388	0.123278	
0.260044	0.12977	
0.254201	0.145205	
0.259438	0.161045	
0.31823	0.103335	
0.299664	0.112676	
0.295783	0.134877	
0.337267	0.0929533	
0.35563	0.082806	
0.336096	0.113893	
0.374077	0.0721707	
0.392272	0.0616849	
0.373579	0.0928764	
0.410478	0.050931	
0.428526	0.0404944	
0.410233	0.0714872	
0.446481	0.0301576	
0.464408	0.0199639	
0.446394	0.0503966	
0.482234	0.009934	
0.482174	0.0300299	
0.0903253	0.409568	
0.0805518	0.42793	
0.0701766	0.446119	
0.060228	0.464222	
0.0909942	0.445934	
0.0499185	0.482161	
0.0703095	0.482061	
0.111472	0.409274	
0.100428	0.391097	
0.109782	0.37246	
0.131464	0.371957	
0.119672	0.353614	
0.128494	0.334173	
0.151354	0.333835	
0.138496	0.314897	
0.14878	0.292168	
0.17351	0.295664	
0.160935	0.273274	
0.176385	0.257402	
0.189728	0.238324	
0.199008	0.257692	
0.198551	0.221564	
0.215562	0.219035	
0.246249	0.195892	
0.233451	0.207315	
0.23024	0.226893	
0.278173	0.167837	
0.263104	0.183403	
0.264984	0.202684	
0.295523	0.156339	
0.316799	0.145737	
0.299189	0.178697	
0.335779	0.135139	
0.354816	0.124757	
0.335519	0.156601	
0.373308	0.113945	
0.391755	0.10331	
0.372991	0.13519	
0.410026	0.0922686	
0.428233	0.0815148	
0.409754	0.113337	
0.446295	0.0704368	
0.46425	0.0601	
0.446088	0.0912182	
0.482174	0.0500299	
0.482075	0.0700701	
0.132925	0.409133	
0.122822	0.427604	
0.112114	0.445837	
0.101738	0.464026	
0.133566	0.445696	
0.0903095	0.482061	
0.111429	0.481964	
0.143434	0.390672	
0.154785	0.409002	
0.153324	0.371826	
0.163826	0.353212	
0.175797	0.371927	
0.173827	0.333935	
0.184864	0.315377	
0.197336	0.334754	
0.197019	0.296483	
0.208999	0.278718	
0.220353	0.29843	
0.222342	0.259639	
0.241898	0.265095	
0.231908	0.244069	
0.249797	0.232348	
0.283573	0.212167	
0.266717	0.224655	
0.268385	0.241832	
0.318098	0.189779	
0.300748	0.201277	
0.302481	0.223248	
0.354847	0.167746	
0.335866	0.178345	
0.337426	0.200924	
0.391417	0.145978	
0.372925	0.15679	
0.373273	0.178534	
0.409581	0.134684	
0.427852	0.123643	
0.409515	0.156284	
0.463961	0.101342	
0.445898	0.11242	
0.445725	0.133767	
0.482075	0.0900701	
0.481885	0.111272	
0.176739	0.408961	
0.166229	0.427422	
0.155414	0.445605	
0.144705	0.463838	
0.177368	0.445564	
0.133651	0.481964	
0.155499	0.481874	
0.187731	0.390723	
0.199175	0.409143	
0.198233	0.372108	
0.208844	0.353589	
0.220777	0.372385	
0.219881	0.335031	
0.230524	0.316848	
0.242031	0.335683	
0.242503	0.299083	
0.282183	0.256967	
0.265262	0.26466	
0.255696	0.28023	
0.265867	0.298648	
0.319716	0.234329	
0.30254	0.245219	
0.299417	0.268048	
0.355504	0.211637	
0.337735	0.223072	
0.337794	0.245043	
0.391491	0.189538	
0.373412	0.200494	
0.373722	0.222642	
0.427653	0.167087	
0.409489	0.178381	
0.409629	0.200342	
0.463783	0.144692	
0.445737	0.155915	
0.445712	0.178013	
0.481885	0.133494	
0.481898	0.155643	
0.221383	0.409025	
0.210391	0.427263	
0.199442	0.445489	
0.188626	0.463673	
0.22165	0.445372	
0.177721	0.481874	
0.199795	0.481799	
0.232584	0.390776	
0.2438	0.408897	
0.243194	0.372257	
0.253298	0.354054	
0.265104	0.372445	
0.263941	0.335871	
0.282446	0.33724	
0.271179	0.31887	
0.284372	0.300017	
0.320985	0.278249	
0.300628	0.289996	
0.30594	0.310218	
0.356216	0.255656	
0.338196	0.266913	
0.339407	0.288862	
0.391835	0.233521	
0.373927	0.244664	
0.374329	0.266535	
0.42774	0.211313	
0.409742	0.22247	
0.409947	0.244492	
0.463815	0.189022	
0.445731	0.200194	
0.445844	0.222322	
0.481898	0.177865	
0.481917	0.200046	
0.265825	0.408621	
0.254624	0.42687	
0.243675	0.445209	
0.232725	0.463435	
0.2657	0.444934	
0.222017	0.481799	
0.244042	0.481636	
0.276952	0.389855	
0.287776	0.407828	
0.287056	0.371651	
0.29814	0.351201	
0.309988	0.368611	
0.305378	0.3342	
0.321634	0.324179	
0.356914	0.298704	
0.339703	0.31004	
0.339141	0.334021	
0.392361	0.277498	
0.374649	0.288489	
0.374946	0.309667	
0.428007	0.255572	
0.4101	0.266623	
0.410421	0.288578	
0.463906	0.233386	
0.445915	0.244505	
0.446068	0.266636	
0.481917	0.222268	
0.481988	0.244451	
0.298436	0.426583	
0.309563	0.407817	
0.287817	0.44492	
0.276868	0.463259	
0.309604	0.444909	
0.266264	0.481636	
0.288381	0.481623	
0.330797	0.408262	
0.320138	0.389507	
0.331222	0.369056	
0.350781	0.373949	
0.340632	0.353053	
0.358701	0.338914	
0.393192	0.321628	
0.375456	0.331843	
0.376947	0.350875	
0.42827	0.299981	
0.41053	0.310855	
0.411041	0.333031	
0.464053	0.277777	
0.446145	0.288844	
0.446254	0.311122	
0.481988	0.266673	
0.482065	0.288882	
0.352039	0.408564	
0.341465	0.426874	
0.331472	0.444988	
0.320853	0.463325	
0.352714	0.44529	
0.310603	0.481623	
0.332472	0.481702	
0.364785	0.389782	
0.375453	0.408394	
0.39095	0.366708	
0.374195	0.373779	
0.42844	0.344418	
0.411101	0.35519	
0.40835	0.378094	
0.46414	0.322185	
0.446264	0.333322	
0.446325	0.355481	
0.482065	0.311104	
0.482075	0.333303	
0.380792	0.428705	
0.393539	0.409923	
0.374116	0.445304	
0.364124	0.463419	
0.392202	0.446834	
0.354694	0.481702	
0.376096	0.481717	
0.429938	0.388568	
0.409787	0.400085	
0.415127	0.420397	
0.464621	0.366501	
0.446796	0.377597	
0.448233	0.399588	
0.482075	0.355526	
0.482546	0.377642	
0.41522	0.444935	
0.408544	0.461534	
0.431469	0.435097	
0.398319	0.481717	
0.421337	0.479818	
0.465808	0.410509	
0.448949	0.42148	
0.449043	0.446019	
0.482546	0.399864	
0.483262	0.421757	
0.451198	0.464497	
0.468678	0.450881	
0.443559	0.479818	
0.463194	0.48468	
0.483262	0.443979	
0.485416	0.462457	
0.485416	0.48468	
