  0.00381293806
  0.01311832250
  0.08226260351
  0.39344961175
  0.26458018192
  0.03632674684
  0.02666951296
  0.02026595473
  0.01808259355
  0.01525514596
  0.01394724588
  0.01321114456
  0.01188742278
  0.01173645565
  0.01079313654
  0.00864616672
  0.00931789031
  0.00864975355
  0.00816043439
  0.00705957741
  0.00765823064
  0.00707024768
  0.00616147734
  0.00603947817
  0.00699256140
  0.00676568006
  0.00563191697
  0.00572689257
  0.00514959445
  0.00530356836
  0.00474588481
  0.00461730433
  0.00402057877
  0.00427093195
  0.00485924447
  0.00409585832
  0.00360942609
  0.00406202545
  0.00594178089
  0.00534803463
  0.00577191800
  0.00521386590
  0.00399354450
  0.00365243686
  0.00434362832
  0.00490439926
  0.00443745086
  0.00347407479
  0.00340232379
  0.00335531175
  0.00364823001
  0.00375726787
  0.00286387654
  0.00289820102
  0.00382214399
  0.00314528670
  0.00251346892
  0.00258063987
  0.00310731777
  0.00399110856
  0.00305409964
  0.00298122216
  0.00416000911
  0.00517558368
  0.00417960356
  0.00379762734
  0.00389382662
  0.00313149448
  0.00258069436
  0.00239076957
  0.00224470386
  0.00219285335
  0.00231271748
  0.00259214001
  0.00252337108
  0.00209655590
  0.00192610205
  0.00186894788
  0.00184348527
  0.00184801088
  0.00195735864
  0.00237452941
  0.00325170287
  0.00345025009
  0.00300490462
  0.00324833911
  0.00295889411
  0.00365484761
  0.00336748835
  0.00350002893
  0.00206628677
  0.00189208737
  0.00194086711
  0.00204534051
  0.00218084787
  0.00227572289
  0.00233810146
  0.00236046161
  0.00222344520
  0.00229799670
  0.00256133216
  0.00217763176
  0.00164116726
  0.00150786827
  0.00147339159
  0.00149334807
  0.00165349550
  0.00212742670
  0.00255519650
  0.00192614924
  0.00147270729
  0.00143289962
  0.00142096031
  0.00139408062
  0.00136089311
  0.00135632866
  0.00145046607
  0.00175994667
  0.00214063230
  0.00202120728
  0.00140657887
  0.00121387452
  0.00127949626
  0.00155350947
  0.00207312958
  0.00215618806
  0.00146060580
  0.00115407432
  0.00111766599
  0.00113206941
  0.00118892447
  0.00133406771
  0.00163138582
  0.00192499682
  0.00176113031
  0.00133870004
  0.00118389914
  0.00117163601
  0.00119414808
  0.00124722630
  0.00137603961
  0.00169082132
  0.00228697831
  0.00271051435
  0.00257347093
  0.00196615520
  0.00232815822
  0.00285157632
  0.00272712902
  0.00222325467
  0.00213240317
  0.00242964439
  0.00249621513
  0.00205202837
  0.00188649968
  0.00169387691
  0.00148057871
  0.00135006910
  0.00127343962
  0.00120984058
  0.00115024683
  0.00109914787
  0.00104828156
  0.00100444809
  0.00096299994
  0.00092923568
  0.00089754906
  0.00086873839
  0.00084683425
  0.00083050614
  0.00084268582
  0.00082156794
  0.00084146999
  0.00089212386
  0.00101180111
  0.00125085786
  0.00157110152
  0.00168444719
  0.00155677539
  0.00190268250
  0.00235227302
  0.00166994467
  0.00127601177
  0.00140290469
  0.00141937216
  0.00120318487
  0.00100160598
  0.00093061525
  0.00092655555
  0.00092925654
  0.00093736446
  0.00093013246
  0.00091468591
  0.00089656975
  0.00088273660
  0.00085993901
  0.00083993892
  0.00082063594
  0.00080055488
  0.00078078246
  0.00076501194
  0.00082812490
  0.00076406467
  0.00080966962
  0.00093332033
  0.00123567954
  0.00172193903
  0.00185751692
  0.00127261748
  0.00086451717
  0.00080475819
  0.00081486103
  0.00086931814
  0.00096691979
  0.00110425849
  0.00130388488
  0.00138459158
  0.00122115504
  0.00095723904
  0.00099252900
  0.00073872252
  0.00071544006
  0.00070202003
  0.00070243024
  0.00071600570
  0.00097582479
  0.00095286836
  0.00129590117
  0.00171581597
  0.00186360941
  0.00109459885
  0.00094888851
  0.00123368570
  0.00181073372
  0.00196418888
  0.00121965172
  0.00075777857
  0.00067635125
  0.00066544061
  0.00066341564
  0.00066614153
  0.00066892135
  0.00067470636
  0.00075149571
  0.00068360169
  0.00068859839
  0.00072248028
  0.00069988208
  0.00071968198
  0.00078707296
  0.00097481079
  0.00141151058
  0.00198635671
  0.00179266576
  0.00097622538
  0.00068668015
  0.00063536628
  0.00062468361
  0.00065949262
  0.00061209232
  0.00061027684
  0.00060752408
  0.00065993397
  0.00060716986
  0.00060097964
  0.00060379360
  0.00059914432
  0.00058635693
  0.00056963581
  0.00055633847
  0.00054294034
  0.00053073102
  0.00061388464
  0.00049623080
  0.00048419383
  0.00047213170
  0.00046264713
  0.00045209171
  0.00044588566
  0.00044640089
  0.00044371724
  0.00045254365
  0.00046806337
  0.00049949337
  0.00054750968
  0.00062008149
  0.00071697170
  0.00093494986
  0.00100075030
  0.00086601967
  0.00074494866
  0.00060212696
  0.00050250555
  0.00044283877
  0.00041135238
  0.00039355401
  0.00038345085
  0.00038121470
  0.00037483214
  0.00037231333
