  0.01113153060
  0.00941719713
  0.00834997975
  0.00722476071
  0.00771352145
  0.00847991509
  0.00856313757
  0.00853537819
  0.00850597745
  0.00848198793
  0.00846575896
  0.00844740307
  0.00843260041
  0.00820849467
  0.00840822658
  0.00839855193
  0.00839015450
  0.00838449695
  0.00837460528
  0.00836637841
  0.00835881486
  0.00835795756
  0.00815365796
  0.00834706684
  0.00834052419
  0.00833562693
  0.00812624786
  0.00812579234
  0.00831379484
  0.00810655340
  0.00830792340
  0.00810461755
  0.00829777074
  0.00829883630
  0.00810298625
  0.00829207438
  0.00829100109
  0.00829221733
  0.00809303248
  0.00809097573
  0.00829130187
  0.00809096652
  0.00808199841
  0.00808276901
  0.00807839907
  0.00807302180
  0.00806841000
  0.00806623453
  0.00807035700
  0.00805842227
  0.00806028856
  0.00805360426
  0.00805256859
  0.00805165641
  0.00805283156
  0.00804712303
  0.00804943337
  0.00804642490
  0.00804751611
  0.00804701103
  0.00824408627
  0.00804522630
  0.00804349933
  0.00823946820
  0.00804128238
  0.00803983182
  0.00803798550
  0.00803504541
  0.00803377716
  0.00803102703
  0.00802847238
  0.00802325756
  0.00802617962
  0.00802402606
  0.00802011253
  0.00801759024
  0.00801600342
  0.00801261435
  0.00801188189
  0.00801274177
  0.00801170897
  0.00801111467
  0.00801044845
  0.00801394986
  0.00801013339
  0.00800915403
  0.00800907113
  0.00800546807
  0.00800444332
  0.00800621805
  0.00800667716
  0.00819767238
  0.00820429633
  0.00799973577
  0.00800375344
  0.00799839012
  0.00800144098
  0.00799745102
  0.00819623312
  0.00799408999
  0.00799743746
  0.00799440466
  0.00799600857
  0.00798858416
  0.00799356098
  0.00799145882
  0.00799324969
  0.00799149944
  0.00798422778
  0.00798983671
  0.00798940936
  0.00798621641
  0.00798718841
  0.00798556358
  0.00798811561
  0.00798848915
  0.00799035838
  0.00818167539
  0.00799093952
  0.00817940734
  0.00798898563
  0.00798690793
  0.00798287315
  0.00798159915
  0.00798432923
  0.00798142357
  0.00798666303
  0.00798306324
  0.00798590113
  0.00798565295
  0.00798035253
  0.00797946185
  0.00798189831
  0.00798034844
  0.00798249486
  0.00798415409
  0.00798161031
  0.00797997865
  0.00798316658
  0.00798003964
  0.00798193151
  0.00797692606
  0.00798409203
  0.00797964968
  0.00793787078
  0.00797844521
  0.00797251224
  0.00797163910
  0.00797266390
  0.00797562109
  0.00797553195
  0.00796955774
  0.00797025466
  0.00796430561
  0.00796786643
  0.00796367050
  0.00796511838
  0.00796370828
  0.00795984088
  0.00796141298
  0.00796467462
  0.00796236423
  0.00795932734
  0.00795837965
  0.00796226861
  0.00795716304
  0.00795655503
  0.00796123459
  0.00796081381
  0.00796302228
  0.00792288084
  0.00796354568
  0.00795701757
  0.00795661737
  0.00795928955
  0.00795850007
  0.00795244543
  0.00795428247
  0.00795394820
  0.00795427198
  0.00795353361
  0.00794872544
  0.00795300231
  0.00795591613
  0.00795079928
  0.00794927819
  0.00795141741
  0.00795534184
  0.00794963446
  0.00795299181
  0.00794712790
  0.00794768409
  0.00795075151
  0.00795067281
  0.00794767083
  0.00794780579
  0.00794836874
  0.00794677014
  0.00794640321
  0.00794821842
  0.00794760815
  0.00791851707
  0.00794541484
  0.00794597664
  0.00795000476
  0.00794614862
  0.00794662960
  0.00794668536
  0.00794148459
  0.00794297978
  0.00794063938
  0.00794706606
  0.00794781052
  0.00794508641
  0.00813668592
  0.00794136261
  0.00794307449
  0.00793793417
  0.00793889050
  0.00791443069
  0.00793823542
  0.00793700689
  0.00794039852
  0.00793597721
  0.00793955711
  0.00789715597
  0.00793929748
  0.00793709680
  0.00793952583
  0.00790529273
  0.00793196620
  0.00793328860
  0.00793712627
  0.00793249948
  0.00793731033
  0.00793819289
  0.00793895228
  0.00793902400
  0.00794018032
  0.00793953383
  0.00793566348
  0.00793831393
  0.00793795461
  0.00792773616
  0.00793451114
  0.00793468664
  0.00790287505
  0.00793706840
  0.00793578587
  0.00793682485
  0.00793818047
  0.00793827522
  0.00793576901
  0.00793402518
  0.00793538556
  0.00793068455
  0.00793376009
  0.00793391626
  0.00790029417
  0.00793222911
  0.00793090636
  0.00793529071
  0.00790539774
  0.00793272335
  0.00793988353
  0.00793059418
  0.00792908802
  0.00793125671
  0.00793132454
  0.00793376823
  0.00793305171
  0.00792928915
  0.00792134180
  0.00793513211
  0.00793465951
  0.00793050907
  0.00793362242
  0.00793288596
  0.00793483084
  0.00792771026
  0.00793531611
  0.00793077583
  0.00793153181
  0.00792981487
  0.00793072619
  0.00792682818
  0.00792777724
  0.00789337461
  0.00789277999
  0.00792493066
  0.00792259641
  0.00792447331
  0.00792154827
  0.00792296499
  0.00792187480
  0.00792311239
  0.00792611815
  0.00792185419
  0.00792571893
  0.00792533910
