2940 34
0 34
27115 27402 
27402 27081 
27148 27403 
27403 27115 
27179 27404 
27404 27148 
27208 27405 
27405 27179 
27235 27406 
27406 27208 
27260 27407 
27407 27235 
27283 27408 
27408 27260 
27304 27409 
27409 27283 
27323 27410 
27410 27304 
27340 27411 
27411 27323 
27355 27412 
27412 27340 
27368 27413 
27413 27355 
27379 27414 
27414 27368 
27388 27415 
27415 27379 
27395 27416 
27416 27388 
27399 27417 
27417 27395 
27401 27418 
27418 27399 

1 100
25923 27419 
27419 25958 
25958 27420 
27420 25993 
25993 27421 
27421 26028 
26028 27422 
27422 26063 
26063 27423 
27423 26098 
26098 27424 
27424 26133 
26133 27425 
27425 26168 
26168 27426 
27426 26203 
26203 27427 
27427 26238 
26238 27428 
27428 26273 
26273 27429 
27429 26308 
26308 27430 
27430 26343 
26343 27431 
27431 26378 
26378 27432 
27432 26413 
26413 27433 
27433 26448 
26448 27434 
27434 26483 
26483 27435 
27435 26518 
26518 27436 
27436 26553 
26553 27437 
27437 26588 
26588 27438 
27438 26623 
26623 27439 
27439 26658 
26658 27440 
27440 26693 
26693 27441 
27441 26728 
26728 27442 
27442 26763 
26763 27443 
27443 26798 
26798 27444 
27444 26833 
26833 27445 
27445 26868 
26868 27446 
27446 26903 
26903 27447 
27447 26938 
26938 27448 
27448 26973 
26973 27449 
27449 27008 
27008 27450 
27450 27043 
27043 27451 
27451 27078 
27078 27452 
27452 27113 
27113 27453 
27453 27146 
27146 27454 
27454 27177 
27177 27455 
27455 27206 
27206 27456 
27456 27233 
27233 27457 
27457 27258 
27258 27458 
27458 27281 
27281 27459 
27459 27302 
27302 27460 
27460 27321 
27321 27461 
27461 27338 
27338 27462 
27462 27353 
27353 27463 
27463 27366 
27366 27464 
27464 27377 
27377 27465 
27465 27386 
27386 27466 
27466 27393 
27393 27467 
27467 27398 
27398 27468 
27468 27401 

2 100
25157 27469 
27469 25090 
25222 27470 
27470 25157 
25285 27471 
27471 25222 
25346 27472 
27472 25285 
25405 27473 
27473 25346 
25462 27474 
27474 25405 
25517 27475 
27475 25462 
25570 27476 
27476 25517 
25621 27477 
27477 25570 
25670 27478 
27478 25621 
25717 27479 
27479 25670 
25762 27480 
27480 25717 
25805 27481 
27481 25762 
25846 27482 
27482 25805 
25885 27483 
27483 25846 
25922 27484 
27484 25885 
25957 27485 
27485 25922 
25992 27486 
27486 25957 
26027 27487 
27487 25992 
26062 27488 
27488 26027 
26097 27489 
27489 26062 
26132 27490 
27490 26097 
26167 27491 
27491 26132 
26202 27492 
27492 26167 
26237 27493 
27493 26202 
26272 27494 
27494 26237 
26307 27495 
27495 26272 
26342 27496 
27496 26307 
26377 27497 
27497 26342 
26412 27498 
27498 26377 
26447 27499 
27499 26412 
26482 27500 
27500 26447 
26517 27501 
27501 26482 
26551 27502 
27502 26517 
26583 27503 
27503 26551 
26616 27504 
27504 26583 
26651 27505 
27505 26616 
26684 27506 
27506 26651 
26715 27507 
27507 26684 
26748 27508 
27508 26715 
26783 27509 
27509 26748 
26816 27510 
27510 26783 
26847 27511 
27511 26816 
26880 27512 
27512 26847 
26915 27513 
27513 26880 
26948 27514 
27514 26915 
26981 27515 
27515 26948 
27014 27516 
27516 26981 
27047 27517 
27517 27014 
27081 27518 
27518 27047 

3 34
7893 27519 
27519 7720 
8070 27520 
27520 7893 
8251 27521 
27521 8070 
8436 27522 
27522 8251 
8625 27523 
27523 8436 
8818 27524 
27524 8625 
9015 27525 
27525 8818 
9216 27526 
27526 9015 
9421 27527 
27527 9216 
9630 27528 
27528 9421 
9843 27529 
27529 9630 
10060 27530 
27530 9843 
10281 27531 
27531 10060 
10506 27532 
27532 10281 
10735 27533 
27533 10506 
10968 27534 
27534 10735 
11205 27535 
27535 10968 

4 100
11442 27536 
27536 11205 
11680 27537 
27537 11442 
11918 27538 
27538 11680 
12156 27539 
27539 11918 
12394 27540 
27540 12156 
12632 27541 
27541 12394 
12870 27542 
27542 12632 
13108 27543 
27543 12870 
13346 27544 
27544 13108 
13584 27545 
27545 13346 
13822 27546 
27546 13584 
14060 27547 
27547 13822 
14298 27548 
27548 14060 
14536 27549 
27549 14298 
14774 27550 
27550 14536 
15014 27551 
27551 14774 
15252 27552 
27552 15014 
15488 27553 
27553 15252 
15722 27554 
27554 15488 
15954 27555 
27555 15722 
16184 27556 
27556 15954 
16412 27557 
27557 16184 
16638 27558 
27558 16412 
16862 27559 
27559 16638 
17084 27560 
27560 16862 
17304 27561 
27561 17084 
17522 27562 
27562 17304 
17738 27563 
27563 17522 
17952 27564 
27564 17738 
18164 27565 
27565 17952 
18374 27566 
27566 18164 
18582 27567 
27567 18374 
18789 27568 
27568 18582 
18992 27569 
27569 18789 
19191 27570 
27570 18992 
19386 27571 
27571 19191 
19577 27572 
27572 19386 
19764 27573 
27573 19577 
19947 27574 
27574 19764 
20126 27575 
27575 19947 
20301 27576 
27576 20126 
20472 27577 
27577 20301 
20639 27578 
27578 20472 
20802 27579 
27579 20639 
20961 27580 
27580 20802 
21116 27581 
27581 20961 
21267 27582 
27582 21116 
21414 27583 
27583 21267 
21555 27584 
27584 21414 
21693 27585 
27585 21555 

5 100
7720 27586 
27586 7895 
7895 27587 
27587 8074 
8074 27588 
27588 8257 
8257 27589 
27589 8444 
8444 27590 
27590 8635 
8635 27591 
27591 8830 
8830 27592 
27592 9029 
9029 27593 
27593 9232 
9232 27594 
27594 9439 
9439 27595 
27595 9650 
9650 27596 
27596 9865 
9865 27597 
27597 10084 
10084 27598 
27598 10307 
10307 27599 
27599 10534 
10534 27600 
27600 10765 
10765 27601 
27601 11000 
11000 27602 
27602 11238 
11238 27603 
27603 11476 
11476 27604 
27604 11714 
11714 27605 
27605 11952 
11952 27606 
27606 12190 
12190 27607 
27607 12428 
12428 27608 
27608 12666 
12666 27609 
27609 12904 
12904 27610 
27610 13142 
13142 27611 
27611 13380 
13380 27612 
27612 13618 
13618 27613 
27613 13856 
13856 27614 
27614 14094 
14094 27615 
27615 14332 
14332 27616 
27616 14570 
14570 27617 
27617 14808 
14808 27618 
27618 15048 
15048 27619 
27619 15285 
15285 27620 
27620 15520 
15520 27621 
27621 15750 
15750 27622 
27622 15980 
15980 27623 
27623 16210 
16210 27624 
27624 16436 
16436 27625 
27625 16660 
16660 27626 
27626 16882 
16882 27627 
27627 17102 
17102 27628 
27628 17318 
17318 27629 
27629 17534 
17534 27630 
27630 17750 
17750 27631 
27631 17960 
17960 27632 
27632 18172 
18172 27633 
27633 18380 
18380 27634 
27634 18586 
18586 27635 
27635 18786 

6 34
25026 27636 
27636 25094 
25094 27637 
27637 25161 
25161 27638 
27638 25226 
25226 27639 
27639 25289 
25289 27640 
27640 25350 
25350 27641 
27641 25409 
25409 27642 
27642 25466 
25466 27643 
27643 25521 
25521 27644 
27644 25574 
25574 27645 
27645 25625 
25625 27646 
27646 25674 
25674 27647 
27647 25721 
25721 27648 
27648 25766 
25766 27649 
27649 25809 
25809 27650 
27650 25850 
25850 27651 
27651 25887 
25887 27652 
27652 25923 

7 200
7685 27653 
27653 7858 
7858 27654 
27654 8035 
8035 27655 
27655 8216 
8216 27656 
27656 8401 
8401 27657 
27657 8590 
8590 27658 
27658 8783 
8783 27659 
27659 8980 
8980 27660 
27660 9181 
9181 27661 
27661 9386 
9386 27662 
27662 9595 
9595 27663 
27663 9808 
9808 27664 
27664 10025 
10025 27665 
27665 10246 
10246 27666 
27666 10471 
10471 27667 
27667 10700 
10700 27668 
27668 10933 
10933 27669 
27669 11169 
11169 27670 
27670 11407 
11407 27671 
27671 11645 
11645 27672 
27672 11883 
11883 27673 
27673 12121 
12121 27674 
27674 12359 
12359 27675 
27675 12597 
12597 27676 
27676 12835 
12835 27677 
27677 13073 
13073 27678 
27678 13311 
13311 27679 
27679 13549 
13549 27680 
27680 13787 
13787 27681 
27681 14025 
14025 27682 
27682 14263 
14263 27683 
27683 14501 
14501 27684 
27684 14739 
14739 27685 
27685 14977 
14977 27686 
27686 15215 
15215 27687 
27687 15451 
15451 27688 
27688 15685 
15685 27689 
27689 15917 
15917 27690 
27690 16147 
16147 27691 
27691 16375 
16375 27692 
27692 16601 
16601 27693 
27693 16825 
16825 27694 
27694 17047 
17047 27695 
27695 17267 
17267 27696 
27696 17485 
17485 27697 
27697 17701 
17701 27698 
27698 17915 
17915 27699 
27699 18127 
18127 27700 
27700 18337 
18337 27701 
27701 18545 
18545 27702 
27702 18751 
18751 27703 
27703 18954 
18954 27704 
27704 19153 
19153 27705 
27705 19348 
19348 27706 
27706 19539 
19539 27707 
27707 19726 
19726 27708 
27708 19909 
19909 27709 
27709 20088 
20088 27710 
27710 20263 
20263 27711 
27711 20434 
20434 27712 
27712 20601 
20601 27713 
27713 20764 
20764 27714 
27714 20923 
20923 27715 
27715 21078 
21078 27716 
27716 21229 
21229 27717 
27717 21376 
21376 27718 
27718 21519 
21519 27719 
27719 21658 
21658 27720 
27720 21793 
21793 27721 
27721 21926 
21926 27722 
27722 22057 
22057 27723 
27723 22186 
22186 27724 
27724 22313 
22313 27725 
27725 22438 
22438 27726 
27726 22561 
22561 27727 
27727 22682 
22682 27728 
27728 22801 
22801 27729 
27729 22918 
22918 27730 
27730 23033 
23033 27731 
27731 23146 
23146 27732 
27732 23257 
23257 27733 
27733 23366 
23366 27734 
27734 23473 
23473 27735 
27735 23578 
23578 27736 
27736 23680 
23680 27737 
27737 23780 
23780 27738 
27738 23877 
23877 27739 
27739 23972 
23972 27740 
27740 24063 
24063 27741 
27741 24154 
24154 27742 
27742 24243 
24243 27743 
27743 24332 
24332 27744 
27744 24417 
24417 27745 
27745 24500 
24500 27746 
27746 24579 
24579 27747 
27747 24660 
24660 27748 
27748 24735 
24735 27749 
27749 24812 
24812 27750 
27750 24883 
24883 27751 
27751 24954 
24954 27752 
27752 25026 

8 34
25155 27753 
27753 25090 
25218 27754 
27754 25155 
25279 27755 
27755 25218 
25338 27756 
27756 25279 
25395 27757 
27757 25338 
25450 27758 
27758 25395 
25503 27759 
27759 25450 
25554 27760 
27760 25503 
25603 27761 
27761 25554 
25650 27762 
27762 25603 
25695 27763 
27763 25650 
25738 27764 
27764 25695 
25779 27765 
27765 25738 
25818 27766 
27766 25779 
25855 27767 
27767 25818 
25890 27768 
27768 25855 
25923 27769 
27769 25890 

9 200
11134 27770 
27770 11372 
11372 27771 
27771 11610 
11610 27772 
27772 11848 
11848 27773 
27773 12086 
12086 27774 
27774 12324 
12324 27775 
27775 12562 
12562 27776 
27776 12800 
12800 27777 
27777 13038 
13038 27778 
27778 13276 
13276 27779 
27779 13514 
13514 27780 
27780 13752 
13752 27781 
27781 13990 
13990 27782 
27782 14228 
14228 27783 
27783 14466 
14466 27784 
27784 14704 
14704 27785 
27785 14942 
14942 27786 
27786 15180 
15180 27787 
27787 15416 
15416 27788 
27788 15650 
15650 27789 
27789 15882 
15882 27790 
27790 16112 
16112 27791 
27791 16340 
16340 27792 
27792 16566 
16566 27793 
27793 16790 
16790 27794 
27794 17012 
17012 27795 
27795 17232 
17232 27796 
27796 17450 
17450 27797 
27797 17666 
17666 27798 
27798 17880 
17880 27799 
27799 18092 
18092 27800 
27800 18302 
18302 27801 
27801 18510 
18510 27802 
27802 18716 
18716 27803 
27803 18919 
18919 27804 
27804 19118 
19118 27805 
27805 19313 
19313 27806 
27806 19504 
19504 27807 
27807 19691 
19691 27808 
27808 19874 
19874 27809 
27809 20053 
20053 27810 
27810 20228 
20228 27811 
27811 20399 
20399 27812 
27812 20566 
20566 27813 
27813 20729 
20729 27814 
27814 20888 
20888 27815 
27815 21043 
21043 27816 
27816 21194 
21194 27817 
27817 21341 
21341 27818 
27818 21484 
21484 27819 
27819 21623 
21623 27820 
27820 21758 
21758 27821 
27821 21891 
21891 27822 
27822 22022 
22022 27823 
27823 22151 
22151 27824 
27824 22278 
22278 27825 
27825 22403 
22403 27826 
27826 22526 
22526 27827 
27827 22647 
22647 27828 
27828 22766 
22766 27829 
27829 22883 
22883 27830 
27830 22998 
22998 27831 
27831 23111 
23111 27832 
27832 23222 
23222 27833 
27833 23331 
23331 27834 
27834 23438 
23438 27835 
27835 23543 
23543 27836 
27836 23646 
23646 27837 
27837 23747 
23747 27838 
27838 23846 
23846 27839 
27839 23943 
23943 27840 
27840 24038 
24038 27841 
27841 24131 
24131 27842 
27842 24222 
24222 27843 
27843 24311 
24311 27844 
27844 24398 
24398 27845 
27845 24483 
24483 27846 
27846 24566 
24566 27847 
27847 24647 
24647 27848 
27848 24726 
24726 27849 
27849 24803 
24803 27850 
27850 24878 
24878 27851 
27851 24951 
24951 27852 
27852 25022 
25022 27853 
27853 25091 
25091 27854 
27854 25158 
25158 27855 
27855 25223 
25223 27856 
27856 25286 
25286 27857 
27857 25347 
25347 27858 
27858 25406 
25406 27859 
27859 25463 
25463 27860 
27860 25518 
25518 27861 
27861 25571 
25571 27862 
27862 25622 
25622 27863 
27863 25671 
25671 27864 
27864 25718 
25718 27865 
27865 25763 
25763 27866 
27866 25806 
25806 27867 
27867 25847 
25847 27868 
27868 25886 
25886 27869 
27869 25923 

10 32
23817 27870 
27870 23716 
23916 27871 
27871 23817 
24013 27872 
27872 23916 
24108 27873 
27873 24013 
24201 27874 
27874 24108 
24292 27875 
27875 24201 
24381 27876 
27876 24292 
24468 27877 
27877 24381 
24553 27878 
27878 24468 
24636 27879 
27879 24553 
24717 27880 
27880 24636 
24796 27881 
27881 24717 
24873 27882 
27882 24796 
24948 27883 
27883 24873 
25020 27884 
27884 24948 
25090 27885 
27885 25020 

11 200
7891 27886 
27886 7718 
8068 27887 
27887 7891 
8249 27888 
27888 8068 
8434 27889 
27889 8249 
8623 27890 
27890 8434 
8816 27891 
27891 8623 
9013 27892 
27892 8816 
9214 27893 
27893 9013 
9419 27894 
27894 9214 
9628 27895 
27895 9419 
9841 27896 
27896 9628 
10058 27897 
27897 9841 
10279 27898 
27898 10058 
10504 27899 
27899 10279 
10733 27900 
27900 10504 
10966 27901 
27901 10733 
11202 27902 
27902 10966 
11440 27903 
27903 11202 
11678 27904 
27904 11440 
11916 27905 
27905 11678 
12154 27906 
27906 11916 
12392 27907 
27907 12154 
12630 27908 
27908 12392 
12868 27909 
27909 12630 
13106 27910 
27910 12868 
13344 27911 
27911 13106 
13582 27912 
27912 13344 
13820 27913 
27913 13582 
14058 27914 
27914 13820 
14296 27915 
27915 14058 
14534 27916 
27916 14296 
14772 27917 
27917 14534 
15010 27918 
27918 14772 
15248 27919 
27919 15010 
15484 27920 
27920 15248 
15718 27921 
27921 15484 
15950 27922 
27922 15718 
16180 27923 
27923 15950 
16408 27924 
27924 16180 
16634 27925 
27925 16408 
16858 27926 
27926 16634 
17080 27927 
27927 16858 
17300 27928 
27928 17080 
17518 27929 
27929 17300 
17734 27930 
27930 17518 
17948 27931 
27931 17734 
18160 27932 
27932 17948 
18370 27933 
27933 18160 
18578 27934 
27934 18370 
18784 27935 
27935 18578 
18987 27936 
27936 18784 
19186 27937 
27937 18987 
19381 27938 
27938 19186 
19572 27939 
27939 19381 
19759 27940 
27940 19572 
19942 27941 
27941 19759 
20121 27942 
27942 19942 
20296 27943 
27943 20121 
20467 27944 
27944 20296 
20634 27945 
27945 20467 
20797 27946 
27946 20634 
20956 27947 
27947 20797 
21111 27948 
27948 20956 
21262 27949 
27949 21111 
21409 27950 
27950 21262 
21552 27951 
27951 21409 
21691 27952 
27952 21552 
21826 27953 
27953 21691 
21959 27954 
27954 21826 
22090 27955 
27955 21959 
22219 27956 
27956 22090 
22346 27957 
27957 22219 
22471 27958 
27958 22346 
22594 27959 
27959 22471 
22715 27960 
27960 22594 
22834 27961 
27961 22715 
22951 27962 
27962 22834 
23066 27963 
27963 22951 
23179 27964 
27964 23066 
23290 27965 
27965 23179 
23399 27966 
27966 23290 
23506 27967 
27967 23399 
23611 27968 
27968 23506 
23714 27969 
27969 23611 
23815 27970 
27970 23714 
23914 27971 
27971 23815 
24011 27972 
27972 23914 
24106 27973 
27973 24011 
24199 27974 
27974 24106 
24290 27975 
27975 24199 
24379 27976 
27976 24290 
24466 27977 
27977 24379 
24551 27978 
27978 24466 
24634 27979 
27979 24551 
24715 27980 
27980 24634 
24794 27981 
27981 24715 
24871 27982 
27982 24794 
24946 27983 
27983 24871 
25019 27984 
27984 24946 
25090 27985 
27985 25019 

12 2
23716 27986 
27986 23613 

13 200
5270 27987 
27987 5410 
5410 27988 
27988 5552 
5552 27989 
27989 5696 
5696 27990 
27990 5842 
5842 27991 
27991 5990 
5990 27992 
27992 6140 
6140 27993 
27993 6292 
6292 27994 
27994 6446 
6446 27995 
27995 6602 
6602 27996 
27996 6760 
6760 27997 
27997 6920 
6920 27998 
27998 7082 
7082 27999 
27999 7246 
7246 28000 
28000 7412 
7412 28001 
28001 7580 
7580 28002 
28002 7751 
7751 28003 
28003 7926 
7926 28004 
28004 8105 
8105 28005 
28005 8288 
8288 28006 
28006 8475 
8475 28007 
28007 8666 
8666 28008 
28008 8861 
8861 28009 
28009 9060 
9060 28010 
28010 9263 
9263 28011 
28011 9470 
9470 28012 
28012 9681 
9681 28013 
28013 9896 
9896 28014 
28014 10115 
10115 28015 
28015 10338 
10338 28016 
28016 10565 
10565 28017 
28017 10796 
10796 28018 
28018 11031 
11031 28019 
28019 11269 
11269 28020 
28020 11509 
11509 28021 
28021 11749 
11749 28022 
28022 11989 
11989 28023 
28023 12229 
12229 28024 
28024 12469 
12469 28025 
28025 12709 
12709 28026 
28026 12949 
12949 28027 
28027 13189 
13189 28028 
28028 13429 
13429 28029 
28029 13669 
13669 28030 
28030 13909 
13909 28031 
28031 14149 
14149 28032 
28032 14389 
14389 28033 
28033 14629 
14629 28034 
28034 14869 
14869 28035 
28035 15109 
15109 28036 
28036 15347 
15347 28037 
28037 15583 
15583 28038 
28038 15817 
15817 28039 
28039 16049 
16049 28040 
28040 16279 
16279 28041 
28041 16507 
16507 28042 
28042 16733 
16733 28043 
28043 16957 
16957 28044 
28044 17179 
17179 28045 
28045 17399 
17399 28046 
28046 17617 
17617 28047 
28047 17833 
17833 28048 
28048 18047 
18047 28049 
28049 18259 
18259 28050 
28050 18469 
18469 28051 
28051 18677 
18677 28052 
28052 18882 
18882 28053 
28053 19083 
19083 28054 
28054 19280 
19280 28055 
28055 19473 
19473 28056 
28056 19662 
19662 28057 
28057 19847 
19847 28058 
28058 20028 
20028 28059 
28059 20205 
20205 28060 
28060 20378 
20378 28061 
28061 20547 
20547 28062 
28062 20712 
20712 28063 
28063 20873 
20873 28064 
28064 21030 
21030 28065 
28065 21183 
21183 28066 
28066 21332 
21332 28067 
28067 21477 
21477 28068 
28068 21618 
21618 28069 
28069 21755 
21755 28070 
28070 21890 
21890 28071 
28071 22020 
22020 28072 
28072 22146 
22146 28073 
28073 22271 
22271 28074 
28074 22396 
22396 28075 
28075 22517 
22517 28076 
28076 22636 
22636 28077 
28077 22753 
22753 28078 
28078 22866 
22866 28079 
28079 22979 
22979 28080 
28080 23092 
23092 28081 
28081 23199 
23199 28082 
28082 23308 
23308 28083 
28083 23411 
23411 28084 
28084 23516 
23516 28085 
28085 23617 
23617 28086 
28086 23716 

14 32
21828 28087 
28087 21693 
21961 28088 
28088 21828 
22092 28089 
28089 21961 
22221 28090 
28090 22092 
22348 28091 
28091 22221 
22473 28092 
28092 22348 
22596 28093 
28093 22473 
22717 28094 
28094 22596 
22836 28095 
28095 22717 
22953 28096 
28096 22836 
23068 28097 
28097 22953 
23181 28098 
28098 23068 
23292 28099 
28099 23181 
23401 28100 
28100 23292 
23508 28101 
28101 23401 
23613 28102 
28102 23508 

15 200
5272 28103 
28103 5134 
5412 28104 
28104 5272 
5554 28105 
28105 5412 
5698 28106 
28106 5554 
5844 28107 
28107 5698 
5992 28108 
28108 5844 
6142 28109 
28109 5992 
6294 28110 
28110 6142 
6448 28111 
28111 6294 
6604 28112 
28112 6448 
6762 28113 
28113 6604 
6922 28114 
28114 6762 
7084 28115 
28115 6922 
7248 28116 
28116 7084 
7414 28117 
28117 7248 
7582 28118 
28118 7414 
7753 28119 
28119 7582 
7928 28120 
28120 7753 
8107 28121 
28121 7928 
8290 28122 
28122 8107 
8477 28123 
28123 8290 
8668 28124 
28124 8477 
8863 28125 
28125 8668 
9062 28126 
28126 8863 
9265 28127 
28127 9062 
9472 28128 
28128 9265 
9683 28129 
28129 9472 
9898 28130 
28130 9683 
10117 28131 
28131 9898 
10340 28132 
28132 10117 
10567 28133 
28133 10340 
10798 28134 
28134 10567 
11033 28135 
28135 10798 
11273 28136 
28136 11033 
11513 28137 
28137 11273 
11753 28138 
28138 11513 
11993 28139 
28139 11753 
12233 28140 
28140 11993 
12473 28141 
28141 12233 
12713 28142 
28142 12473 
12953 28143 
28143 12713 
13193 28144 
28144 12953 
13433 28145 
28145 13193 
13673 28146 
28146 13433 
13913 28147 
28147 13673 
14153 28148 
28148 13913 
14393 28149 
28149 14153 
14633 28150 
28150 14393 
14873 28151 
28151 14633 
15113 28152 
28152 14873 
15351 28153 
28153 15113 
15587 28154 
28154 15351 
15821 28155 
28155 15587 
16053 28156 
28156 15821 
16283 28157 
28157 16053 
16511 28158 
28158 16283 
16737 28159 
28159 16511 
16961 28160 
28160 16737 
17183 28161 
28161 16961 
17403 28162 
28162 17183 
17621 28163 
28163 17403 
17837 28164 
28164 17621 
18051 28165 
28165 17837 
18263 28166 
28166 18051 
18473 28167 
28167 18263 
18681 28168 
28168 18473 
18886 28169 
28169 18681 
19087 28170 
28170 18886 
19284 28171 
28171 19087 
19477 28172 
28172 19284 
19666 28173 
28173 19477 
19851 28174 
28174 19666 
20032 28175 
28175 19851 
20209 28176 
28176 20032 
20382 28177 
28177 20209 
20551 28178 
28178 20382 
20716 28179 
28179 20551 
20877 28180 
28180 20716 
21034 28181 
28181 20877 
21187 28182 
28182 21034 
21336 28183 
28183 21187 
21481 28184 
28184 21336 
21622 28185 
28185 21481 
21756 28186 
28186 21622 
21888 28187 
28187 21756 
22015 28188 
28188 21888 
22142 28189 
28189 22015 
22269 28190 
28190 22142 
22392 28191 
28191 22269 
22513 28192 
28192 22392 
22632 28193 
28193 22513 
22747 28194 
28194 22632 
22862 28195 
28195 22747 
22977 28196 
28196 22862 
23086 28197 
28197 22977 
23197 28198 
28198 23086 
23302 28199 
28199 23197 
23409 28200 
28200 23302 
23512 28201 
28201 23409 
23613 28202 
28202 23512 

16 34
18989 28203 
28203 18786 
19188 28204 
28204 18989 
19383 28205 
28205 19188 
19574 28206 
28206 19383 
19761 28207 
28207 19574 
19944 28208 
28208 19761 
20123 28209 
28209 19944 
20298 28210 
28210 20123 
20469 28211 
28211 20298 
20636 28212 
28212 20469 
20799 28213 
28213 20636 
20958 28214 
28214 20799 
21113 28215 
28215 20958 
21264 28216 
28216 21113 
21411 28217 
28217 21264 
21554 28218 
28218 21411 
21693 28219 
28219 21554 

17 200
3230 28220 
28220 3336 
3336 28221 
28221 3444 
3444 28222 
28222 3554 
3554 28223 
28223 3666 
3666 28224 
28224 3780 
3780 28225 
28225 3896 
3896 28226 
28226 4014 
4014 28227 
28227 4134 
4134 28228 
28228 4256 
4256 28229 
28229 4380 
4380 28230 
28230 4506 
4506 28231 
28231 4634 
4634 28232 
28232 4764 
4764 28233 
28233 4896 
4896 28234 
28234 5030 
5030 28235 
28235 5166 
5166 28236 
28236 5304 
5304 28237 
28237 5444 
5444 28238 
28238 5586 
5586 28239 
28239 5730 
5730 28240 
28240 5876 
5876 28241 
28241 6024 
6024 28242 
28242 6174 
6174 28243 
28243 6326 
6326 28244 
28244 6480 
6480 28245 
28245 6636 
6636 28246 
28246 6794 
6794 28247 
28247 6954 
6954 28248 
28248 7116 
7116 28249 
28249 7280 
7280 28250 
28250 7446 
7446 28251 
28251 7614 
7614 28252 
28252 7787 
7787 28253 
28253 7964 
7964 28254 
28254 8145 
8145 28255 
28255 8330 
8330 28256 
28256 8519 
8519 28257 
28257 8712 
8712 28258 
28258 8909 
8909 28259 
28259 9110 
9110 28260 
28260 9315 
9315 28261 
28261 9524 
9524 28262 
28262 9737 
9737 28263 
28263 9954 
9954 28264 
28264 10175 
10175 28265 
28265 10400 
10400 28266 
28266 10629 
10629 28267 
28267 10862 
10862 28268 
28268 11099 
11099 28269 
28269 11339 
11339 28270 
28270 11579 
11579 28271 
28271 11819 
11819 28272 
28272 12059 
12059 28273 
28273 12299 
12299 28274 
28274 12539 
12539 28275 
28275 12779 
12779 28276 
28276 13019 
13019 28277 
28277 13259 
13259 28278 
28278 13499 
13499 28279 
28279 13739 
13739 28280 
28280 13979 
13979 28281 
28281 14219 
14219 28282 
28282 14459 
14459 28283 
28283 14699 
14699 28284 
28284 14939 
14939 28285 
28285 15178 
15178 28286 
28286 15415 
15415 28287 
28287 15647 
15647 28288 
28288 15879 
15879 28289 
28289 16105 
16105 28290 
28290 16333 
16333 28291 
28291 16555 
16555 28292 
28292 16779 
16779 28293 
28293 16999 
16999 28294 
28294 17215 
17215 28295 
28295 17431 
17431 28296 
28296 17647 
17647 28297 
28297 17857 
17857 28298 
28298 18067 
18067 28299 
28299 18277 
18277 28300 
28300 18481 
18481 28301 
28301 18685 
18685 28302 
28302 18888 
18888 28303 
28303 19085 
19085 28304 
28304 19278 
19278 28305 
28305 19465 
19465 28306 
28306 19650 
19650 28307 
28307 19833 
19833 28308 
28308 20010 
20010 28309 
28309 20183 
20183 28310 
28310 20352 
20352 28311 
28311 20515 
20515 28312 
28312 20676 
20676 28313 
28313 20835 
20835 28314 
28314 20986 
20986 28315 
28315 21137 
21137 28316 
28316 21280 
21280 28317 
28317 21423 
21423 28318 
28318 21560 
21560 28319 
28319 21693 

18 34
15250 28320 
28320 15013 
15486 28321 
28321 15250 
15720 28322 
28322 15486 
15952 28323 
28323 15720 
16182 28324 
28324 15952 
16410 28325 
28325 16182 
16636 28326 
28326 16410 
16860 28327 
28327 16636 
17082 28328 
28328 16860 
17302 28329 
28329 17082 
17520 28330 
28330 17302 
17736 28331 
28331 17520 
17950 28332 
28332 17736 
18162 28333 
28333 17950 
18372 28334 
28334 18162 
18580 28335 
28335 18372 
18786 28336 
28336 18580 

19 200
1840 28337 
28337 1768 
1914 28338 
28338 1840 
1990 28339 
28339 1914 
2068 28340 
28340 1990 
2148 28341 
28341 2068 
2230 28342 
28342 2148 
2314 28343 
28343 2230 
2400 28344 
28344 2314 
2488 28345 
28345 2400 
2578 28346 
28346 2488 
2670 28347 
28347 2578 
2764 28348 
28348 2670 
2860 28349 
28349 2764 
2958 28350 
28350 2860 
3058 28351 
28351 2958 
3160 28352 
28352 3058 
3264 28353 
28353 3160 
3370 28354 
28354 3264 
3478 28355 
28355 3370 
3588 28356 
28356 3478 
3700 28357 
28357 3588 
3814 28358 
28358 3700 
3930 28359 
28359 3814 
4048 28360 
28360 3930 
4168 28361 
28361 4048 
4290 28362 
28362 4168 
4414 28363 
28363 4290 
4540 28364 
28364 4414 
4668 28365 
28365 4540 
4798 28366 
28366 4668 
4930 28367 
28367 4798 
5064 28368 
28368 4930 
5202 28369 
28369 5064 
5342 28370 
28370 5202 
5484 28371 
28371 5342 
5628 28372 
28372 5484 
5774 28373 
28373 5628 
5922 28374 
28374 5774 
6072 28375 
28375 5922 
6224 28376 
28376 6072 
6378 28377 
28377 6224 
6534 28378 
28378 6378 
6692 28379 
28379 6534 
6852 28380 
28380 6692 
7014 28381 
28381 6852 
7178 28382 
28382 7014 
7344 28383 
28383 7178 
7512 28384 
28384 7344 
7681 28385 
28385 7512 
7853 28386 
28386 7681 
8026 28387 
28387 7853 
8205 28388 
28388 8026 
8384 28389 
28389 8205 
8569 28390 
28390 8384 
8760 28391 
28391 8569 
8951 28392 
28392 8760 
9148 28393 
28393 8951 
9351 28394 
28394 9148 
9554 28395 
28395 9351 
9765 28396 
28396 9554 
9976 28397 
28397 9765 
10193 28398 
28398 9976 
10416 28399 
28399 10193 
10641 28400 
28400 10416 
10870 28401 
28401 10641 
11103 28402 
28402 10870 
11337 28403 
28403 11103 
11573 28404 
28404 11337 
11811 28405 
28405 11573 
12045 28406 
28406 11811 
12283 28407 
28407 12045 
12517 28408 
28408 12283 
12755 28409 
28409 12517 
12991 28410 
28410 12755 
13225 28411 
28411 12991 
13461 28412 
28412 13225 
13699 28413 
28413 13461 
13933 28414 
28414 13699 
14169 28415 
28415 13933 
14407 28416 
28416 14169 
14641 28417 
28417 14407 
14877 28418 
28418 14641 
15115 28419 
28419 14877 
15349 28420 
28420 15115 
15581 28421 
28421 15349 
15809 28422 
28422 15581 
16037 28423 
28423 15809 
16265 28424 
28424 16037 
16489 28425 
28425 16265 
16711 28426 
28426 16489 
16931 28427 
28427 16711 
17147 28428 
28428 16931 
17363 28429 
28429 17147 
17579 28430 
28430 17363 
17789 28431 
28431 17579 
18001 28432 
28432 17789 
18207 28433 
28433 18001 
18415 28434 
28434 18207 
18619 28435 
28435 18415 
18786 28436 
28436 18619 

20 200
922 28437 
28437 884 
962 28438 
28438 922 
1004 28439 
28439 962 
1048 28440 
28440 1004 
1094 28441 
28441 1048 
1142 28442 
28442 1094 
1192 28443 
28443 1142 
1244 28444 
28444 1192 
1298 28445 
28445 1244 
1354 28446 
28446 1298 
1412 28447 
28447 1354 
1472 28448 
28448 1412 
1534 28449 
28449 1472 
1598 28450 
28450 1534 
1664 28451 
28451 1598 
1732 28452 
28452 1664 
1802 28453 
28453 1732 
1874 28454 
28454 1802 
1948 28455 
28455 1874 
2024 28456 
28456 1948 
2102 28457 
28457 2024 
2182 28458 
28458 2102 
2264 28459 
28459 2182 
2348 28460 
28460 2264 
2434 28461 
28461 2348 
2522 28462 
28462 2434 
2612 28463 
28463 2522 
2704 28464 
28464 2612 
2798 28465 
28465 2704 
2894 28466 
28466 2798 
2992 28467 
28467 2894 
3092 28468 
28468 2992 
3194 28469 
28469 3092 
3297 28470 
28470 3194 
3400 28471 
28471 3297 
3508 28472 
28472 3400 
3616 28473 
28473 3508 
3724 28474 
28474 3616 
3836 28475 
28475 3724 
3952 28476 
28476 3836 
4068 28477 
28477 3952 
4184 28478 
28478 4068 
4306 28479 
28479 4184 
4426 28480 
28480 4306 
4550 28481 
28481 4426 
4678 28482 
28482 4550 
4806 28483 
28483 4678 
4936 28484 
28484 4806 
5068 28485 
28485 4936 
5200 28486 
28486 5068 
5336 28487 
28487 5200 
5476 28488 
28488 5336 
5614 28489 
28489 5476 
5756 28490 
28490 5614 
5902 28491 
28491 5756 
6046 28492 
28492 5902 
6194 28493 
28493 6046 
6346 28494 
28494 6194 
6496 28495 
28495 6346 
6652 28496 
28496 6496 
6806 28497 
28497 6652 
6964 28498 
28498 6806 
7126 28499 
28499 6964 
7288 28500 
28500 7126 
7452 28501 
28501 7288 
7618 28502 
28502 7452 
7785 28503 
28503 7618 
7958 28504 
28504 7785 
8137 28505 
28505 7958 
8316 28506 
28506 8137 
8503 28507 
28507 8316 
8690 28508 
28508 8503 
8885 28509 
28509 8690 
9082 28510 
28510 8885 
9281 28511 
28511 9082 
9486 28512 
28512 9281 
9697 28513 
28513 9486 
9908 28514 
28514 9697 
10125 28515 
28515 9908 
10348 28516 
28516 10125 
10571 28517 
28517 10348 
10800 28518 
28518 10571 
11035 28519 
28519 10800 
11271 28520 
28520 11035 
11507 28521 
28521 11271 
11741 28522 
28522 11507 
11977 28523 
28523 11741 
12215 28524 
28524 11977 
12451 28525 
28525 12215 
12687 28526 
28526 12451 
12923 28527 
28527 12687 
13157 28528 
28528 12923 
13393 28529 
28529 13157 
13631 28530 
28530 13393 
13865 28531 
28531 13631 
14103 28532 
28532 13865 
14337 28533 
28533 14103 
14575 28534 
28534 14337 
14811 28535 
28535 14575 
15013 28536 
28536 14811 

21 34
7856 28537 
28537 7685 
8031 28538 
28538 7856 
8210 28539 
28539 8031 
8393 28540 
28540 8210 
8580 28541 
28541 8393 
8771 28542 
28542 8580 
8966 28543 
28543 8771 
9165 28544 
28544 8966 
9368 28545 
28545 9165 
9575 28546 
28546 9368 
9786 28547 
28547 9575 
10001 28548 
28548 9786 
10220 28549 
28549 10001 
10443 28550 
28550 10220 
10670 28551 
28551 10443 
10901 28552 
28552 10670 
11134 28553 
28553 10901 

22 34
7718 28554 
28554 7889 
7889 28555 
28555 8064 
8064 28556 
28556 8243 
8243 28557 
28557 8426 
8426 28558 
28558 8613 
8613 28559 
28559 8804 
8804 28560 
28560 8999 
8999 28561 
28561 9198 
9198 28562 
28562 9401 
9401 28563 
28563 9608 
9608 28564 
28564 9819 
9819 28565 
28565 10034 
10034 28566 
28566 10253 
10253 28567 
28567 10476 
10476 28568 
28568 10703 
10703 28569 
28569 10934 
10934 28570 
28570 11134 

23 100
3196 28571 
28571 3299 
3299 28572 
28572 3405 
3405 28573 
28573 3513 
3513 28574 
28574 3623 
3623 28575 
28575 3735 
3735 28576 
28576 3849 
3849 28577 
28577 3965 
3965 28578 
28578 4083 
4083 28579 
28579 4203 
4203 28580 
28580 4325 
4325 28581 
28581 4449 
4449 28582 
28582 4575 
4575 28583 
28583 4703 
4703 28584 
28584 4833 
4833 28585 
28585 4965 
4965 28586 
28586 5099 
5099 28587 
28587 5235 
5235 28588 
28588 5373 
5373 28589 
28589 5513 
5513 28590 
28590 5655 
5655 28591 
28591 5799 
5799 28592 
28592 5945 
5945 28593 
28593 6093 
6093 28594 
28594 6243 
6243 28595 
28595 6395 
6395 28596 
28596 6549 
6549 28597 
28597 6705 
6705 28598 
28598 6863 
6863 28599 
28599 7023 
7023 28600 
28600 7185 
7185 28601 
28601 7349 
7349 28602 
28602 7515 
7515 28603 
28603 7683 
7683 28604 
28604 7854 
7854 28605 
28605 8029 
8029 28606 
28606 8208 
8208 28607 
28607 8391 
8391 28608 
28608 8578 
8578 28609 
28609 8769 
8769 28610 
28610 8964 
8964 28611 
28611 9163 
9163 28612 
28612 9366 
9366 28613 
28613 9573 
9573 28614 
28614 9784 
9784 28615 
28615 9999 
9999 28616 
28616 10218 
10218 28617 
28617 10441 
10441 28618 
28618 10668 
10668 28619 
28619 10899 
10899 28620 
28620 11134 

24 32
5270 28621 
28621 5408 
5408 28622 
28622 5548 
5548 28623 
28623 5690 
5690 28624 
28624 5834 
5834 28625 
28625 5980 
5980 28626 
28626 6128 
6128 28627 
28627 6278 
6278 28628 
28628 6430 
6430 28629 
28629 6584 
6584 28630 
28630 6740 
6740 28631 
28631 6898 
6898 28632 
28632 7058 
7058 28633 
28633 7220 
7220 28634 
28634 7384 
7384 28635 
28635 7550 
7550 28636 
28636 7718 

25 100
1805 28637 
28637 1733 
1879 28638 
28638 1805 
1955 28639 
28639 1879 
2033 28640 
28640 1955 
2113 28641 
28641 2033 
2195 28642 
28642 2113 
2279 28643 
28643 2195 
2365 28644 
28644 2279 
2453 28645 
28645 2365 
2543 28646 
28646 2453 
2635 28647 
28647 2543 
2729 28648 
28648 2635 
2825 28649 
28649 2729 
2923 28650 
28650 2825 
3023 28651 
28651 2923 
3125 28652 
28652 3023 
3229 28653 
28653 3125 
3333 28654 
28654 3229 
3439 28655 
28655 3333 
3547 28656 
28656 3439 
3657 28657 
28657 3547 
3769 28658 
28658 3657 
3883 28659 
28659 3769 
3999 28660 
28660 3883 
4117 28661 
28661 3999 
4237 28662 
28662 4117 
4359 28663 
28663 4237 
4483 28664 
28664 4359 
4609 28665 
28665 4483 
4737 28666 
28666 4609 
4867 28667 
28667 4737 
4999 28668 
28668 4867 
5133 28669 
28669 4999 
5269 28670 
28670 5133 
5407 28671 
28671 5269 
5547 28672 
28672 5407 
5689 28673 
28673 5547 
5833 28674 
28674 5689 
5979 28675 
28675 5833 
6127 28676 
28676 5979 
6277 28677 
28677 6127 
6429 28678 
28678 6277 
6583 28679 
28679 6429 
6739 28680 
28680 6583 
6897 28681 
28681 6739 
7057 28682 
28682 6897 
7219 28683 
28683 7057 
7383 28684 
28684 7219 
7549 28685 
28685 7383 
7718 28686 
28686 7549 

26 2
5134 28687 
28687 5270 

27 32
3230 28688 
28688 3334 
3334 28689 
28689 3440 
3440 28690 
28690 3548 
3548 28691 
28691 3658 
3658 28692 
28692 3770 
3770 28693 
28693 3884 
3884 28694 
28694 4000 
4000 28695 
28695 4118 
4118 28696 
28696 4238 
4238 28697 
28697 4360 
4360 28698 
28698 4484 
4484 28699 
28699 4610 
4610 28700 
28700 4738 
4738 28701 
28701 4868 
4868 28702 
28702 5000 
5000 28703 
28703 5134 

28 34
1768 28704 
28704 1838 
1838 28705 
28705 1910 
1910 28706 
28706 1984 
1984 28707 
28707 2060 
2060 28708 
28708 2138 
2138 28709 
28709 2218 
2218 28710 
28710 2300 
2300 28711 
28711 2384 
2384 28712 
28712 2470 
2470 28713 
28713 2558 
2558 28714 
28714 2648 
2648 28715 
28715 2740 
2740 28716 
28716 2834 
2834 28717 
28717 2930 
2930 28718 
28718 3028 
3028 28719 
28719 3128 
3128 28720 
28720 3230 

29 100
290 28721 
28721 324 
324 28722 
28722 359 
359 28723 
28723 394 
394 28724 
28724 429 
429 28725 
28725 464 
464 28726 
28726 499 
499 28727 
28727 534 
534 28728 
28728 569 
569 28729 
28729 604 
604 28730 
28730 639 
639 28731 
28731 674 
674 28732 
28732 709 
709 28733 
28733 744 
744 28734 
28734 779 
779 28735 
28735 814 
814 28736 
28736 849 
849 28737 
28737 885 
885 28738 
28738 923 
923 28739 
28739 963 
963 28740 
28740 1005 
1005 28741 
28741 1049 
1049 28742 
28742 1095 
1095 28743 
28743 1143 
1143 28744 
28744 1193 
1193 28745 
28745 1245 
1245 28746 
28746 1299 
1299 28747 
28747 1355 
1355 28748 
28748 1413 
1413 28749 
28749 1473 
1473 28750 
28750 1535 
1535 28751 
28751 1599 
1599 28752 
28752 1665 
1665 28753 
28753 1734 
1734 28754 
28754 1806 
1806 28755 
28755 1880 
1880 28756 
28756 1956 
1956 28757 
28757 2034 
2034 28758 
28758 2114 
2114 28759 
28759 2196 
2196 28760 
28760 2280 
2280 28761 
28761 2366 
2366 28762 
28762 2454 
2454 28763 
28763 2544 
2544 28764 
28764 2636 
2636 28765 
28765 2730 
2730 28766 
28766 2826 
2826 28767 
28767 2924 
2924 28768 
28768 3024 
3024 28769 
28769 3126 
3126 28770 
28770 3230 

30 34
884 28771 
28771 920 
920 28772 
28772 958 
958 28773 
28773 998 
998 28774 
28774 1040 
1040 28775 
28775 1084 
1084 28776 
28776 1130 
1130 28777 
28777 1178 
1178 28778 
28778 1228 
1228 28779 
28779 1280 
1280 28780 
28780 1334 
1334 28781 
28781 1390 
1390 28782 
28782 1448 
1448 28783 
28783 1508 
1508 28784 
28784 1570 
1570 28785 
28785 1634 
1634 28786 
28786 1700 
1700 28787 
28787 1768 

31 100
3 28788 
28788 0 
8 28789 
28789 3 
15 28790 
28790 8 
24 28791 
28791 15 
35 28792 
28792 24 
48 28793 
28793 35 
63 28794 
28794 48 
80 28795 
28795 63 
99 28796 
28796 80 
120 28797 
28797 99 
143 28798 
28798 120 
168 28799 
28799 143 
195 28800 
28800 168 
224 28801 
28801 195 
255 28802 
28802 224 
288 28803 
28803 255 
323 28804 
28804 288 
358 28805 
28805 323 
393 28806 
28806 358 
428 28807 
28807 393 
463 28808 
28808 428 
498 28809 
28809 463 
533 28810 
28810 498 
568 28811 
28811 533 
603 28812 
28812 568 
638 28813 
28813 603 
673 28814 
28814 638 
708 28815 
28815 673 
743 28816 
28816 708 
778 28817 
28817 743 
813 28818 
28818 778 
848 28819 
28819 813 
883 28820 
28820 848 
919 28821 
28821 883 
957 28822 
28822 919 
997 28823 
28823 957 
1039 28824 
28824 997 
1083 28825 
28825 1039 
1129 28826 
28826 1083 
1177 28827 
28827 1129 
1227 28828 
28828 1177 
1279 28829 
28829 1227 
1333 28830 
28830 1279 
1389 28831 
28831 1333 
1447 28832 
28832 1389 
1507 28833 
28833 1447 
1569 28834 
28834 1507 
1633 28835 
28835 1569 
1699 28836 
28836 1633 
1768 28837 
28837 1699 

32 34
1733 28838 
28838 1803 
1803 28839 
28839 1875 
1875 28840 
28840 1949 
1949 28841 
28841 2025 
2025 28842 
28842 2103 
2103 28843 
28843 2183 
2183 28844 
28844 2265 
2265 28845 
28845 2349 
2349 28846 
28846 2435 
2435 28847 
28847 2523 
2523 28848 
28848 2613 
2613 28849 
28849 2705 
2705 28850 
28850 2799 
2799 28851 
28851 2895 
2895 28852 
28852 2993 
2993 28853 
28853 3093 
3093 28854 
28854 3196 

33 34
0 28855 
28855 1 
1 28856 
28856 4 
4 28857 
28857 9 
9 28858 
28858 16 
16 28859 
28859 25 
25 28860 
28860 36 
36 28861 
28861 49 
49 28862 
28862 64 
64 28863 
28863 81 
81 28864 
28864 100 
100 28865 
28865 121 
121 28866 
28866 144 
144 28867 
28867 169 
169 28868 
28868 196 
196 28869 
28869 225 
225 28870 
28870 256 
256 28871 
28871 290 

