1470 34
0 17
27115 27081 
27148 27115 
27179 27148 
27208 27179 
27235 27208 
27260 27235 
27283 27260 
27304 27283 
27323 27304 
27340 27323 
27355 27340 
27368 27355 
27379 27368 
27388 27379 
27395 27388 
27399 27395 
27401 27399 

1 50
25923 25958 
25958 25993 
25993 26028 
26028 26063 
26063 26098 
26098 26133 
26133 26168 
26168 26203 
26203 26238 
26238 26273 
26273 26308 
26308 26343 
26343 26378 
26378 26413 
26413 26448 
26448 26483 
26483 26518 
26518 26553 
26553 26588 
26588 26623 
26623 26658 
26658 26693 
26693 26728 
26728 26763 
26763 26798 
26798 26833 
26833 26868 
26868 26903 
26903 26938 
26938 26973 
26973 27008 
27008 27043 
27043 27078 
27078 27113 
27113 27146 
27146 27177 
27177 27206 
27206 27233 
27233 27258 
27258 27281 
27281 27302 
27302 27321 
27321 27338 
27338 27353 
27353 27366 
27366 27377 
27377 27386 
27386 27393 
27393 27398 
27398 27401 

2 50
25157 25090 
25222 25157 
25285 25222 
25346 25285 
25405 25346 
25462 25405 
25517 25462 
25570 25517 
25621 25570 
25670 25621 
25717 25670 
25762 25717 
25805 25762 
25846 25805 
25885 25846 
25922 25885 
25957 25922 
25992 25957 
26027 25992 
26062 26027 
26097 26062 
26132 26097 
26167 26132 
26202 26167 
26237 26202 
26272 26237 
26307 26272 
26342 26307 
26377 26342 
26412 26377 
26447 26412 
26482 26447 
26517 26482 
26551 26517 
26583 26551 
26616 26583 
26651 26616 
26684 26651 
26715 26684 
26748 26715 
26783 26748 
26816 26783 
26847 26816 
26880 26847 
26915 26880 
26948 26915 
26981 26948 
27014 26981 
27047 27014 
27081 27047 

3 17
7893 7720 
8070 7893 
8251 8070 
8436 8251 
8625 8436 
8818 8625 
9015 8818 
9216 9015 
9421 9216 
9630 9421 
9843 9630 
10060 9843 
10281 10060 
10506 10281 
10735 10506 
10968 10735 
11205 10968 

4 50
11442 11205 
11680 11442 
11918 11680 
12156 11918 
12394 12156 
12632 12394 
12870 12632 
13108 12870 
13346 13108 
13584 13346 
13822 13584 
14060 13822 
14298 14060 
14536 14298 
14774 14536 
15014 14774 
15252 15014 
15488 15252 
15722 15488 
15954 15722 
16184 15954 
16412 16184 
16638 16412 
16862 16638 
17084 16862 
17304 17084 
17522 17304 
17738 17522 
17952 17738 
18164 17952 
18374 18164 
18582 18374 
18789 18582 
18992 18789 
19191 18992 
19386 19191 
19577 19386 
19764 19577 
19947 19764 
20126 19947 
20301 20126 
20472 20301 
20639 20472 
20802 20639 
20961 20802 
21116 20961 
21267 21116 
21414 21267 
21555 21414 
21693 21555 

5 50
7720 7895 
7895 8074 
8074 8257 
8257 8444 
8444 8635 
8635 8830 
8830 9029 
9029 9232 
9232 9439 
9439 9650 
9650 9865 
9865 10084 
10084 10307 
10307 10534 
10534 10765 
10765 11000 
11000 11238 
11238 11476 
11476 11714 
11714 11952 
11952 12190 
12190 12428 
12428 12666 
12666 12904 
12904 13142 
13142 13380 
13380 13618 
13618 13856 
13856 14094 
14094 14332 
14332 14570 
14570 14808 
14808 15048 
15048 15285 
15285 15520 
15520 15750 
15750 15980 
15980 16210 
16210 16436 
16436 16660 
16660 16882 
16882 17102 
17102 17318 
17318 17534 
17534 17750 
17750 17960 
17960 18172 
18172 18380 
18380 18586 
18586 18786 

6 17
25026 25094 
25094 25161 
25161 25226 
25226 25289 
25289 25350 
25350 25409 
25409 25466 
25466 25521 
25521 25574 
25574 25625 
25625 25674 
25674 25721 
25721 25766 
25766 25809 
25809 25850 
25850 25887 
25887 25923 

7 100
7685 7858 
7858 8035 
8035 8216 
8216 8401 
8401 8590 
8590 8783 
8783 8980 
8980 9181 
9181 9386 
9386 9595 
9595 9808 
9808 10025 
10025 10246 
10246 10471 
10471 10700 
10700 10933 
10933 11169 
11169 11407 
11407 11645 
11645 11883 
11883 12121 
12121 12359 
12359 12597 
12597 12835 
12835 13073 
13073 13311 
13311 13549 
13549 13787 
13787 14025 
14025 14263 
14263 14501 
14501 14739 
14739 14977 
14977 15215 
15215 15451 
15451 15685 
15685 15917 
15917 16147 
16147 16375 
16375 16601 
16601 16825 
16825 17047 
17047 17267 
17267 17485 
17485 17701 
17701 17915 
17915 18127 
18127 18337 
18337 18545 
18545 18751 
18751 18954 
18954 19153 
19153 19348 
19348 19539 
19539 19726 
19726 19909 
19909 20088 
20088 20263 
20263 20434 
20434 20601 
20601 20764 
20764 20923 
20923 21078 
21078 21229 
21229 21376 
21376 21519 
21519 21658 
21658 21793 
21793 21926 
21926 22057 
22057 22186 
22186 22313 
22313 22438 
22438 22561 
22561 22682 
22682 22801 
22801 22918 
22918 23033 
23033 23146 
23146 23257 
23257 23366 
23366 23473 
23473 23578 
23578 23680 
23680 23780 
23780 23877 
23877 23972 
23972 24063 
24063 24154 
24154 24243 
24243 24332 
24332 24417 
24417 24500 
24500 24579 
24579 24660 
24660 24735 
24735 24812 
24812 24883 
24883 24954 
24954 25026 

8 17
25155 25090 
25218 25155 
25279 25218 
25338 25279 
25395 25338 
25450 25395 
25503 25450 
25554 25503 
25603 25554 
25650 25603 
25695 25650 
25738 25695 
25779 25738 
25818 25779 
25855 25818 
25890 25855 
25923 25890 

9 100
11134 11372 
11372 11610 
11610 11848 
11848 12086 
12086 12324 
12324 12562 
12562 12800 
12800 13038 
13038 13276 
13276 13514 
13514 13752 
13752 13990 
13990 14228 
14228 14466 
14466 14704 
14704 14942 
14942 15180 
15180 15416 
15416 15650 
15650 15882 
15882 16112 
16112 16340 
16340 16566 
16566 16790 
16790 17012 
17012 17232 
17232 17450 
17450 17666 
17666 17880 
17880 18092 
18092 18302 
18302 18510 
18510 18716 
18716 18919 
18919 19118 
19118 19313 
19313 19504 
19504 19691 
19691 19874 
19874 20053 
20053 20228 
20228 20399 
20399 20566 
20566 20729 
20729 20888 
20888 21043 
21043 21194 
21194 21341 
21341 21484 
21484 21623 
21623 21758 
21758 21891 
21891 22022 
22022 22151 
22151 22278 
22278 22403 
22403 22526 
22526 22647 
22647 22766 
22766 22883 
22883 22998 
22998 23111 
23111 23222 
23222 23331 
23331 23438 
23438 23543 
23543 23646 
23646 23747 
23747 23846 
23846 23943 
23943 24038 
24038 24131 
24131 24222 
24222 24311 
24311 24398 
24398 24483 
24483 24566 
24566 24647 
24647 24726 
24726 24803 
24803 24878 
24878 24951 
24951 25022 
25022 25091 
25091 25158 
25158 25223 
25223 25286 
25286 25347 
25347 25406 
25406 25463 
25463 25518 
25518 25571 
25571 25622 
25622 25671 
25671 25718 
25718 25763 
25763 25806 
25806 25847 
25847 25886 
25886 25923 

10 16
23817 23716 
23916 23817 
24013 23916 
24108 24013 
24201 24108 
24292 24201 
24381 24292 
24468 24381 
24553 24468 
24636 24553 
24717 24636 
24796 24717 
24873 24796 
24948 24873 
25020 24948 
25090 25020 

11 100
7891 7718 
8068 7891 
8249 8068 
8434 8249 
8623 8434 
8816 8623 
9013 8816 
9214 9013 
9419 9214 
9628 9419 
9841 9628 
10058 9841 
10279 10058 
10504 10279 
10733 10504 
10966 10733 
11202 10966 
11440 11202 
11678 11440 
11916 11678 
12154 11916 
12392 12154 
12630 12392 
12868 12630 
13106 12868 
13344 13106 
13582 13344 
13820 13582 
14058 13820 
14296 14058 
14534 14296 
14772 14534 
15010 14772 
15248 15010 
15484 15248 
15718 15484 
15950 15718 
16180 15950 
16408 16180 
16634 16408 
16858 16634 
17080 16858 
17300 17080 
17518 17300 
17734 17518 
17948 17734 
18160 17948 
18370 18160 
18578 18370 
18784 18578 
18987 18784 
19186 18987 
19381 19186 
19572 19381 
19759 19572 
19942 19759 
20121 19942 
20296 20121 
20467 20296 
20634 20467 
20797 20634 
20956 20797 
21111 20956 
21262 21111 
21409 21262 
21552 21409 
21691 21552 
21826 21691 
21959 21826 
22090 21959 
22219 22090 
22346 22219 
22471 22346 
22594 22471 
22715 22594 
22834 22715 
22951 22834 
23066 22951 
23179 23066 
23290 23179 
23399 23290 
23506 23399 
23611 23506 
23714 23611 
23815 23714 
23914 23815 
24011 23914 
24106 24011 
24199 24106 
24290 24199 
24379 24290 
24466 24379 
24551 24466 
24634 24551 
24715 24634 
24794 24715 
24871 24794 
24946 24871 
25019 24946 
25090 25019 

12 1
23716 23613 

13 100
5270 5410 
5410 5552 
5552 5696 
5696 5842 
5842 5990 
5990 6140 
6140 6292 
6292 6446 
6446 6602 
6602 6760 
6760 6920 
6920 7082 
7082 7246 
7246 7412 
7412 7580 
7580 7751 
7751 7926 
7926 8105 
8105 8288 
8288 8475 
8475 8666 
8666 8861 
8861 9060 
9060 9263 
9263 9470 
9470 9681 
9681 9896 
9896 10115 
10115 10338 
10338 10565 
10565 10796 
10796 11031 
11031 11269 
11269 11509 
11509 11749 
11749 11989 
11989 12229 
12229 12469 
12469 12709 
12709 12949 
12949 13189 
13189 13429 
13429 13669 
13669 13909 
13909 14149 
14149 14389 
14389 14629 
14629 14869 
14869 15109 
15109 15347 
15347 15583 
15583 15817 
15817 16049 
16049 16279 
16279 16507 
16507 16733 
16733 16957 
16957 17179 
17179 17399 
17399 17617 
17617 17833 
17833 18047 
18047 18259 
18259 18469 
18469 18677 
18677 18882 
18882 19083 
19083 19280 
19280 19473 
19473 19662 
19662 19847 
19847 20028 
20028 20205 
20205 20378 
20378 20547 
20547 20712 
20712 20873 
20873 21030 
21030 21183 
21183 21332 
21332 21477 
21477 21618 
21618 21755 
21755 21890 
21890 22020 
22020 22146 
22146 22271 
22271 22396 
22396 22517 
22517 22636 
22636 22753 
22753 22866 
22866 22979 
22979 23092 
23092 23199 
23199 23308 
23308 23411 
23411 23516 
23516 23617 
23617 23716 

14 16
21828 21693 
21961 21828 
22092 21961 
22221 22092 
22348 22221 
22473 22348 
22596 22473 
22717 22596 
22836 22717 
22953 22836 
23068 22953 
23181 23068 
23292 23181 
23401 23292 
23508 23401 
23613 23508 

15 100
5272 5134 
5412 5272 
5554 5412 
5698 5554 
5844 5698 
5992 5844 
6142 5992 
6294 6142 
6448 6294 
6604 6448 
6762 6604 
6922 6762 
7084 6922 
7248 7084 
7414 7248 
7582 7414 
7753 7582 
7928 7753 
8107 7928 
8290 8107 
8477 8290 
8668 8477 
8863 8668 
9062 8863 
9265 9062 
9472 9265 
9683 9472 
9898 9683 
10117 9898 
10340 10117 
10567 10340 
10798 10567 
11033 10798 
11273 11033 
11513 11273 
11753 11513 
11993 11753 
12233 11993 
12473 12233 
12713 12473 
12953 12713 
13193 12953 
13433 13193 
13673 13433 
13913 13673 
14153 13913 
14393 14153 
14633 14393 
14873 14633 
15113 14873 
15351 15113 
15587 15351 
15821 15587 
16053 15821 
16283 16053 
16511 16283 
16737 16511 
16961 16737 
17183 16961 
17403 17183 
17621 17403 
17837 17621 
18051 17837 
18263 18051 
18473 18263 
18681 18473 
18886 18681 
19087 18886 
19284 19087 
19477 19284 
19666 19477 
19851 19666 
20032 19851 
20209 20032 
20382 20209 
20551 20382 
20716 20551 
20877 20716 
21034 20877 
21187 21034 
21336 21187 
21481 21336 
21622 21481 
21756 21622 
21888 21756 
22015 21888 
22142 22015 
22269 22142 
22392 22269 
22513 22392 
22632 22513 
22747 22632 
22862 22747 
22977 22862 
23086 22977 
23197 23086 
23302 23197 
23409 23302 
23512 23409 
23613 23512 

16 17
18989 18786 
19188 18989 
19383 19188 
19574 19383 
19761 19574 
19944 19761 
20123 19944 
20298 20123 
20469 20298 
20636 20469 
20799 20636 
20958 20799 
21113 20958 
21264 21113 
21411 21264 
21554 21411 
21693 21554 

17 100
3230 3336 
3336 3444 
3444 3554 
3554 3666 
3666 3780 
3780 3896 
3896 4014 
4014 4134 
4134 4256 
4256 4380 
4380 4506 
4506 4634 
4634 4764 
4764 4896 
4896 5030 
5030 5166 
5166 5304 
5304 5444 
5444 5586 
5586 5730 
5730 5876 
5876 6024 
6024 6174 
6174 6326 
6326 6480 
6480 6636 
6636 6794 
6794 6954 
6954 7116 
7116 7280 
7280 7446 
7446 7614 
7614 7787 
7787 7964 
7964 8145 
8145 8330 
8330 8519 
8519 8712 
8712 8909 
8909 9110 
9110 9315 
9315 9524 
9524 9737 
9737 9954 
9954 10175 
10175 10400 
10400 10629 
10629 10862 
10862 11099 
11099 11339 
11339 11579 
11579 11819 
11819 12059 
12059 12299 
12299 12539 
12539 12779 
12779 13019 
13019 13259 
13259 13499 
13499 13739 
13739 13979 
13979 14219 
14219 14459 
14459 14699 
14699 14939 
14939 15178 
15178 15415 
15415 15647 
15647 15879 
15879 16105 
16105 16333 
16333 16555 
16555 16779 
16779 16999 
16999 17215 
17215 17431 
17431 17647 
17647 17857 
17857 18067 
18067 18277 
18277 18481 
18481 18685 
18685 18888 
18888 19085 
19085 19278 
19278 19465 
19465 19650 
19650 19833 
19833 20010 
20010 20183 
20183 20352 
20352 20515 
20515 20676 
20676 20835 
20835 20986 
20986 21137 
21137 21280 
21280 21423 
21423 21560 
21560 21693 

18 17
15250 15013 
15486 15250 
15720 15486 
15952 15720 
16182 15952 
16410 16182 
16636 16410 
16860 16636 
17082 16860 
17302 17082 
17520 17302 
17736 17520 
17950 17736 
18162 17950 
18372 18162 
18580 18372 
18786 18580 

19 100
1840 1768 
1914 1840 
1990 1914 
2068 1990 
2148 2068 
2230 2148 
2314 2230 
2400 2314 
2488 2400 
2578 2488 
2670 2578 
2764 2670 
2860 2764 
2958 2860 
3058 2958 
3160 3058 
3264 3160 
3370 3264 
3478 3370 
3588 3478 
3700 3588 
3814 3700 
3930 3814 
4048 3930 
4168 4048 
4290 4168 
4414 4290 
4540 4414 
4668 4540 
4798 4668 
4930 4798 
5064 4930 
5202 5064 
5342 5202 
5484 5342 
5628 5484 
5774 5628 
5922 5774 
6072 5922 
6224 6072 
6378 6224 
6534 6378 
6692 6534 
6852 6692 
7014 6852 
7178 7014 
7344 7178 
7512 7344 
7681 7512 
7853 7681 
8026 7853 
8205 8026 
8384 8205 
8569 8384 
8760 8569 
8951 8760 
9148 8951 
9351 9148 
9554 9351 
9765 9554 
9976 9765 
10193 9976 
10416 10193 
10641 10416 
10870 10641 
11103 10870 
11337 11103 
11573 11337 
11811 11573 
12045 11811 
12283 12045 
12517 12283 
12755 12517 
12991 12755 
13225 12991 
13461 13225 
13699 13461 
13933 13699 
14169 13933 
14407 14169 
14641 14407 
14877 14641 
15115 14877 
15349 15115 
15581 15349 
15809 15581 
16037 15809 
16265 16037 
16489 16265 
16711 16489 
16931 16711 
17147 16931 
17363 17147 
17579 17363 
17789 17579 
18001 17789 
18207 18001 
18415 18207 
18619 18415 
18786 18619 

20 100
922 884 
962 922 
1004 962 
1048 1004 
1094 1048 
1142 1094 
1192 1142 
1244 1192 
1298 1244 
1354 1298 
1412 1354 
1472 1412 
1534 1472 
1598 1534 
1664 1598 
1732 1664 
1802 1732 
1874 1802 
1948 1874 
2024 1948 
2102 2024 
2182 2102 
2264 2182 
2348 2264 
2434 2348 
2522 2434 
2612 2522 
2704 2612 
2798 2704 
2894 2798 
2992 2894 
3092 2992 
3194 3092 
3297 3194 
3400 3297 
3508 3400 
3616 3508 
3724 3616 
3836 3724 
3952 3836 
4068 3952 
4184 4068 
4306 4184 
4426 4306 
4550 4426 
4678 4550 
4806 4678 
4936 4806 
5068 4936 
5200 5068 
5336 5200 
5476 5336 
5614 5476 
5756 5614 
5902 5756 
6046 5902 
6194 6046 
6346 6194 
6496 6346 
6652 6496 
6806 6652 
6964 6806 
7126 6964 
7288 7126 
7452 7288 
7618 7452 
7785 7618 
7958 7785 
8137 7958 
8316 8137 
8503 8316 
8690 8503 
8885 8690 
9082 8885 
9281 9082 
9486 9281 
9697 9486 
9908 9697 
10125 9908 
10348 10125 
10571 10348 
10800 10571 
11035 10800 
11271 11035 
11507 11271 
11741 11507 
11977 11741 
12215 11977 
12451 12215 
12687 12451 
12923 12687 
13157 12923 
13393 13157 
13631 13393 
13865 13631 
14103 13865 
14337 14103 
14575 14337 
14811 14575 
15013 14811 

21 17
7856 7685 
8031 7856 
8210 8031 
8393 8210 
8580 8393 
8771 8580 
8966 8771 
9165 8966 
9368 9165 
9575 9368 
9786 9575 
10001 9786 
10220 10001 
10443 10220 
10670 10443 
10901 10670 
11134 10901 

22 17
7718 7889 
7889 8064 
8064 8243 
8243 8426 
8426 8613 
8613 8804 
8804 8999 
8999 9198 
9198 9401 
9401 9608 
9608 9819 
9819 10034 
10034 10253 
10253 10476 
10476 10703 
10703 10934 
10934 11134 

23 50
3196 3299 
3299 3405 
3405 3513 
3513 3623 
3623 3735 
3735 3849 
3849 3965 
3965 4083 
4083 4203 
4203 4325 
4325 4449 
4449 4575 
4575 4703 
4703 4833 
4833 4965 
4965 5099 
5099 5235 
5235 5373 
5373 5513 
5513 5655 
5655 5799 
5799 5945 
5945 6093 
6093 6243 
6243 6395 
6395 6549 
6549 6705 
6705 6863 
6863 7023 
7023 7185 
7185 7349 
7349 7515 
7515 7683 
7683 7854 
7854 8029 
8029 8208 
8208 8391 
8391 8578 
8578 8769 
8769 8964 
8964 9163 
9163 9366 
9366 9573 
9573 9784 
9784 9999 
9999 10218 
10218 10441 
10441 10668 
10668 10899 
10899 11134 

24 16
5270 5408 
5408 5548 
5548 5690 
5690 5834 
5834 5980 
5980 6128 
6128 6278 
6278 6430 
6430 6584 
6584 6740 
6740 6898 
6898 7058 
7058 7220 
7220 7384 
7384 7550 
7550 7718 

25 50
1805 1733 
1879 1805 
1955 1879 
2033 1955 
2113 2033 
2195 2113 
2279 2195 
2365 2279 
2453 2365 
2543 2453 
2635 2543 
2729 2635 
2825 2729 
2923 2825 
3023 2923 
3125 3023 
3229 3125 
3333 3229 
3439 3333 
3547 3439 
3657 3547 
3769 3657 
3883 3769 
3999 3883 
4117 3999 
4237 4117 
4359 4237 
4483 4359 
4609 4483 
4737 4609 
4867 4737 
4999 4867 
5133 4999 
5269 5133 
5407 5269 
5547 5407 
5689 5547 
5833 5689 
5979 5833 
6127 5979 
6277 6127 
6429 6277 
6583 6429 
6739 6583 
6897 6739 
7057 6897 
7219 7057 
7383 7219 
7549 7383 
7718 7549 

26 1
5134 5270 

27 16
3230 3334 
3334 3440 
3440 3548 
3548 3658 
3658 3770 
3770 3884 
3884 4000 
4000 4118 
4118 4238 
4238 4360 
4360 4484 
4484 4610 
4610 4738 
4738 4868 
4868 5000 
5000 5134 

28 17
1768 1838 
1838 1910 
1910 1984 
1984 2060 
2060 2138 
2138 2218 
2218 2300 
2300 2384 
2384 2470 
2470 2558 
2558 2648 
2648 2740 
2740 2834 
2834 2930 
2930 3028 
3028 3128 
3128 3230 

29 50
290 324 
324 359 
359 394 
394 429 
429 464 
464 499 
499 534 
534 569 
569 604 
604 639 
639 674 
674 709 
709 744 
744 779 
779 814 
814 849 
849 885 
885 923 
923 963 
963 1005 
1005 1049 
1049 1095 
1095 1143 
1143 1193 
1193 1245 
1245 1299 
1299 1355 
1355 1413 
1413 1473 
1473 1535 
1535 1599 
1599 1665 
1665 1734 
1734 1806 
1806 1880 
1880 1956 
1956 2034 
2034 2114 
2114 2196 
2196 2280 
2280 2366 
2366 2454 
2454 2544 
2544 2636 
2636 2730 
2730 2826 
2826 2924 
2924 3024 
3024 3126 
3126 3230 

30 17
884 920 
920 958 
958 998 
998 1040 
1040 1084 
1084 1130 
1130 1178 
1178 1228 
1228 1280 
1280 1334 
1334 1390 
1390 1448 
1448 1508 
1508 1570 
1570 1634 
1634 1700 
1700 1768 

31 50
3 0 
8 3 
15 8 
24 15 
35 24 
48 35 
63 48 
80 63 
99 80 
120 99 
143 120 
168 143 
195 168 
224 195 
255 224 
288 255 
323 288 
358 323 
393 358 
428 393 
463 428 
498 463 
533 498 
568 533 
603 568 
638 603 
673 638 
708 673 
743 708 
778 743 
813 778 
848 813 
883 848 
919 883 
957 919 
997 957 
1039 997 
1083 1039 
1129 1083 
1177 1129 
1227 1177 
1279 1227 
1333 1279 
1389 1333 
1447 1389 
1507 1447 
1569 1507 
1633 1569 
1699 1633 
1768 1699 

32 17
1733 1803 
1803 1875 
1875 1949 
1949 2025 
2025 2103 
2103 2183 
2183 2265 
2265 2349 
2349 2435 
2435 2523 
2523 2613 
2613 2705 
2705 2799 
2799 2895 
2895 2993 
2993 3093 
3093 3196 

33 17
0 1 
1 4 
4 9 
9 16 
16 25 
25 36 
36 49 
49 64 
64 81 
81 100 
100 121 
121 144 
144 169 
169 196 
196 225 
225 256 
256 290 

