  0.26337443860
  0.32199913797
  0.15897082223
  0.02148054290
  0.02022465188
  0.01833226343
  0.01496222567
  0.01533063518
  0.01587401967
  0.01638800363
  0.01669781342
  0.01687856608
  0.01688252460
  0.01737351098
  0.01698344486
  0.01593616077
  0.01532187389
  0.01385307328
  0.01286593403
  0.01125399054
  0.01115696067
  0.01005782012
  0.00864924849
  0.00850280672
  0.00877787001
  0.00830697148
  0.00604349720
  0.00576322827
  0.00566197340
  0.00553009303
  0.00547743118
  0.00562841448
  0.00590072555
  0.00640862512
  0.00529847645
  0.00521002726
  0.00395134088
  0.00366769658
  0.00355794440
  0.00338433826
  0.00329434794
  0.00324818420
  0.00317633672
  0.00310401903
  0.00305038685
  0.00300474113
  0.00297873914
  0.00298986131
  0.00302273464
  0.00308093192
  0.00317098780
  0.00328815516
  0.00340493994
  0.00368491370
  0.00419483229
  0.00478863659
  0.00293194050
  0.00236063729
  0.00217886988
  0.00209602382
  0.00204601767
  0.00200154719
  0.00195913173
  0.00191788079
  0.00187779402
  0.00183744915
  0.00179517284
  0.00175092204
  0.00170492722
  0.00166141418
  0.00162443450
  0.00159456969
  0.00156925477
  0.00154707328
  0.00152735140
  0.00151039551
  0.00149873849
  0.00149397677
  0.00149630648
  0.00150475182
  0.00152001645
  0.00153968623
  0.00155667892
  0.00154264225
  0.00140801992
  0.00118145093
  0.00110760678
  0.00107716668
  0.00104840059
  0.00101983122
  0.00099213843
  0.00096631486
  0.00094291105
  0.00092203393
  0.00090256051
  0.00088392490
  0.00086523728
  0.00084622690
  0.00082671633
  0.00080609054
