  0.17639878182
  0.20084047484
  0.22666096783
  0.13592429198
  0.01580432679
  0.01275987784
  0.01110016310
  0.00592885598
  0.00473586615
  0.00470564160
  0.00484234527
  0.00493120485
  0.00506691036
  0.00511432658
  0.00525424042
  0.00532463089
  0.00536653823
  0.00531220329
  0.00545581474
  0.00579606836
  0.00538312147
  0.00530108314
  0.00541881458
  0.00496273307
  0.00497781922
  0.00495208494
  0.00513291332
  0.00515925162
  0.00483368916
  0.00498132524
  0.00452405257
  0.00473410442
  0.00446833090
  0.00425181613
  0.00462443341
  0.00382656368
  0.00379297759
  0.00364152264
  0.00308142529
  0.00347281099
  0.00290665265
  0.00290399441
  0.00315835632
  0.00325665904
  0.00270327202
  0.00279818096
  0.00260073648
  0.00253548067
  0.00251588848
  0.00247256711
  0.00237232536
  0.00241500705
  0.00242521807
  0.00237128749
  0.00238506547
  0.00228164099
  0.00203496268
  0.00202261013
  0.00209882578
  0.00208838614
  0.00207919061
  0.00215181522
  0.00203879044
  0.00206207592
  0.00187023090
  0.00196655046
  0.00174766141
  0.00185470356
  0.00182168490
  0.00164736820
  0.00180449447
  0.00177138256
  0.00171569728
  0.00172377193
  0.00169603174
  0.00178926599
  0.00155292340
  0.00153168855
  0.00152581574
  0.00162097823
  0.00144709657
  0.00150542458
  0.00148208039
  0.00156732367
  0.00133187722
  0.00129309278
  0.00139411649
  0.00142138969
  0.00142990275
  0.00141581336
  0.00145397015
  0.00138911965
  0.00132098979
  0.00129913410
  0.00140854857
  0.00165644948
  0.00141307224
  0.00131285534
  0.00129624613
  0.00134956179
  0.00115599644
  0.00135949780
  0.00126550248
  0.00119499758
  0.00115158107
  0.00120296195
  0.00123880515
  0.00120102752
  0.00117348826
  0.00114889197
  0.00123438501
  0.00114840608
  0.00119401017
  0.00115573598
  0.00136937431
  0.00117960238
  0.00121993796
  0.00108592460
  0.00105754006
  0.00130682253
  0.00111164796
  0.00106347795
  0.00110991993
  0.00139781673
  0.00101541026
  0.00100196156
  0.00104746652
  0.00098088577
  0.00097001955
  0.00103852140
  0.00109320141
  0.00108716947
  0.00098260854
  0.00098732090
  0.00093243768
  0.00091512102
  0.00093475083
  0.00093218438
  0.00102794717
  0.00098456368
  0.00108537915
  0.00099386253
  0.00094296526
  0.00095357563
  0.00089370857
  0.00090849642
  0.00105204997
  0.00103340846
  0.00095681069
  0.00122184815
  0.00093773984
  0.00086070594
  0.00094146378
  0.00088539774
  0.00090105650
  0.00090306080
  0.00090248656
  0.00122200976
  0.00109895793
  0.00092107364
  0.00098395701
  0.00094678820
  0.00101268757
  0.00098461245
  0.00102111103
  0.00108037663
  0.00107379937
  0.00094780452
  0.00099327894
  0.00113169510
  0.00107571140
  0.00111532006
  0.00106032328
  0.00099825200
  0.00098495090
  0.00099234631
  0.00107497813
  0.00099330537
  0.00090322344
  0.00088218673
  0.00075287628
  0.00076787029
  0.00081948514
  0.00069220823
  0.00070106079
  0.00069199009
  0.00065832707
  0.00062718521
  0.00063084690
  0.00063199093
  0.00068431457
  0.00064377207
  0.00067288703
  0.00065017448
  0.00064785679
  0.00058527609
  0.00066448875
  0.00056617538
  0.00054090480
  0.00063523236
