  0.05555757652
  0.05518783465
  0.08083938027
  0.08167016784
  0.07858949197
  0.07169774594
  0.07224590497
  0.07532594261
  0.07159615866
  0.07156513103
  0.07218705670
  0.06831241090
  0.07068940091
  0.06956179159
  0.07108195151
  0.07211942962
  0.07193558596
  0.06907166458
  0.06978184190
  0.06884140359
  0.07057919580
  0.07221507741
  0.07250901045
  0.07019020098
  0.06940860386
  0.06937766302
  0.06802904869
  0.07144056748
  0.07438771024
  0.07340605508
  0.07028414957
  0.06893940433
  0.06789558921
  0.06581778334
  0.07290695118
  0.07444760949
  0.04717761525
  0.04336049256
  0.03633439056
  0.03021060558
  0.02506253462
  0.02399111266
  0.02454382403
  0.02346130692
  0.02251672037
  0.02232393074
  0.02227905931
  0.02151820013
  0.01957366861
  0.01794640165
  0.01888272852
  0.01777368864
  0.01461869692
  0.01566830053
  0.01672043564
  0.01748213627
  0.01724378175
  0.01636954213
  0.01605104039
  0.01536878315
  0.01592514423
  0.01504342941
  0.01580477666
  0.01642686101
  0.01622931286
  0.01544383226
  0.01561391296
  0.01432928980
  0.01463803820
  0.01473418476
  0.01393448703
  0.01371166361
  0.01440100573
  0.01369294891
  0.01366421509
  0.01589274015
  0.01334738816
  0.01240279792
  0.01262094683
  0.01175070503
  0.00959623427
  0.01032637867
  0.01235032386
  0.00949191458
  0.00925097876
  0.01054756964
  0.01204841905
  0.01137866063
  0.01127022378
  0.01004185477
  0.01163094727
  0.01059161033
  0.00924749144
  0.00945424377
  0.01132279583
  0.01038349141
  0.00912866500
  0.00975205895
  0.01121784411
  0.01007295986
