  0.25481969598
  0.35770603507
  0.17559638374
  0.08130128423
  0.06488998913
  0.05006482873
  0.03921128886
  0.03461196512
  0.02924602346
  0.02393207824
  0.01899443587
  0.01665793050
  0.01333111208
  0.01221034508
  0.01066751551
  0.01147528742
  0.01152927849
  0.01060053475
  0.01096558196
  0.01088893890
  0.01096199130
  0.01133411662
  0.01141778473
  0.01193708213
  0.01182708386
  0.01229342365
  0.01285877883
  0.01223070682
  0.01306430093
  0.01140351219
  0.01393295576
  0.01133485450
