  0.33268281317
  0.45961395124
  0.20781205645
  0.04000139191
  0.02837571067
  0.02280774797
  0.02161900325
  0.01987206029
  0.01845646256
  0.01749825110
  0.01628656110
  0.01614421795
  0.01538972535
  0.01453912124
  0.01353491945
  0.01258052604
  0.01181966080
  0.01126445476
  0.01085222648
  0.00991427053
  0.00924861346
  0.00867326505
  0.00834339110
  0.00808462157
  0.00797486465
  0.00808723054
  0.00824769584
  0.00611658231
  0.00591549719
  0.00585360178
  0.00581711506
  0.00577723953
  0.00573424823
  0.00568122842
  0.00561768681
  0.00555482047
  0.00549389411
  0.00542246042
  0.00533764765
  0.00523736195
  0.00511200814
  0.00496829615
  0.00482019817
  0.00470448328
  0.00459905070
  0.00449282255
  0.00438983136
  0.00427683333
  0.00414303721
  0.00399968438
  0.00386420369
  0.00373590434
  0.00359528978
  0.00340719345
  0.00314928355
  0.00285005317
  0.00259981329
  0.00242998387
  0.00229112989
  0.00215672282
  0.00203843906
  0.00195292316
  0.00189195797
  0.00184410563
  0.00180539382
  0.00177348212
  0.00174762177
  0.00172574337
  0.00170615894
  0.00168880035
  0.00167271285
  0.00165112549
  0.00163859804
  0.00162802691
  0.00161825550
  0.00160944470
  0.00159997953
  0.00159049254
  0.00158012359
  0.00157035352
  0.00155877900
  0.00154698094
  0.00153829432
  0.00152584843
  0.00151226059
  0.00150019316
  0.00148862079
  0.00147801896
  0.00146810968
  0.00145867377
  0.00144999558
  0.00144187785
  0.00143440898
  0.00142740024
  0.00142137261
  0.00141639128
  0.00141239380
  0.00140917082
  0.00140643494
  0.00140430980
  0.00140208064
  0.00140005950
  0.00139797638
  0.00139568654
  0.00139302728
  0.00138990025
  0.00138644295
  0.00138198574
  0.00137660689
  0.00137031920
  0.00136284853
  0.00135422586
  0.00134441649
  0.00133366334
  0.00132174355
  0.00130871826
  0.00129479058
  0.00128031998
  0.00126536651
  0.00125038417
  0.00123559046
  0.00122170079
  0.00120842385
  0.00119558733
  0.00118233441
  0.00116920620
  0.00115562739
  0.00114230827
  0.00112894102
  0.00111577027
  0.00110317080
  0.00109159075
  0.00108195728
  0.00107342345
  0.00106637162
  0.00106149586
  0.00105812262
  0.00105673330
  0.00105519015
  0.00105418144
  0.00105428440
  0.00105405399
  0.00105398923
  0.00105368689
  0.00105302687
  0.00105145746
  0.00104927647
  0.00104675976
  0.00104326330
  0.00103866946
  0.00103241502
  0.00102465823
  0.00101618468
  0.00100729204
  0.00099869417
  0.00099147457
  0.00098595850
  0.00098271542
  0.00097810695
  0.00097836383
  0.00097941683
  0.00098373331
  0.00098568032
  0.00098784422
  0.00098735122
  0.00098947401
  0.00099455282
  0.00099313912
  0.00099765488
  0.00099541507
  0.00100092939
  0.00099994195
  0.00099558256
  0.00099226550
  0.00098958237
  0.00098339049
  0.00097346902
  0.00096563917
  0.00095171985
  0.00094109566
  0.00092683299
  0.00091077588
  0.00089723749
  0.00088658296
  0.00087475245
  0.00086338295
  0.00085186906
  0.00083961532
  0.00082590824
  0.00081095898
  0.00079439412
  0.00077591823
  0.00075653744
  0.00073647053
  0.00071593052
  0.00069568559
  0.00067590041
  0.00065704810
  0.00063933860
  0.00062287473
