140 6
0 6
0 588 
588 1 
1 589 
589 4 
4 590 
590 9 

1 46
3 591 
591 0 
8 592 
592 3 
15 593 
593 8 
24 594 
594 15 
35 595 
595 24 
48 596 
596 35 
63 597 
597 48 
80 598 
598 63 
99 599 
599 80 
120 600 
600 99 
143 601 
601 120 
167 602 
602 143 
191 603 
603 167 
214 604 
604 191 
237 605 
605 214 
260 606 
606 237 
283 607 
607 260 
306 608 
608 283 
329 609 
609 306 
352 610 
610 329 
375 611 
611 352 
398 612 
612 375 
422 613 
613 398 

2 12
9 614 
614 16 
16 615 
615 25 
25 616 
616 36 
36 617 
617 49 
49 618 
618 64 
64 619 
619 81 

3 6
81 620 
620 100 
100 621 
621 121 
121 622 
622 145 

4 46
145 623 
623 169 
169 624 
624 194 
194 625 
625 219 
219 626 
626 244 
244 627 
627 269 
269 628 
628 294 
294 629 
629 319 
319 630 
630 344 
344 631 
631 369 
369 632 
632 394 
394 633 
633 419 
419 634 
634 444 
444 635 
635 467 
467 636 
636 488 
488 637 
637 507 
507 638 
638 524 
524 639 
639 539 
539 640 
640 552 
552 641 
641 563 
563 642 
642 572 
572 643 
643 579 
579 644 
644 584 
584 645 
645 587 

5 24
446 646 
646 422 
469 647 
647 446 
490 648 
648 469 
509 649 
649 490 
526 650 
650 509 
541 651 
651 526 
554 652 
652 541 
565 653 
653 554 
574 654 
654 565 
581 655 
655 574 
585 656 
656 581 
587 657 
657 585 

