146 6
0 7
0
1
4
9
588
589
590

1 47
3
0
8
15
24
35
48
63
80
99
120
143
167
191
214
237
260
283
306
329
352
375
398
422
591
592
593
594
595
596
597
598
599
600
601
602
603
604
605
606
607
608
609
610
611
612
613

2 13
9
16
25
36
49
64
81
614
615
616
617
618
619

3 7
81
100
121
145
620
621
622

4 47
145
169
194
219
244
269
294
319
344
369
394
419
444
467
488
507
524
539
552
563
572
579
584
587
623
624
625
626
627
628
629
630
631
632
633
634
635
636
637
638
639
640
641
642
643
644
645

5 25
446
422
469
490
509
526
541
554
565
574
581
585
587
646
647
648
649
650
651
652
653
654
655
656
657

