70 6
0 3
0 1 
1 4 
4 9 

1 23
3 0 
8 3 
15 8 
24 15 
35 24 
48 35 
63 48 
80 63 
99 80 
120 99 
143 120 
167 143 
191 167 
214 191 
237 214 
260 237 
283 260 
306 283 
329 306 
352 329 
375 352 
398 375 
422 398 

2 6
9 16 
16 25 
25 36 
36 49 
49 64 
64 81 

3 3
81 100 
100 121 
121 145 

4 23
145 169 
169 194 
194 219 
219 244 
244 269 
269 294 
294 319 
319 344 
344 369 
369 394 
394 419 
419 444 
444 467 
467 488 
488 507 
507 524 
524 539 
539 552 
552 563 
563 572 
572 579 
579 584 
584 587 

5 12
446 422 
469 446 
490 469 
509 490 
526 509 
541 526 
554 541 
565 554 
574 565 
581 574 
585 581 
587 585 

