1104 
2 1 0 
 2 0 3 
 5 4 1 
 2 3 6 
 2 6 1 
 5 1 6 
 7 6 3 
 7 3 8 
 10 9 4 
 5 6 11 
 5 11 4 
 10 4 11 
 12 11 6 
 7 8 13 
 7 13 6 
 12 6 13 
 14 13 8 
 14 8 15 
 17 16 9 
 10 11 18 
 10 18 9 
 17 9 18 
 19 18 11 
 12 13 20 
 12 20 11 
 19 11 20 
 21 20 13 
 14 15 22 
 14 22 13 
 21 13 22 
 23 22 15 
 23 15 24 
 26 25 16 
 17 18 27 
 17 27 16 
 26 16 27 
 28 27 18 
 19 20 29 
 19 29 18 
 28 18 29 
 30 29 20 
 21 22 31 
 21 31 20 
 30 20 31 
 32 31 22 
 23 24 33 
 23 33 22 
 32 22 33 
 34 33 24 
 34 24 35 
 37 36 25 
 26 27 38 
 26 38 25 
 37 25 38 
 39 38 27 
 28 29 40 
 28 40 27 
 39 27 40 
 41 40 29 
 30 31 42 
 30 42 29 
 41 29 42 
 43 42 31 
 32 33 44 
 32 44 31 
 43 31 44 
 45 44 33 
 34 35 46 
 34 46 33 
 45 33 46 
 47 46 35 
 47 35 48 
 50 49 36 
 37 38 51 
 37 51 36 
 50 36 51 
 52 51 38 
 39 40 53 
 39 53 38 
 52 38 53 
 54 53 40 
 41 42 55 
 41 55 40 
 54 40 55 
 56 55 42 
 43 44 57 
 43 57 42 
 56 42 57 
 58 57 44 
 45 46 59 
 45 59 44 
 58 44 59 
 60 59 46 
 47 48 61 
 47 61 46 
 60 46 61 
 62 61 48 
 62 48 63 
 65 64 49 
 50 51 66 
 50 66 49 
 65 49 66 
 67 66 51 
 52 53 68 
 52 68 51 
 67 51 68 
 69 68 53 
 54 55 70 
 54 70 53 
 69 53 70 
 71 70 55 
 56 57 72 
 56 72 55 
 71 55 72 
 73 72 57 
 58 59 74 
 58 74 57 
 73 57 74 
 75 74 59 
 60 61 76 
 60 76 59 
 75 59 76 
 77 76 61 
 62 63 78 
 62 78 61 
 77 61 78 
 79 78 63 
 79 63 80 
 82 81 64 
 65 66 83 
 65 83 64 
 82 64 83 
 84 83 66 
 67 68 85 
 67 85 66 
 84 66 85 
 86 85 68 
 69 70 87 
 69 87 68 
 86 68 87 
 88 87 70 
 71 72 89 
 71 89 70 
 88 70 89 
 90 89 72 
 73 74 91 
 73 91 72 
 90 72 91 
 92 91 74 
 75 76 93 
 75 93 74 
 92 74 93 
 94 93 76 
 77 78 95 
 77 95 76 
 94 76 95 
 96 95 78 
 79 80 97 
 79 97 78 
 96 78 97 
 98 97 80 
 98 80 99 
 101 100 81 
 82 83 102 
 82 102 81 
 101 81 102 
 103 102 83 
 84 85 104 
 84 104 83 
 103 83 104 
 105 104 85 
 86 87 106 
 86 106 85 
 105 85 106 
 107 106 87 
 88 89 108 
 88 108 87 
 107 87 108 
 109 108 89 
 90 91 110 
 90 110 89 
 109 89 110 
 111 110 91 
 92 93 112 
 92 112 91 
 111 91 112 
 113 112 93 
 94 95 114 
 94 114 93 
 113 93 114 
 115 114 95 
 96 97 116 
 96 116 95 
 115 95 116 
 117 116 97 
 98 99 118 
 98 118 97 
 117 97 118 
 119 118 99 
 119 99 120 
 122 121 100 
 101 102 123 
 101 123 100 
 122 100 123 
 124 123 102 
 103 104 125 
 103 125 102 
 124 102 125 
 126 125 104 
 105 106 127 
 105 127 104 
 126 104 127 
 128 127 106 
 107 108 129 
 107 129 106 
 128 106 129 
 130 129 108 
 109 110 131 
 109 131 108 
 130 108 131 
 132 131 110 
 111 112 133 
 111 133 110 
 132 110 133 
 134 133 112 
 113 114 135 
 113 135 112 
 134 112 135 
 136 135 114 
 115 116 137 
 115 137 114 
 136 114 137 
 138 137 116 
 117 118 139 
 117 139 116 
 138 116 139 
 140 139 118 
 119 120 141 
 119 141 118 
 140 118 141 
 142 141 120 
 142 120 143 
 144 145 121 
 122 123 146 
 122 146 121 
 144 121 146 
 147 146 123 
 124 125 148 
 124 148 123 
 147 123 148 
 149 148 125 
 126 127 150 
 126 150 125 
 149 125 150 
 151 150 127 
 128 129 152 
 128 152 127 
 151 127 152 
 153 152 129 
 130 131 154 
 130 154 129 
 153 129 154 
 155 154 131 
 132 133 156 
 132 156 131 
 155 131 156 
 157 156 133 
 134 135 158 
 134 158 133 
 157 133 158 
 159 158 135 
 136 137 160 
 136 160 135 
 159 135 160 
 161 160 137 
 138 139 162 
 138 162 137 
 161 137 162 
 163 162 139 
 140 141 164 
 140 164 139 
 163 139 164 
 165 164 141 
 142 143 166 
 142 166 141 
 165 141 166 
 168 166 143 
 168 143 167 
 144 146 169 
 144 169 145 
 170 169 146 
 147 148 171 
 147 171 146 
 170 146 171 
 172 171 148 
 149 150 173 
 149 173 148 
 172 148 173 
 174 173 150 
 151 152 175 
 151 175 150 
 174 150 175 
 176 175 152 
 153 154 177 
 153 177 152 
 176 152 177 
 178 177 154 
 155 156 179 
 155 179 154 
 178 154 179 
 180 179 156 
 157 158 181 
 157 181 156 
 180 156 181 
 182 181 158 
 159 160 183 
 159 183 158 
 182 158 183 
 184 183 160 
 161 162 185 
 161 185 160 
 184 160 185 
 186 185 162 
 163 164 187 
 163 187 162 
 186 162 187 
 188 187 164 
 165 166 189 
 165 189 164 
 188 164 189 
 190 189 166 
 192 167 191 
 168 167 193 
 168 193 166 
 190 166 193 
 192 193 167 
 170 171 194 
 170 194 169 
 195 194 171 
 172 173 196 
 172 196 171 
 195 171 196 
 197 196 173 
 174 175 198 
 174 198 173 
 197 173 198 
 199 198 175 
 176 177 200 
 176 200 175 
 199 175 200 
 201 200 177 
 178 179 202 
 178 202 177 
 201 177 202 
 203 202 179 
 180 181 204 
 180 204 179 
 203 179 204 
 205 204 181 
 182 183 206 
 182 206 181 
 205 181 206 
 207 206 183 
 184 185 208 
 184 208 183 
 207 183 208 
 209 208 185 
 186 187 210 
 186 210 185 
 209 185 210 
 211 210 187 
 188 189 212 
 188 212 187 
 211 187 212 
 213 212 189 
 215 191 214 
 190 193 216 
 190 216 189 
 213 189 216 
 192 191 217 
 192 217 193 
 215 217 191 
 218 216 193 
 218 193 217 
 195 196 219 
 195 219 194 
 220 219 196 
 197 198 221 
 197 221 196 
 220 196 221 
 222 221 198 
 199 200 223 
 199 223 198 
 222 198 223 
 224 223 200 
 201 202 225 
 201 225 200 
 224 200 225 
 226 225 202 
 203 204 227 
 203 227 202 
 226 202 227 
 228 227 204 
 205 206 229 
 205 229 204 
 228 204 229 
 230 229 206 
 207 208 231 
 207 231 206 
 230 206 231 
 232 231 208 
 209 210 233 
 209 233 208 
 232 208 233 
 234 233 210 
 211 212 235 
 211 235 210 
 234 210 235 
 236 235 212 
 238 214 237 
 213 216 239 
 213 239 212 
 236 212 239 
 240 239 216 
 215 214 241 
 215 241 217 
 238 241 214 
 242 217 241 
 218 217 243 
 218 243 216 
 240 216 243 
 242 243 217 
 220 221 244 
 220 244 219 
 245 244 221 
 222 223 246 
 222 246 221 
 245 221 246 
 247 246 223 
 224 225 248 
 224 248 223 
 247 223 248 
 249 248 225 
 226 227 250 
 226 250 225 
 249 225 250 
 251 250 227 
 228 229 252 
 228 252 227 
 251 227 252 
 253 252 229 
 230 231 254 
 230 254 229 
 253 229 254 
 255 254 231 
 232 233 256 
 232 256 231 
 255 231 256 
 257 256 233 
 234 235 258 
 234 258 233 
 257 233 258 
 259 258 235 
 261 237 260 
 236 239 262 
 236 262 235 
 259 235 262 
 263 262 239 
 238 237 264 
 238 264 241 
 261 264 237 
 265 241 264 
 240 243 266 
 240 266 239 
 263 239 266 
 242 241 267 
 242 267 243 
 265 267 241 
 268 266 243 
 268 243 267 
 245 246 269 
 245 269 244 
 270 269 246 
 247 248 271 
 247 271 246 
 270 246 271 
 272 271 248 
 249 250 273 
 249 273 248 
 272 248 273 
 274 273 250 
 251 252 275 
 251 275 250 
 274 250 275 
 276 275 252 
 253 254 277 
 253 277 252 
 276 252 277 
 278 277 254 
 255 256 279 
 255 279 254 
 278 254 279 
 280 279 256 
 257 258 281 
 257 281 256 
 280 256 281 
 282 281 258 
 284 260 283 
 259 262 285 
 259 285 258 
 282 258 285 
 286 285 262 
 261 260 287 
 261 287 264 
 284 287 260 
 288 264 287 
 263 266 289 
 263 289 262 
 286 262 289 
 290 289 266 
 265 264 291 
 265 291 267 
 288 291 264 
 292 267 291 
 268 267 293 
 268 293 266 
 290 266 293 
 292 293 267 
 270 271 294 
 270 294 269 
 295 294 271 
 272 273 296 
 272 296 271 
 295 271 296 
 297 296 273 
 274 275 298 
 274 298 273 
 297 273 298 
 299 298 275 
 276 277 300 
 276 300 275 
 299 275 300 
 301 300 277 
 278 279 302 
 278 302 277 
 301 277 302 
 303 302 279 
 280 281 304 
 280 304 279 
 303 279 304 
 305 304 281 
 307 283 306 
 282 285 308 
 282 308 281 
 305 281 308 
 309 308 285 
 284 283 310 
 284 310 287 
 307 310 283 
 311 287 310 
 286 289 312 
 286 312 285 
 309 285 312 
 313 312 289 
 288 287 314 
 288 314 291 
 311 314 287 
 315 291 314 
 290 293 316 
 290 316 289 
 313 289 316 
 292 291 317 
 292 317 293 
 315 317 291 
 318 316 293 
 318 293 317 
 295 296 319 
 295 319 294 
 320 319 296 
 297 298 321 
 297 321 296 
 320 296 321 
 322 321 298 
 299 300 323 
 299 323 298 
 322 298 323 
 324 323 300 
 301 302 325 
 301 325 300 
 324 300 325 
 326 325 302 
 303 304 327 
 303 327 302 
 326 302 327 
 328 327 304 
 330 306 329 
 305 308 331 
 305 331 304 
 328 304 331 
 332 331 308 
 307 306 333 
 307 333 310 
 330 333 306 
 334 310 333 
 309 312 335 
 309 335 308 
 332 308 335 
 336 335 312 
 311 310 337 
 311 337 314 
 334 337 310 
 338 314 337 
 313 316 339 
 313 339 312 
 336 312 339 
 340 339 316 
 315 314 341 
 315 341 317 
 338 341 314 
 342 317 341 
 318 317 343 
 318 343 316 
 340 316 343 
 342 343 317 
 320 321 344 
 320 344 319 
 345 344 321 
 322 323 346 
 322 346 321 
 345 321 346 
 347 346 323 
 324 325 348 
 324 348 323 
 347 323 348 
 349 348 325 
 326 327 350 
 326 350 325 
 349 325 350 
 351 350 327 
 353 329 352 
 328 331 354 
 328 354 327 
 351 327 354 
 355 354 331 
 330 329 356 
 330 356 333 
 353 356 329 
 357 333 356 
 332 335 358 
 332 358 331 
 355 331 358 
 359 358 335 
 334 333 360 
 334 360 337 
 357 360 333 
 361 337 360 
 336 339 362 
 336 362 335 
 359 335 362 
 363 362 339 
 338 337 364 
 338 364 341 
 361 364 337 
 365 341 364 
 340 343 366 
 340 366 339 
 363 339 366 
 342 341 367 
 342 367 343 
 365 367 341 
 368 366 343 
 368 343 367 
 345 346 369 
 345 369 344 
 370 369 346 
 347 348 371 
 347 371 346 
 370 346 371 
 372 371 348 
 349 350 373 
 349 373 348 
 372 348 373 
 374 373 350 
 376 352 375 
 351 354 377 
 351 377 350 
 374 350 377 
 378 377 354 
 353 352 379 
 353 379 356 
 376 379 352 
 380 356 379 
 355 358 381 
 355 381 354 
 378 354 381 
 382 381 358 
 357 356 383 
 357 383 360 
 380 383 356 
 384 360 383 
 359 362 385 
 359 385 358 
 382 358 385 
 386 385 362 
 361 360 387 
 361 387 364 
 384 387 360 
 388 364 387 
 363 366 389 
 363 389 362 
 386 362 389 
 390 389 366 
 365 364 391 
 365 391 367 
 388 391 364 
 392 367 391 
 368 367 393 
 368 393 366 
 390 366 393 
 392 393 367 
 370 371 394 
 370 394 369 
 395 394 371 
 372 373 396 
 372 396 371 
 395 371 396 
 397 396 373 
 399 375 398 
 374 377 400 
 374 400 373 
 397 373 400 
 401 400 377 
 376 375 402 
 376 402 379 
 399 402 375 
 403 379 402 
 378 381 404 
 378 404 377 
 401 377 404 
 405 404 381 
 380 379 406 
 380 406 383 
 403 406 379 
 407 383 406 
 382 385 408 
 382 408 381 
 405 381 408 
 409 408 385 
 384 383 410 
 384 410 387 
 407 410 383 
 411 387 410 
 386 389 412 
 386 412 385 
 409 385 412 
 413 412 389 
 388 387 414 
 388 414 391 
 411 414 387 
 415 391 414 
 390 393 416 
 390 416 389 
 413 389 416 
 392 391 417 
 392 417 393 
 415 417 391 
 418 416 393 
 418 393 417 
 395 396 419 
 395 419 394 
 420 419 396 
 421 398 422 
 397 400 423 
 397 423 396 
 420 396 423 
 424 423 400 
 399 398 425 
 399 425 402 
 421 425 398 
 426 402 425 
 401 404 427 
 401 427 400 
 424 400 427 
 428 427 404 
 403 402 429 
 403 429 406 
 426 429 402 
 430 406 429 
 405 408 431 
 405 431 404 
 428 404 431 
 432 431 408 
 407 406 433 
 407 433 410 
 430 433 406 
 434 410 433 
 409 412 435 
 409 435 408 
 432 408 435 
 436 435 412 
 411 410 437 
 411 437 414 
 434 437 410 
 438 414 437 
 413 416 439 
 413 439 412 
 436 412 439 
 440 439 416 
 415 414 441 
 415 441 417 
 438 441 414 
 442 417 441 
 418 417 443 
 418 443 416 
 440 416 443 
 442 443 417 
 420 423 444 
 420 444 419 
 445 444 423 
 421 422 446 
 421 446 425 
 447 425 446 
 424 427 448 
 424 448 423 
 445 423 448 
 449 448 427 
 426 425 450 
 426 450 429 
 447 450 425 
 451 429 450 
 428 431 452 
 428 452 427 
 449 427 452 
 453 452 431 
 430 429 454 
 430 454 433 
 451 454 429 
 455 433 454 
 432 435 456 
 432 456 431 
 453 431 456 
 457 456 435 
 434 433 458 
 434 458 437 
 455 458 433 
 459 437 458 
 436 439 460 
 436 460 435 
 457 435 460 
 461 460 439 
 438 437 462 
 438 462 441 
 459 462 437 
 463 441 462 
 440 443 464 
 440 464 439 
 461 439 464 
 442 441 465 
 442 465 443 
 463 465 441 
 466 464 443 
 466 443 465 
 445 448 467 
 445 467 444 
 468 467 448 
 447 446 469 
 447 469 450 
 470 450 469 
 449 452 471 
 449 471 448 
 468 448 471 
 472 471 452 
 451 450 473 
 451 473 454 
 470 473 450 
 474 454 473 
 453 456 475 
 453 475 452 
 472 452 475 
 476 475 456 
 455 454 477 
 455 477 458 
 474 477 454 
 478 458 477 
 457 460 479 
 457 479 456 
 476 456 479 
 480 479 460 
 459 458 481 
 459 481 462 
 478 481 458 
 482 462 481 
 461 464 483 
 461 483 460 
 480 460 483 
 484 483 464 
 463 462 485 
 463 485 465 
 482 485 462 
 486 465 485 
 466 465 487 
 466 487 464 
 484 464 487 
 486 487 465 
 468 471 488 
 468 488 467 
 489 488 471 
 470 469 490 
 470 490 473 
 491 473 490 
 472 475 492 
 472 492 471 
 489 471 492 
 493 492 475 
 474 473 494 
 474 494 477 
 491 494 473 
 495 477 494 
 476 479 496 
 476 496 475 
 493 475 496 
 497 496 479 
 478 477 498 
 478 498 481 
 495 498 477 
 499 481 498 
 480 483 500 
 480 500 479 
 497 479 500 
 501 500 483 
 482 481 502 
 482 502 485 
 499 502 481 
 503 485 502 
 484 487 504 
 484 504 483 
 501 483 504 
 486 485 505 
 486 505 487 
 503 505 485 
 506 504 487 
 506 487 505 
 489 492 507 
 489 507 488 
 508 507 492 
 491 490 509 
 491 509 494 
 510 494 509 
 493 496 511 
 493 511 492 
 508 492 511 
 512 511 496 
 495 494 513 
 495 513 498 
 510 513 494 
 514 498 513 
 497 500 515 
 497 515 496 
 512 496 515 
 516 515 500 
 499 498 517 
 499 517 502 
 514 517 498 
 518 502 517 
 501 504 519 
 501 519 500 
 516 500 519 
 520 519 504 
 503 502 521 
 503 521 505 
 518 521 502 
 522 505 521 
 506 505 523 
 506 523 504 
 520 504 523 
 522 523 505 
 508 511 524 
 508 524 507 
 525 524 511 
 510 509 526 
 510 526 513 
 527 513 526 
 512 515 528 
 512 528 511 
 525 511 528 
 529 528 515 
 514 513 530 
 514 530 517 
 527 530 513 
 531 517 530 
 516 519 532 
 516 532 515 
 529 515 532 
 533 532 519 
 518 517 534 
 518 534 521 
 531 534 517 
 535 521 534 
 520 523 536 
 520 536 519 
 533 519 536 
 522 521 537 
 522 537 523 
 535 537 521 
 538 536 523 
 538 523 537 
 525 528 539 
 525 539 524 
 540 539 528 
 527 526 541 
 527 541 530 
 542 530 541 
 529 532 543 
 529 543 528 
 540 528 543 
 544 543 532 
 531 530 545 
 531 545 534 
 542 545 530 
 546 534 545 
 533 536 547 
 533 547 532 
 544 532 547 
 548 547 536 
 535 534 549 
 535 549 537 
 546 549 534 
 550 537 549 
 538 537 551 
 538 551 536 
 548 536 551 
 550 551 537 
 540 543 552 
 540 552 539 
 553 552 543 
 542 541 554 
 542 554 545 
 555 545 554 
 544 547 556 
 544 556 543 
 553 543 556 
 557 556 547 
 546 545 558 
 546 558 549 
 555 558 545 
 559 549 558 
 548 551 560 
 548 560 547 
 557 547 560 
 550 549 561 
 550 561 551 
 559 561 549 
 562 560 551 
 562 551 561 
 553 556 563 
 553 563 552 
 564 563 556 
 555 554 565 
 555 565 558 
 566 558 565 
 557 560 567 
 557 567 556 
 564 556 567 
 568 567 560 
 559 558 569 
 559 569 561 
 566 569 558 
 570 561 569 
 562 561 571 
 562 571 560 
 568 560 571 
 570 571 561 
 564 567 572 
 564 572 563 
 573 572 567 
 566 565 574 
 566 574 569 
 575 569 574 
 568 571 576 
 568 576 567 
 573 567 576 
 570 569 577 
 570 577 571 
 575 577 569 
 578 576 571 
 578 571 577 
 573 576 579 
 573 579 572 
 580 579 576 
 575 574 581 
 575 581 577 
 582 577 581 
 578 577 583 
 578 583 576 
 580 576 583 
 582 583 577 
 580 583 584 
 580 584 579 
 582 581 585 
 582 585 583 
 586 584 583 
 586 583 585 
 586 585 587 
 586 587 584 
 