588 
0 0 
0 0.0833333 
0.0434783 0.0416667 
0.0869565 0 
0 0.166667 
0.0434783 0.125 
0.0869565 0.0833333 
0.130435 0.0416667 
0.173913 0 
0 0.25 
0.0434783 0.208333 
0.0869565 0.166667 
0.130435 0.125 
0.173913 0.0833333 
0.217391 0.0416667 
0.26087 0 
0 0.333333 
0.0434783 0.291667 
0.0869565 0.25 
0.130435 0.208333 
0.173913 0.166667 
0.217391 0.125 
0.26087 0.0833333 
0.304348 0.0416667 
0.347826 0 
0 0.416667 
0.0434783 0.375 
0.0869565 0.333333 
0.130435 0.291667 
0.173913 0.25 
0.217391 0.208333 
0.26087 0.166667 
0.304348 0.125 
0.347826 0.0833333 
0.391304 0.0416667 
0.434783 0 
0 0.5 
0.0434783 0.458333 
0.0869565 0.416667 
0.130435 0.375 
0.173913 0.333333 
0.217391 0.291667 
0.26087 0.25 
0.304348 0.208333 
0.347826 0.166667 
0.391304 0.125 
0.434783 0.0833333 
0.478261 0.0416667 
0.521739 0 
0 0.583333 
0.0434783 0.541667 
0.0869565 0.5 
0.130435 0.458333 
0.173913 0.416667 
0.217391 0.375 
0.26087 0.333333 
0.304348 0.291667 
0.347826 0.25 
0.391304 0.208333 
0.434783 0.166667 
0.478261 0.125 
0.521739 0.0833333 
0.565217 0.0416667 
0.608696 0 
0 0.666667 
0.0434783 0.625 
0.0869565 0.583333 
0.130435 0.541667 
0.173913 0.5 
0.217391 0.458333 
0.26087 0.416667 
0.304348 0.375 
0.347826 0.333333 
0.391304 0.291667 
0.434783 0.25 
0.478261 0.208333 
0.521739 0.166667 
0.565217 0.125 
0.608696 0.0833333 
0.652174 0.0416667 
0.695652 0 
0 0.75 
0.0434783 0.708333 
0.0869565 0.666667 
0.130435 0.625 
0.173913 0.583333 
0.217391 0.541667 
0.26087 0.5 
0.304348 0.458333 
0.347826 0.416667 
0.391304 0.375 
0.434783 0.333333 
0.478261 0.291667 
0.521739 0.25 
0.565217 0.208333 
0.608696 0.166667 
0.652174 0.125 
0.695652 0.0833333 
0.73913 0.0416667 
0.782609 0 
0 0.833333 
0.0434783 0.791667 
0.0869565 0.75 
0.130435 0.708333 
0.173913 0.666667 
0.217391 0.625 
0.26087 0.583333 
0.304348 0.541667 
0.347826 0.5 
0.391304 0.458333 
0.434783 0.416667 
0.478261 0.375 
0.521739 0.333333 
0.565217 0.291667 
0.608696 0.25 
0.652174 0.208333 
0.695652 0.166667 
0.73913 0.125 
0.782609 0.0833333 
0.826087 0.0416667 
0.869565 0 
0 0.916667 
0.0434783 0.875 
0.0869565 0.833333 
0.130435 0.791667 
0.173913 0.75 
0.217391 0.708333 
0.26087 0.666667 
0.304348 0.625 
0.347826 0.583333 
0.391304 0.541667 
0.434783 0.5 
0.478261 0.458333 
0.521739 0.416667 
0.565217 0.375 
0.608696 0.333333 
0.652174 0.291667 
0.695652 0.25 
0.73913 0.208333 
0.782609 0.166667 
0.826087 0.125 
0.869565 0.0833333 
0.913043 0.0416667 
0.956522 0 
0.0434783 0.958333 
0 1 
0.0869565 0.916667 
0.130435 0.875 
0.173913 0.833333 
0.217391 0.791667 
0.26087 0.75 
0.304348 0.708333 
0.347826 0.666667 
0.391304 0.625 
0.434783 0.583333 
0.478261 0.541667 
0.521739 0.5 
0.565217 0.458333 
0.608696 0.416667 
0.652174 0.375 
0.695652 0.333333 
0.73913 0.291667 
0.782609 0.25 
0.826087 0.208333 
0.869565 0.166667 
0.913043 0.125 
0.956522 0.0833333 
1.04348 0 
1 0.0416667 
0.0869565 1 
0.130435 0.958333 
0.173913 0.916667 
0.217391 0.875 
0.26087 0.833333 
0.304348 0.791667 
0.347826 0.75 
0.391304 0.708333 
0.434783 0.666667 
0.478261 0.625 
0.521739 0.583333 
0.565217 0.541667 
0.608696 0.5 
0.652174 0.458333 
0.695652 0.416667 
0.73913 0.375 
0.782609 0.333333 
0.826087 0.291667 
0.869565 0.25 
0.913043 0.208333 
0.956522 0.166667 
1 0.125 
1.13043 0 
1.08696 0.0416667 
1.04348 0.0833333 
0.173913 1 
0.217391 0.958333 
0.26087 0.916667 
0.304348 0.875 
0.347826 0.833333 
0.391304 0.791667 
0.434783 0.75 
0.478261 0.708333 
0.521739 0.666667 
0.565217 0.625 
0.608696 0.583333 
0.652174 0.541667 
0.695652 0.5 
0.73913 0.458333 
0.782609 0.416667 
0.826087 0.375 
0.869565 0.333333 
0.913043 0.291667 
0.956522 0.25 
1 0.208333 
1.21739 0 
1.17391 0.0416667 
1.04348 0.166667 
1.13043 0.0833333 
1.08696 0.125 
0.26087 1 
0.304348 0.958333 
0.347826 0.916667 
0.391304 0.875 
0.434783 0.833333 
0.478261 0.791667 
0.521739 0.75 
0.565217 0.708333 
0.608696 0.666667 
0.652174 0.625 
0.695652 0.583333 
0.73913 0.541667 
0.782609 0.5 
0.826087 0.458333 
0.869565 0.416667 
0.913043 0.375 
0.956522 0.333333 
1 0.291667 
1.30435 0 
1.26087 0.0416667 
1.04348 0.25 
1.08696 0.208333 
1.21739 0.0833333 
1.17391 0.125 
1.13043 0.166667 
0.347826 1 
0.391304 0.958333 
0.434783 0.916667 
0.478261 0.875 
0.521739 0.833333 
0.565217 0.791667 
0.608696 0.75 
0.652174 0.708333 
0.695652 0.666667 
0.73913 0.625 
0.782609 0.583333 
0.826087 0.541667 
0.869565 0.5 
0.913043 0.458333 
0.956522 0.416667 
1 0.375 
1.3913 0 
1.34783 0.0416667 
1.04348 0.333333 
1.08696 0.291667 
1.30435 0.0833333 
1.26087 0.125 
1.13043 0.25 
1.21739 0.166667 
1.17391 0.208333 
0.434783 1 
0.478261 0.958333 
0.521739 0.916667 
0.565217 0.875 
0.608696 0.833333 
0.652174 0.791667 
0.695652 0.75 
0.73913 0.708333 
0.782609 0.666667 
0.826087 0.625 
0.869565 0.583333 
0.913043 0.541667 
0.956522 0.5 
1 0.458333 
1.47826 0 
1.43478 0.0416667 
1.04348 0.416667 
1.08696 0.375 
1.3913 0.0833333 
1.34783 0.125 
1.13043 0.333333 
1.17391 0.291667 
1.30435 0.166667 
1.26087 0.208333 
1.21739 0.25 
0.521739 1 
0.565217 0.958333 
0.608696 0.916667 
0.652174 0.875 
0.695652 0.833333 
0.73913 0.791667 
0.782609 0.75 
0.826087 0.708333 
0.869565 0.666667 
0.913043 0.625 
0.956522 0.583333 
1 0.541667 
1.56522 0 
1.52174 0.0416667 
1.04348 0.5 
1.08696 0.458333 
1.47826 0.0833333 
1.43478 0.125 
1.13043 0.416667 
1.17391 0.375 
1.3913 0.166667 
1.34783 0.208333 
1.21739 0.333333 
1.30435 0.25 
1.26087 0.291667 
0.608696 1 
0.652174 0.958333 
0.695652 0.916667 
0.73913 0.875 
0.782609 0.833333 
0.826087 0.791667 
0.869565 0.75 
0.913043 0.708333 
0.956522 0.666667 
1 0.625 
1.65217 0 
1.6087 0.0416667 
1.04348 0.583333 
1.08696 0.541667 
1.56522 0.0833333 
1.52174 0.125 
1.13043 0.5 
1.17391 0.458333 
1.47826 0.166667 
1.43478 0.208333 
1.21739 0.416667 
1.26087 0.375 
1.3913 0.25 
1.34783 0.291667 
1.30435 0.333333 
0.695652 1 
0.73913 0.958333 
0.782609 0.916667 
0.826087 0.875 
0.869565 0.833333 
0.913043 0.791667 
0.956522 0.75 
1 0.708333 
1.73913 0 
1.69565 0.0416667 
1.04348 0.666667 
1.08696 0.625 
1.65217 0.0833333 
1.6087 0.125 
1.13043 0.583333 
1.17391 0.541667 
1.56522 0.166667 
1.52174 0.208333 
1.21739 0.5 
1.26087 0.458333 
1.47826 0.25 
1.43478 0.291667 
1.30435 0.416667 
1.3913 0.333333 
1.34783 0.375 
0.782609 1 
0.826087 0.958333 
0.869565 0.916667 
0.913043 0.875 
0.956522 0.833333 
1 0.791667 
1.82609 0 
1.78261 0.0416667 
1.04348 0.75 
1.08696 0.708333 
1.73913 0.0833333 
1.69565 0.125 
1.13043 0.666667 
1.17391 0.625 
1.65217 0.166667 
1.6087 0.208333 
1.21739 0.583333 
1.26087 0.541667 
1.56522 0.25 
1.52174 0.291667 
1.30435 0.5 
1.34783 0.458333 
1.47826 0.333333 
1.43478 0.375 
1.3913 0.416667 
0.869565 1 
0.913043 0.958333 
0.956522 0.916667 
1 0.875 
1.91304 0 
1.86957 0.0416667 
1.04348 0.833333 
1.08696 0.791667 
1.82609 0.0833333 
1.78261 0.125 
1.13043 0.75 
1.17391 0.708333 
1.73913 0.166667 
1.69565 0.208333 
1.21739 0.666667 
1.26087 0.625 
1.65217 0.25 
1.6087 0.291667 
1.30435 0.583333 
1.34783 0.541667 
1.56522 0.333333 
1.52174 0.375 
1.3913 0.5 
1.47826 0.416667 
1.43478 0.458333 
0.956522 1 
1 0.958333 
1.95652 0.0416667 
2 0 
1.04348 0.916667 
1.08696 0.875 
1.91304 0.0833333 
1.86957 0.125 
1.13043 0.833333 
1.17391 0.791667 
1.82609 0.166667 
1.78261 0.208333 
1.21739 0.75 
1.26087 0.708333 
1.73913 0.25 
1.69565 0.291667 
1.30435 0.666667 
1.34783 0.625 
1.65217 0.333333 
1.6087 0.375 
1.3913 0.583333 
1.43478 0.541667 
1.56522 0.416667 
1.52174 0.458333 
1.47826 0.5 
1.04348 1 
1.08696 0.958333 
2 0.0833333 
1.95652 0.125 
1.13043 0.916667 
1.17391 0.875 
1.91304 0.166667 
1.86957 0.208333 
1.21739 0.833333 
1.26087 0.791667 
1.82609 0.25 
1.78261 0.291667 
1.30435 0.75 
1.34783 0.708333 
1.73913 0.333333 
1.69565 0.375 
1.3913 0.666667 
1.43478 0.625 
1.65217 0.416667 
1.6087 0.458333 
1.47826 0.583333 
1.56522 0.5 
1.52174 0.541667 
1.13043 1 
1.17391 0.958333 
2 0.166667 
1.95652 0.208333 
1.21739 0.916667 
1.26087 0.875 
1.91304 0.25 
1.86957 0.291667 
1.30435 0.833333 
1.34783 0.791667 
1.82609 0.333333 
1.78261 0.375 
1.3913 0.75 
1.43478 0.708333 
1.73913 0.416667 
1.69565 0.458333 
1.47826 0.666667 
1.52174 0.625 
1.65217 0.5 
1.6087 0.541667 
1.56522 0.583333 
1.21739 1 
1.26087 0.958333 
2 0.25 
1.95652 0.291667 
1.30435 0.916667 
1.34783 0.875 
1.91304 0.333333 
1.86957 0.375 
1.3913 0.833333 
1.43478 0.791667 
1.82609 0.416667 
1.78261 0.458333 
1.47826 0.75 
1.52174 0.708333 
1.73913 0.5 
1.69565 0.541667 
1.56522 0.666667 
1.65217 0.583333 
1.6087 0.625 
1.30435 1 
1.34783 0.958333 
2 0.333333 
1.95652 0.375 
1.3913 0.916667 
1.43478 0.875 
1.91304 0.416667 
1.86957 0.458333 
1.47826 0.833333 
1.52174 0.791667 
1.82609 0.5 
1.78261 0.541667 
1.56522 0.75 
1.6087 0.708333 
1.73913 0.583333 
1.69565 0.625 
1.65217 0.666667 
1.3913 1 
1.43478 0.958333 
2 0.416667 
1.95652 0.458333 
1.47826 0.916667 
1.52174 0.875 
1.91304 0.5 
1.86957 0.541667 
1.56522 0.833333 
1.6087 0.791667 
1.82609 0.583333 
1.78261 0.625 
1.65217 0.75 
1.73913 0.666667 
1.69565 0.708333 
1.47826 1 
1.52174 0.958333 
2 0.5 
1.95652 0.541667 
1.56522 0.916667 
1.6087 0.875 
1.91304 0.583333 
1.86957 0.625 
1.65217 0.833333 
1.69565 0.791667 
1.82609 0.666667 
1.78261 0.708333 
1.73913 0.75 
1.56522 1 
1.6087 0.958333 
2 0.583333 
1.95652 0.625 
1.65217 0.916667 
1.69565 0.875 
1.91304 0.666667 
1.86957 0.708333 
1.73913 0.833333 
1.82609 0.75 
1.78261 0.791667 
1.65217 1 
1.69565 0.958333 
2 0.666667 
1.95652 0.708333 
1.73913 0.916667 
1.78261 0.875 
1.91304 0.75 
1.86957 0.791667 
1.82609 0.833333 
1.73913 1 
1.78261 0.958333 
2 0.75 
1.95652 0.791667 
1.82609 0.916667 
1.91304 0.833333 
1.86957 0.875 
1.82609 1 
1.86957 0.958333 
2 0.833333 
1.95652 0.875 
1.91304 0.916667 
1.91304 1 
2 0.916667 
1.95652 0.958333 
2 1 
