  0.01107449024
  0.01107936051
  0.01090026321
  0.00895031215
  0.00721396445
  0.00741730687
  0.00813689412
  0.00828280977
  0.00880785310
  0.00885172304
  0.00883463199
  0.00860639541
  0.00856904192
  0.00856548249
  0.00855196114
  0.00854929546
  0.00854431691
  0.00851828524
  0.00851671569
  0.00850590731
  0.00849208287
  0.00850780850
  0.00849830798
  0.00848737301
  0.00846680713
  0.00846253457
  0.00847615056
  0.00844362715
  0.00846116973
  0.00845814470
  0.00843851485
  0.00841237016
  0.00844120754
  0.00843059723
  0.00840269595
  0.00837620361
  0.00841895291
  0.00842753306
  0.00841239642
  0.00839059932
  0.00833809371
  0.00841560965
  0.00835623869
  0.00839038818
  0.00840375640
  0.00838081105
  0.00837116015
  0.00838900318
  0.00839750071
  0.00836149300
  0.00840925178
  0.00832913717
  0.00838391546
  0.00834578669
  0.00838368248
  0.00838178536
  0.00838662069
  0.00838419249
  0.00832294421
  0.00840464312
  0.00830743244
  0.00837224858
  0.00837922932
  0.00836161880
  0.00833186926
  0.00836230635
  0.00837712504
  0.00835438430
  0.00837070988
  0.00833677566
  0.00836444653
  0.00837136940
  0.00836639837
  0.00838105135
  0.00836395239
  0.00839842126
  0.00836786106
  0.00838043471
  0.00826159860
  0.00832947374
  0.00837457374
  0.00835400443
  0.00835767529
  0.00837825151
  0.00835024652
  0.00836006396
  0.00837124336
  0.00836611360
  0.00833542754
  0.00836080640
  0.00835798096
  0.00836687848
  0.00834437713
  0.00834993552
  0.00836805113
  0.00833291668
  0.00835735878
  0.00835975204
  0.00834863059
  0.00835532797
  0.00836178199
  0.00835741180
  0.00834057720
  0.00833594346
  0.00836798051
  0.00830071556
  0.00836936739
  0.00833600226
  0.00836345231
  0.00836939817
  0.00836568909
  0.00835703433
  0.00835775025
  0.00836858097
  0.00835862127
  0.00837410158
  0.00837520435
  0.00835607564
  0.00835820604
  0.00834928943
  0.00835960161
  0.00835138415
  0.00835215234
  0.00834776847
  0.00834593623
  0.00834681452
  0.00835075484
  0.00836953057
  0.00835464953
  0.00833421632
  0.00835867614
  0.00833204973
  0.00834423061
  0.00831689675
  0.00831405082
  0.00836187683
  0.00833977292
  0.00834933065
  0.00832986076
  0.00835994530
  0.00835609546
  0.00834031916
  0.00833964411
  0.00836845151
  0.00836073528
  0.00836001201
  0.00833727153
  0.00835964810
  0.00835042125
  0.00835962637
  0.00835337346
  0.00833842762
  0.00834738705
  0.00828428563
  0.00835948149
  0.00834331523
  0.00834872081
  0.00835214587
  0.00831853346
  0.00834978748
  0.00833244389
  0.00834886008
  0.00832566926
  0.00835235873
  0.00833636876
  0.00834435412
  0.00825180773
  0.00835525719
  0.00832632231
  0.00835797532
  0.00832197388
  0.00834722922
  0.00835571012
  0.00831459212
  0.00836141908
  0.00835196505
  0.00830822754
  0.00834906509
  0.00826366546
  0.00835934054
  0.00830440288
  0.00834441558
  0.00836183515
  0.00834994714
  0.00830170971
  0.00836297680
  0.00831612500
  0.00835555433
  0.00834235532
  0.00831708144
  0.00834778004
  0.00834059485
  0.00835298887
  0.00834687941
  0.00838163310
  0.00834538838
  0.00833317451
  0.00833902327
  0.00837038584
  0.00832111639
  0.00835457899
  0.00830677540
  0.00833513637
  0.00835462088
  0.00829370134
  0.00833738618
  0.00829376292
  0.00831871913
  0.00835968368
  0.00835742727
  0.00834141349
  0.00833275161
  0.00833687749
  0.00832594618
  0.00836029017
  0.00825753480
  0.00833776780
  0.00825563708
  0.00828641618
  0.00835462129
  0.00837212699
  0.00835574837
  0.00829831891
  0.00827575751
  0.00827534871
  0.00835338933
  0.00835420022
  0.00836325047
  0.00825430477
  0.00832164916
  0.00833954908
  0.00832892162
  0.00834571583
  0.00832908632
  0.00832012363
  0.00834933313
  0.00831785923
  0.00830662286
  0.00835167995
  0.00834468219
  0.00829522044
  0.00836135651
  0.00836075314
  0.00834888121
  0.00833120895
  0.00834935631
  0.00835730993
  0.00834505905
  0.00834755914
  0.00833086552
  0.00824135682
  0.00835025956
  0.00836271264
  0.00831115736
  0.00836444996
  0.00836481302
  0.00831884733
  0.00835898010
  0.00831574434
  0.00833796047
  0.00837028605
  0.00832647136
  0.00835159741
  0.00835204302
  0.00835685594
  0.00835217429
  0.00836371329
  0.00836624129
  0.00835836529
  0.00825794870
  0.00832269769
  0.00832904070
  0.00835946226
  0.00837106371
  0.00833333169
  0.00836595081
  0.00834130939
  0.00830494149
  0.00832922932
  0.00835023160
  0.00836092684
  0.00834695288
  0.00829407690
  0.00835061421
  0.00834213530
  0.00834956398
  0.00831976627
  0.00835379085
  0.00836990368
  0.00835861857
  0.00834901584
  0.00835467195
  0.00829361534
  0.00833271907
  0.00838171630
  0.00835474048
  0.00834462244
  0.00836864756
  0.00831514598
  0.00830425995
