  0.17036731090
  0.23981224138
  0.28672495974
  0.19257883004
  0.09199305499
  0.05078165505
  0.03152026144
  0.01897153333
  0.01527012417
  0.01516507837
  0.01445330340
  0.01324823750
  0.01178698089
  0.00997017143
  0.00792385709
  0.00718685498
  0.00667905223
  0.00610938138
  0.00446326901
  0.00414537298
  0.00293092346
  0.00244023204
  0.00174119028
  0.00165312774
  0.00166530297
  0.00168948152
  0.00140181831
  0.00135023581
  0.00138280284
  0.00103363840
  0.00074290509
  0.00076367276
  0.00079509460
  0.00083770498
  0.00089251846
  0.00096092408
  0.00104484809
  0.00114697850
  0.00127107327
  0.00142269859
  0.00161256274
  0.00185724987
  0.00217865622
  0.00251080861
  0.00195430323
  0.00088646588
  0.00083295302
  0.00078451915
  0.00073969292
  0.00069796752
  0.00065907761
  0.00062282320
  0.00058903659
  0.00055756323
  0.00052826970
  0.00050103756
  0.00047574920
  0.00045230697
  0.00043061399
  0.00041058134
  0.00039212333
  0.00037515514
  0.00035958998
  0.00034520434
  0.00033182461
  0.00031984529
  0.00030930913
  0.00029999938
  0.00029184423
  0.00028481361
  0.00027887703
  0.00027399978
  0.00027014818
  0.00026731772
  0.00026544823
  0.00026452284
  0.00026450711
  0.00026532031
  0.00026680453
  0.00026802756
  0.00026682168
  0.00026431293
  0.00026349755
  0.00026293782
  0.00026247563
  0.00026219429
  0.00026209579
  0.00026211457
  0.00026223075
  0.00026245874
  0.00026275578
  0.00026311028
  0.00026350822
  0.00026393798
  0.00026439088
  0.00026485798
  0.00026533116
  0.00026580392
  0.00026627028
  0.00026672496
