  0.02837546209
  0.03581806588
  0.04223014998
  0.04774265282
  0.05282875158
  0.05759601082
  0.06207594202
  0.06632025460
  0.07027664252
  0.07363472307
  0.06541085387
  0.05800885528
  0.05319327603
  0.04962580125
  0.04730534525
  0.04521466302
  0.04245552408
  0.04036715674
  0.03908183359
  0.03790400182
  0.03676433029
  0.03586857289
  0.03489515774
  0.03393698994
  0.03310487058
  0.03238607756
  0.03172452464
  0.03118671595
  0.03050842217
  0.02999828766
  0.02973060416
  0.02902582479
  0.02871229245
  0.02844853885
  0.02780507117
  0.02742889728
  0.02709032754
  0.02666920617
  0.02624907690
  0.02574047619
  0.02557199659
  0.02524259527
  0.02493865596
  0.02485409550
  0.02445276832
  0.02382803195
  0.02366506926
  0.02323608476
  0.02308509400
  0.02258106825
  0.02241044131
  0.02231961301
  0.02225109082
  0.02190135030
  0.02140561619
  0.02141299842
  0.02129304667
  0.02106637298
  0.02059590538
  0.02053668894
  0.02022399429
  0.02001340993
  0.01969528488
  0.01253118289
  0.01150193929
  0.01029421192
  0.00916711172
  0.00821711895
  0.00756444357
  0.00676423107
  0.00614801261
  0.00570403516
  0.00536041970
  0.00485700609
  0.00455299887
  0.00438000921
  0.00421282591
  0.00404347698
  0.00393345250
  0.00382049824
  0.00380895793
  0.00380400732
  0.00365149944
  0.00356295093
  0.00355400797
  0.00362682209
  0.00353169391
  0.00351386578
  0.00339745485
  0.00333944963
  0.00328707673
  0.00320743873
  0.00322354910
  0.00316795157
  0.00312022198
  0.00308825132
  0.00298595706
  0.00290123454
  0.00288198741
  0.00290033945
  0.00280510642
  0.00271575024
  0.00273317690
  0.00272005181
  0.00273372926
  0.00276143823
  0.00274349745
  0.00272067229
  0.00282548412
  0.00289476400
  0.00285015223
  0.00263857031
  0.00257339262
  0.00258473922
  0.00256901778
  0.00234849210
  0.00221989024
  0.00214639013
  0.00208825129
  0.00203954611
  0.00199170284
  0.00195840387
  0.00192640567
  0.00189601614
  0.00189007016
  0.00190184733
  0.00187191273
  0.00185859706
  0.00182279089
  0.00182979686
  0.00185097802
  0.00186734371
  0.00183818953
  0.00183150267
  0.00184979510
  0.00187031198
  0.00191235743
  0.00189682557
  0.00194568417
  0.00199452057
  0.00204791756
  0.00212113194
  0.00218143475
  0.00204543671
  0.00195290481
  0.00198411482
  0.00193307201
  0.00193780224
  0.00199053729
  0.00204205745
  0.00210186570
  0.00217367080
  0.00226053650
  0.00229005983
  0.00223207784
  0.00213226219
  0.00215263820
  0.00214643618
  0.00213706331
  0.00217105958
  0.00219900618
  0.00219784075
  0.00221378422
  0.00225642570
  0.00222001136
  0.00217054181
  0.00222478766
  0.00203789517
  0.00206211921
  0.00204484798
  0.00201579162
  0.00196443569
  0.00195575268
  0.00200369405
  0.00207221802
  0.00199554623
  0.00194780773
  0.00197018341
  0.00190976628
  0.00191056839
  0.00183709275
  0.00182272259
  0.00187899872
  0.00191581250
  0.00199111564
  0.00208947918
  0.00220775602
  0.00238995679
  0.00236927440
  0.00232624557
  0.00236848165
  0.00244476228
  0.00233336521
  0.00243121554
  0.00243985395
  0.00233156281
  0.00239150229
  0.00251338814
  0.00248538623
  0.00246036465
