  0.80534153120
  0.82724217471
  0.85012092895
  0.87257092011
  0.89461819724
  0.91592388905
  0.93640999603
  0.95645816328
  0.97586363101
  0.99485678718
  1.01338547754
  1.03145234444
  1.04905145689
  1.06631851085
  1.08298195849
  1.09940041056
  1.11559811655
  1.13145112905
  1.14697409245
  1.16218342270
  1.17720211216
  1.19210163234
  1.20676421225
  1.22113362341
  1.23528083802
  1.24916670757
  1.26276774177
  1.27621392347
  1.28965261716
  1.30297210432
  1.31604303337
  1.32905787513
  1.34195792449
  1.35475784132
  1.36739490914
  1.37985769704
  1.39215631495
  1.40442140245
  1.41670199346
  1.42886231268
  1.44085096113
  1.45291477363
  1.46497863152
  1.47693221912
  1.48875262855
  1.50039166060
  1.51186617526
  1.52334215373
  1.53469156284
  1.54600071935
  1.55723470654
  1.56852769817
  1.57987095328
  1.59113569001
  1.60228463668
  1.61323005477
  1.62422525089
  1.63519599905
  1.64597291042
  1.65661872752
  1.66738165129
  1.67811355793
  1.68885535287
  1.69950172066
  1.70026915941
  1.70062969391
  1.70125440596
  1.70180495077
  1.70229152252
  1.70283810013
  1.70322898023
  1.70356723741
  1.70391936756
  1.70428168708
  1.70458950207
  1.70487746389
  1.70518683120
  1.70549426141
  1.70580640759
  1.70611646329
  1.70640666874
  1.70671511850
  1.70703748404
  1.70733676056
  1.70763071608
  1.70792137996
  1.70823638303
  1.70852736658
  1.70882149499
  1.70908233419
  1.70930986815
  1.70953425555
  1.70975443522
  1.70997755059
  1.71019916934
  1.71042453134
  1.71065727082
  1.71088292904
  1.71107544418
  1.71127423430
  1.71148090319
  1.71167514474
  1.71183989424
  1.71201567867
  1.71219958029
  1.71239014163
  1.71258984385
  1.71279703551
  1.71300661225
  1.71323460646
  1.71345374302
  1.71366374896
  1.71381001168
  1.71395542675
  1.71410603282
  1.71426034836
  1.71435511759
  1.71444755010
  1.71454013874
  1.71463048110
  1.71471898992
  1.71480921304
  1.71489865636
  1.71497840542
  1.71505772342
  1.71514021999
  1.71522670875
  1.71531105990
  1.71539290060
  1.71547481292
  1.71555902380
  1.71564685702
  1.71573538313
  1.71582122392
  1.71590751819
  1.71599843464
  1.71609346948
  1.71619408847
  1.71629979129
  1.71641278099
  1.71653137475
  1.71665639078
  1.71679039589
  1.71693199354
  1.71705591450
  1.71715544887
  1.71726180669
  1.71736514961
  1.71746683779
  1.71757283777
  1.71768280731
  1.71779413857
  1.71790774693
  1.71802258734
  1.71813310149
  1.71822340083
  1.71832018305
  1.71842592464
  1.71853340695
  1.71863557446
  1.71874587338
  1.71886494503
  1.71897567675
  1.71908535146
  1.71920158603
  1.71932228979
  1.71945275078
  1.71959644075
  1.71969116778
  1.71979406328
  1.71989784090
  1.72000170289
  1.72010270312
  1.72020094392
  1.72030740265
  1.72042315659
  1.72053927672
  1.72066160607
  1.72078136886
  1.72088775252
  1.72100298984
  1.72111840276
  1.72123832222
  1.72136657726
  1.72150271815
  1.72164922826
  1.72180615566
  1.72197650900
  1.72217089832
  1.72232962074
  1.72246867224
  1.72261445109
  1.72276721114
  1.72291155787
  1.72307028188
  1.72323043398
  1.72338588319
  1.72354899475
  1.72372508966
  1.72390333088
