  0.25535043027
  0.35834849831
  0.17536692051
  0.08694351400
  0.07028016815
  0.05443451166
  0.04420717132
  0.03816687019
  0.03241215448
  0.02790929285
  0.02275148885
  0.02049560230
  0.01661797569
  0.01705972390
  0.01023566957
  0.02143848309
  0.01456020002
  0.01505909175
  0.00997593041
  0.01667067264
  0.01222052192
  0.01167158513
  0.00681141469
  0.02855425743
  0.03538726338
  0.00867816985
  0.03164613862
  0.02621757590
  0.00736556822
  0.03616834415
  0.03451890263
  0.00514413393
  0.05308233255
  0.05283909947
  0.00563970621
  0.05151223970
  0.04869200035
  0.00591790489
  0.04940173372
  0.04752808561
  0.00570761640
  0.04993277221
  0.04993330932
  0.00476955647
  0.05809644372
  0.05811069759
  0.00509681141
  0.05564805855
  0.05523406145
  0.00480764712
  0.05808272115
  0.05738764394
  0.00479640080
  0.05817696096
  0.05716309027
  0.00492366987
  0.05725794084
  0.05578399162
  0.00523513565
  0.05433919531
  0.05292207931
  0.00779864237
  0.03678968609
  0.03417434874
  0.00635591450
  0.04144988465
  0.04382708215
  0.00930723092
  0.02838610295
  0.02578829816
  0.01084319510
  0.02092603352
  0.01828689799
  0.01218104977
  0.01308717798
  0.01120368702
  0.01398379980
  0.01499134992
  0.01135615702
  0.01394741022
  0.01413005019
  0.01350401098
  0.01159864753
  0.01340556427
  0.01515179833
  0.01394378663
  0.01067475178
  0.01385949299
  0.01162273937
  0.00750703225
  0.01854256038
  0.02639784654
  0.00809703819
  0.02764795904
  0.02728458028
  0.00473478500
  0.04986824602
  0.05229033779
  0.00492868218
  0.05185611108
  0.05038819004
  0.00513469899
  0.04929931578
  0.04849284271
  0.00408500843
  0.05773210022
  0.05702552172
  0.00397926620
  0.05902926053
  0.05798501123
  0.00388513765
  0.06000412272
  0.05887288568
  0.00379071787
  0.06057867437
  0.05961609289
  0.00367784932
  0.06147655216
  0.06052718264
  0.00353912195
  0.06293007700
  0.06185808802
  0.00346235933
  0.06355895705
  0.06253563400
  0.00352525775
  0.06301168996
  0.06198970141
  0.00423096483
  0.05771644772
  0.05566464942
  0.00554880420
  0.04732699502
  0.04511419209
  0.00299156219
  0.06613509192
  0.06583603084
  0.00314985486
  0.06533876887
  0.06477244588
  0.00337492656
  0.06328486905
  0.06293817664
  0.00589089848
  0.04427505282
  0.04292135072
  0.00341341052
  0.06251013563
  0.06294227665
  0.00323423755
  0.06499884937
  0.06471078937
  0.00308117819
  0.06687251971
  0.06644149768
  0.00508845305
  0.05075323507
  0.05063783238
  0.00324041792
  0.06669612970
  0.06639991810
  0.00325743579
  0.06731478096
  0.06679410995
  0.00324404403
  0.06794924912
  0.06728895497
  0.00320912637
  0.06833783788
  0.06757725903
  0.00318263086
  0.06846607186
  0.06755710899
  0.00316353187
  0.06860822726
  0.06730127127
  0.00348919616
  0.06529855565
  0.06407257359
  0.00329786755
  0.06651207515
  0.06540354422
  0.00330966238
  0.06617370895
  0.06517486199
  0.00360131514
  0.06373590933
  0.06285442393
  0.00568692008
  0.04756627690
  0.04688463669
  0.00287975993
  0.06963788514
  0.06903222152
  0.00295595626
  0.06962258550
  0.06876625904
  0.00298096225
  0.06983829705
  0.06894524015
  0.00318189803
  0.06863181655
  0.06725729047
  0.00489939087
  0.05469058443
  0.05391057709
  0.00385863132
  0.06302648029
  0.06197191055
  0.00559297232
  0.04983162792
  0.04898873811
  0.00397011136
  0.06127163110
  0.06140216761
  0.00362732362
  0.06479170513
  0.06415090260
  0.00509647005
  0.05338298800
  0.05285433171
  0.00319181695
  0.06775387012
  0.06752111728
  0.00307179777
  0.06902247876
  0.06868020004
  0.00297167908
  0.06995387929
  0.06963493830
  0.00293656123
  0.07011928990
  0.06974928100
  0.00290177059
  0.07069821283
  0.07000058939
  0.00286048947
  0.07108973463
  0.07034702143
  0.00281814398
  0.07133058116
  0.07066899573
  0.00277896559
  0.07140643819
  0.07081168126
  0.00274761482
  0.07139106561
  0.07075668721
  0.00272424202
  0.07165090919
  0.07084629340
  0.00270455973
  0.07150759028
  0.07081140300
  0.00268407947
  0.07134590083
  0.07065931449
  0.00267031618
  0.07138760308
  0.07054608983
  0.00268038048
  0.07141537528
  0.07025306801
  0.00392995322
  0.06080222342
  0.05974165350
  0.00307081898
  0.06753869122
  0.06634456327
  0.00302730106
  0.06734176327
  0.06644052863
  0.00307925028
  0.06734189635
  0.06592435160
  0.00308791600
  0.06649079238
  0.06614860412
  0.00286540193
  0.06850498815
  0.06795509205
  0.00279761479
  0.06941540846
  0.06868226263
  0.00274515241
  0.06988868166
  0.06917936042
  0.00268950675
  0.07040728254
  0.06969130485
  0.00263408267
  0.07100714050
  0.07023491054
  0.00258296215
  0.07147726935
  0.07064410632
  0.00253381449
  0.07175362433
  0.07090080290
  0.00248749523
