  0.00956780929
  0.00638341400
  0.00776843999
  0.00809569838
  0.00786857564
  0.00774979795
  0.00774074384
  0.00769026893
  0.00763983234
  0.00761941988
  0.00759258755
  0.00756896422
  0.00771558924
  0.00771306988
  0.00771595673
  0.00771135066
  0.00771275423
  0.00770047511
  0.00770679071
  0.00770980481
  0.00771034924
  0.00770011621
  0.00770177410
  0.00769994982
  0.00770911724
  0.00768668879
  0.00768574255
  0.00770649145
  0.00768242356
  0.00768690022
  0.00771421911
  0.00768193464
  0.00768265063
  0.00773253595
  0.00750788591
  0.00750832099
  0.00771564797
  0.00750457546
  0.00750392054
  0.00770064795
  0.00765980661
  0.00766067438
  0.00769924962
  0.00765591191
  0.00765617623
  0.00770474760
  0.00748536027
  0.00748564637
  0.00768967550
  0.00747880537
  0.00747867445
  0.00767848746
  0.00746935288
  0.00746807598
  0.00766347188
  0.00745700321
  0.00745509616
  0.00764155110
  0.00743981185
  0.00743212181
  0.00759609369
  0.00738358978
  0.00736130452
  0.00751193724
  0.00747867747
  0.00746769410
  0.00747225582
  0.00726117577
  0.00724685093
  0.00740099327
  0.00722185129
  0.00719226436
  0.00718058342
  0.00716514161
  0.00714202850
  0.00712845819
  0.00711730742
  0.00709376246
  0.00707629298
  0.00707019312
  0.00706351237
  0.00704998829
  0.00702973250
  0.00702001800
  0.00701336179
  0.00702160254
  0.00707557239
  0.00709859129
  0.00711028739
  0.00711770394
  0.00712270089
  0.00712745055
  0.00712597408
  0.00713021189
  0.00713916483
  0.00713256407
  0.00713275705
  0.00715713932
  0.00713195759
  0.00713300232
  0.00716035855
  0.00713685986
  0.00713754513
  0.00716173322
  0.00713792871
  0.00713828987
  0.00716655242
  0.00713841456
  0.00713843854
  0.00716765312
  0.00713890891
  0.00713919985
  0.00716891057
  0.00713891194
  0.00713988609
  0.00717007898
  0.00714043908
  0.00714029834
  0.00717073573
  0.00714110199
  0.00714140123
  0.00717318175
  0.00714160213
  0.00714106705
  0.00717440542
  0.00714193420
  0.00714097749
  0.00717447781
  0.00714006318
  0.00713712518
  0.00715015773
  0.00711952120
  0.00710523218
  0.00713036317
  0.00711388018
  0.00711418285
  0.00714281554
  0.00711328191
  0.00711529425
  0.00714182750
  0.00711388587
  0.00711450363
  0.00714144473
  0.00711317942
  0.00711618418
  0.00713212988
  0.00711896426
  0.00711981749
  0.00714201370
  0.00711937288
  0.00712029972
  0.00714092230
  0.00712014322
  0.00712036315
  0.00713649375
  0.00711863774
  0.00711782827
  0.00712706775
  0.00711640469
  0.00711614678
  0.00713150564
  0.00711520987
  0.00711566234
  0.00712929524
  0.00711543877
  0.00711613592
  0.00712859388
  0.00711473454
  0.00711583308
  0.00712752697
  0.00711451635
  0.00711503155
  0.00712564860
  0.00711289242
  0.00711360542
  0.00711927108
  0.00710799957
  0.00710697118
  0.00711444426
  0.00710262753
  0.00710339899
  0.00711493694
  0.00710229148
  0.00710360513
  0.00711486921
  0.00710323002
  0.00710476298
  0.00712227352
  0.00711130555
  0.00711730702
  0.00712920338
  0.00711829178
  0.00711951193
  0.00713653274
  0.00711874435
  0.00711927991
  0.00713451309
  0.00711851256
  0.00711973230
  0.00713478865
  0.00711912279
  0.00711974464
  0.00713756287
  0.00712314593
  0.00712497804
  0.00713876736
  0.00712556916
  0.00712694624
  0.00714857508
  0.00713201727
  0.00713505601
  0.00715560021
  0.00714188384
  0.00714356943
  0.00716349183
  0.00714327986
  0.00714408440
  0.00716386906
  0.00714516268
  0.00714666927
  0.00716181904
  0.00714804699
  0.00714877138
  0.00716793389
  0.00714778534
  0.00714835444
  0.00716666125
  0.00714768835
  0.00714781357
  0.00716530020
  0.00714740745
  0.00714726474
  0.00716567247
  0.00714728642
  0.00714753205
  0.00716685492
  0.00714732283
  0.00714765753
  0.00716565725
  0.00714683156
  0.00714721621
  0.00716543716
  0.00714621659
  0.00714679871
  0.00716540421
  0.00714566171
  0.00714610630
  0.00716554165
  0.00714547140
  0.00714623031
  0.00716559880
  0.00714606166
  0.00714525871
  0.00716501271
  0.00714471965
  0.00714389628
  0.00716334287
  0.00714442741
  0.00714376375
  0.00716132523
  0.00714212527
  0.00714302771
  0.00715670398
  0.00713967605
  0.00713835352
  0.00714991616
  0.00713472311
  0.00713410682
  0.00715360724
  0.00713369596
  0.00713356726
  0.00715162579
  0.00713250452
  0.00713188040
  0.00714340188
  0.00712588037
  0.00712643491
  0.00714153712
  0.00712645691
  0.00712603833
  0.00714192760
  0.00712591347
  0.00712582645
  0.00714177918
  0.00712567363
  0.00712558838
  0.00714211096
  0.00712540744
  0.00712534040
  0.00714238707
  0.00712414926
  0.00712513492
  0.00714144063
  0.00712369259
  0.00712486638
  0.00714205054
  0.00712354713
  0.00712342727
  0.00714106543
  0.00712442339
