  0.23145177972
  0.26987328997
  0.09055943122
  0.03186524471
  0.02690243743
  0.02554949270
  0.02438830580
  0.02320559939
  0.02189335268
  0.02036476317
  0.01917796163
  0.01838385668
  0.01784636372
  0.01721691194
  0.01659404068
  0.01603130788
  0.01546351932
  0.01481617087
  0.01405188808
  0.01355668664
  0.01274450731
  0.01204347998
  0.01139876624
  0.01082334822
  0.00996424759
  0.00965525327
  0.00903543546
  0.00884843018
  0.00836698761
  0.00810688137
  0.00771185685
  0.00749666097
  0.00733103295
  0.00702765459
  0.00645696688
  0.00622313775
  0.00636449760
  0.00565701218
  0.00569280407
  0.00542681547
  0.00492685627
  0.00468808233
  0.00442351291
  0.00416790884
  0.00390022998
  0.00362774299
  0.00347084702
  0.00322596419
  0.00318080445
  0.00302758138
  0.00291239996
  0.00276199741
  0.00253099321
  0.00233321257
  0.00215928403
  0.00199351166
  0.00187344740
  0.00187608717
  0.00155257362
  0.00160226855
