148 16
0 3
0
1
186

1 5
3
0
6
187
188

2 5
1
4
8
189
190

3 13
7
6
10
11
18
27
40
191
192
193
194
195
196

4 15
8
13
17
25
26
37
38
51
197
198
199
200
201
202
203

5 13
8
15
16
20
29
41
52
204
205
206
207
208
209

6 29
51
62
73
86
100
118
133
145
155
164
171
177
181
184
185
210
211
212
213
214
215
216
217
218
219
220
221
222
223

7 3
52
40
224

8 5
64
52
77
225
226

9 3
63
77
227

10 13
74
63
75
87
88
104
107
228
229
230
231
232
233

11 13
91
77
108
109
119
123
135
234
235
236
237
238
239

12 5
103
102
104
240
241

13 15
147
135
157
166
173
179
183
185
242
243
244
245
246
247
248

14 5
122
105
135
249
250

15 3
105
103
251

