3594 
1 0 2 
 0 3 2 
 4 1 6 
 6 1 2 
 3 5 7 
 3 7 2 
 6 2 7 
 8 4 10 
 10 4 6 
 5 9 11 
 7 5 11 
 10 6 12 
 12 6 7 
 7 11 13 
 7 13 12 
 14 8 16 
 16 8 10 
 9 15 17 
 11 9 17 
 16 10 18 
 18 10 12 
 11 17 19 
 13 11 19 
 18 12 20 
 13 19 20 
 20 12 13 
 22 14 23 
 23 14 16 
 15 21 24 
 17 15 24 
 23 16 25 
 25 16 18 
 17 24 26 
 19 17 26 
 25 18 27 
 27 18 20 
 19 26 28 
 19 28 20 
 27 20 29 
 29 20 28 
 21 31 35 
 24 21 35 
 30 22 36 
 36 22 23 
 36 23 37 
 37 23 25 
 24 35 38 
 26 24 38 
 37 25 39 
 39 25 27 
 26 38 40 
 28 26 40 
 39 27 41 
 41 27 29 
 28 40 42 
 28 42 29 
 41 29 42 
 34 30 43 
 43 30 36 
 31 32 44 
 35 31 44 
 32 33 46 
 44 32 46 
 33 45 47 
 46 33 47 
 48 34 49 
 49 34 43 
 35 44 50 
 38 35 50 
 43 36 51 
 51 36 37 
 51 37 52 
 52 37 39 
 38 50 53 
 40 38 53 
 52 39 54 
 54 39 41 
 40 53 55 
 42 40 55 
 54 41 56 
 56 41 42 
 42 55 57 
 42 57 56 
 49 43 58 
 58 43 51 
 44 46 59 
 50 44 59 
 45 61 62 
 47 45 62 
 46 47 63 
 59 46 63 
 47 62 64 
 63 47 64 
 60 48 65 
 65 48 49 
 65 49 66 
 66 49 58 
 50 59 67 
 53 50 67 
 58 51 68 
 68 51 52 
 68 52 69 
 69 52 54 
 53 67 70 
 55 53 70 
 69 54 71 
 71 54 56 
 55 70 72 
 57 55 72 
 71 56 73 
 57 72 73 
 73 56 57 
 66 58 74 
 74 58 68 
 59 63 75 
 67 59 75 
 76 60 65 
 77 60 76 
 61 78 79 
 62 61 79 
 62 79 80 
 64 62 80 
 63 64 81 
 75 63 81 
 64 80 82 
 81 64 82 
 76 65 83 
 83 65 66 
 83 66 84 
 84 66 74 
 67 75 85 
 70 67 85 
 74 68 86 
 86 68 69 
 86 69 87 
 87 69 71 
 70 85 88 
 72 70 88 
 87 71 89 
 89 71 73 
 72 88 90 
 72 90 73 
 89 73 91 
 91 73 90 
 84 74 92 
 92 74 86 
 75 81 93 
 85 75 93 
 95 76 83 
 94 77 96 
 96 77 76 
 96 76 95 
 78 97 98 
 79 78 98 
 79 98 99 
 80 79 99 
 80 99 100 
 82 80 100 
 81 82 101 
 93 81 101 
 82 100 102 
 101 82 102 
 95 83 103 
 103 83 84 
 103 84 104 
 104 84 92 
 85 93 105 
 88 85 105 
 92 86 106 
 106 86 87 
 106 87 107 
 107 87 89 
 88 105 108 
 90 88 108 
 107 89 109 
 109 89 91 
 90 108 110 
 90 110 91 
 109 91 110 
 104 92 111 
 111 92 106 
 93 101 112 
 105 93 112 
 113 94 114 
 114 94 96 
 115 95 103 
 114 96 116 
 116 96 95 
 116 95 115 
 97 117 118 
 98 97 118 
 98 118 119 
 99 98 119 
 99 119 120 
 100 99 120 
 100 120 121 
 102 100 121 
 101 102 122 
 112 101 122 
 102 121 123 
 122 102 123 
 115 103 124 
 124 103 104 
 124 104 125 
 125 104 111 
 105 112 126 
 108 105 126 
 111 106 127 
 127 106 107 
 127 107 128 
 107 109 128 
 108 126 129 
 110 108 129 
 128 109 130 
 130 109 110 
 110 129 131 
 110 131 130 
 125 111 132 
 132 111 127 
 112 122 133 
 126 112 133 
 134 113 135 
 135 113 114 
 135 114 136 
 136 114 116 
 137 115 124 
 136 116 138 
 138 116 115 
 138 115 137 
 117 140 141 
 118 117 141 
 118 141 143 
 119 118 143 
 119 143 144 
 120 119 144 
 120 144 145 
 121 120 145 
 121 145 146 
 123 121 146 
 123 146 147 
 122 123 148 
 133 122 148 
 148 123 147 
 137 124 149 
 149 124 125 
 149 125 150 
 150 125 132 
 126 133 151 
 129 126 151 
 132 127 152 
 152 127 128 
 152 128 153 
 153 128 130 
 129 151 154 
 131 129 154 
 153 130 155 
 131 154 155 
 155 130 131 
 150 132 156 
 156 132 152 
 133 148 157 
 151 133 157 
 139 134 158 
 158 134 135 
 159 137 149 
 158 135 160 
 160 135 136 
 160 136 161 
 161 136 138 
 161 138 162 
 162 138 137 
 162 137 159 
 163 139 164 
 164 139 158 
 140 142 165 
 141 140 165 
 141 165 166 
 143 141 166 
 142 167 168 
 165 142 168 
 143 166 169 
 144 143 169 
 144 169 170 
 145 144 170 
 145 170 171 
 146 145 171 
 146 171 172 
 147 146 172 
 147 172 173 
 148 147 174 
 157 148 174 
 174 147 173 
 159 149 175 
 175 149 150 
 175 150 176 
 176 150 156 
 151 157 177 
 154 151 177 
 156 152 178 
 178 152 153 
 178 153 179 
 179 153 155 
 154 177 180 
 154 180 155 
 179 155 181 
 181 155 180 
 176 156 182 
 156 178 182 
 157 174 183 
 177 157 183 
 184 159 175 
 164 158 185 
 185 158 160 
 186 162 159 
 186 159 184 
 185 160 187 
 187 160 161 
 187 161 188 
 188 161 162 
 188 162 186 
 189 163 190 
 190 163 164 
 190 164 191 
 191 164 185 
 165 168 195 
 166 165 195 
 166 195 196 
 169 166 196 
 167 193 197 
 168 167 197 
 168 197 198 
 195 168 198 
 169 196 199 
 170 169 199 
 170 199 200 
 171 170 200 
 171 200 201 
 172 171 201 
 172 201 202 
 173 172 202 
 173 202 203 
 174 173 204 
 183 174 204 
 204 173 203 
 184 175 205 
 205 175 176 
 205 176 206 
 206 176 182 
 177 183 207 
 180 177 207 
 182 178 208 
 208 178 179 
 208 179 209 
 209 179 181 
 180 207 210 
 180 210 181 
 209 181 210 
 206 182 211 
 211 182 208 
 183 204 212 
 207 183 212 
 213 184 205 
 214 186 184 
 214 184 213 
 191 185 215 
 215 185 187 
 216 188 186 
 216 186 214 
 215 187 217 
 217 187 188 
 217 188 216 
 192 189 218 
 218 189 190 
 218 190 219 
 219 190 191 
 219 191 220 
 220 191 215 
 221 192 222 
 222 192 218 
 193 194 225 
 197 193 225 
 194 223 226 
 225 194 226 
 195 198 227 
 196 195 227 
 196 227 228 
 199 196 228 
 197 225 229 
 198 197 229 
 198 229 230 
 227 198 230 
 199 228 231 
 200 199 231 
 200 231 232 
 201 200 232 
 201 232 233 
 202 201 233 
 202 233 234 
 203 202 234 
 203 234 235 
 204 203 236 
 212 204 236 
 236 203 235 
 213 205 237 
 237 205 206 
 237 206 238 
 238 206 211 
 239 213 237 
 207 212 240 
 210 207 240 
 211 208 241 
 241 208 209 
 241 209 242 
 242 209 210 
 210 240 243 
 210 243 242 
 238 211 244 
 244 211 241 
 212 236 245 
 240 212 245 
 246 214 213 
 246 213 239 
 247 216 214 
 247 214 246 
 220 215 248 
 248 215 217 
 248 217 249 
 249 217 216 
 249 216 247 
 222 218 250 
 250 218 219 
 250 219 251 
 251 219 220 
 251 220 252 
 252 220 248 
 253 221 254 
 254 221 222 
 254 222 255 
 255 222 250 
 223 224 257 
 226 223 257 
 224 258 260 
 257 224 260 
 225 226 261 
 229 225 261 
 226 257 262 
 261 226 262 
 227 230 263 
 228 227 263 
 228 263 264 
 231 228 264 
 229 261 265 
 230 229 265 
 230 265 266 
 263 230 266 
 231 264 267 
 232 231 267 
 232 267 268 
 233 232 268 
 233 268 269 
 234 233 269 
 234 269 270 
 235 234 270 
 235 270 271 
 236 235 272 
 245 236 272 
 272 235 271 
 273 246 239 
 239 237 274 
 274 237 238 
 274 238 275 
 275 238 244 
 273 239 276 
 276 239 274 
 240 245 277 
 243 240 277 
 244 241 278 
 278 241 242 
 278 242 279 
 243 277 279 
 279 242 243 
 275 244 280 
 280 244 278 
 245 272 281 
 277 245 281 
 282 275 280 
 283 247 246 
 283 246 273 
 284 249 247 
 284 247 283 
 252 248 285 
 285 248 249 
 285 249 284 
 255 250 286 
 286 250 251 
 286 251 287 
 287 251 252 
 287 252 288 
 288 252 285 
 256 253 289 
 289 253 254 
 289 254 290 
 290 254 255 
 290 255 291 
 291 255 286 
 292 256 293 
 293 256 289 
 257 260 297 
 262 257 297 
 258 259 298 
 260 258 298 
 259 295 299 
 298 259 299 
 260 298 300 
 297 260 300 
 261 262 301 
 265 261 301 
 262 297 302 
 301 262 302 
 263 266 303 
 264 263 303 
 264 303 304 
 267 264 304 
 265 301 305 
 266 265 305 
 266 305 306 
 303 266 306 
 267 304 307 
 268 267 307 
 268 307 308 
 269 268 308 
 309 283 273 
 269 308 310 
 270 269 310 
 271 270 311 
 270 310 312 
 270 312 311 
 271 311 313 
 272 271 314 
 281 272 314 
 314 271 313 
 309 273 315 
 315 273 276 
 276 274 316 
 316 274 275 
 316 275 282 
 315 276 317 
 317 276 316 
 316 282 318 
 277 281 319 
 277 319 279 
 280 278 320 
 320 278 279 
 320 279 321 
 321 279 319 
 282 280 322 
 322 280 320 
 281 314 323 
 319 281 323 
 318 282 324 
 324 282 322 
 325 284 283 
 325 283 309 
 288 285 326 
 326 285 284 
 326 284 325 
 291 286 327 
 327 286 287 
 327 287 328 
 328 287 288 
 328 288 329 
 329 288 326 
 293 289 330 
 330 289 290 
 330 290 331 
 331 290 291 
 331 291 332 
 332 291 327 
 294 292 333 
 333 292 293 
 333 293 334 
 334 293 330 
 335 294 333 
 336 294 335 
 295 296 340 
 299 295 340 
 296 338 341 
 340 296 341 
 297 300 342 
 302 297 342 
 298 299 343 
 300 298 343 
 299 340 344 
 343 299 344 
 300 343 345 
 342 300 345 
 301 302 346 
 305 301 346 
 302 342 347 
 346 302 347 
 303 306 348 
 304 303 348 
 304 348 349 
 307 304 349 
 305 346 350 
 306 305 350 
 306 350 351 
 348 306 351 
 307 349 352 
 308 307 353 
 307 352 353 
 308 353 354 
 310 308 354 
 355 325 309 
 355 309 356 
 356 309 315 
 310 354 357 
 312 310 357 
 312 357 358 
 313 311 358 
 312 358 311 
 313 358 359 
 314 313 360 
 323 314 360 
 360 313 359 
 356 315 361 
 315 317 361 
 361 317 362 
 317 316 362 
 362 316 318 
 362 318 363 
 318 324 363 
 319 323 364 
 319 364 321 
 322 320 365 
 365 320 321 
 365 321 364 
 324 322 366 
 366 322 365 
 323 360 367 
 364 323 367 
 364 367 368 
 363 324 369 
 324 366 369 
 329 326 370 
 370 326 325 
 370 325 355 
 370 355 371 
 332 327 372 
 372 327 328 
 372 328 373 
 373 328 329 
 373 329 374 
 374 329 370 
 334 330 375 
 375 330 331 
 375 331 376 
 376 331 332 
 376 332 377 
 377 332 372 
 335 333 378 
 378 333 334 
 378 334 379 
 379 334 375 
 380 335 378 
 337 336 381 
 381 336 335 
 381 335 380 
 382 337 383 
 383 337 381 
 338 339 387 
 341 338 387 
 339 385 388 
 387 339 388 
 340 341 389 
 344 340 389 
 341 387 390 
 389 341 390 
 342 345 391 
 347 342 391 
 343 344 392 
 345 343 392 
 344 389 393 
 392 344 393 
 345 392 394 
 391 345 394 
 346 347 395 
 350 346 395 
 347 391 396 
 395 347 396 
 348 351 397 
 349 348 397 
 349 397 398 
 352 349 398 
 350 395 399 
 351 350 399 
 351 399 400 
 397 351 400 
 352 398 401 
 354 353 402 
 353 352 402 
 352 401 402 
 354 402 403 
 357 354 403 
 371 355 404 
 355 356 404 
 356 361 405 
 405 404 356 
 357 403 406 
 358 357 406 
 358 406 359 
 359 406 407 
 360 359 408 
 408 359 407 
 367 360 409 
 360 408 409 
 405 361 410 
 361 362 410 
 410 362 363 
 363 369 411 
 363 411 410 
 366 365 412 
 412 365 364 
 364 368 412 
 369 366 413 
 366 412 413 
 367 409 414 
 368 367 414 
 412 368 415 
 368 414 416 
 368 416 415 
 417 411 369 
 417 369 413 
 374 370 418 
 418 370 371 
 418 371 419 
 419 371 404 
 377 372 420 
 420 372 373 
 420 373 421 
 421 373 374 
 421 374 422 
 422 374 418 
 379 375 423 
 423 375 376 
 423 376 424 
 424 376 377 
 424 377 425 
 425 377 420 
 380 378 426 
 426 378 379 
 426 379 427 
 427 379 423 
 428 380 426 
 383 381 429 
 429 381 380 
 429 380 428 
 384 382 430 
 430 382 383 
 430 383 431 
 431 383 429 
 432 384 433 
 433 384 430 
 385 386 437 
 388 385 437 
 386 435 438 
 437 386 438 
 387 388 439 
 390 387 439 
 388 437 440 
 439 388 440 
 389 390 441 
 393 389 441 
 390 439 442 
 441 390 442 
 391 394 443 
 396 391 443 
 392 393 444 
 394 392 444 
 393 441 445 
 444 393 445 
 394 444 446 
 443 394 446 
 395 396 447 
 399 395 447 
 396 443 448 
 447 396 448 
 397 400 449 
 398 397 449 
 398 449 450 
 401 398 450 
 399 447 451 
 400 399 451 
 400 451 452 
 449 400 452 
 401 450 453 
 403 402 454 
 401 453 454 
 454 402 401 
 403 454 455 
 406 403 455 
 419 404 456 
 456 404 405 
 456 405 457 
 457 405 410 
 406 455 458 
 406 458 407 
 407 458 459 
 407 459 408 
 414 409 460 
 409 408 460 
 408 459 460 
 461 411 417 
 457 410 462 
 462 410 411 
 462 411 461 
 463 417 413 
 463 413 412 
 412 415 463 
 414 460 464 
 416 414 464 
 465 463 415 
 416 464 465 
 465 415 416 
 461 417 466 
 466 417 463 
 422 418 467 
 467 418 419 
 467 419 468 
 468 419 456 
 425 420 469 
 469 420 421 
 469 421 470 
 470 421 422 
 470 422 471 
 471 422 467 
 427 423 472 
 472 423 424 
 473 425 469 
 472 424 474 
 474 424 425 
 474 425 473 
 428 426 475 
 475 426 427 
 475 427 476 
 476 427 472 
 477 428 475 
 431 429 478 
 478 429 428 
 478 428 477 
 433 430 479 
 479 430 431 
 479 431 480 
 480 431 478 
 434 432 481 
 481 432 433 
 481 433 482 
 482 433 479 
 483 434 484 
 484 434 481 
 435 436 488 
 438 435 488 
 436 486 489 
 488 436 489 
 437 438 490 
 440 437 490 
 438 488 491 
 490 438 491 
 439 440 492 
 442 439 492 
 440 490 493 
 492 440 493 
 441 442 494 
 445 441 494 
 442 492 495 
 494 442 495 
 443 446 496 
 448 443 496 
 444 445 497 
 446 444 497 
 445 494 498 
 497 445 498 
 446 497 499 
 496 446 499 
 448 496 500 
 447 448 501 
 451 447 501 
 501 448 500 
 449 452 502 
 450 449 502 
 450 502 503 
 450 503 453 
 451 501 504 
 452 451 504 
 452 504 505 
 502 452 505 
 453 503 506 
 455 454 507 
 454 453 507 
 453 506 507 
 455 507 508 
 458 455 508 
 468 456 509 
 509 456 457 
 509 457 510 
 510 457 462 
 458 508 511 
 459 458 511 
 459 511 512 
 459 512 460 
 464 460 513 
 513 460 512 
 514 461 466 
 510 462 515 
 515 462 461 
 515 461 514 
 464 513 516 
 466 463 517 
 517 463 465 
 517 465 518 
 518 465 464 
 464 516 518 
 514 466 519 
 519 466 517 
 471 467 520 
 520 467 468 
 520 468 521 
 521 468 509 
 473 469 522 
 522 469 470 
 522 470 523 
 523 470 471 
 523 471 524 
 524 471 520 
 525 473 522 
 476 472 526 
 526 472 474 
 526 474 527 
 527 474 473 
 527 473 525 
 527 525 528 
 477 475 529 
 529 475 476 
 529 476 530 
 530 476 526 
 531 477 529 
 480 478 532 
 532 478 477 
 532 477 531 
 482 479 533 
 533 479 480 
 533 480 534 
 534 480 532 
 484 481 535 
 535 481 482 
 535 482 536 
 536 482 533 
 485 483 537 
 537 483 484 
 537 484 538 
 538 484 535 
 539 485 537 
 540 485 539 
 486 487 544 
 489 486 544 
 487 542 545 
 544 487 545 
 488 489 546 
 491 488 546 
 489 544 547 
 546 489 547 
 490 491 548 
 493 490 548 
 491 546 549 
 548 491 549 
 492 493 550 
 495 492 550 
 493 548 551 
 550 493 551 
 494 495 552 
 498 494 552 
 495 550 553 
 552 495 553 
 496 499 554 
 500 496 554 
 497 498 555 
 499 497 555 
 498 552 556 
 555 498 556 
 499 555 557 
 554 499 557 
 500 554 558 
 501 500 559 
 559 500 558 
 504 501 560 
 501 559 560 
 502 505 561 
 503 502 561 
 503 561 562 
 506 503 562 
 504 560 563 
 505 504 563 
 505 563 564 
 561 505 564 
 506 562 565 
 506 565 566 
 506 566 507 
 508 507 567 
 567 507 566 
 508 567 568 
 511 508 568 
 521 509 569 
 569 509 510 
 569 510 570 
 570 510 515 
 511 568 571 
 512 511 571 
 512 571 572 
 512 572 513 
 513 572 516 
 516 572 573 
 574 514 519 
 570 515 575 
 575 515 514 
 575 514 574 
 576 518 516 
 516 573 576 
 519 517 577 
 577 517 518 
 577 518 576 
 574 519 578 
 578 519 577 
 579 574 578 
 524 520 580 
 580 520 521 
 580 521 581 
 581 521 569 
 525 522 582 
 582 522 523 
 583 524 580 
 582 523 584 
 523 524 584 
 584 524 583 
 528 525 585 
 525 582 585 
 586 528 585 
 530 526 587 
 587 526 527 
 587 527 588 
 588 527 528 
 588 528 586 
 531 529 589 
 589 529 530 
 589 530 590 
 590 530 587 
 591 531 589 
 534 532 592 
 592 532 531 
 592 531 591 
 536 533 593 
 593 533 534 
 593 534 594 
 594 534 592 
 538 535 595 
 595 535 536 
 595 536 596 
 596 536 593 
 539 537 597 
 597 537 538 
 597 538 598 
 598 538 595 
 599 539 597 
 541 540 600 
 600 540 539 
 600 539 599 
 601 541 602 
 602 541 600 
 542 543 606 
 545 542 606 
 543 604 607 
 606 543 607 
 544 545 608 
 547 544 608 
 545 606 609 
 608 545 609 
 546 547 610 
 549 546 610 
 547 608 611 
 610 547 611 
 548 549 612 
 551 548 612 
 549 610 613 
 612 549 613 
 550 551 614 
 553 550 614 
 551 612 615 
 614 551 615 
 552 553 616 
 556 552 616 
 553 614 617 
 616 553 617 
 554 557 618 
 558 554 618 
 555 556 619 
 557 555 619 
 556 616 620 
 619 556 620 
 557 619 621 
 618 557 621 
 558 618 622 
 559 558 623 
 623 558 622 
 563 560 624 
 560 559 624 
 559 623 624 
 561 564 625 
 562 561 625 
 562 625 626 
 565 562 626 
 563 624 627 
 564 563 627 
 564 627 628 
 625 564 628 
 565 626 629 
 566 565 630 
 567 566 630 
 630 565 629 
 568 567 631 
 631 567 630 
 568 631 632 
 571 568 632 
 581 569 633 
 633 569 570 
 633 570 634 
 634 570 575 
 571 632 635 
 571 635 572 
 572 635 636 
 572 636 573 
 573 636 637 
 573 637 576 
 634 575 638 
 638 575 574 
 638 574 579 
 639 576 637 
 578 577 640 
 640 577 576 
 640 576 639 
 579 578 641 
 641 578 640 
 638 579 642 
 579 641 642 
 583 580 643 
 643 580 581 
 643 581 644 
 644 581 633 
 583 643 645 
 582 584 646 
 646 585 582 
 646 584 647 
 584 583 647 
 583 645 647 
 586 585 648 
 648 585 646 
 649 586 648 
 650 588 586 
 650 586 649 
 590 587 651 
 651 587 588 
 651 588 650 
 652 650 649 
 591 589 653 
 653 589 590 
 653 590 654 
 654 590 651 
 655 591 653 
 594 592 656 
 656 592 591 
 656 591 655 
 596 593 657 
 657 593 594 
 657 594 658 
 658 594 656 
 598 595 659 
 659 595 596 
 659 596 660 
 660 596 657 
 599 597 661 
 661 597 598 
 661 598 662 
 662 598 659 
 663 599 661 
 602 600 664 
 664 600 599 
 664 599 663 
 603 601 665 
 665 601 602 
 665 602 666 
 666 602 664 
 667 603 665 
 668 603 667 
 604 605 670 
 607 604 670 
 670 605 671 
 605 672 671 
 606 607 673 
 609 606 673 
 607 670 674 
 673 607 674 
 608 609 675 
 611 608 675 
 609 673 676 
 675 609 676 
 610 611 677 
 613 610 677 
 611 675 678 
 677 611 678 
 612 613 679 
 615 612 679 
 613 677 680 
 613 680 679 
 614 615 681 
 617 614 681 
 615 679 682 
 681 615 682 
 616 617 683 
 620 616 683 
 617 681 684 
 683 617 684 
 618 621 685 
 622 618 685 
 622 685 686 
 619 620 687 
 621 619 687 
 620 683 688 
 687 620 688 
 621 687 689 
 685 621 689 
 623 622 690 
 622 686 690 
 627 624 691 
 623 690 691 
 691 624 623 
 690 686 692 
 625 628 693 
 626 625 693 
 626 693 694 
 629 626 694 
 627 691 695 
 628 627 695 
 628 695 696 
 693 628 696 
 630 629 697 
 629 694 698 
 697 629 698 
 632 631 699 
 631 630 699 
 630 697 699 
 632 699 700 
 635 632 700 
 644 633 701 
 701 633 634 
 701 634 702 
 702 634 638 
 635 700 703 
 636 635 703 
 636 703 704 
 637 636 704 
 637 704 639 
 704 705 639 
 702 638 706 
 706 638 642 
 640 639 707 
 707 639 705 
 641 640 708 
 708 640 707 
 706 642 709 
 709 642 641 
 709 641 708 
 645 643 710 
 710 643 644 
 710 644 711 
 711 644 701 
 712 647 645 
 712 645 710 
 713 712 710 
 648 646 714 
 714 646 647 
 714 647 715 
 715 647 712 
 649 648 716 
 716 648 714 
 652 649 717 
 717 649 716 
 654 651 718 
 718 651 650 
 718 650 652 
 718 652 719 
 652 717 719 
 655 653 720 
 720 653 654 
 720 654 721 
 721 654 718 
 722 655 720 
 658 656 723 
 723 656 655 
 723 655 722 
 660 657 724 
 724 657 658 
 724 658 725 
 725 658 723 
 662 659 726 
 726 659 660 
 726 660 727 
 727 660 724 
 663 661 728 
 728 661 662 
 728 662 729 
 729 662 726 
 730 663 728 
 666 664 731 
 731 664 663 
 731 663 730 
 667 665 732 
 732 665 666 
 732 666 733 
 733 666 731 
 734 667 732 
 669 668 735 
 735 668 667 
 735 667 734 
 669 735 736 
 737 669 736 
 670 671 738 
 674 670 738 
 672 739 671 
 739 738 671 
 738 740 674 
 673 674 741 
 676 673 741 
 741 674 740 
 675 676 742 
 675 742 678 
 676 741 743 
 742 676 743 
 677 678 744 
 680 677 744 
 678 742 745 
 744 678 745 
 679 680 746 
 682 679 746 
 680 744 747 
 746 680 747 
 681 682 748 
 684 681 748 
 682 746 749 
 748 682 749 
 683 684 750 
 688 683 750 
 684 748 751 
 750 684 751 
 685 689 752 
 686 685 752 
 686 752 692 
 687 688 753 
 689 687 753 
 688 750 754 
 753 688 754 
 689 753 755 
 752 689 755 
 695 691 756 
 691 690 756 
 690 692 756 
 692 752 757 
 692 757 758 
 756 692 758 
 693 696 759 
 694 693 759 
 694 759 760 
 698 694 760 
 695 756 761 
 696 695 761 
 696 761 762 
 759 696 762 
 697 698 763 
 697 763 699 
 698 760 764 
 763 698 764 
 700 699 765 
 765 699 763 
 765 763 766 
 700 765 767 
 703 700 767 
 711 701 768 
 768 701 702 
 768 702 769 
 769 702 706 
 768 769 770 
 703 767 771 
 704 703 771 
 704 771 772 
 704 772 705 
 705 772 773 
 707 705 773 
 769 706 774 
 774 706 709 
 775 708 707 
 775 707 773 
 774 709 776 
 709 708 776 
 776 708 775 
 713 710 777 
 710 711 777 
 711 768 777 
 715 712 778 
 778 712 713 
 778 713 779 
 779 713 777 
 716 714 780 
 780 714 715 
 716 780 781 
 780 715 782 
 782 715 778 
 717 716 783 
 783 716 781 
 784 719 717 
 784 717 783 
 721 718 785 
 785 718 719 
 785 719 784 
 722 720 786 
 786 720 721 
 786 721 787 
 787 721 785 
 788 722 786 
 725 723 789 
 789 723 722 
 789 722 788 
 727 724 790 
 790 724 725 
 790 725 791 
 791 725 789 
 792 727 790 
 729 726 793 
 793 726 727 
 793 727 792 
 730 728 794 
 794 728 729 
 794 729 795 
 795 729 793 
 796 730 794 
 733 731 797 
 797 731 730 
 797 730 796 
 733 797 798 
 734 732 799 
 732 733 799 
 798 799 733 
 735 734 800 
 799 800 734 
 801 736 735 
 800 801 735 
 802 737 736 
 801 802 736 
 738 803 740 
 739 804 738 
 738 804 803 
 740 803 805 
 740 805 741 
 805 806 741 
 743 741 806 
 806 807 743 
 742 743 807 
 745 742 807 
 807 808 745 
 744 745 809 
 747 744 809 
 809 745 808 
 746 747 810 
 749 746 810 
 747 809 811 
 810 747 811 
 749 810 812 
 748 749 813 
 751 748 813 
 813 749 812 
 750 751 814 
 754 750 814 
 751 813 815 
 814 751 815 
 752 755 816 
 752 816 757 
 754 814 817 
 753 754 818 
 755 753 818 
 818 754 817 
 755 818 819 
 816 755 819 
 761 756 820 
 758 820 756 
 757 816 821 
 757 821 758 
 758 821 822 
 758 822 820 
 759 762 823 
 760 759 823 
 760 823 824 
 764 760 824 
 761 820 825 
 762 761 825 
 762 825 826 
 823 762 826 
 763 764 827 
 763 827 766 
 764 824 828 
 827 764 828 
 767 765 829 
 829 765 766 
 829 766 830 
 766 827 830 
 767 829 831 
 771 767 831 
 832 777 768 
 832 768 770 
 770 769 833 
 769 774 833 
 834 832 770 
 834 770 833 
 771 831 835 
 772 771 835 
 772 835 836 
 773 772 836 
 773 836 837 
 837 775 773 
 774 776 838 
 838 833 774 
 776 775 839 
 839 775 837 
 838 776 840 
 776 839 840 
 779 777 841 
 841 777 832 
 842 779 841 
 782 778 843 
 843 778 779 
 843 779 842 
 781 780 844 
 844 780 782 
 845 783 781 
 781 844 845 
 844 782 846 
 846 782 843 
 848 784 783 
 848 783 845 
 848 845 847 
 787 785 849 
 849 785 784 
 849 784 848 
 788 786 850 
 850 786 787 
 850 787 851 
 851 787 849 
 852 788 850 
 791 789 853 
 853 789 788 
 853 788 852 
 792 790 854 
 854 790 791 
 854 791 855 
 855 791 853 
 856 792 854 
 795 793 857 
 857 793 792 
 857 792 856 
 795 857 858 
 796 794 859 
 794 795 859 
 858 859 795 
 797 796 860 
 859 860 796 
 861 798 797 
 860 861 797 
 862 799 798 
 861 862 798 
 863 800 799 
 862 863 799 
 864 801 800 
 863 864 800 
 865 802 801 
 864 865 801 
 803 866 805 
 804 867 803 
 803 867 866 
 805 866 868 
 805 868 806 
 806 868 869 
 806 869 807 
 807 869 870 
 807 870 808 
 808 870 871 
 808 871 809 
 871 872 809 
 811 809 872 
 872 873 811 
 810 811 873 
 812 810 873 
 873 874 812 
 813 812 875 
 815 813 875 
 875 812 874 
 814 815 876 
 817 814 876 
 815 875 877 
 876 815 877 
 816 819 878 
 821 816 878 
 817 876 879 
 818 817 880 
 819 818 880 
 880 817 879 
 819 880 881 
 878 819 881 
 825 820 882 
 882 820 822 
 821 878 883 
 821 883 822 
 882 822 884 
 822 883 884 
 823 826 885 
 824 823 885 
 824 885 886 
 828 824 887 
 824 886 887 
 825 882 888 
 826 825 888 
 826 888 889 
 885 826 889 
 827 828 890 
 827 890 830 
 828 887 891 
 890 828 891 
 831 829 892 
 892 829 830 
 892 830 893 
 893 830 890 
 831 892 894 
 835 831 894 
 841 832 895 
 895 832 834 
 896 834 833 
 896 833 838 
 895 834 897 
 897 834 896 
 835 894 898 
 836 835 898 
 836 898 837 
 839 837 899 
 899 837 900 
 898 900 837 
 901 896 838 
 901 838 840 
 902 901 840 
 902 840 839 
 839 899 902 
 842 841 903 
 903 841 895 
 904 842 903 
 846 843 905 
 843 842 905 
 905 842 904 
 847 845 906 
 845 844 906 
 844 846 906 
 846 905 907 
 907 906 846 
 908 847 906 
 909 848 847 
 909 847 908 
 851 849 910 
 910 849 848 
 910 848 909 
 852 850 911 
 911 850 851 
 911 851 912 
 912 851 910 
 913 852 911 
 855 853 914 
 914 853 852 
 914 852 913 
 855 914 915 
 856 854 916 
 854 855 916 
 915 916 855 
 857 856 917 
 916 917 856 
 918 858 857 
 917 918 857 
 919 859 858 
 918 919 858 
 920 860 859 
 919 920 859 
 921 861 860 
 920 921 860 
 922 862 861 
 921 922 861 
 923 863 862 
 922 923 862 
 924 864 863 
 923 924 863 
 925 865 864 
 924 925 864 
 866 926 868 
 867 927 866 
 866 927 926 
 868 926 928 
 868 928 869 
 869 928 929 
 869 929 870 
 870 929 930 
 870 930 871 
 871 930 931 
 871 931 872 
 872 931 932 
 872 932 873 
 873 932 933 
 873 933 874 
 874 933 934 
 874 934 875 
 934 935 875 
 877 875 935 
 935 936 877 
 876 877 936 
 879 876 936 
 936 937 879 
 878 881 938 
 883 878 938 
 880 879 939 
 881 880 939 
 939 879 937 
 881 939 940 
 938 881 940 
 888 882 941 
 941 882 884 
 883 938 942 
 883 942 884 
 941 884 942 
 942 943 941 
 885 889 944 
 886 885 944 
 886 944 945 
 891 887 945 
 886 945 887 
 888 941 946 
 889 888 946 
 889 946 947 
 944 889 947 
 891 945 948 
 890 891 949 
 890 949 893 
 891 948 949 
 894 892 950 
 950 892 893 
 950 893 951 
 893 949 951 
 894 950 952 
 898 894 952 
 903 895 953 
 953 895 897 
 897 896 954 
 954 896 901 
 953 897 955 
 955 897 954 
 898 952 956 
 898 956 900 
 957 902 899 
 900 956 957 
 957 899 900 
 954 901 958 
 958 901 902 
 958 902 959 
 959 902 957 
 904 903 960 
 960 903 953 
 905 904 961 
 961 904 962 
 962 904 960 
 907 905 963 
 963 905 961 
 908 906 964 
 964 906 907 
 964 907 963 
 965 908 964 
 966 909 908 
 966 908 965 
 912 910 967 
 967 910 909 
 967 909 966 
 912 967 968 
 913 911 969 
 911 912 969 
 968 969 912 
 914 913 970 
 969 970 913 
 971 915 914 
 970 971 914 
 972 916 915 
 971 972 915 
 973 917 916 
 972 973 916 
 974 918 917 
 973 974 917 
 975 919 918 
 974 975 918 
 976 920 919 
 975 976 919 
 977 921 920 
 976 977 920 
 978 922 921 
 977 978 921 
 979 923 922 
 978 979 922 
 980 924 923 
 979 980 923 
 981 925 924 
 980 981 924 
 926 982 928 
 927 983 926 
 926 983 982 
 928 982 984 
 928 984 929 
 929 984 985 
 929 985 930 
 930 985 986 
 930 986 931 
 931 986 987 
 931 987 932 
 932 987 988 
 932 988 933 
 937 989 939 
 933 988 990 
 933 990 934 
 934 990 991 
 934 991 935 
 935 991 992 
 935 992 936 
 936 992 993 
 936 993 937 
 937 993 989 
 938 940 994 
 942 938 994 
 989 995 939 
 940 939 995 
 995 994 940 
 946 941 996 
 996 941 943 
 994 997 942 
 942 997 943 
 997 998 943 
 996 943 998 
 944 947 999 
 944 999 945 
 945 999 948 
 999 1000 948 
 946 996 1001 
 947 946 1001 
 947 1001 1002 
 999 947 1002 
 949 948 1003 
 1003 948 1000 
 949 1003 1005 
 949 1005 951 
 952 950 1006 
 1006 950 951 
 1006 951 1005 
 952 1006 1007 
 956 952 1007 
 956 1007 1004 
 960 953 1008 
 1008 953 955 
 955 954 1009 
 1009 954 958 
 1008 955 1010 
 1010 955 1009 
 959 957 1011 
 1011 957 956 
 956 1004 1011 
 1009 958 1013 
 1009 1013 1012 
 1013 958 959 
 1013 959 1014 
 1014 959 1011 
 960 1008 1015 
 962 960 1016 
 960 1015 1016 
 963 961 1017 
 961 962 1017 
 1016 1017 962 
 1017 1018 963 
 964 963 1018 
 965 964 1019 
 1018 1019 964 
 966 965 1020 
 1019 1020 965 
 967 966 1021 
 1021 966 1020 
 1022 968 967 
 1021 1022 967 
 1023 969 968 
 1022 1023 968 
 1024 970 969 
 1023 1024 969 
 1025 971 970 
 1024 1025 970 
 1026 972 971 
 1026 971 1025 
 1027 973 972 
 1026 1027 972 
 1028 974 973 
 1027 1028 973 
 1029 975 974 
 1028 1029 974 
 1030 976 975 
 1029 1030 975 
 1031 977 976 
 1030 1031 976 
 1032 978 977 
 1031 1032 977 
 1033 979 978 
 1032 1033 978 
 1034 980 979 
 1033 1034 979 
 1035 981 980 
 1034 1035 980 
 982 1036 984 
 983 1037 982 
 982 1037 1036 
 984 1036 1038 
 984 1038 985 
 985 1038 1039 
 985 1039 986 
 986 1039 1040 
 986 1040 987 
 987 1040 1041 
 987 1041 988 
 988 1041 1042 
 988 1042 990 
 989 1043 995 
 993 1044 989 
 989 1044 1043 
 990 1042 1045 
 990 1045 991 
 991 1045 1046 
 991 1046 992 
 992 1046 1047 
 992 1047 993 
 993 1047 1044 
 994 1048 997 
 995 1043 1049 
 995 1049 994 
 994 1049 1048 
 998 1050 996 
 1001 996 1050 
 997 1048 1051 
 997 1051 998 
 998 1051 1050 
 1048 1052 1051 
 1003 1000 1053 
 999 1002 1054 
 999 1054 1000 
 1000 1054 1055 
 1000 1055 1053 
 1050 1056 1001 
 1001 1056 1002 
 1056 1057 1002 
 1057 1058 1002 
 1054 1002 1058 
 1004 1059 1011 
 1005 1003 1060 
 1060 1003 1053 
 1053 1061 1060 
 1004 1007 1062 
 1004 1062 1059 
 1005 1060 1063 
 1005 1063 1006 
 1007 1006 1064 
 1007 1064 1062 
 1064 1006 1063 
 1015 1008 1065 
 1065 1008 1010 
 1065 1010 1066 
 1010 1009 1066 
 1009 1012 1066 
 1014 1011 1067 
 1067 1011 1059 
 1068 1066 1012 
 1012 1013 1069 
 1069 1068 1012 
 1070 1069 1013 
 1013 1014 1070 
 1014 1067 1070 
 1071 1016 1015 
 1071 1015 1065 
 1072 1017 1016 
 1072 1016 1071 
 1073 1018 1017 
 1072 1073 1017 
 1074 1019 1018 
 1073 1074 1018 
 1074 1075 1019 
 1019 1075 1020 
 1021 1020 1075 
 1076 1022 1021 
 1076 1021 1077 
 1075 1077 1021 
 1078 1023 1022 
 1076 1078 1022 
 1079 1024 1023 
 1078 1079 1023 
 1080 1025 1024 
 1079 1080 1024 
 1081 1026 1025 
 1080 1081 1025 
 1082 1027 1026 
 1081 1082 1026 
 1083 1028 1027 
 1082 1083 1027 
 1084 1029 1028 
 1083 1084 1028 
 1085 1030 1029 
 1084 1085 1029 
 1086 1031 1030 
 1085 1086 1030 
 1087 1032 1031 
 1086 1087 1031 
 1088 1033 1032 
 1087 1088 1032 
 1089 1034 1033 
 1088 1089 1033 
 1090 1035 1034 
 1089 1090 1034 
 1036 1091 1038 
 1037 1092 1036 
 1036 1092 1091 
 1038 1091 1093 
 1038 1093 1039 
 1039 1093 1094 
 1039 1094 1040 
 1040 1094 1095 
 1040 1095 1041 
 1041 1095 1096 
 1041 1096 1042 
 1042 1096 1097 
 1042 1097 1045 
 1043 1098 1049 
 1044 1099 1043 
 1043 1099 1098 
 1047 1100 1044 
 1044 1100 1099 
 1045 1097 1101 
 1045 1101 1046 
 1046 1101 1102 
 1046 1102 1047 
 1047 1102 1100 
 1050 1103 1056 
 1049 1098 1104 
 1049 1104 1048 
 1048 1104 1052 
 1098 1105 1104 
 1051 1052 1106 
 1051 1106 1050 
 1050 1106 1103 
 1104 1107 1052 
 1052 1107 1106 
 1055 1108 1053 
 1053 1108 1061 
 1058 1109 1054 
 1109 1108 1055 
 1109 1055 1054 
 1103 1110 1056 
 1056 1110 1057 
 1110 1111 1057 
 1057 1111 1058 
 1058 1111 1109 
 1108 1112 1061 
 1062 1113 1059 
 1113 1067 1059 
 1061 1112 1114 
 1061 1114 1060 
 1114 1063 1060 
 1114 1115 1063 
 1063 1115 1064 
 1062 1064 1115 
 1115 1113 1062 
 1116 1071 1065 
 1066 1116 1065 
 1117 1116 1066 
 1117 1066 1068 
 1113 1118 1067 
 1119 1070 1067 
 1067 1118 1119 
 1121 1120 1117 
 1069 1121 1068 
 1117 1068 1121 
 1122 1121 1069 
 1122 1069 1070 
 1122 1070 1119 
 1123 1072 1071 
 1116 1123 1071 
 1124 1072 1123 
 1125 1073 1072 
 1124 1125 1072 
 1126 1074 1073 
 1125 1126 1073 
 1127 1075 1074 
 1126 1127 1074 
 1127 1128 1075 
 1075 1128 1077 
 1129 1078 1076 
 1129 1076 1130 
 1128 1130 1077 
 1130 1076 1077 
 1131 1079 1078 
 1129 1131 1078 
 1132 1080 1079 
 1132 1079 1131 
 1133 1081 1080 
 1132 1133 1080 
 1134 1082 1081 
 1133 1134 1081 
 1135 1083 1082 
 1134 1135 1082 
 1136 1084 1083 
 1135 1136 1083 
 1137 1085 1084 
 1136 1137 1084 
 1138 1086 1085 
 1137 1138 1085 
 1139 1087 1086 
 1138 1139 1086 
 1140 1088 1087 
 1139 1140 1087 
 1141 1089 1088 
 1140 1141 1088 
 1142 1090 1089 
 1141 1142 1089 
 1091 1143 1093 
 1092 1144 1091 
 1091 1144 1143 
 1093 1143 1145 
 1093 1145 1094 
 1094 1145 1146 
 1094 1146 1095 
 1095 1146 1147 
 1095 1147 1096 
 1096 1147 1148 
 1096 1148 1097 
 1097 1148 1149 
 1097 1149 1101 
 1099 1150 1098 
 1098 1150 1105 
 1150 1151 1105 
 1100 1152 1099 
 1099 1152 1150 
 1102 1153 1100 
 1100 1153 1152 
 1101 1149 1154 
 1101 1154 1102 
 1102 1154 1153 
 1155 1110 1103 
 1103 1106 1155 
 1105 1151 1156 
 1105 1156 1157 
 1104 1105 1157 
 1104 1157 1107 
 1107 1158 1106 
 1158 1155 1106 
 1107 1157 1159 
 1159 1158 1107 
 1109 1160 1108 
 1108 1160 1112 
 1111 1161 1109 
 1109 1161 1160 
 1155 1162 1110 
 1162 1163 1110 
 1110 1163 1111 
 1111 1163 1161 
 1160 1164 1112 
 1112 1164 1165 
 1112 1165 1114 
 1115 1166 1113 
 1113 1166 1118 
 1114 1165 1167 
 1114 1167 1115 
 1115 1167 1166 
 1168 1123 1116 
 1168 1116 1117 
 1168 1117 1120 
 1166 1169 1118 
 1169 1170 1118 
 1170 1122 1119 
 1118 1170 1119 
 1171 1168 1120 
 1172 1171 1120 
 1121 1172 1120 
 1173 1172 1121 
 1173 1121 1122 
 1170 1173 1122 
 1174 1124 1123 
 1174 1123 1168 
 1174 1175 1124 
 1176 1125 1124 
 1176 1124 1175 
 1177 1126 1125 
 1176 1177 1125 
 1178 1127 1126 
 1177 1178 1126 
 1179 1128 1127 
 1178 1179 1127 
 1180 1131 1129 
 1179 1181 1128 
 1128 1181 1130 
 1180 1129 1182 
 1182 1129 1130 
 1182 1130 1181 
 1183 1132 1131 
 1183 1131 1180 
 1184 1133 1132 
 1183 1184 1132 
 1185 1134 1133 
 1184 1185 1133 
 1186 1135 1134 
 1185 1186 1134 
 1187 1136 1135 
 1186 1187 1135 
 1188 1137 1136 
 1187 1188 1136 
 1189 1138 1137 
 1188 1189 1137 
 1190 1139 1138 
 1189 1190 1138 
 1191 1140 1139 
 1190 1191 1139 
 1192 1141 1140 
 1191 1192 1140 
 1193 1142 1141 
 1192 1193 1141 
 1143 1194 1145 
 1144 1195 1143 
 1143 1195 1194 
 1145 1194 1196 
 1145 1196 1146 
 1146 1196 1197 
 1146 1197 1147 
 1147 1197 1198 
 1147 1198 1148 
 1148 1198 1199 
 1148 1199 1149 
 1149 1199 1200 
 1149 1200 1154 
 1201 1156 1151 
 1152 1202 1150 
 1150 1202 1151 
 1202 1201 1151 
 1153 1203 1152 
 1152 1203 1202 
 1154 1200 1204 
 1154 1204 1153 
 1153 1204 1203 
 1201 1205 1156 
 1158 1206 1155 
 1155 1206 1162 
 1156 1205 1207 
 1156 1207 1157 
 1157 1207 1159 
 1207 1208 1159 
 1159 1208 1158 
 1158 1208 1206 
 1161 1209 1160 
 1160 1209 1164 
 1209 1210 1164 
 1206 1211 1162 
 1163 1212 1161 
 1161 1212 1209 
 1162 1211 1213 
 1162 1213 1163 
 1163 1213 1212 
 1164 1210 1214 
 1164 1214 1165 
 1165 1214 1215 
 1165 1215 1167 
 1167 1215 1216 
 1167 1216 1166 
 1166 1216 1169 
 1217 1174 1168 
 1217 1168 1171 
 1218 1170 1169 
 1169 1216 1218 
 1219 1173 1170 
 1218 1219 1170 
 1171 1220 1217 
 1221 1220 1171 
 1172 1221 1171 
 1222 1221 1172 
 1222 1172 1173 
 1219 1222 1173 
 1223 1175 1174 
 1217 1223 1174 
 1224 1177 1176 
 1223 1224 1175 
 1224 1176 1175 
 1225 1178 1177 
 1224 1225 1177 
 1226 1179 1178 
 1225 1226 1178 
 1227 1181 1179 
 1226 1227 1179 
 1228 1183 1180 
 1228 1180 1182 
 1227 1229 1181 
 1229 1228 1182 
 1182 1181 1229 
 1230 1183 1228 
 1231 1184 1183 
 1230 1231 1183 
 1232 1185 1184 
 1231 1232 1184 
 1233 1186 1185 
 1232 1233 1185 
 1234 1187 1186 
 1233 1234 1186 
 1235 1188 1187 
 1234 1235 1187 
 1236 1189 1188 
 1235 1236 1188 
 1237 1190 1189 
 1236 1237 1189 
 1238 1191 1190 
 1237 1238 1190 
 1239 1192 1191 
 1238 1239 1191 
 1240 1193 1192 
 1239 1240 1192 
 1194 1241 1196 
 1195 1242 1194 
 1194 1242 1241 
 1196 1241 1243 
 1196 1243 1197 
 1197 1243 1244 
 1197 1244 1198 
 1198 1244 1245 
 1198 1245 1199 
 1199 1245 1246 
 1199 1246 1200 
 1200 1246 1247 
 1200 1247 1204 
 1202 1248 1201 
 1201 1248 1205 
 1203 1249 1202 
 1202 1249 1248 
 1204 1247 1250 
 1204 1250 1203 
 1203 1250 1249 
 1248 1251 1205 
 1205 1251 1252 
 1205 1252 1207 
 1208 1253 1206 
 1206 1253 1211 
 1207 1252 1254 
 1207 1254 1208 
 1208 1254 1253 
 1214 1210 1255 
 1212 1256 1209 
 1209 1256 1210 
 1210 1256 1257 
 1210 1257 1255 
 1253 1258 1211 
 1211 1258 1259 
 1211 1259 1213 
 1213 1259 1260 
 1213 1260 1212 
 1212 1260 1256 
 1214 1255 1261 
 1215 1214 1261 
 1215 1261 1262 
 1216 1215 1262 
 1216 1262 1263 
 1216 1263 1218 
 1264 1223 1217 
 1264 1217 1220 
 1265 1264 1220 
 1266 1219 1218 
 1263 1266 1218 
 1267 1222 1219 
 1266 1267 1219 
 1268 1265 1220 
 1221 1268 1220 
 1269 1268 1221 
 1269 1221 1222 
 1267 1269 1222 
 1270 1224 1223 
 1264 1270 1223 
 1271 1225 1224 
 1270 1271 1224 
 1272 1226 1225 
 1271 1272 1225 
 1273 1227 1226 
 1272 1273 1226 
 1274 1229 1227 
 1273 1274 1227 
 1275 1230 1228 
 1275 1228 1229 
 1274 1276 1229 
 1276 1275 1229 
 1277 1231 1230 
 1277 1230 1275 
 1278 1232 1231 
 1277 1278 1231 
 1279 1233 1232 
 1278 1279 1232 
 1280 1234 1233 
 1279 1280 1233 
 1281 1235 1234 
 1280 1281 1234 
 1282 1236 1235 
 1281 1282 1235 
 1283 1237 1236 
 1282 1283 1236 
 1284 1238 1237 
 1283 1284 1237 
 1285 1239 1238 
 1284 1285 1238 
 1286 1240 1239 
 1285 1286 1239 
 1241 1287 1243 
 1242 1288 1241 
 1241 1288 1287 
 1243 1287 1289 
 1243 1289 1244 
 1244 1289 1290 
 1244 1290 1245 
 1245 1290 1291 
 1245 1291 1246 
 1246 1291 1292 
 1246 1292 1247 
 1247 1292 1293 
 1247 1293 1250 
 1249 1294 1248 
 1248 1294 1251 
 1250 1293 1295 
 1250 1295 1249 
 1249 1295 1294 
 1294 1296 1251 
 1251 1296 1297 
 1251 1297 1252 
 1252 1297 1298 
 1252 1298 1254 
 1254 1298 1299 
 1254 1299 1253 
 1253 1299 1258 
 1261 1255 1300 
 1258 1299 1301 
 1257 1302 1255 
 1302 1300 1255 
 1256 1260 1303 
 1256 1303 1257 
 1303 1302 1257 
 1258 1301 1304 
 1259 1258 1304 
 1259 1304 1260 
 1304 1305 1260 
 1305 1303 1260 
 1300 1306 1261 
 1261 1306 1262 
 1306 1263 1262 
 1300 1307 1306 
 1306 1308 1263 
 1263 1308 1266 
 1309 1270 1264 
 1309 1264 1265 
 1310 1309 1265 
 1268 1310 1265 
 1311 1267 1266 
 1308 1311 1266 
 1312 1269 1267 
 1311 1312 1267 
 1313 1310 1268 
 1313 1268 1269 
 1312 1313 1269 
 1314 1271 1270 
 1309 1314 1270 
 1315 1314 1309 
 1316 1272 1271 
 1314 1316 1271 
 1317 1273 1272 
 1316 1317 1272 
 1318 1274 1273 
 1317 1318 1273 
 1319 1276 1274 
 1318 1319 1274 
 1320 1277 1275 
 1320 1275 1276 
 1319 1321 1276 
 1276 1321 1320 
 1322 1278 1277 
 1320 1322 1277 
 1323 1279 1278 
 1322 1323 1278 
 1324 1280 1279 
 1323 1324 1279 
 1325 1281 1280 
 1324 1325 1280 
 1326 1282 1281 
 1325 1326 1281 
 1327 1283 1282 
 1326 1327 1282 
 1328 1284 1283 
 1327 1328 1283 
 1329 1285 1284 
 1328 1329 1284 
 1330 1286 1285 
 1329 1330 1285 
 1287 1331 1289 
 1288 1332 1287 
 1287 1332 1331 
 1289 1331 1333 
 1289 1333 1290 
 1290 1333 1334 
 1290 1334 1291 
 1291 1334 1335 
 1291 1335 1292 
 1292 1335 1336 
 1292 1336 1293 
 1293 1336 1337 
 1293 1337 1295 
 1295 1337 1338 
 1295 1338 1294 
 1294 1338 1296 
 1338 1339 1296 
 1296 1339 1297 
 1339 1340 1297 
 1298 1297 1340 
 1340 1341 1298 
 1298 1341 1299 
 1341 1342 1299 
 1342 1301 1299 
 1302 1343 1300 
 1300 1343 1307 
 1343 1344 1307 
 1342 1345 1301 
 1301 1345 1304 
 1303 1346 1302 
 1302 1346 1343 
 1305 1347 1303 
 1303 1347 1346 
 1304 1345 1348 
 1304 1348 1305 
 1305 1348 1347 
 1307 1349 1306 
 1306 1349 1308 
 1307 1344 1350 
 1307 1350 1349 
 1351 1350 1344 
 1352 1311 1308 
 1349 1352 1308 
 1315 1309 1353 
 1310 1353 1309 
 1354 1353 1310 
 1354 1310 1313 
 1355 1312 1311 
 1352 1355 1311 
 1356 1354 1313 
 1356 1313 1312 
 1355 1356 1312 
 1357 1316 1314 
 1315 1357 1314 
 1358 1357 1315 
 1358 1315 1353 
 1359 1317 1316 
 1357 1359 1316 
 1360 1318 1317 
 1359 1360 1317 
 1361 1319 1318 
 1360 1361 1318 
 1362 1321 1319 
 1361 1362 1319 
 1363 1322 1320 
 1363 1320 1321 
 1362 1364 1321 
 1364 1363 1321 
 1365 1323 1322 
 1363 1365 1322 
 1366 1324 1323 
 1365 1366 1323 
 1367 1325 1324 
 1366 1367 1324 
 1368 1326 1325 
 1367 1368 1325 
 1369 1327 1326 
 1368 1369 1326 
 1370 1328 1327 
 1369 1370 1327 
 1371 1329 1328 
 1370 1371 1328 
 1372 1330 1329 
 1371 1372 1329 
 1331 1373 1333 
 1332 1374 1331 
 1331 1374 1373 
 1333 1373 1375 
 1333 1375 1334 
 1334 1375 1376 
 1334 1376 1335 
 1335 1376 1377 
 1335 1377 1336 
 1336 1377 1378 
 1336 1378 1337 
 1337 1378 1379 
 1337 1379 1338 
 1338 1379 1380 
 1338 1380 1339 
 1339 1380 1381 
 1339 1381 1340 
 1340 1381 1382 
 1340 1382 1341 
 1382 1383 1341 
 1341 1383 1342 
 1342 1383 1384 
 1342 1384 1345 
 1346 1385 1343 
 1343 1385 1344 
 1385 1351 1344 
 1345 1384 1386 
 1345 1386 1348 
 1347 1387 1346 
 1346 1387 1385 
 1348 1386 1388 
 1348 1388 1347 
 1347 1388 1387 
 1350 1389 1349 
 1349 1389 1352 
 1385 1390 1351 
 1351 1390 1391 
 1351 1391 1350 
 1350 1391 1389 
 1392 1355 1352 
 1389 1392 1352 
 1389 1393 1392 
 1394 1358 1353 
 1395 1394 1353 
 1395 1353 1354 
 1396 1395 1354 
 1396 1354 1356 
 1397 1396 1356 
 1397 1356 1355 
 1397 1355 1392 
 1398 1359 1357 
 1358 1398 1357 
 1394 1399 1358 
 1400 1398 1358 
 1399 1400 1358 
 1401 1360 1359 
 1398 1401 1359 
 1402 1361 1360 
 1401 1402 1360 
 1403 1362 1361 
 1402 1403 1361 
 1404 1364 1362 
 1403 1404 1362 
 1405 1365 1363 
 1404 1405 1364 
 1405 1363 1364 
 1406 1366 1365 
 1405 1406 1365 
 1407 1367 1366 
 1406 1407 1366 
 1408 1368 1367 
 1407 1408 1367 
 1409 1369 1368 
 1408 1409 1368 
 1410 1370 1369 
 1409 1410 1369 
 1411 1371 1370 
 1410 1411 1370 
 1412 1372 1371 
 1411 1412 1371 
 1373 1413 1375 
 1374 1414 1373 
 1373 1414 1413 
 1375 1413 1415 
 1375 1415 1376 
 1376 1415 1416 
 1376 1416 1377 
 1377 1416 1417 
 1377 1417 1378 
 1378 1417 1418 
 1378 1418 1379 
 1379 1418 1419 
 1379 1419 1380 
 1380 1419 1420 
 1380 1420 1381 
 1383 1421 1384 
 1381 1420 1422 
 1381 1422 1382 
 1382 1422 1423 
 1382 1423 1383 
 1383 1423 1421 
 1384 1421 1424 
 1384 1424 1386 
 1387 1425 1385 
 1385 1425 1390 
 1386 1424 1426 
 1386 1426 1388 
 1388 1426 1427 
 1388 1427 1387 
 1387 1427 1425 
 1421 1428 1424 
 1425 1429 1390 
 1391 1430 1389 
 1389 1430 1393 
 1390 1429 1431 
 1390 1431 1391 
 1391 1431 1430 
 1397 1392 1432 
 1432 1392 1393 
 1430 1433 1393 
 1433 1432 1393 
 1434 1399 1394 
 1434 1394 1395 
 1435 1434 1395 
 1435 1395 1396 
 1435 1396 1436 
 1436 1396 1397 
 1436 1397 1437 
 1432 1437 1397 
 1438 1399 1434 
 1439 1401 1398 
 1439 1398 1400 
 1438 1440 1399 
 1399 1440 1400 
 1439 1400 1440 
 1441 1402 1401 
 1439 1441 1401 
 1442 1403 1402 
 1441 1442 1402 
 1443 1404 1403 
 1442 1443 1403 
 1444 1405 1404 
 1443 1444 1404 
 1445 1406 1405 
 1444 1445 1405 
 1446 1407 1406 
 1445 1446 1406 
 1447 1408 1407 
 1446 1447 1407 
 1448 1409 1408 
 1447 1448 1408 
 1449 1410 1409 
 1448 1449 1409 
 1450 1411 1410 
 1449 1450 1410 
 1451 1412 1411 
 1450 1451 1411 
 1413 1452 1415 
 1414 1453 1413 
 1413 1453 1452 
 1415 1452 1454 
 1415 1454 1416 
 1416 1454 1455 
 1416 1455 1417 
 1417 1455 1456 
 1417 1456 1418 
 1418 1456 1457 
 1418 1457 1419 
 1419 1457 1458 
 1419 1458 1420 
 1420 1458 1459 
 1420 1459 1422 
 1423 1460 1421 
 1421 1460 1428 
 1422 1459 1461 
 1422 1461 1423 
 1423 1461 1460 
 1460 1462 1428 
 1424 1428 1463 
 1424 1463 1426 
 1427 1464 1425 
 1425 1464 1429 
 1426 1463 1465 
 1426 1465 1427 
 1427 1465 1464 
 1428 1462 1466 
 1428 1466 1463 
 1464 1467 1429 
 1430 1468 1433 
 1429 1467 1469 
 1429 1469 1431 
 1431 1469 1470 
 1431 1470 1430 
 1430 1470 1468 
 1471 1437 1432 
 1471 1432 1433 
 1433 1468 1471 
 1472 1438 1434 
 1472 1434 1435 
 1473 1472 1435 
 1473 1435 1436 
 1473 1436 1474 
 1471 1474 1437 
 1474 1436 1437 
 1475 1438 1472 
 1476 1440 1438 
 1475 1476 1438 
 1477 1441 1439 
 1477 1439 1440 
 1476 1478 1440 
 1478 1477 1440 
 1479 1442 1441 
 1479 1441 1477 
 1480 1443 1442 
 1479 1480 1442 
 1481 1444 1443 
 1480 1481 1443 
 1482 1445 1444 
 1481 1482 1444 
 1483 1446 1445 
 1482 1483 1445 
 1484 1447 1446 
 1483 1484 1446 
 1485 1448 1447 
 1484 1485 1447 
 1486 1449 1448 
 1485 1486 1448 
 1487 1450 1449 
 1486 1487 1449 
 1488 1451 1450 
 1487 1488 1450 
 1452 1489 1454 
 1453 1490 1452 
 1452 1490 1489 
 1454 1489 1491 
 1454 1491 1455 
 1455 1491 1492 
 1455 1492 1456 
 1456 1492 1493 
 1456 1493 1457 
 1457 1493 1494 
 1457 1494 1458 
 1458 1494 1495 
 1458 1495 1459 
 1459 1495 1496 
 1459 1496 1461 
 1461 1496 1497 
 1461 1497 1460 
 1460 1497 1462 
 1497 1498 1462 
 1462 1498 1499 
 1462 1499 1466 
 1463 1466 1500 
 1463 1500 1465 
 1465 1500 1501 
 1465 1501 1464 
 1464 1501 1467 
 1466 1499 1502 
 1466 1502 1500 
 1501 1503 1467 
 1467 1503 1504 
 1467 1504 1469 
 1468 1505 1471 
 1470 1506 1468 
 1468 1506 1505 
 1469 1504 1507 
 1469 1507 1470 
 1470 1507 1506 
 1508 1474 1471 
 1505 1508 1471 
 1509 1475 1472 
 1509 1472 1473 
 1509 1473 1510 
 1508 1510 1474 
 1474 1510 1473 
 1511 1475 1509 
 1512 1476 1475 
 1512 1475 1511 
 1513 1478 1476 
 1512 1513 1476 
 1514 1479 1477 
 1514 1477 1478 
 1513 1515 1478 
 1478 1515 1514 
 1516 1480 1479 
 1514 1516 1479 
 1517 1481 1480 
 1516 1517 1480 
 1518 1482 1481 
 1517 1518 1481 
 1519 1483 1482 
 1518 1519 1482 
 1520 1484 1483 
 1519 1520 1483 
 1521 1485 1484 
 1520 1521 1484 
 1522 1486 1485 
 1521 1522 1485 
 1523 1487 1486 
 1522 1523 1486 
 1524 1488 1487 
 1523 1524 1487 
 1489 1525 1491 
 1490 1526 1489 
 1489 1526 1525 
 1491 1525 1527 
 1491 1527 1492 
 1492 1527 1528 
 1492 1528 1493 
 1493 1528 1529 
 1493 1529 1494 
 1494 1529 1530 
 1494 1530 1495 
 1495 1530 1531 
 1495 1531 1496 
 1496 1531 1532 
 1496 1532 1497 
 1497 1532 1498 
 1532 1533 1498 
 1498 1533 1499 
 1533 1534 1499 
 1502 1499 1534 
 1500 1502 1535 
 1500 1535 1501 
 1501 1535 1503 
 1534 1536 1502 
 1502 1536 1535 
 1537 1508 1505 
 1538 1503 1535 
 1504 1503 1539 
 1538 1539 1503 
 1504 1539 1540 
 1507 1504 1540 
 1506 1541 1505 
 1537 1505 1541 
 1507 1540 1542 
 1542 1541 1506 
 1542 1506 1507 
 1543 1510 1508 
 1537 1543 1508 
 1511 1509 1544 
 1544 1509 1510 
 1543 1545 1510 
 1545 1544 1510 
 1546 1512 1511 
 1544 1546 1511 
 1547 1512 1546 
 1548 1513 1512 
 1547 1548 1512 
 1549 1515 1513 
 1548 1549 1513 
 1550 1516 1514 
 1550 1514 1515 
 1549 1551 1515 
 1551 1550 1515 
 1552 1517 1516 
 1550 1552 1516 
 1553 1518 1517 
 1552 1553 1517 
 1554 1519 1518 
 1553 1554 1518 
 1555 1520 1519 
 1554 1555 1519 
 1556 1521 1520 
 1555 1556 1520 
 1557 1522 1521 
 1556 1557 1521 
 1558 1523 1522 
 1557 1558 1522 
 1559 1524 1523 
 1558 1559 1523 
 1525 1560 1527 
 1526 1561 1525 
 1525 1561 1560 
 1560 1562 1527 
 1527 1562 1528 
 1528 1562 1563 
 1528 1563 1529 
 1529 1563 1564 
 1529 1564 1530 
 1530 1564 1565 
 1530 1565 1531 
 1531 1565 1566 
 1531 1566 1532 
 1532 1566 1567 
 1532 1567 1533 
 1533 1567 1568 
 1533 1568 1534 
 1534 1568 1569 
 1534 1569 1536 
 1536 1570 1535 
 1535 1570 1538 
 1569 1571 1536 
 1536 1571 1570 
 1570 1572 1538 
 1573 1543 1537 
 1573 1537 1541 
 1572 1574 1538 
 1538 1574 1539 
 1574 1575 1539 
 1539 1575 1540 
 1575 1542 1540 
 1575 1576 1542 
 1542 1576 1541 
 1541 1576 1573 
 1577 1545 1543 
 1573 1577 1543 
 1578 1546 1544 
 1577 1578 1545 
 1578 1544 1545 
 1579 1547 1546 
 1578 1579 1546 
 1580 1548 1547 
 1579 1581 1547 
 1580 1547 1581 
 1582 1549 1548 
 1580 1582 1548 
 1583 1551 1549 
 1582 1583 1549 
 1584 1552 1550 
 1583 1584 1551 
 1584 1550 1551 
 1585 1553 1552 
 1584 1585 1552 
 1586 1554 1553 
 1585 1586 1553 
 1587 1555 1554 
 1586 1587 1554 
 1588 1556 1555 
 1587 1588 1555 
 1589 1557 1556 
 1588 1589 1556 
 1590 1558 1557 
 1589 1590 1557 
 1591 1559 1558 
 1590 1591 1558 
 1560 1592 1562 
 1561 1593 1560 
 1560 1593 1592 
 1562 1592 1594 
 1562 1594 1563 
 1563 1594 1595 
 1563 1595 1564 
 1564 1595 1596 
 1564 1596 1565 
 1565 1596 1597 
 1565 1597 1566 
 1566 1597 1598 
 1566 1598 1567 
 1567 1598 1599 
 1567 1599 1568 
 1568 1599 1600 
 1568 1600 1569 
 1569 1600 1601 
 1569 1601 1571 
 1571 1601 1602 
 1571 1602 1570 
 1570 1602 1572 
 1602 1603 1572 
 1572 1603 1574 
 1604 1577 1573 
 1604 1573 1576 
 1574 1603 1605 
 1574 1605 1575 
 1575 1605 1606 
 1575 1606 1576 
 1576 1606 1604 
 1607 1578 1577 
 1607 1577 1604 
 1608 1579 1578 
 1607 1608 1578 
 1609 1581 1579 
 1608 1609 1579 
 1610 1582 1580 
 1609 1610 1581 
 1610 1580 1581 
 1611 1583 1582 
 1610 1611 1582 
 1612 1584 1583 
 1611 1612 1583 
 1613 1585 1584 
 1612 1613 1584 
 1614 1586 1585 
 1613 1614 1585 
 1615 1587 1586 
 1614 1615 1586 
 1616 1588 1587 
 1615 1616 1587 
 1617 1589 1588 
 1616 1617 1588 
 1618 1590 1589 
 1617 1618 1589 
 1619 1591 1590 
 1618 1619 1590 
 1592 1620 1594 
 1593 1621 1592 
 1592 1621 1620 
 1594 1620 1622 
 1594 1622 1595 
 1595 1622 1623 
 1595 1623 1596 
 1596 1623 1624 
 1596 1624 1597 
 1597 1624 1625 
 1597 1625 1598 
 1598 1625 1626 
 1598 1626 1599 
 1599 1626 1627 
 1599 1627 1600 
 1600 1627 1628 
 1600 1628 1601 
 1601 1628 1629 
 1601 1629 1602 
 1602 1629 1630 
 1602 1630 1603 
 1603 1630 1631 
 1603 1631 1605 
 1606 1632 1604 
 1607 1604 1632 
 1605 1631 1633 
 1605 1633 1606 
 1606 1633 1632 
 1632 1634 1607 
 1635 1608 1607 
 1635 1607 1634 
 1636 1609 1608 
 1635 1636 1608 
 1637 1610 1609 
 1636 1637 1609 
 1638 1611 1610 
 1637 1638 1610 
 1639 1612 1611 
 1638 1639 1611 
 1640 1613 1612 
 1639 1640 1612 
 1641 1614 1613 
 1640 1641 1613 
 1642 1615 1614 
 1641 1642 1614 
 1643 1616 1615 
 1642 1643 1615 
 1644 1617 1616 
 1643 1644 1616 
 1645 1618 1617 
 1644 1645 1617 
 1646 1619 1618 
 1645 1646 1618 
 1620 1647 1622 
 1621 1648 1620 
 1648 1647 1620 
 1622 1647 1649 
 1622 1649 1623 
 1623 1649 1650 
 1623 1650 1624 
 1624 1650 1651 
 1624 1651 1625 
 1625 1651 1652 
 1625 1652 1626 
 1626 1652 1653 
 1626 1653 1627 
 1627 1653 1654 
 1627 1654 1628 
 1628 1654 1655 
 1628 1655 1629 
 1629 1655 1656 
 1629 1656 1630 
 1630 1656 1657 
 1630 1657 1631 
 1631 1657 1658 
 1631 1658 1633 
 1633 1658 1659 
 1633 1659 1632 
 1659 1634 1632 
 1659 1660 1634 
 1660 1635 1634 
 1661 1636 1635 
 1660 1661 1635 
 1662 1637 1636 
 1661 1662 1636 
 1663 1638 1637 
 1662 1663 1637 
 1664 1639 1638 
 1663 1664 1638 
 1665 1640 1639 
 1664 1665 1639 
 1666 1641 1640 
 1665 1666 1640 
 1667 1642 1641 
 1666 1667 1641 
 1668 1643 1642 
 1667 1668 1642 
 1669 1644 1643 
 1668 1669 1643 
 1670 1645 1644 
 1669 1670 1644 
 1671 1646 1645 
 1670 1671 1645 
 1647 1672 1649 
 1648 1673 1647 
 1647 1673 1672 
 1649 1672 1674 
 1649 1674 1650 
 1650 1674 1675 
 1650 1675 1651 
 1651 1675 1676 
 1651 1676 1652 
 1652 1676 1677 
 1652 1677 1653 
 1653 1677 1678 
 1653 1678 1654 
 1654 1678 1679 
 1654 1679 1655 
 1655 1679 1680 
 1655 1680 1656 
 1656 1680 1681 
 1656 1681 1657 
 1657 1681 1682 
 1657 1682 1658 
 1682 1683 1658 
 1658 1683 1659 
 1684 1660 1659 
 1683 1684 1659 
 1685 1661 1660 
 1684 1685 1660 
 1686 1662 1661 
 1685 1686 1661 
 1687 1663 1662 
 1686 1687 1662 
 1688 1664 1663 
 1687 1688 1663 
 1689 1665 1664 
 1688 1689 1664 
 1690 1666 1665 
 1689 1690 1665 
 1691 1667 1666 
 1690 1691 1666 
 1692 1668 1667 
 1691 1692 1667 
 1693 1669 1668 
 1692 1693 1668 
 1694 1670 1669 
 1693 1694 1669 
 1695 1671 1670 
 1694 1695 1670 
 1672 1696 1674 
 1673 1697 1672 
 1672 1697 1696 
 1674 1696 1698 
 1674 1698 1675 
 1675 1698 1699 
 1675 1699 1676 
 1676 1699 1700 
 1676 1700 1677 
 1677 1700 1701 
 1677 1701 1678 
 1678 1701 1702 
 1678 1702 1679 
 1679 1702 1703 
 1679 1703 1680 
 1680 1703 1704 
 1680 1704 1681 
 1681 1704 1705 
 1681 1705 1682 
 1682 1705 1706 
 1682 1706 1683 
 1707 1685 1684 
 1683 1706 1707 
 1707 1684 1683 
 1708 1686 1685 
 1707 1708 1685 
 1709 1687 1686 
 1708 1709 1686 
 1710 1688 1687 
 1709 1710 1687 
 1711 1689 1688 
 1710 1711 1688 
 1712 1690 1689 
 1711 1712 1689 
 1713 1691 1690 
 1712 1713 1690 
 1714 1692 1691 
 1713 1714 1691 
 1715 1693 1692 
 1714 1715 1692 
 1716 1694 1693 
 1715 1716 1693 
 1717 1695 1694 
 1716 1717 1694 
 1696 1718 1698 
 1697 1719 1696 
 1696 1719 1718 
 1698 1718 1720 
 1698 1720 1699 
 1699 1720 1721 
 1699 1721 1700 
 1700 1721 1722 
 1700 1722 1701 
 1701 1722 1723 
 1701 1723 1702 
 1702 1723 1724 
 1702 1724 1703 
 1703 1724 1725 
 1703 1725 1704 
 1704 1725 1726 
 1704 1726 1705 
 1705 1726 1727 
 1705 1727 1706 
 1706 1727 1728 
 1706 1728 1707 
 1729 1708 1707 
 1729 1707 1728 
 1730 1709 1708 
 1729 1730 1708 
 1731 1710 1709 
 1730 1731 1709 
 1732 1711 1710 
 1731 1732 1710 
 1733 1712 1711 
 1732 1733 1711 
 1734 1713 1712 
 1733 1734 1712 
 1735 1714 1713 
 1734 1735 1713 
 1736 1715 1714 
 1735 1736 1714 
 1737 1716 1715 
 1736 1737 1715 
 1738 1717 1716 
 1737 1738 1716 
 1718 1739 1720 
 1719 1740 1718 
 1718 1740 1739 
 1720 1739 1741 
 1720 1741 1721 
 1721 1741 1742 
 1721 1742 1722 
 1722 1742 1743 
 1722 1743 1723 
 1723 1743 1744 
 1723 1744 1724 
 1724 1744 1745 
 1724 1745 1725 
 1725 1745 1746 
 1725 1746 1726 
 1726 1746 1747 
 1726 1747 1727 
 1727 1747 1748 
 1727 1748 1728 
 1728 1748 1729 
 1749 1730 1729 
 1749 1729 1748 
 1750 1731 1730 
 1749 1750 1730 
 1751 1732 1731 
 1750 1751 1731 
 1752 1733 1732 
 1751 1752 1732 
 1753 1734 1733 
 1752 1753 1733 
 1754 1735 1734 
 1753 1754 1734 
 1755 1736 1735 
 1754 1755 1735 
 1756 1737 1736 
 1755 1756 1736 
 1757 1738 1737 
 1756 1757 1737 
 1739 1758 1741 
 1740 1759 1739 
 1739 1759 1758 
 1741 1758 1760 
 1741 1760 1742 
 1742 1760 1761 
 1742 1761 1743 
 1743 1761 1762 
 1743 1762 1744 
 1744 1762 1763 
 1744 1763 1745 
 1745 1763 1764 
 1745 1764 1746 
 1746 1764 1765 
 1746 1765 1747 
 1747 1765 1766 
 1747 1766 1748 
 1767 1749 1748 
 1748 1766 1767 
 1768 1750 1749 
 1767 1768 1749 
 1769 1751 1750 
 1768 1769 1750 
 1770 1752 1751 
 1769 1770 1751 
 1771 1753 1752 
 1770 1771 1752 
 1772 1754 1753 
 1771 1772 1753 
 1773 1755 1754 
 1772 1773 1754 
 1774 1756 1755 
 1773 1774 1755 
 1775 1757 1756 
 1774 1775 1756 
 1758 1776 1760 
 1759 1777 1758 
 1758 1777 1776 
 1760 1776 1778 
 1760 1778 1761 
 1761 1778 1779 
 1761 1779 1762 
 1762 1779 1780 
 1762 1780 1763 
 1763 1780 1781 
 1763 1781 1764 
 1764 1781 1782 
 1764 1782 1765 
 1765 1782 1783 
 1765 1783 1766 
 1784 1768 1767 
 1766 1783 1784 
 1784 1767 1766 
 1785 1769 1768 
 1784 1785 1768 
 1786 1770 1769 
 1785 1786 1769 
 1787 1771 1770 
 1786 1787 1770 
 1788 1772 1771 
 1787 1788 1771 
 1789 1773 1772 
 1788 1789 1772 
 1790 1774 1773 
 1789 1790 1773 
 1791 1775 1774 
 1790 1791 1774 
 1776 1792 1778 
 1777 1793 1776 
 1776 1793 1792 
 1778 1792 1794 
 1778 1794 1779 
 1779 1794 1795 
 1779 1795 1780 
 1780 1795 1796 
 1780 1796 1781 
 1781 1796 1797 
 1781 1797 1782 
 1782 1797 1798 
 1782 1798 1783 
 1783 1798 1799 
 1783 1799 1784 
 1800 1785 1784 
 1800 1784 1799 
 1801 1786 1785 
 1800 1801 1785 
 1802 1787 1786 
 1801 1802 1786 
 1803 1788 1787 
 1802 1803 1787 
 1804 1789 1788 
 1803 1804 1788 
 1805 1790 1789 
 1804 1805 1789 
 1806 1791 1790 
 1805 1806 1790 
 1792 1807 1794 
 1793 1808 1792 
 1792 1808 1807 
 1794 1807 1809 
 1794 1809 1795 
 1795 1809 1810 
 1795 1810 1796 
 1796 1810 1811 
 1796 1811 1797 
 1797 1811 1812 
 1797 1812 1798 
 1798 1812 1813 
 1798 1813 1799 
 1799 1813 1800 
 1814 1801 1800 
 1814 1800 1813 
 1815 1802 1801 
 1814 1815 1801 
 1816 1803 1802 
 1815 1816 1802 
 1817 1804 1803 
 1816 1817 1803 
 1818 1805 1804 
 1817 1818 1804 
 1819 1806 1805 
 1818 1819 1805 
 1807 1820 1809 
 1808 1821 1807 
 1807 1821 1820 
 1809 1820 1822 
 1809 1822 1810 
 1810 1822 1823 
 1810 1823 1811 
 1811 1823 1824 
 1811 1824 1812 
 1812 1824 1825 
 1812 1825 1813 
 1826 1814 1813 
 1813 1825 1826 
 1827 1815 1814 
 1826 1827 1814 
 1828 1816 1815 
 1827 1828 1815 
 1829 1817 1816 
 1828 1829 1816 
 1830 1818 1817 
 1829 1830 1817 
 1831 1819 1818 
 1830 1831 1818 
 1820 1832 1822 
 1821 1833 1820 
 1820 1833 1832 
 1822 1832 1834 
 1822 1834 1823 
 1823 1834 1835 
 1823 1835 1824 
 1824 1835 1836 
 1824 1836 1825 
 1837 1827 1826 
 1825 1836 1837 
 1837 1826 1825 
 1838 1828 1827 
 1837 1838 1827 
 1839 1829 1828 
 1838 1839 1828 
 1840 1830 1829 
 1839 1840 1829 
 1841 1831 1830 
 1840 1841 1830 
 1832 1842 1834 
 1833 1843 1832 
 1832 1843 1842 
 1834 1842 1844 
 1834 1844 1835 
 1835 1844 1845 
 1835 1845 1836 
 1836 1845 1846 
 1836 1846 1837 
 1847 1838 1837 
 1847 1837 1846 
 1848 1839 1838 
 1847 1848 1838 
 1849 1840 1839 
 1848 1849 1839 
 1850 1841 1840 
 1849 1850 1840 
 1842 1851 1844 
 1843 1852 1842 
 1842 1852 1851 
 1844 1851 1853 
 1844 1853 1845 
 1845 1853 1854 
 1845 1854 1846 
 1846 1854 1847 
 1855 1848 1847 
 1855 1847 1854 
 1856 1849 1848 
 1855 1856 1848 
 1857 1850 1849 
 1856 1857 1849 
 1851 1858 1853 
 1852 1859 1851 
 1851 1859 1858 
 1853 1858 1860 
 1853 1860 1854 
 1861 1855 1854 
 1854 1860 1861 
 1862 1856 1855 
 1861 1862 1855 
 1863 1857 1856 
 1862 1863 1856 
 1858 1864 1860 
 1859 1865 1858 
 1858 1865 1864 
 1866 1862 1861 
 1860 1864 1866 
 1866 1861 1860 
 1867 1863 1862 
 1866 1867 1862 
 1864 1868 1866 
 1865 1869 1864 
 1864 1869 1868 
 1870 1867 1866 
 1870 1866 1868 
 1869 1871 1868 
 1871 1870 1868 
 