  0.00553934677
  0.00277201374
  0.00318009076
  0.00324601268
  0.00328402680
  0.00334249123
  0.00336262684
  0.00335614782
  0.00334358999
  0.00332854419
  0.00331167982
  0.00329530610
  0.00328263427
  0.00324982466
  0.00317312335
  0.00317561338
  0.00313987934
  0.00316657599
  0.00312903876
  0.00312531089
  0.00312612009
  0.00311992428
  0.00310849865
  0.00312937630
  0.00311465189
  0.00310360392
  0.00312352896
  0.00310464246
  0.00310344549
  0.00310275757
  0.00310413097
  0.00310081784
  0.00310577018
  0.00311975605
  0.00310108225
  0.00312101819
  0.00309870965
  0.00309279753
  0.00310385361
