  0.15311123773
  0.17063755365
  0.18661978996
  0.03534219060
  0.00870367316
  0.01288340062
  0.01325983780
  0.01605148748
  0.01700224794
  0.01816217073
  0.01873757391
  0.01979014394
  0.02086914554
  0.02219260147
  0.02372004935
  0.02449946722
  0.02442788547
  0.02414793484
  0.02428541212
  0.02389554325
  0.02234364715
  0.02028659587
  0.01746516788
  0.01563832214
  0.01401743134
  0.01303690162
  0.01203399585
  0.01106044056
  0.01007411835
  0.00950911188
  0.00879847391
  0.00824690945
  0.00772658787
  0.00725475241
  0.00686048792
  0.00652200412
  0.00628032838
  0.00599659423
  0.00574489467
  0.00553880389
  0.00526721593
  0.00502035233
  0.00477935563
  0.00454954269
  0.00433284938
  0.00412023334
  0.00394868470
  0.00380155867
  0.00365988336
  0.00354796640
  0.00343865512
  0.00335450726
  0.00332204108
  0.00322733208
  0.00319943603
  0.00317919249
  0.00307080476
  0.00304354693
  0.00304118174
  0.00292446643
  0.00286998842
  0.00289415649
  0.00279633457
  0.00278266088
  0.00268586281
  0.00273551083
  0.00261611029
  0.00262941217
  0.00260468587
  0.00253068155
  0.00254845469
  0.00250388341
  0.00242092205
  0.00238874453
  0.00241110037
  0.00231799586
  0.00232700196
  0.00226807916
  0.00222598841
  0.00226448450
  0.00218162983
  0.00221534964
  0.00217573496
  0.00217599009
  0.00209091672
  0.00208872598
  0.00210566153
  0.00211008492
  0.00226849912
  0.00197124626
  0.00198403735
  0.00202630022
  0.00217273846
  0.00196544959
  0.00187141209
  0.00206655043
  0.00180546300
  0.00187035700
  0.00176559116
  0.00177561167
  0.00200744588
  0.00191612782
  0.00192198138
  0.00170246593
  0.00168976968
  0.00166075153
  0.00167378992
  0.00181363366
  0.00177240045
  0.00165065972
  0.00156958886
  0.00169101626
  0.00157952149
  0.00161595953
  0.00151837236
  0.00166854097
  0.00157498889
  0.00148754688
  0.00154461672
  0.00156587455
  0.00143296943
  0.00153401303
  0.00142532909
  0.00148001214
  0.00143681813
  0.00138859688
  0.00138387846
  0.00127801900
  0.00129937788
  0.00127671023
  0.00132878200
  0.00133955424
  0.00121824428
  0.00131592713
  0.00123854412
  0.00122963016
  0.00125362616
  0.00114873616
  0.00125771574
  0.00120924394
  0.00118201393
  0.00111731490
  0.00112453041
  0.00110245548
  0.00113870377
  0.00110987242
  0.00110118051
  0.00109425703
  0.00111924485
  0.00109701121
  0.00106721903
  0.00105019383
  0.00099640856
  0.00109953917
  0.00102827203
  0.00103306055
  0.00101236045
  0.00103149544
  0.00096359812
  0.00094752012
  0.00105748195
  0.00100686365
  0.00098381352
  0.00099006457
  0.00093855481
  0.00098205544
  0.00094292059
  0.00087404766
  0.00102710553
  0.00108067102
  0.00085681081
  0.00089375257
  0.00102676455
  0.00103843711
  0.00098615434
  0.00099984791
  0.00102211283
  0.00090053309
  0.00102027685
  0.00100995725
  0.00085978303
  0.00102144362
  0.00098618747
  0.00102511081
  0.00102589144
  0.00103461085
  0.00100054238
  0.00103879730
  0.00102228012
  0.00103657673
  0.00098899192
  0.00101455904
  0.00103820151
  0.00088773824
  0.00087344967
  0.00084231334
  0.00099229511
  0.00107380580
  0.00104247587
