  0.01549426774
  0.00749655547
  0.00688598735
  0.00748724798
  0.00763013529
  0.00758404024
  0.00759462560
  0.00757046466
  0.00755571307
  0.00752716644
  0.00752781707
  0.00752471552
  0.00755706436
  0.00759101452
  0.00769651174
  0.00783184762
  0.00800090868
  0.00819897400
  0.00839203345
  0.00859169886
  0.00877655443
  0.00897431828
  0.00907679885
  0.00920141651
  0.00928516042
  0.00941686109
  0.00957949988
  0.00967013702
  0.00965900011
  0.00982008223
  0.00988896916
  0.00996452177
  0.01002186037
  0.01006049704
  0.01010366002
  0.01013592767
  0.01020348144
  0.01021644903
  0.01025829146
  0.01030560167
  0.01033385761
  0.01034989209
  0.01036771888
  0.01039462657
  0.01041861288
  0.01043080740
  0.01044848292
  0.01047165372
  0.01048542175
  0.01049504363
  0.01052096765
  0.01054416201
  0.01054489715
  0.01057209034
  0.01057169825
  0.01060033840
  0.01060756337
  0.01059145914
  0.01063055759
  0.01064563360
  0.01065384844
  0.01066696918
  0.01066933475
  0.01066294790
  0.01068420505
  0.01070720805
  0.01070263097
  0.01070630935
  0.01071982944
  0.01072146591
  0.01074579703
  0.01075200166
  0.01075565365
  0.01076921507
  0.01076471108
  0.01078103363
  0.01079956655
  0.01080325629
  0.01080453011
  0.01079034369
  0.01082595184
  0.01080993864
  0.01083569208
  0.01084782324
  0.01084518095
  0.01084788687
  0.01086210336
  0.01088463289
  0.01094541012
  0.01089867488
  0.01088553659
  0.01091672598
  0.01097958615
  0.01092422300
  0.01092567412
  0.01100074071
  0.01094342789
  0.01094272280
  0.01094792177
  0.01093849065
  0.01102780981
  0.01103307073
  0.01103403141
  0.01097629090
  0.01095668890
  0.01097981266
  0.01100262057
  0.01106830190
  0.01106902241
  0.01100085992
  0.01101108206
  0.01108331685
  0.01100859758
  0.01109074111
  0.01103725866
  0.01110867681
  0.01107400246
  0.01104076560
  0.01111683284
  0.01112408779
  0.01102674038
  0.01112498201
  0.01112795855
  0.01113709057
  0.01113560461
  0.01115231268
  0.01114144712
  0.01106692553
  0.01106312892
  0.01106032312
  0.01115376423
  0.01115924912
  0.01114242286
  0.01115663319
  0.01108570886
  0.01116588959
  0.01117626802
  0.01112678286
  0.01116554309
  0.01114096730
  0.01109379218
  0.01117338004
  0.01117878056
  0.01114432933
  0.01109097330
  0.01109849404
  0.01109330269
  0.01108176379
  0.01118077239
  0.01108817956
  0.01118269766
  0.01111034453
  0.01119484550
  0.01119397751
  0.01118633786
  0.01110769000
  0.01111799026
  0.01109766569
  0.01119552160
  0.01119961297
  0.01110612366
  0.01111311259
  0.01116761895
  0.01119611275
  0.01120996401
  0.01119829043
  0.01120128424
  0.01121731859
  0.01112519079
  0.01109220647
  0.01119905886
  0.01120325723
  0.01112227364
  0.01112088582
  0.01112739770
  0.01112238746
  0.01111170938
  0.01119422120
  0.01111131889
  0.01110314775
  0.01120383685
  0.01111367377
  0.01111682014
  0.01110695004
  0.01110379121
  0.01110554166
  0.01110701444
  0.01109816615
  0.01110665733
  0.01111159062
  0.01110657601
  0.01110627056
  0.01109679616
  0.01116084006
  0.01116717416
  0.01118412188
  0.01110815520
  0.01109871348
  0.01108614276
