236 10
0 7
0
1
4
9
16
25
36

1 46
3
0
8
15
24
35
48
63
80
99
120
143
168
195
224
255
288
323
360
399
440
483
528
574
620
665
710
755
800
845
888
935
978
1025
1070
1115
1160
1205
1250
1293
1340
1385
1430
1475
1520
1566

2 12
36
49
64
81
100
121
144
169
196
225
256
289

3 46
51
36
68
87
108
131
156
183
212
243
276
311
348
387
428
471
516
563
610
657
704
751
798
847
896
945
994
1043
1092
1138
1182
1229
1272
1319
1364
1409
1454
1499
1544
1587
1632
1673
1712
1749
1784
1817

4 7
289
324
361
400
441
484
530

5 46
289
326
365
406
449
494
541
588
635
682
729
776
823
870
917
964
1011
1058
1105
1152
1199
1246
1295
1344
1393
1442
1491
1540
1589
1636
1681
1724
1765
1804
1841
1876
1909
1940
1968
1994
2016
2036
2053
2068
2081
2092

6 46
530
576
623
670
717
764
811
858
905
952
999
1046
1093
1140
1187
1234
1281
1328
1375
1422
1469
1516
1563
1610
1655
1698
1739
1778
1815
1850
1883
1914
1943
1970
1995
2018
2039
2058
2075
2090
2103
2114
2123
2130
2135
2138

7 7
1612
1566
1657
1700
1741
1780
1817

8 12
1852
1817
1885
1916
1945
1972
1997
2020
2041
2060
2077
2092

9 7
2105
2092
2116
2125
2132
2136
2138

