  0.00956780929
  0.00728055416
  0.00655591070
  0.00783741156
  0.00779934447
  0.00772228591
  0.00768820785
  0.00763889021
  0.00760189454
  0.00756639904
  0.00752986562
  0.00749066631
  0.00745191799
  0.00740382067
  0.00735995490
  0.00731336659
  0.00727464139
  0.00709476156
  0.00708192012
  0.00708982624
  0.00709918363
  0.00710689463
  0.00711377370
  0.00712100793
  0.00712630080
  0.00713123665
  0.00713542426
  0.00713927809
  0.00714197830
  0.00714477923
  0.00714781255
  0.00715024388
  0.00715312150
  0.00715649658
  0.00715949209
  0.00716334407
  0.00716543701
  0.00716884953
  0.00717114205
  0.00717360145
  0.00717528654
  0.00717736960
  0.00717938879
  0.00718126882
  0.00718291070
  0.00718484831
  0.00718624045
  0.00718780219
  0.00718968757
  0.00719102881
  0.00719214660
  0.00719322348
  0.00719393614
  0.00719470942
  0.00719483390
  0.00719667448
  0.00719721298
  0.00719750740
  0.00719777444
  0.00719826454
  0.00719870918
  0.00719943354
  0.00719978542
  0.00719929384
  0.00719957095
  0.00719886328
  0.00719839292
  0.00719772335
  0.00719749849
  0.00719720037
  0.00719709186
  0.00719742707
  0.00719714899
  0.00719742379
  0.00719727561
  0.00719739350
  0.00719739345
