301	6
23.9853	23.9643	0	0.0091469	23.9762	0	
1.00081	0.999467	0.000814962	0.000381354	0.999619	0	
0.93158	0.929536	0.00166177	0.000331289	0.929587	0	
0.882241	0.875934	0.00364713	0.000297029	0.878297	0	
0.825131	0.79411	0.0134755	0.000248699	0.811407	0	
0.983739	0.955728	0.00181275	0.000286871	0.981639	0	
1.00519	0.974588	0.000642715	0.00029653	1.00425	0	
0.96912	0.936017	0.000471354	0.000282246	0.968367	0	
0.93949	0.903849	0.00038504	0.000270759	0.938834	0	
0.916811	0.878808	0.000322942	0.000263059	0.916225	0	
0.899026	0.858917	0.000274718	0.00025913	0.898492	0	
0.868862	0.82867	0.000289248	0.000250255	0.868322	0	
0.877545	0.835026	0.000234565	0.000257276	0.877053	0	
0.870259	0.826874	0.000226945	0.00025614	0.869776	0	
0.862795	0.818483	0.000219297	0.000252868	0.862323	0	
0.857517	0.811927	0.00021233	0.000251102	0.857054	0	
0.85289	0.806403	0.000205935	0.000251062	0.852433	0	
0.829669	0.784004	0.000237541	0.000243464	0.829188	0	
0.825003	0.778568	0.000230643	0.000243603	0.824529	0	
0.82084	0.77483	0.000248408	0.000240717	0.820351	0	
0.819072	0.772022	0.000227643	0.000243294	0.818601	0	
0.833768	0.784531	0.000192164	0.000249546	0.833326	0	
0.813979	0.766019	0.000223699	0.000241837	0.813513	0	
0.810945	0.762547	0.000222854	0.000241067	0.810481	0	
0.807551	0.758879	0.000221376	0.000240226	0.807089	0	
0.804877	0.755866	0.000220489	0.000239363	0.804417	0	
0.802455	0.75322	0.000219522	0.000238895	0.801997	0	
0.818947	0.767426	0.000186996	0.000246375	0.818514	0	
0.817551	0.765792	0.000185754	0.000246445	0.817119	0	
0.799168	0.749424	0.000216368	0.000238916	0.798713	0	
0.797502	0.747539	0.000216791	0.000238195	0.797047	0	
0.795382	0.745817	0.00023533	0.000236058	0.794911	0	
0.811722	0.75931	0.000185135	0.000245812	0.811291	0	
0.810532	0.757965	0.000184587	0.000245609	0.810102	0	
0.792462	0.741534	0.000212205	0.000238292	0.792012	0	
0.807023	0.754164	0.000185374	0.000244452	0.806593	0	
0.806393	0.753634	0.000185308	0.000244281	0.805963	0	
0.805065	0.752165	0.000184979	0.000244087	0.804636	0	
0.804447	0.75113	0.000184487	0.000244432	0.804018	0	
0.803436	0.749945	0.000184257	0.000244618	0.803008	0	
0.80325	0.749715	0.000183873	0.000244688	0.802822	0	
0.803047	0.749447	0.00018365	0.000244799	0.802618	0	
0.801493	0.747811	0.000183334	0.000244329	0.801066	0	
0.801289	0.747398	0.000183118	0.000244475	0.800862	0	
0.801422	0.747575	0.000183041	0.000244532	0.800995	0	
0.801443	0.747534	0.000182924	0.000244536	0.801015	0	
0.800838	0.746834	0.000182816	0.000244355	0.800411	0	
0.801108	0.747006	0.000182853	0.000244424	0.800681	0	
0.799641	0.745522	0.000182852	0.000243844	0.799214	0	
0.800454	0.746201	0.000182803	0.000244214	0.800027	0	
0.799376	0.745014	0.000182783	0.00024387	0.79895	0	
0.799521	0.745049	0.00018279	0.000243911	0.799094	0	
0.797981	0.743424	0.000182688	0.00024324	0.797555	0	
0.798261	0.743966	0.000183107	0.000242895	0.797835	0	
0.797493	0.74283	0.000182608	0.000242828	0.797068	0	
0.796105	0.741336	0.000182547	0.000242257	0.79568	0	
0.796143	0.741302	0.000182338	0.000242289	0.795719	0	
0.805591	0.749982	0.000181787	0.000245554	0.805164	0	
0.795409	0.740485	0.000182238	0.000241775	0.794985	0	
0.795033	0.740076	0.000182395	0.000241514	0.794609	0	
0.794919	0.739922	0.000182517	0.00024132	0.794495	0	
0.778084	0.724864	0.000208175	0.000234196	0.777642	0	
0.793519	0.738746	0.000183542	0.000240118	0.793095	0	
0.79273	0.737836	0.000183386	0.000239653	0.792307	0	
0.776547	0.724386	0.000225961	0.000231426	0.77609	0	
0.791397	0.736159	0.000183655	0.000238874	0.790974	0	
0.790254	0.734878	0.000183071	0.000238422	0.789833	0	
0.789969	0.734894	0.000183375	0.000238058	0.789548	0	
0.790568	0.735068	0.000183158	0.000238331	0.790147	0	
0.790094	0.734583	0.000183087	0.000238139	0.789673	0	
0.790459	0.734881	0.000183147	0.000238185	0.790038	0	
0.789083	0.733514	0.000183141	0.000237594	0.788662	0	
0.79029	0.73501	0.00018382	0.00023775	0.789869	0	
0.788929	0.73309	0.000183102	0.000237582	0.788508	0	
0.789227	0.733393	0.000183545	0.000237443	0.788806	0	
0.788131	0.732227	0.000183563	0.000236958	0.78771	0	
0.78851	0.732529	0.000183603	0.000237129	0.788089	0	
0.788577	0.73261	0.000183918	0.000236963	0.788156	0	
0.787306	0.731172	0.000184089	0.000236389	0.786886	0	
0.786644	0.730711	0.000184152	0.000236049	0.786223	0	
0.786294	0.729955	0.000184029	0.000236027	0.785874	0	
0.787082	0.7307	0.000183939	0.000236555	0.786661	0	
0.786416	0.729914	0.000183773	0.000236416	0.785996	0	
0.786679	0.730128	0.000183698	0.00023656	0.786259	0	
0.786301	0.729684	0.00018379	0.000236367	0.785881	0	
0.785663	0.729374	0.000183823	0.000236009	0.785243	0	
0.786897	0.73032	0.000183653	0.000236552	0.786477	0	
0.785584	0.728934	0.000183582	0.000236068	0.785165	0	
0.786292	0.729963	0.000183858	0.000236088	0.785872	0	
0.785417	0.728659	0.000183481	0.000235938	0.784997	0	
0.784801	0.728049	0.000183516	0.000235622	0.784382	0	
0.785711	0.728957	0.000183685	0.000235853	0.785292	0	
0.783859	0.727278	0.000183708	0.000235026	0.78344	0	
0.783866	0.726903	0.000183466	0.000235138	0.783448	0	
0.784295	0.727363	0.000183541	0.00023517	0.783877	0	
0.784181	0.727298	0.000183632	0.000234989	0.783763	0	
0.783106	0.726091	0.000183619	0.000234514	0.782688	0	
0.783753	0.726762	0.00018383	0.000234604	0.783334	0	
0.782483	0.725369	0.000183728	0.00023413	0.782065	0	
0.791943	0.734015	0.000183288	0.000237493	0.791522	0	
0.791352	0.733376	0.000183077	0.000237206	0.790932	0	
0.782896	0.725714	0.000183729	0.000233954	0.782478	0	
0.766686	0.712702	0.000222343	0.00022613	0.766238	0	
0.781261	0.724046	0.000184626	0.000233154	0.780843	0	
0.782061	0.724859	0.000184236	0.000233482	0.781644	0	
0.780453	0.723268	0.000183995	0.000232874	0.780036	0	
0.782715	0.725493	0.000184142	0.000233659	0.782298	0	
0.781693	0.724373	0.000184084	0.000233141	0.781275	0	
0.781852	0.724558	0.000184267	0.000233287	0.781434	0	
0.78029	0.722823	0.000184007	0.000232748	0.779874	0	
0.780954	0.723472	0.000184071	0.000232999	0.780537	0	
0.781672	0.724227	0.000184583	0.000233188	0.781254	0	
0.781409	0.723851	0.000184145	0.000233143	0.780992	0	
0.780129	0.722899	0.000184233	0.000232545	0.779712	0	
0.788172	0.729579	0.000183518	0.000235602	0.787753	0	
0.780728	0.723087	0.000184045	0.000232809	0.780311	0	
0.787929	0.729275	0.000183522	0.000235438	0.78751	0	
0.780527	0.723237	0.000184381	0.000232511	0.78011	0	
0.780308	0.722948	0.000184565	0.000232359	0.779891	0	
0.779747	0.722098	0.000184297	0.000232168	0.77933	0	
0.77934	0.721924	0.000184519	0.000231832	0.778924	0	
0.778873	0.721394	0.000184632	0.000231623	0.778457	0	
0.779573	0.721781	0.000184474	0.000232004	0.779156	0	
0.762816	0.707357	0.000210427	0.000224981	0.762381	0	
0.778046	0.72011	0.000185117	0.000231191	0.77763	0	
0.777933	0.719946	0.000184704	0.00023112	0.777518	0	
0.7631	0.708017	0.000225412	0.000223986	0.762651	0	
0.761641	0.705928	0.000210904	0.000224415	0.761206	0	
0.776589	0.718537	0.000185129	0.000230658	0.776173	0	
0.777956	0.719861	0.000184767	0.000231229	0.77754	0	
0.777141	0.718989	0.000184568	0.000230912	0.776726	0	
0.77757	0.719365	0.000184573	0.000231156	0.777155	0	
0.776343	0.718098	0.000184379	0.000230741	0.775928	0	
0.777031	0.718736	0.000184413	0.000231064	0.776615	0	
0.776861	0.718555	0.00018452	0.000230885	0.776445	0	
0.776824	0.718492	0.00018438	0.000230961	0.776409	0	
0.777452	0.71918	0.000184699	0.000231193	0.777036	0	
0.777601	0.719278	0.000184695	0.000231252	0.777185	0	
0.777144	0.718795	0.000184613	0.000231116	0.776729	0	
0.776487	0.718452	0.000184701	0.000230741	0.776071	0	
0.777137	0.71915	0.000184886	0.000231002	0.776721	0	
0.776698	0.718288	0.000184486	0.000231097	0.776282	0	
0.776739	0.718276	0.000184438	0.000231052	0.776323	0	
0.785173	0.725781	0.000183957	0.000234135	0.784755	0	
0.777774	0.719237	0.000184212	0.000231528	0.777358	0	
0.776898	0.718494	0.000184407	0.000231149	0.776483	0	
0.777292	0.718787	0.000184445	0.00023127	0.776877	0	
0.761787	0.705257	0.000207393	0.000225075	0.761355	0	
0.759963	0.70464	0.000221854	0.000222994	0.759518	0	
0.776545	0.718166	0.000185411	0.000230853	0.776128	0	
0.775481	0.716849	0.000184444	0.000230449	0.775066	0	
0.782897	0.72336	0.000183812	0.000233193	0.78248	0	
0.774676	0.716063	0.000184226	0.000230119	0.774262	0	
0.77536	0.716681	0.000184225	0.000230422	0.774945	0	
0.77628	0.717718	0.000184623	0.000230637	0.775865	0	
0.775464	0.71717	0.00018461	0.000230212	0.775049	0	
0.761	0.704757	0.00020983	0.000224293	0.760566	0	
0.774611	0.716238	0.00018522	0.000229736	0.774196	0	
0.77544	0.716686	0.000184844	0.00023006	0.775025	0	
0.774875	0.716111	0.000184704	0.000229824	0.77446	0	
0.775119	0.716364	0.000184889	0.000229847	0.774704	0	
0.774591	0.716108	0.000185074	0.000229453	0.774176	0	
0.758938	0.702119	0.000207837	0.000223301	0.758507	0	
0.772942	0.714315	0.000185765	0.000228531	0.772527	0	
0.773908	0.714941	0.000185223	0.000229092	0.773493	0	
0.774077	0.715164	0.000185264	0.000229203	0.773663	0	
0.773084	0.714003	0.000185021	0.000228794	0.77267	0	
0.781807	0.721831	0.000184732	0.000231935	0.78139	0	
0.773663	0.714588	0.000184791	0.000228972	0.773249	0	
0.758211	0.701523	0.00020974	0.000222785	0.757779	0	
0.772605	0.713959	0.000185782	0.000228416	0.772191	0	
0.756989	0.701162	0.000220928	0.000221279	0.756547	0	
0.756729	0.70003	0.00021045	0.000221955	0.756297	0	
0.756258	0.69956	0.000210332	0.000221677	0.755826	0	
0.771738	0.71302	0.000185927	0.000227984	0.771324	0	
0.758322	0.701759	0.000209756	0.000222763	0.757889	0	
0.779913	0.719943	0.000185214	0.000230956	0.779497	0	
0.772716	0.713593	0.000185037	0.000228487	0.772303	0	
0.771678	0.71245	0.000184897	0.000228105	0.771265	0	
0.771425	0.712194	0.000184917	0.000227955	0.771012	0	
0.771696	0.712512	0.000185061	0.000228014	0.771283	0	
0.779776	0.719625	0.000184652	0.000230902	0.77936	0	
0.759025	0.702892	0.00022473	0.000222132	0.758578	0	
0.771981	0.712764	0.000185663	0.000228001	0.771567	0	
0.756111	0.700081	0.000220931	0.000220837	0.755669	0	
0.757459	0.701331	0.000223665	0.000221411	0.757014	0	
0.769844	0.710972	0.000185908	0.000227151	0.769431	0	
0.75483	0.697342	0.000207476	0.00022115	0.754401	0	
0.770132	0.710735	0.000185446	0.000227277	0.769719	0	
0.771286	0.711949	0.000185287	0.00022772	0.770873	0	
0.771142	0.711811	0.000185052	0.000227619	0.770729	0	
0.770006	0.710578	0.00018503	0.000227195	0.769593	0	
0.771011	0.712037	0.000185779	0.000227334	0.770598	0	
0.770503	0.711435	0.00018549	0.00022717	0.77009	0	
0.770162	0.710706	0.00018534	0.000227117	0.76975	0	
0.778897	0.71864	0.000185163	0.000230221	0.778481	0	
0.780537	0.720349	0.00018507	0.000230645	0.780121	0	
0.771102	0.711657	0.00018539	0.000227359	0.770689	0	
0.769387	0.709887	0.000185438	0.000226704	0.768975	0	
0.779084	0.718921	0.00018539	0.000230212	0.778669	0	
0.770971	0.711436	0.00018569	0.000227244	0.770558	0	
0.770421	0.71084	0.000185614	0.000227172	0.770009	0	
0.770146	0.710607	0.000185866	0.000227038	0.769733	0	
0.769109	0.709447	0.000185691	0.000226629	0.768697	0	
0.769331	0.709601	0.000185739	0.000226764	0.768919	0	
0.769494	0.710231	0.000185946	0.000226814	0.769082	0	
0.770482	0.710864	0.000186003	0.000227218	0.770069	0	
0.769039	0.709711	0.000185971	0.000226632	0.768626	0	
0.769071	0.709726	0.000185966	0.000226723	0.768659	0	
0.768976	0.709147	0.000185714	0.000226762	0.768563	0	
0.769411	0.709716	0.000185746	0.000226949	0.768998	0	
0.768364	0.708573	0.000185647	0.000226593	0.767951	0	
0.770005	0.710271	0.00018579	0.000227297	0.769592	0	
0.768853	0.709154	0.000185753	0.000226806	0.768441	0	
0.76937	0.709558	0.000185778	0.000227009	0.768957	0	
0.770732	0.710998	0.000185876	0.000227573	0.770318	0	
0.76974	0.709842	0.000185629	0.000227192	0.769327	0	
0.769228	0.709393	0.000185567	0.00022702	0.768816	0	
0.770793	0.71101	0.00018574	0.00022764	0.77038	0	
0.769481	0.710035	0.000185713	0.000227056	0.769068	0	
0.769456	0.709601	0.000185603	0.000227136	0.769044	0	
0.777434	0.716637	0.000185284	0.000229978	0.777019	0	
0.769716	0.7098	0.000185303	0.00022723	0.769304	0	
0.769658	0.709792	0.000185483	0.000227219	0.769245	0	
0.769107	0.709162	0.00018539	0.00022703	0.768694	0	
0.768728	0.709251	0.000185624	0.000226801	0.768316	0	
0.7685	0.708548	0.000185382	0.000226797	0.768088	0	
0.769862	0.710053	0.000185592	0.000227293	0.769449	0	
0.768675	0.709086	0.000185563	0.000226772	0.768262	0	
0.77726	0.716529	0.000185226	0.00022996	0.776845	0	
0.768375	0.708354	0.000185132	0.000226789	0.767964	0	
0.76714	0.707554	0.000185362	0.000226272	0.766728	0	
0.76883	0.708926	0.000185391	0.000226977	0.768417	0	
0.769437	0.709509	0.000185587	0.000227143	0.769024	0	
0.769033	0.708975	0.000185381	0.000226974	0.76862	0	
0.769624	0.710098	0.000185599	0.000227202	0.769211	0	
0.768694	0.708677	0.000185336	0.000226893	0.768282	0	
0.769103	0.709137	0.000185296	0.000227128	0.768691	0	
0.769316	0.7093	0.000185306	0.000227157	0.768903	0	
0.767999	0.707897	0.000185203	0.00022664	0.767587	0	
0.768521	0.708541	0.000185178	0.000226913	0.768109	0	
0.769673	0.709691	0.000185422	0.000227289	0.76926	0	
0.768963	0.708866	0.000185369	0.000226943	0.768551	0	
0.776006	0.715049	0.00018503	0.000229484	0.775592	0	
0.770062	0.710091	0.000185191	0.000227496	0.76965	0	
0.76956	0.709561	0.000185318	0.000227246	0.769147	0	
0.768098	0.707887	0.000185039	0.000226747	0.767686	0	
0.768908	0.708932	0.00018539	0.000227039	0.768495	0	
0.769429	0.709383	0.000185355	0.000227142	0.769017	0	
0.768506	0.708416	0.000185205	0.000226853	0.768094	0	
0.769675	0.70962	0.000185271	0.000227334	0.769262	0	
0.769205	0.709081	0.000185185	0.000227148	0.768793	0	
0.770519	0.710497	0.000185448	0.000227581	0.770106	0	
0.768486	0.708421	0.000185113	0.000226845	0.768074	0	
0.769849	0.709756	0.000185357	0.000227272	0.769436	0	
0.769117	0.708968	0.000185186	0.000227079	0.768705	0	
0.768849	0.708858	0.000185253	0.000226953	0.768437	0	
0.769068	0.708922	0.000185099	0.000227149	0.768656	0	
0.768531	0.708738	0.000185323	0.000226751	0.768119	0	
0.768566	0.708406	0.00018516	0.000226856	0.768154	0	
0.768913	0.708783	0.00018527	0.000226953	0.768501	0	
0.768228	0.708486	0.000185288	0.000226611	0.767816	0	
0.777825	0.716972	0.000185064	0.000230157	0.77741	0	
0.769108	0.708983	0.000184918	0.000227035	0.768696	0	
0.767675	0.70751	0.000185014	0.00022651	0.767263	0	
0.768151	0.707986	0.000185066	0.00022673	0.767739	0	
0.769685	0.70949	0.000185179	0.000227318	0.769272	0	
0.768436	0.708618	0.000185325	0.000226571	0.768024	0	
0.768979	0.709229	0.000185253	0.000226953	0.768567	0	
0.769159	0.709385	0.000185436	0.000226861	0.768746	0	
0.769711	0.709582	0.000185262	0.00022729	0.769298	0	
0.769737	0.709595	0.000185142	0.000227287	0.769324	0	
0.768645	0.708457	0.000185053	0.000226874	0.768233	0	
0.768373	0.708156	0.000184975	0.000226844	0.767961	0	
0.769358	0.709147	0.000185124	0.000227193	0.768945	0	
0.768465	0.708201	0.000184962	0.000226841	0.768053	0	
0.768563	0.708288	0.000185022	0.000226881	0.768151	0	
0.76889	0.708674	0.000185135	0.000226882	0.768478	0	
0.768993	0.708694	0.00018504	0.000227031	0.768581	0	
0.769145	0.708859	0.000185001	0.000227126	0.768733	0	
0.77083	0.710749	0.000185448	0.000227686	0.770417	0	
0.767711	0.707846	0.000185172	0.000226384	0.767299	0	
0.77009	0.709908	0.00018527	0.000227473	0.769677	0	
0.76724	0.706959	0.000185048	0.000226304	0.766829	0	
0.769271	0.709069	0.000185149	0.000227089	0.768859	0	
0.768546	0.708265	0.000184944	0.000226869	0.768134	0	
0.769782	0.709639	0.000185338	0.000227265	0.76937	0	
0.768352	0.708011	0.000185005	0.000226781	0.76794	0	
0.768622	0.70872	0.000185186	0.000226774	0.76821	0	
0.768927	0.708667	0.000185077	0.000226935	0.768515	0	
0.769121	0.708866	0.000185013	0.000227081	0.768709	0	
0.768813	0.708582	0.000185064	0.000226986	0.768401	0	
0.769894	0.709719	0.000185421	0.000227262	0.769481	0	
0.768262	0.707984	0.000184936	0.000226747	0.76785	0	
0.769516	0.709232	0.000185034	0.00022724	0.769103	0	
0.768945	0.708611	0.000184978	0.000227012	0.768533	0	
0.768676	0.708796	0.000185183	0.000226785	0.768264	0	
0.767951	0.707552	0.000184983	0.000226601	0.76754	0	
0.7688	0.708483	0.000184937	0.000226994	0.768388	0	
0.76828	0.708384	0.000185145	0.00022669	0.767869	0	
0.769431	0.70923	0.00018531	0.000227106	0.769019	0	
