  0.01083410171
  0.00895708103
  0.00799201339
  0.00705713103
  0.00739542731
  0.00773915362
  0.00773854413
  0.00770669963
  0.00767617016
  0.00766162198
  0.00746967198
  0.00763076414
  0.00762614295
  0.00761495107
  0.00761177962
  0.00760168658
  0.00740965828
  0.00740113417
  0.00737682305
  0.00738293602
  0.00756621628
  0.00738150363
  0.00737964591
  0.00736998469
  0.00737054745
  0.00736337348
  0.00755299819
  0.00754977337
  0.00735545790
  0.00735945747
  0.00734720163
  0.00753727262
  0.00753462311
  0.00735442928
  0.00752676809
  0.00752275702
  0.00751814980
  0.00752178631
  0.00751739825
  0.00751747269
  0.00751754294
  0.00750962195
  0.00751422870
  0.00751221778
  0.00751352326
  0.00751191344
  0.00751616058
  0.00750673236
  0.00751439348
  0.00751026189
  0.00751458875
  0.00750871372
  0.00750566222
  0.00750990787
  0.00750569493
  0.00750732037
  0.00759514346
  0.00750612208
  0.00750558590
  0.00750724340
  0.00732928813
  0.00749909195
  0.00749984367
  0.00729863741
  0.00750571953
  0.00750238791
  0.00749355542
  0.00750862916
  0.00750519598
  0.00750929143
  0.00750094883
  0.00750004653
  0.00750669230
  0.00750831897
  0.00750392678
  0.00750736562
  0.00750634620
  0.00750431703
  0.00749453512
  0.00750166224
  0.00750450189
  0.00750335031
  0.00750559771
  0.00750501742
  0.00749269002
  0.00750626060
  0.00750080159
  0.00749669889
  0.00750306007
  0.00749890420
  0.00750455123
  0.00749167582
  0.00750142230
  0.00750339989
  0.00750108648
  0.00750013182
  0.00750301864
  0.00750082849
  0.00758935505
  0.00758733814
  0.00750623285
  0.00728685352
  0.00750070145
  0.00750295735
  0.00749209367
  0.00750634768
  0.00750349255
  0.00750271007
  0.00749909296
  0.00750237206
  0.00750537733
  0.00750681433
  0.00749116872
  0.00758734546
  0.00750518035
  0.00758705617
  0.00749427565
  0.00749571718
  0.00749935917
  0.00749141200
  0.00749110849
  0.00750263267
  0.00730599143
  0.00750048220
  0.00750004053
  0.00729990958
  0.00731080174
  0.00749568289
  0.00750303382
  0.00749974305
  0.00750284702
  0.00749597048
  0.00750065448
  0.00750043735
  0.00750013616
  0.00750053464
  0.00750267242
  0.00750073940
  0.00748769550
  0.00748929414
  0.00749822598
  0.00749975057
  0.00758622940
  0.00750634419
  0.00749703711
  0.00750251548
  0.00732506760
  0.00728078123
  0.00749631595
  0.00749752838
  0.00757674104
  0.00749093690
  0.00749720324
  0.00749798248
  0.00748713260
  0.00731218926
  0.00748666794
  0.00750161347
  0.00749801247
  0.00749879761
  0.00748976706
  0.00731837309
  0.00748703502
  0.00750098890
  0.00749925728
  0.00749956075
  0.00758624565
  0.00750154281
  0.00731004806
  0.00748465890
  0.00727904517
  0.00730670593
  0.00730486164
  0.00748403148
  0.00730760013
  0.00757833489
  0.00749937445
  0.00749703718
  0.00749553999
  0.00749486390
  0.00758156207
  0.00729879418
  0.00750002972
  0.00728090952
  0.00729300320
  0.00747912540
  0.00732258005
  0.00749641975
  0.00749977078
  0.00749811342
  0.00749407275
  0.00748685982
  0.00748684818
  0.00749652751
  0.00757970791
  0.00758746047
  0.00749938679
  0.00749159409
  0.00757545846
  0.00750081543
  0.00749858893
  0.00749505685
  0.00749310409
  0.00749637886
  0.00748234252
  0.00749831386
  0.00748101166
  0.00748174633
  0.00749551704
  0.00749265004
  0.00748994238
  0.00749687153
  0.00748882395
  0.00749582713
  0.00750045830
  0.00750059511
  0.00749539315
  0.00750195657
  0.00748488795
  0.00749699680
  0.00758120863
  0.00749953102
  0.00749780998
  0.00749672976
  0.00748040920
  0.00749417019
  0.00749633203
  0.00748420197
  0.00757668874
  0.00749422112
  0.00747401773
  0.00749266009
  0.00749729809
  0.00749896893
  0.00748580637
  0.00749587075
  0.00749559937
  0.00749866175
  0.00749417686
  0.00749215419
  0.00749894769
  0.00749903165
  0.00757510409
  0.00749969451
  0.00749817176
  0.00749637033
  0.00749281622
  0.00749882395
  0.00749468917
  0.00749982959
  0.00749932359
  0.00750377500
  0.00749313968
  0.00750230561
  0.00749940963
  0.00749208488
  0.00749856512
  0.00748524647
  0.00749652508
  0.00749742375
  0.00748148522
  0.00757957573
  0.00749759853
  0.00749022223
  0.00749270578
  0.00750267140
  0.00748480665
  0.00748472520
  0.00748705278
  0.00750029860
  0.00750026701
  0.00749590303
  0.00749482361
  0.00750042547
  0.00749686730
  0.00749735241
  0.00749767090
  0.00750027531
  0.00750054450
  0.00750332486
  0.00748049194
  0.00750235408
  0.00748934171
  0.00749787031
  0.00749629753
  0.00749871373
  0.00749689305
  0.00748585137
  0.00749761859
  0.00749826567
  0.00749576936
  0.00750006067
  0.00749348498
  0.00750089846
  0.00749926699
  0.00748403264
  0.00749615426
  0.00749738145
  0.00748127696
  0.00749702060
