827 27
0 7
0 1 
2 3 
3 4 
4 5 
5 6 
6 7 
7 0 

1 20
12 2 
20 12 
29 20 
38 29 
47 38 
58 47 
71 58 
93 71 
118 93 
141 118 
152 141 
183 152 
216 183 
219 216 
220 219 
221 220 
259 221 
260 259 
286 260 
326 286 

2 20
1 10 
10 19 
19 28 
28 37 
37 46 
46 53 
53 66 
66 90 
90 99 
99 123 
123 149 
149 178 
178 182 
182 205 
205 222 
222 223 
223 263 
263 265 
265 303 
303 342 

3 10
63 51 
75 76 
76 77 
77 79 
79 81 
81 82 
82 83 
83 84 
84 85 
85 63 

4 7
100 75 
125 100 
153 125 
185 153 
224 185 
266 224 
307 266 

5 7
51 52 
52 65 
65 89 
89 114 
114 140 
140 171 
171 204 

6 17
204 203 
203 241 
241 240 
240 279 
279 280 
308 307 
309 308 
310 309 
311 310 
312 311 
313 312 
314 313 
315 314 
316 315 
317 316 
280 318 
318 317 

7 18
350 307 
351 350 
397 351 
398 397 
442 398 
487 488 
488 489 
489 490 
490 491 
491 492 
492 493 
493 442 
536 487 
537 538 
538 539 
539 540 
540 536 
584 537 

8 100
204 244 
244 285 
285 325 
325 371 
371 419 
419 465 
465 518 
518 570 
570 615 
615 657 
657 696 
696 734 
734 768 
768 801 
801 831 
831 861 
861 889 
889 918 
918 946 
946 974 
974 1002 
1002 1030 
1030 1058 
1058 1086 
1086 1114 
1114 1142 
1142 1170 
1170 1198 
1198 1226 
1226 1255 
1255 1284 
1284 1313 
1313 1343 
1343 1387 
1387 1436 
1436 1484 
1484 1534 
1534 1582 
1582 1629 
1629 1676 
1676 1725 
1725 1777 
1777 1830 
1830 1887 
1887 1945 
1945 2001 
2001 2059 
2059 2122 
2122 2188 
2188 2255 
2255 2322 
2322 2389 
2389 2455 
2455 2521 
2521 2585 
2585 2649 
2649 2716 
2716 2782 
2782 2847 
2847 2913 
2913 2979 
2979 3044 
3044 3111 
3111 3176 
3176 3241 
3241 3304 
3304 3370 
3370 3437 
3437 3504 
3504 3569 
3569 3633 
3633 3695 
3695 3758 
3758 3823 
3823 3881 
3881 3944 
3944 4002 
4002 4064 
4064 4131 
4131 4197 
4197 4263 
4263 4329 
4329 4396 
4396 4400 
4400 4466 
4466 4468 
4468 4534 
4534 4536 
4536 4604 
4604 4606 
4606 4672 
4672 4673 
4673 4738 
4738 4803 
4803 4804 
4804 4875 
4875 4876 
4876 4903 
4903 4904 
4904 4978 

9 32
627 584 
668 627 
705 668 
742 705 
775 742 
807 775 
836 807 
866 836 
894 866 
922 894 
950 922 
978 950 
1006 978 
1034 1006 
1062 1034 
1090 1062 
1118 1090 
1146 1118 
1174 1146 
1202 1174 
1231 1202 
1260 1231 
1289 1260 
1319 1289 
1363 1319 
1412 1363 
1460 1412 
1510 1460 
1558 1510 
1605 1558 
1652 1605 
1700 1652 

10 11
921 893 
949 921 
977 949 
1005 977 
1033 1005 
1061 1033 
1089 1061 
1117 1089 
1145 1117 
1173 1145 
1201 1173 

11 11
892 920 
920 948 
948 976 
976 1004 
1004 1032 
1032 1060 
1060 1088 
1088 1116 
1116 1144 
1144 1172 
1172 1199 

12 140
1538 1488 
1586 1538 
1633 1586 
1680 1633 
1729 1680 
1781 1729 
1834 1781 
1891 1834 
1949 1891 
2005 1949 
2063 2005 
2126 2063 
2192 2126 
2259 2192 
2326 2259 
2393 2326 
2459 2393 
2525 2459 
2589 2525 
2653 2589 
2720 2653 
2786 2720 
2851 2786 
2917 2851 
2983 2917 
3048 2983 
3115 3048 
3180 3115 
3245 3180 
3308 3245 
3374 3308 
3441 3374 
3508 3441 
3573 3508 
3637 3573 
3699 3637 
3762 3699 
3827 3762 
3893 3827 
3957 3893 
4021 3957 
4087 4021 
4154 4087 
4220 4154 
4287 4220 
4354 4287 
4420 4354 
4488 4420 
4555 4488 
4624 4555 
4693 4624 
4763 4693 
4833 4763 
4908 4833 
4982 4908 
5055 4982 
5125 5055 
5195 5125 
5263 5195 
5329 5263 
5394 5329 
5455 5394 
5514 5455 
5572 5514 
5631 5572 
5690 5631 
5745 5690 
5795 5745 
5844 5795 
5890 5844 
5935 5890 
5977 5935 
6020 5977 
6060 6020 
6100 6060 
6138 6100 
6174 6138 
6206 6174 
6236 6206 
6262 6236 
6287 6262 
6309 6287 
6330 6309 
6352 6330 
6373 6352 
6396 6373 
6417 6396 
6437 6417 
6459 6437 
6480 6459 
6502 6480 
6524 6502 
6545 6524 
6566 6545 
6588 6566 
6610 6588 
6632 6610 
6653 6632 
6673 6653 
6694 6673 
6715 6694 
6738 6715 
6760 6738 
6781 6760 
6803 6781 
6824 6803 
6846 6824 
6868 6846 
6889 6868 
6909 6889 
6930 6909 
6951 6930 
6973 6951 
6995 6973 
7016 6995 
7038 7016 
7059 7038 
7081 7059 
7103 7081 
7124 7103 
7144 7124 
7163 7144 
7182 7163 
7202 7182 
7221 7202 
7240 7221 
7255 7240 
7270 7255 
7286 7270 
7297 7279 
7279 7299 
7305 7286 
7308 7305 
7309 7308 
7310 7309 
7311 7310 
7312 7311 
7313 7312 
7299 7314 
7314 7313 

13 31
1393 1403 
1403 1451 
1451 1499 
1499 1500 
1500 1540 
1540 1541 
1541 1587 
1587 1588 
1588 1634 
1634 1635 
1635 1681 
1681 1682 
1682 1730 
1730 1731 
1731 1782 
1782 1783 
1783 1800 
1800 1801 
1801 1853 
1853 1855 
1855 1910 
1910 1912 
1912 1968 
1968 1970 
1970 2024 
2024 2026 
2026 2083 
2083 2085 
2085 2137 
2137 2138 
2138 2202 

14 163
2201 2202 
2215 2201 
2221 2215 
2286 2221 
2288 2286 
2350 2288 
2351 2350 
2414 2351 
2415 2414 
2468 2415 
2469 2468 
2533 2469 
2534 2533 
2547 2534 
2549 2547 
2612 2549 
2615 2612 
2680 2615 
2683 2680 
2749 2683 
2751 2749 
2797 2751 
2801 2797 
2867 2801 
2869 2867 
2934 2869 
2935 2934 
2948 2935 
2954 2948 
3018 2954 
3020 3018 
3081 3020 
3082 3081 
3143 3082 
3144 3143 
3198 3144 
3199 3198 
3260 3199 
3259 3261 
3261 3262 
3262 3260 
3322 3259 
3323 3322 
3388 3323 
3389 3388 
3454 3389 
3455 3454 
3518 3455 
3519 3518 
3581 3519 
3582 3581 
3642 3582 
3641 3643 
3643 3644 
3644 3642 
3701 3641 
3702 3701 
3763 3702 
3788 3763 
3850 3788 
3852 3850 
3911 3852 
3912 3911 
3970 3912 
3971 3970 
3977 3971 
3979 3977 
4041 3979 
4046 4041 
4110 4046 
4112 4110 
4171 4172 
4172 4112 
4225 4171 
4226 4225 
4290 4291 
4291 4226 
4304 4290 
4306 4304 
4371 4306 
4374 4371 
4437 4374 
4440 4437 
4505 4440 
4510 4505 
4573 4510 
4575 4573 
4636 4575 
4637 4636 
4641 4637 
4643 4641 
4711 4643 
4714 4711 
4782 4714 
4785 4782 
4854 4785 
4857 4854 
4929 4857 
4934 4929 
5005 4934 
5007 5005 
5075 5076 
5076 5007 
5080 5075 
5081 5080 
5135 5136 
5136 5081 
5205 5135 
5222 5205 
5286 5222 
5291 5286 
5353 5291 
5355 5353 
5414 5355 
5415 5414 
5419 5415 
5420 5419 
5463 5420 
5464 5463 
5520 5464 
5521 5520 
5576 5521 
5577 5576 
5632 5577 
5633 5632 
5649 5633 
5651 5649 
5706 5651 
5709 5706 
5760 5709 
5764 5760 
5811 5764 
5813 5811 
5857 5813 
5862 5857 
5905 5862 
5910 5905 
5951 5910 
5953 5951 
5989 5990 
5990 5953 
5994 5989 
5996 5994 
6035 5996 
6039 6035 
6077 6039 
6079 6077 
6114 6079 
6123 6114 
6157 6123 
6159 6157 
6188 6159 
6189 6188 
6216 6189 
6217 6216 
6224 6217 
6225 6224 
6250 6225 
6254 6250 
6278 6254 
6281 6278 
6303 6281 
6305 6303 

15 27
4978 5051 
5051 5121 
5121 5191 
5191 5259 
5259 5325 
5325 5390 
5390 5451 
5451 5510 
5510 5568 
5568 5627 
5627 5686 
5686 5741 
5741 5791 
5791 5840 
5840 5886 
5886 5931 
5931 5973 
5973 6016 
6016 6056 
6056 6096 
6096 6134 
6134 6170 
6170 6202 
6202 6232 
6232 6258 
6258 6283 
6283 6305 

16 120
6305 6322 
6322 6323 
6323 6333 
6333 6334 
6334 6335 
6335 6332 
6332 6354 
6354 6355 
6355 6375 
6375 6392 
6392 6411 
6411 6413 
6413 6430 
6430 6429 
6429 6447 
6447 6448 
6448 6454 
6454 6455 
6455 6474 
6474 6476 
6476 6496 
6496 6498 
6498 6518 
6518 6520 
6520 6539 
6539 6541 
6541 6554 
6554 6555 
6555 6561 
6561 6562 
6562 6582 
6582 6584 
6584 6604 
6604 6606 
6606 6626 
6626 6628 
6628 6647 
6647 6649 
6649 6667 
6667 6669 
6669 6684 
6684 6685 
6685 6689 
6689 6690 
6690 6696 
6696 6697 
6697 6717 
6717 6718 
6718 6740 
6740 6741 
6741 6762 
6762 6763 
6763 6784 
6784 6783 
6783 6798 
6798 6799 
6799 6818 
6818 6820 
6820 6840 
6840 6842 
6842 6862 
6862 6864 
6864 6879 
6879 6880 
6880 6891 
6891 6892 
6912 6911 
6892 6913 
6913 6914 
6914 6912 
6911 6932 
6932 6933 
6933 6953 
6953 6954 
6954 6975 
6975 6976 
6976 6997 
6997 6998 
6998 7019 
7019 7020 
7020 7021 
7021 7018 
7018 7040 
7040 7041 
7041 7061 
7061 7062 
7062 7083 
7083 7099 
7099 7118 
7118 7120 
7120 7138 
7138 7140 
7140 7155 
7155 7156 
7156 7164 
7164 7184 
7184 7205 
7205 7226 
7226 7245 
7245 7263 
7263 7278 
7278 7295 
7295 7321 
7321 7344 
7344 7366 
7366 7386 
7386 7404 
7404 7422 
7422 7438 
7438 7453 
7453 7467 
7467 7479 
7479 7490 
7490 7500 
7500 7508 
7508 7515 
7515 7521 
7521 7525 
7525 7528 
7528 7529 

17 17
7323 7297 
7346 7323 
7368 7346 
7388 7368 
7406 7388 
7424 7406 
7440 7424 
7455 7440 
7469 7455 
7481 7469 
7492 7481 
7502 7492 
7510 7502 
7517 7510 
7523 7517 
7527 7523 
7529 7527 

18 5
349 326 
396 349 
441 396 
486 441 
535 486 

19 5
342 348 
348 395 
395 440 
440 485 
485 534 

20 10
583 535 
626 583 
667 626 
704 667 
741 704 
774 741 
806 774 
835 806 
865 835 
893 865 

21 10
534 582 
582 625 
625 666 
666 703 
703 740 
740 773 
773 805 
805 834 
834 864 
864 892 

22 10
1230 1201 
1259 1230 
1288 1259 
1318 1288 
1355 1318 
1359 1355 
1360 1359 
1361 1360 
1362 1361 
1388 1362 

23 10
1199 1228 
1228 1257 
1257 1285 
1285 1314 
1314 1344 
1344 1348 
1348 1349 
1349 1350 
1350 1351 
1351 1352 

24 5
1389 1388 
1390 1389 
1391 1390 
1441 1391 
1488 1441 

25 5
1346 1345 
1347 1346 
1352 1353 
1353 1347 
1345 1393 

26 9
1748 1700 
1799 1748 
1851 1799 
1905 1851 
1961 1905 
2016 1961 
2074 2016 
2136 2074 
2202 2136 

