1654 27
0 14
0 7530 
7530 1 
2 7531 
7531 3 
3 7532 
7532 4 
4 7533 
7533 5 
5 7534 
7534 6 
6 7535 
7535 7 
7 7536 
7536 0 

1 40
12 7537 
7537 2 
20 7538 
7538 12 
29 7539 
7539 20 
38 7540 
7540 29 
47 7541 
7541 38 
58 7542 
7542 47 
71 7543 
7543 58 
93 7544 
7544 71 
118 7545 
7545 93 
141 7546 
7546 118 
152 7547 
7547 141 
183 7548 
7548 152 
216 7549 
7549 183 
219 7550 
7550 216 
220 7551 
7551 219 
221 7552 
7552 220 
259 7553 
7553 221 
260 7554 
7554 259 
286 7555 
7555 260 
326 7556 
7556 286 

2 40
1 7557 
7557 10 
10 7558 
7558 19 
19 7559 
7559 28 
28 7560 
7560 37 
37 7561 
7561 46 
46 7562 
7562 53 
53 7563 
7563 66 
66 7564 
7564 90 
90 7565 
7565 99 
99 7566 
7566 123 
123 7567 
7567 149 
149 7568 
7568 178 
178 7569 
7569 182 
182 7570 
7570 205 
205 7571 
7571 222 
222 7572 
7572 223 
223 7573 
7573 263 
263 7574 
7574 265 
265 7575 
7575 303 
303 7576 
7576 342 

3 20
63 7577 
7577 51 
75 7578 
7578 76 
76 7579 
7579 77 
77 7580 
7580 79 
79 7581 
7581 81 
81 7582 
7582 82 
82 7583 
7583 83 
83 7584 
7584 84 
84 7585 
7585 85 
85 7586 
7586 63 

4 14
100 7587 
7587 75 
125 7588 
7588 100 
153 7589 
7589 125 
185 7590 
7590 153 
224 7591 
7591 185 
266 7592 
7592 224 
307 7593 
7593 266 

5 14
51 7594 
7594 52 
52 7595 
7595 65 
65 7596 
7596 89 
89 7597 
7597 114 
114 7598 
7598 140 
140 7599 
7599 171 
171 7600 
7600 204 

6 34
204 7601 
7601 203 
203 7602 
7602 241 
241 7603 
7603 240 
240 7604 
7604 279 
279 7605 
7605 280 
308 7606 
7606 307 
309 7607 
7607 308 
310 7608 
7608 309 
311 7609 
7609 310 
312 7610 
7610 311 
313 7611 
7611 312 
314 7612 
7612 313 
315 7613 
7613 314 
316 7614 
7614 315 
317 7615 
7615 316 
280 7616 
7616 318 
318 7617 
7617 317 

7 36
350 7618 
7618 307 
351 7619 
7619 350 
397 7620 
7620 351 
398 7621 
7621 397 
442 7622 
7622 398 
487 7623 
7623 488 
488 7624 
7624 489 
489 7625 
7625 490 
490 7626 
7626 491 
491 7627 
7627 492 
492 7628 
7628 493 
493 7629 
7629 442 
536 7630 
7630 487 
537 7631 
7631 538 
538 7632 
7632 539 
539 7633 
7633 540 
540 7634 
7634 536 
584 7635 
7635 537 

8 200
204 7636 
7636 244 
244 7637 
7637 285 
285 7638 
7638 325 
325 7639 
7639 371 
371 7640 
7640 419 
419 7641 
7641 465 
465 7642 
7642 518 
518 7643 
7643 570 
570 7644 
7644 615 
615 7645 
7645 657 
657 7646 
7646 696 
696 7647 
7647 734 
734 7648 
7648 768 
768 7649 
7649 801 
801 7650 
7650 831 
831 7651 
7651 861 
861 7652 
7652 889 
889 7653 
7653 918 
918 7654 
7654 946 
946 7655 
7655 974 
974 7656 
7656 1002 
1002 7657 
7657 1030 
1030 7658 
7658 1058 
1058 7659 
7659 1086 
1086 7660 
7660 1114 
1114 7661 
7661 1142 
1142 7662 
7662 1170 
1170 7663 
7663 1198 
1198 7664 
7664 1226 
1226 7665 
7665 1255 
1255 7666 
7666 1284 
1284 7667 
7667 1313 
1313 7668 
7668 1343 
1343 7669 
7669 1387 
1387 7670 
7670 1436 
1436 7671 
7671 1484 
1484 7672 
7672 1534 
1534 7673 
7673 1582 
1582 7674 
7674 1629 
1629 7675 
7675 1676 
1676 7676 
7676 1725 
1725 7677 
7677 1777 
1777 7678 
7678 1830 
1830 7679 
7679 1887 
1887 7680 
7680 1945 
1945 7681 
7681 2001 
2001 7682 
7682 2059 
2059 7683 
7683 2122 
2122 7684 
7684 2188 
2188 7685 
7685 2255 
2255 7686 
7686 2322 
2322 7687 
7687 2389 
2389 7688 
7688 2455 
2455 7689 
7689 2521 
2521 7690 
7690 2585 
2585 7691 
7691 2649 
2649 7692 
7692 2716 
2716 7693 
7693 2782 
2782 7694 
7694 2847 
2847 7695 
7695 2913 
2913 7696 
7696 2979 
2979 7697 
7697 3044 
3044 7698 
7698 3111 
3111 7699 
7699 3176 
3176 7700 
7700 3241 
3241 7701 
7701 3304 
3304 7702 
7702 3370 
3370 7703 
7703 3437 
3437 7704 
7704 3504 
3504 7705 
7705 3569 
3569 7706 
7706 3633 
3633 7707 
7707 3695 
3695 7708 
7708 3758 
3758 7709 
7709 3823 
3823 7710 
7710 3881 
3881 7711 
7711 3944 
3944 7712 
7712 4002 
4002 7713 
7713 4064 
4064 7714 
7714 4131 
4131 7715 
7715 4197 
4197 7716 
7716 4263 
4263 7717 
7717 4329 
4329 7718 
7718 4396 
4396 7719 
7719 4400 
4400 7720 
7720 4466 
4466 7721 
7721 4468 
4468 7722 
7722 4534 
4534 7723 
7723 4536 
4536 7724 
7724 4604 
4604 7725 
7725 4606 
4606 7726 
7726 4672 
4672 7727 
7727 4673 
4673 7728 
7728 4738 
4738 7729 
7729 4803 
4803 7730 
7730 4804 
4804 7731 
7731 4875 
4875 7732 
7732 4876 
4876 7733 
7733 4903 
4903 7734 
7734 4904 
4904 7735 
7735 4978 

9 64
627 7736 
7736 584 
668 7737 
7737 627 
705 7738 
7738 668 
742 7739 
7739 705 
775 7740 
7740 742 
807 7741 
7741 775 
836 7742 
7742 807 
866 7743 
7743 836 
894 7744 
7744 866 
922 7745 
7745 894 
950 7746 
7746 922 
978 7747 
7747 950 
1006 7748 
7748 978 
1034 7749 
7749 1006 
1062 7750 
7750 1034 
1090 7751 
7751 1062 
1118 7752 
7752 1090 
1146 7753 
7753 1118 
1174 7754 
7754 1146 
1202 7755 
7755 1174 
1231 7756 
7756 1202 
1260 7757 
7757 1231 
1289 7758 
7758 1260 
1319 7759 
7759 1289 
1363 7760 
7760 1319 
1412 7761 
7761 1363 
1460 7762 
7762 1412 
1510 7763 
7763 1460 
1558 7764 
7764 1510 
1605 7765 
7765 1558 
1652 7766 
7766 1605 
1700 7767 
7767 1652 

10 22
921 7768 
7768 893 
949 7769 
7769 921 
977 7770 
7770 949 
1005 7771 
7771 977 
1033 7772 
7772 1005 
1061 7773 
7773 1033 
1089 7774 
7774 1061 
1117 7775 
7775 1089 
1145 7776 
7776 1117 
1173 7777 
7777 1145 
1201 7778 
7778 1173 

11 22
892 7779 
7779 920 
920 7780 
7780 948 
948 7781 
7781 976 
976 7782 
7782 1004 
1004 7783 
7783 1032 
1032 7784 
7784 1060 
1060 7785 
7785 1088 
1088 7786 
7786 1116 
1116 7787 
7787 1144 
1144 7788 
7788 1172 
1172 7789 
7789 1199 

12 280
1538 7790 
7790 1488 
1586 7791 
7791 1538 
1633 7792 
7792 1586 
1680 7793 
7793 1633 
1729 7794 
7794 1680 
1781 7795 
7795 1729 
1834 7796 
7796 1781 
1891 7797 
7797 1834 
1949 7798 
7798 1891 
2005 7799 
7799 1949 
2063 7800 
7800 2005 
2126 7801 
7801 2063 
2192 7802 
7802 2126 
2259 7803 
7803 2192 
2326 7804 
7804 2259 
2393 7805 
7805 2326 
2459 7806 
7806 2393 
2525 7807 
7807 2459 
2589 7808 
7808 2525 
2653 7809 
7809 2589 
2720 7810 
7810 2653 
2786 7811 
7811 2720 
2851 7812 
7812 2786 
2917 7813 
7813 2851 
2983 7814 
7814 2917 
3048 7815 
7815 2983 
3115 7816 
7816 3048 
3180 7817 
7817 3115 
3245 7818 
7818 3180 
3308 7819 
7819 3245 
3374 7820 
7820 3308 
3441 7821 
7821 3374 
3508 7822 
7822 3441 
3573 7823 
7823 3508 
3637 7824 
7824 3573 
3699 7825 
7825 3637 
3762 7826 
7826 3699 
3827 7827 
7827 3762 
3893 7828 
7828 3827 
3957 7829 
7829 3893 
4021 7830 
7830 3957 
4087 7831 
7831 4021 
4154 7832 
7832 4087 
4220 7833 
7833 4154 
4287 7834 
7834 4220 
4354 7835 
7835 4287 
4420 7836 
7836 4354 
4488 7837 
7837 4420 
4555 7838 
7838 4488 
4624 7839 
7839 4555 
4693 7840 
7840 4624 
4763 7841 
7841 4693 
4833 7842 
7842 4763 
4908 7843 
7843 4833 
4982 7844 
7844 4908 
5055 7845 
7845 4982 
5125 7846 
7846 5055 
5195 7847 
7847 5125 
5263 7848 
7848 5195 
5329 7849 
7849 5263 
5394 7850 
7850 5329 
5455 7851 
7851 5394 
5514 7852 
7852 5455 
5572 7853 
7853 5514 
5631 7854 
7854 5572 
5690 7855 
7855 5631 
5745 7856 
7856 5690 
5795 7857 
7857 5745 
5844 7858 
7858 5795 
5890 7859 
7859 5844 
5935 7860 
7860 5890 
5977 7861 
7861 5935 
6020 7862 
7862 5977 
6060 7863 
7863 6020 
6100 7864 
7864 6060 
6138 7865 
7865 6100 
6174 7866 
7866 6138 
6206 7867 
7867 6174 
6236 7868 
7868 6206 
6262 7869 
7869 6236 
6287 7870 
7870 6262 
6309 7871 
7871 6287 
6330 7872 
7872 6309 
6352 7873 
7873 6330 
6373 7874 
7874 6352 
6396 7875 
7875 6373 
6417 7876 
7876 6396 
6437 7877 
7877 6417 
6459 7878 
7878 6437 
6480 7879 
7879 6459 
6502 7880 
7880 6480 
6524 7881 
7881 6502 
6545 7882 
7882 6524 
6566 7883 
7883 6545 
6588 7884 
7884 6566 
6610 7885 
7885 6588 
6632 7886 
7886 6610 
6653 7887 
7887 6632 
6673 7888 
7888 6653 
6694 7889 
7889 6673 
6715 7890 
7890 6694 
6738 7891 
7891 6715 
6760 7892 
7892 6738 
6781 7893 
7893 6760 
6803 7894 
7894 6781 
6824 7895 
7895 6803 
6846 7896 
7896 6824 
6868 7897 
7897 6846 
6889 7898 
7898 6868 
6909 7899 
7899 6889 
6930 7900 
7900 6909 
6951 7901 
7901 6930 
6973 7902 
7902 6951 
6995 7903 
7903 6973 
7016 7904 
7904 6995 
7038 7905 
7905 7016 
7059 7906 
7906 7038 
7081 7907 
7907 7059 
7103 7908 
7908 7081 
7124 7909 
7909 7103 
7144 7910 
7910 7124 
7163 7911 
7911 7144 
7182 7912 
7912 7163 
7202 7913 
7913 7182 
7221 7914 
7914 7202 
7240 7915 
7915 7221 
7255 7916 
7916 7240 
7270 7917 
7917 7255 
7286 7918 
7918 7270 
7297 7919 
7919 7279 
7279 7920 
7920 7299 
7305 7921 
7921 7286 
7308 7922 
7922 7305 
7309 7923 
7923 7308 
7310 7924 
7924 7309 
7311 7925 
7925 7310 
7312 7926 
7926 7311 
7313 7927 
7927 7312 
7299 7928 
7928 7314 
7314 7929 
7929 7313 

13 62
1393 7930 
7930 1403 
1403 7931 
7931 1451 
1451 7932 
7932 1499 
1499 7933 
7933 1500 
1500 7934 
7934 1540 
1540 7935 
7935 1541 
1541 7936 
7936 1587 
1587 7937 
7937 1588 
1588 7938 
7938 1634 
1634 7939 
7939 1635 
1635 7940 
7940 1681 
1681 7941 
7941 1682 
1682 7942 
7942 1730 
1730 7943 
7943 1731 
1731 7944 
7944 1782 
1782 7945 
7945 1783 
1783 7946 
7946 1800 
1800 7947 
7947 1801 
1801 7948 
7948 1853 
1853 7949 
7949 1855 
1855 7950 
7950 1910 
1910 7951 
7951 1912 
1912 7952 
7952 1968 
1968 7953 
7953 1970 
1970 7954 
7954 2024 
2024 7955 
7955 2026 
2026 7956 
7956 2083 
2083 7957 
7957 2085 
2085 7958 
7958 2137 
2137 7959 
7959 2138 
2138 7960 
7960 2202 

14 326
2201 7961 
7961 2202 
2215 7962 
7962 2201 
2221 7963 
7963 2215 
2286 7964 
7964 2221 
2288 7965 
7965 2286 
2350 7966 
7966 2288 
2351 7967 
7967 2350 
2414 7968 
7968 2351 
2415 7969 
7969 2414 
2468 7970 
7970 2415 
2469 7971 
7971 2468 
2533 7972 
7972 2469 
2534 7973 
7973 2533 
2547 7974 
7974 2534 
2549 7975 
7975 2547 
2612 7976 
7976 2549 
2615 7977 
7977 2612 
2680 7978 
7978 2615 
2683 7979 
7979 2680 
2749 7980 
7980 2683 
2751 7981 
7981 2749 
2797 7982 
7982 2751 
2801 7983 
7983 2797 
2867 7984 
7984 2801 
2869 7985 
7985 2867 
2934 7986 
7986 2869 
2935 7987 
7987 2934 
2948 7988 
7988 2935 
2954 7989 
7989 2948 
3018 7990 
7990 2954 
3020 7991 
7991 3018 
3081 7992 
7992 3020 
3082 7993 
7993 3081 
3143 7994 
7994 3082 
3144 7995 
7995 3143 
3198 7996 
7996 3144 
3199 7997 
7997 3198 
3260 7998 
7998 3199 
3259 7999 
7999 3261 
3261 8000 
8000 3262 
3262 8001 
8001 3260 
3322 8002 
8002 3259 
3323 8003 
8003 3322 
3388 8004 
8004 3323 
3389 8005 
8005 3388 
3454 8006 
8006 3389 
3455 8007 
8007 3454 
3518 8008 
8008 3455 
3519 8009 
8009 3518 
3581 8010 
8010 3519 
3582 8011 
8011 3581 
3642 8012 
8012 3582 
3641 8013 
8013 3643 
3643 8014 
8014 3644 
3644 8015 
8015 3642 
3701 8016 
8016 3641 
3702 8017 
8017 3701 
3763 8018 
8018 3702 
3788 8019 
8019 3763 
3850 8020 
8020 3788 
3852 8021 
8021 3850 
3911 8022 
8022 3852 
3912 8023 
8023 3911 
3970 8024 
8024 3912 
3971 8025 
8025 3970 
3977 8026 
8026 3971 
3979 8027 
8027 3977 
4041 8028 
8028 3979 
4046 8029 
8029 4041 
4110 8030 
8030 4046 
4112 8031 
8031 4110 
4171 8032 
8032 4172 
4172 8033 
8033 4112 
4225 8034 
8034 4171 
4226 8035 
8035 4225 
4290 8036 
8036 4291 
4291 8037 
8037 4226 
4304 8038 
8038 4290 
4306 8039 
8039 4304 
4371 8040 
8040 4306 
4374 8041 
8041 4371 
4437 8042 
8042 4374 
4440 8043 
8043 4437 
4505 8044 
8044 4440 
4510 8045 
8045 4505 
4573 8046 
8046 4510 
4575 8047 
8047 4573 
4636 8048 
8048 4575 
4637 8049 
8049 4636 
4641 8050 
8050 4637 
4643 8051 
8051 4641 
4711 8052 
8052 4643 
4714 8053 
8053 4711 
4782 8054 
8054 4714 
4785 8055 
8055 4782 
4854 8056 
8056 4785 
4857 8057 
8057 4854 
4929 8058 
8058 4857 
4934 8059 
8059 4929 
5005 8060 
8060 4934 
5007 8061 
8061 5005 
5075 8062 
8062 5076 
5076 8063 
8063 5007 
5080 8064 
8064 5075 
5081 8065 
8065 5080 
5135 8066 
8066 5136 
5136 8067 
8067 5081 
5205 8068 
8068 5135 
5222 8069 
8069 5205 
5286 8070 
8070 5222 
5291 8071 
8071 5286 
5353 8072 
8072 5291 
5355 8073 
8073 5353 
5414 8074 
8074 5355 
5415 8075 
8075 5414 
5419 8076 
8076 5415 
5420 8077 
8077 5419 
5463 8078 
8078 5420 
5464 8079 
8079 5463 
5520 8080 
8080 5464 
5521 8081 
8081 5520 
5576 8082 
8082 5521 
5577 8083 
8083 5576 
5632 8084 
8084 5577 
5633 8085 
8085 5632 
5649 8086 
8086 5633 
5651 8087 
8087 5649 
5706 8088 
8088 5651 
5709 8089 
8089 5706 
5760 8090 
8090 5709 
5764 8091 
8091 5760 
5811 8092 
8092 5764 
5813 8093 
8093 5811 
5857 8094 
8094 5813 
5862 8095 
8095 5857 
5905 8096 
8096 5862 
5910 8097 
8097 5905 
5951 8098 
8098 5910 
5953 8099 
8099 5951 
5989 8100 
8100 5990 
5990 8101 
8101 5953 
5994 8102 
8102 5989 
5996 8103 
8103 5994 
6035 8104 
8104 5996 
6039 8105 
8105 6035 
6077 8106 
8106 6039 
6079 8107 
8107 6077 
6114 8108 
8108 6079 
6123 8109 
8109 6114 
6157 8110 
8110 6123 
6159 8111 
8111 6157 
6188 8112 
8112 6159 
6189 8113 
8113 6188 
6216 8114 
8114 6189 
6217 8115 
8115 6216 
6224 8116 
8116 6217 
6225 8117 
8117 6224 
6250 8118 
8118 6225 
6254 8119 
8119 6250 
6278 8120 
8120 6254 
6281 8121 
8121 6278 
6303 8122 
8122 6281 
6305 8123 
8123 6303 

15 54
4978 8124 
8124 5051 
5051 8125 
8125 5121 
5121 8126 
8126 5191 
5191 8127 
8127 5259 
5259 8128 
8128 5325 
5325 8129 
8129 5390 
5390 8130 
8130 5451 
5451 8131 
8131 5510 
5510 8132 
8132 5568 
5568 8133 
8133 5627 
5627 8134 
8134 5686 
5686 8135 
8135 5741 
5741 8136 
8136 5791 
5791 8137 
8137 5840 
5840 8138 
8138 5886 
5886 8139 
8139 5931 
5931 8140 
8140 5973 
5973 8141 
8141 6016 
6016 8142 
8142 6056 
6056 8143 
8143 6096 
6096 8144 
8144 6134 
6134 8145 
8145 6170 
6170 8146 
8146 6202 
6202 8147 
8147 6232 
6232 8148 
8148 6258 
6258 8149 
8149 6283 
6283 8150 
8150 6305 

16 240
6305 8151 
8151 6322 
6322 8152 
8152 6323 
6323 8153 
8153 6333 
6333 8154 
8154 6334 
6334 8155 
8155 6335 
6335 8156 
8156 6332 
6332 8157 
8157 6354 
6354 8158 
8158 6355 
6355 8159 
8159 6375 
6375 8160 
8160 6392 
6392 8161 
8161 6411 
6411 8162 
8162 6413 
6413 8163 
8163 6430 
6430 8164 
8164 6429 
6429 8165 
8165 6447 
6447 8166 
8166 6448 
6448 8167 
8167 6454 
6454 8168 
8168 6455 
6455 8169 
8169 6474 
6474 8170 
8170 6476 
6476 8171 
8171 6496 
6496 8172 
8172 6498 
6498 8173 
8173 6518 
6518 8174 
8174 6520 
6520 8175 
8175 6539 
6539 8176 
8176 6541 
6541 8177 
8177 6554 
6554 8178 
8178 6555 
6555 8179 
8179 6561 
6561 8180 
8180 6562 
6562 8181 
8181 6582 
6582 8182 
8182 6584 
6584 8183 
8183 6604 
6604 8184 
8184 6606 
6606 8185 
8185 6626 
6626 8186 
8186 6628 
6628 8187 
8187 6647 
6647 8188 
8188 6649 
6649 8189 
8189 6667 
6667 8190 
8190 6669 
6669 8191 
8191 6684 
6684 8192 
8192 6685 
6685 8193 
8193 6689 
6689 8194 
8194 6690 
6690 8195 
8195 6696 
6696 8196 
8196 6697 
6697 8197 
8197 6717 
6717 8198 
8198 6718 
6718 8199 
8199 6740 
6740 8200 
8200 6741 
6741 8201 
8201 6762 
6762 8202 
8202 6763 
6763 8203 
8203 6784 
6784 8204 
8204 6783 
6783 8205 
8205 6798 
6798 8206 
8206 6799 
6799 8207 
8207 6818 
6818 8208 
8208 6820 
6820 8209 
8209 6840 
6840 8210 
8210 6842 
6842 8211 
8211 6862 
6862 8212 
8212 6864 
6864 8213 
8213 6879 
6879 8214 
8214 6880 
6880 8215 
8215 6891 
6891 8216 
8216 6892 
6912 8217 
8217 6911 
6892 8218 
8218 6913 
6913 8219 
8219 6914 
6914 8220 
8220 6912 
6911 8221 
8221 6932 
6932 8222 
8222 6933 
6933 8223 
8223 6953 
6953 8224 
8224 6954 
6954 8225 
8225 6975 
6975 8226 
8226 6976 
6976 8227 
8227 6997 
6997 8228 
8228 6998 
6998 8229 
8229 7019 
7019 8230 
8230 7020 
7020 8231 
8231 7021 
7021 8232 
8232 7018 
7018 8233 
8233 7040 
7040 8234 
8234 7041 
7041 8235 
8235 7061 
7061 8236 
8236 7062 
7062 8237 
8237 7083 
7083 8238 
8238 7099 
7099 8239 
8239 7118 
7118 8240 
8240 7120 
7120 8241 
8241 7138 
7138 8242 
8242 7140 
7140 8243 
8243 7155 
7155 8244 
8244 7156 
7156 8245 
8245 7164 
7164 8246 
8246 7184 
7184 8247 
8247 7205 
7205 8248 
8248 7226 
7226 8249 
8249 7245 
7245 8250 
8250 7263 
7263 8251 
8251 7278 
7278 8252 
8252 7295 
7295 8253 
8253 7321 
7321 8254 
8254 7344 
7344 8255 
8255 7366 
7366 8256 
8256 7386 
7386 8257 
8257 7404 
7404 8258 
8258 7422 
7422 8259 
8259 7438 
7438 8260 
8260 7453 
7453 8261 
8261 7467 
7467 8262 
8262 7479 
7479 8263 
8263 7490 
7490 8264 
8264 7500 
7500 8265 
8265 7508 
7508 8266 
8266 7515 
7515 8267 
8267 7521 
7521 8268 
8268 7525 
7525 8269 
8269 7528 
7528 8270 
8270 7529 

17 34
7323 8271 
8271 7297 
7346 8272 
8272 7323 
7368 8273 
8273 7346 
7388 8274 
8274 7368 
7406 8275 
8275 7388 
7424 8276 
8276 7406 
7440 8277 
8277 7424 
7455 8278 
8278 7440 
7469 8279 
8279 7455 
7481 8280 
8280 7469 
7492 8281 
8281 7481 
7502 8282 
8282 7492 
7510 8283 
8283 7502 
7517 8284 
8284 7510 
7523 8285 
8285 7517 
7527 8286 
8286 7523 
7529 8287 
8287 7527 

18 10
349 8288 
8288 326 
396 8289 
8289 349 
441 8290 
8290 396 
486 8291 
8291 441 
535 8292 
8292 486 

19 10
342 8293 
8293 348 
348 8294 
8294 395 
395 8295 
8295 440 
440 8296 
8296 485 
485 8297 
8297 534 

20 20
583 8298 
8298 535 
626 8299 
8299 583 
667 8300 
8300 626 
704 8301 
8301 667 
741 8302 
8302 704 
774 8303 
8303 741 
806 8304 
8304 774 
835 8305 
8305 806 
865 8306 
8306 835 
893 8307 
8307 865 

21 20
534 8308 
8308 582 
582 8309 
8309 625 
625 8310 
8310 666 
666 8311 
8311 703 
703 8312 
8312 740 
740 8313 
8313 773 
773 8314 
8314 805 
805 8315 
8315 834 
834 8316 
8316 864 
864 8317 
8317 892 

22 20
1230 8318 
8318 1201 
1259 8319 
8319 1230 
1288 8320 
8320 1259 
1318 8321 
8321 1288 
1355 8322 
8322 1318 
1359 8323 
8323 1355 
1360 8324 
8324 1359 
1361 8325 
8325 1360 
1362 8326 
8326 1361 
1388 8327 
8327 1362 

23 20
1199 8328 
8328 1228 
1228 8329 
8329 1257 
1257 8330 
8330 1285 
1285 8331 
8331 1314 
1314 8332 
8332 1344 
1344 8333 
8333 1348 
1348 8334 
8334 1349 
1349 8335 
8335 1350 
1350 8336 
8336 1351 
1351 8337 
8337 1352 

24 10
1389 8338 
8338 1388 
1390 8339 
8339 1389 
1391 8340 
8340 1390 
1441 8341 
8341 1391 
1488 8342 
8342 1441 

25 10
1346 8343 
8343 1345 
1347 8344 
8344 1346 
1352 8345 
8345 1353 
1353 8346 
8346 1347 
1345 8347 
8347 1393 

26 18
1748 8348 
8348 1700 
1799 8349 
8349 1748 
1851 8350 
8350 1799 
1905 8351 
8351 1851 
1961 8352 
8352 1905 
2016 8353 
8353 1961 
2074 8354 
8354 2016 
2136 8355 
8355 2074 
2202 8356 
8356 2136 

