1687 27
0 15
0
1
2
3
4
5
6
7
7762
7763
7764
7765
7766
7767
7768

1 45
12
2
20
29
38
47
56
65
76
87
113
139
144
171
173
183
218
219
220
222
263
307
350
7769
7770
7771
7772
7773
7774
7775
7776
7777
7778
7779
7780
7781
7782
7783
7784
7785
7786
7787
7788
7789
7790

2 45
1
10
19
28
37
42
51
60
70
80
94
119
145
174
181
182
216
255
294
295
296
337
378
7791
7792
7793
7794
7795
7796
7797
7798
7799
7800
7801
7802
7803
7804
7805
7806
7807
7808
7809
7810
7811
7812

3 21
84
71
98
99
100
102
104
105
106
107
108
7813
7814
7815
7816
7817
7818
7819
7820
7821
7822

4 15
124
98
151
184
223
264
308
351
7823
7824
7825
7826
7827
7828
7829

5 15
71
72
86
112
138
166
202
242
7830
7831
7832
7833
7834
7835
7836

6 35
242
241
281
280
321
322
352
351
353
354
355
356
357
358
359
360
361
362
7837
7838
7839
7840
7841
7842
7843
7844
7845
7846
7847
7848
7849
7850
7851
7852
7853

7 37
398
351
399
446
447
492
536
537
538
539
540
541
542
586
587
588
634
635
636
7854
7855
7856
7857
7858
7859
7860
7861
7862
7863
7864
7865
7866
7867
7868
7869
7870
7871

8 201
242
284
327
369
419
468
515
567
618
665
709
751
791
827
862
894
926
956
987
1018
1049
1080
1111
1142
1173
1204
1235
1266
1297
1328
1360
1392
1426
1475
1525
1577
1628
1680
1728
1777
1825
1873
1923
1974
2027
2083
2140
2196
2258
2324
2394
2463
2530
2596
2661
2727
2792
2858
2924
2990
3058
3126
3191
3258
3322
3388
3454
3520
3586
3651
3714
3779
3843
3908
3974
4032
4095
4156
4218
4284
4300
4367
4431
4483
4484
4553
4555
4624
4626
4695
4696
4759
4760
4830
4902
4903
4974
4975
5048
5049
5126
7872
7873
7874
7875
7876
7877
7878
7879
7880
7881
7882
7883
7884
7885
7886
7887
7888
7889
7890
7891
7892
7893
7894
7895
7896
7897
7898
7899
7900
7901
7902
7903
7904
7905
7906
7907
7908
7909
7910
7911
7912
7913
7914
7915
7916
7917
7918
7919
7920
7921
7922
7923
7924
7925
7926
7927
7928
7929
7930
7931
7932
7933
7934
7935
7936
7937
7938
7939
7940
7941
7942
7943
7944
7945
7946
7947
7948
7949
7950
7951
7952
7953
7954
7955
7956
7957
7958
7959
7960
7961
7962
7963
7964
7965
7966
7967
7968
7969
7970
7971

9 65
681
636
725
764
803
838
872
903
935
965
996
1027
1058
1089
1120
1151
1182
1213
1244
1275
1306
1338
1370
1404
1449
1498
1550
1602
1654
1702
1751
1799
1846
7972
7973
7974
7975
7976
7977
7978
7979
7980
7981
7982
7983
7984
7985
7986
7987
7988
7989
7990
7991
7992
7993
7994
7995
7996
7997
7998
7999
8000
8001
8002
8003

10 27
932
900
962
993
1024
1055
1086
1117
1148
1179
1210
1241
1272
1303
8004
8005
8006
8007
8008
8009
8010
8011
8012
8013
8014
8015
8016

11 27
896
928
958
989
1020
1051
1082
1113
1144
1175
1206
1237
1268
1299
8017
8018
8019
8020
8021
8022
8023
8024
8025
8026
8027
8028
8029

12 285
1606
1555
1658
1706
1755
1803
1850
1897
1948
2000
2056
2116
2173
2234
2299
2368
2438
2505
2572
2637
2703
2769
2834
2901
2967
3034
3103
3169
3235
3300
3365
3431
3497
3563
3629
3694
3758
3824
3889
3955
4020
4085
4150
4217
4283
4351
4416
4482
4551
4620
4689
4758
4829
4901
4973
5047
5123
5199
5272
5341
5411
5478
5543
5608
5669
5728
5786
5842
5899
5952
6003
6053
6102
6147
6191
6233
6273
6311
6349
6384
6417
6447
6473
6497
6520
6543
6565
6586
6609
6630
6652
6676
6698
6721
6743
6766
6787
6810
6833
6855
6877
6898
6919
6941
6963
6985
7007
7031
7054
7076
7098
7120
7142
7164
7185
7206
7227
7248
7270
7293
7316
7337
7358
7378
7398
7417
7436
7454
7471
7485
7495
7512
7528
7511
7530
7531
7533
7534
7535
7536
7537
7538
7539
8030
8031
8032
8033
8034
8035
8036
8037
8038
8039
8040
8041
8042
8043
8044
8045
8046
8047
8048
8049
8050
8051
8052
8053
8054
8055
8056
8057
8058
8059
8060
8061
8062
8063
8064
8065
8066
8067
8068
8069
8070
8071
8072
8073
8074
8075
8076
8077
8078
8079
8080
8081
8082
8083
8084
8085
8086
8087
8088
8089
8090
8091
8092
8093
8094
8095
8096
8097
8098
8099
8100
8101
8102
8103
8104
8105
8106
8107
8108
8109
8110
8111
8112
8113
8114
8115
8116
8117
8118
8119
8120
8121
8122
8123
8124
8125
8126
8127
8128
8129
8130
8131
8132
8133
8134
8135
8136
8137
8138
8139
8140
8141
8142
8143
8144
8145
8146
8147
8148
8149
8150
8151
8152
8153
8154
8155
8156
8157
8158
8159
8160
8161
8162
8163
8164
8165
8166
8167
8168
8169
8170
8171

13 65
1479
1529
1582
1583
1634
1635
1682
1683
1730
1731
1778
1779
1826
1874
1924
1926
1975
1976
1991
1992
2044
2045
2100
2101
2108
2163
2220
2222
2224
2226
2288
2290
2356
8172
8173
8174
8175
8176
8177
8178
8179
8180
8181
8182
8183
8184
8185
8186
8187
8188
8189
8190
8191
8192
8193
8194
8195
8196
8197
8198
8199
8200
8201
8202
8203

14 327
2360
2356
2418
2419
2480
2481
2482
2547
2548
2612
2613
2614
2678
2679
2699
2763
2827
2829
2881
2882
2945
2946
2947
2948
3013
3014
3081
3082
3148
3149
3214
3215
3278
3279
3280
3281
3344
3345
3410
3411
3476
3477
3542
3543
3609
3610
3673
3674
3675
3676
3737
3738
3802
3803
3866
3867
3932
3933
3995
3996
3997
3998
4061
4062
4125
4126
4192
4193
4258
4259
4326
4327
4391
4392
4393
4394
4457
4458
4526
4527
4594
4595
4664
4665
4732
4733
4734
4735
4805
4806
4877
4878
4949
4950
5023
5024
5100
5101
5175
5176
5177
5178
5249
5267
5335
5337
5390
5391
5457
5458
5521
5522
5523
5524
5586
5587
5648
5649
5705
5706
5707
5764
5765
5821
5822
5879
5880
5932
5933
5981
5982
5983
5984
6032
6033
6081
6082
6126
6127
6170
6171
6213
6214
6252
6253
6254
6255
6290
6291
6327
6328
6363
6364
6396
6397
6425
6426
6427
6428
6452
6453
6476
6477
6498
8204
8205
8206
8207
8208
8209
8210
8211
8212
8213
8214
8215
8216
8217
8218
8219
8220
8221
8222
8223
8224
8225
8226
8227
8228
8229
8230
8231
8232
8233
8234
8235
8236
8237
8238
8239
8240
8241
8242
8243
8244
8245
8246
8247
8248
8249
8250
8251
8252
8253
8254
8255
8256
8257
8258
8259
8260
8261
8262
8263
8264
8265
8266
8267
8268
8269
8270
8271
8272
8273
8274
8275
8276
8277
8278
8279
8280
8281
8282
8283
8284
8285
8286
8287
8288
8289
8290
8291
8292
8293
8294
8295
8296
8297
8298
8299
8300
8301
8302
8303
8304
8305
8306
8307
8308
8309
8310
8311
8312
8313
8314
8315
8316
8317
8318
8319
8320
8321
8322
8323
8324
8325
8326
8327
8328
8329
8330
8331
8332
8333
8334
8335
8336
8337
8338
8339
8340
8341
8342
8343
8344
8345
8346
8347
8348
8349
8350
8351
8352
8353
8354
8355
8356
8357
8358
8359
8360
8361
8362
8363
8364
8365
8366

15 55
5126
5202
5275
5344
5414
5481
5546
5611
5672
5731
5789
5845
5902
5955
6006
6056
6105
6150
6194
6236
6276
6314
6352
6387
6420
6449
6475
6498
8367
8368
8369
8370
8371
8372
8373
8374
8375
8376
8377
8378
8379
8380
8381
8382
8383
8384
8385
8386
8387
8388
8389
8390
8391
8392
8393

16 241
6498
6499
6500
6521
6522
6544
6545
6566
6567
6587
6588
6589
6610
6611
6631
6632
6633
6653
6654
6672
6693
6713
6714
6717
6737
6739
6759
6761
6762
6782
6792
6793
6805
6806
6827
6829
6849
6851
6871
6873
6892
6894
6913
6915
6933
6935
6936
6937
6957
6959
6979
6981
6999
7003
7023
7025
7026
7027
7047
7048
7055
7056
7077
7078
7099
7100
7121
7122
7123
7143
7144
7145
7165
7186
7187
7207
7208
7229
7231
7250
7251
7255
7256
7271
7272
7294
7295
7317
7318
7338
7339
7360
7361
7359
7379
7400
7421
7441
7460
7477
7494
7510
7526
7551
7575
7597
7617
7635
7653
7670
7686
7699
7711
7722
7732
7740
7747
7753
7757
7760
7761
8394
8395
8396
8397
8398
8399
8400
8401
8402
8403
8404
8405
8406
8407
8408
8409
8410
8411
8412
8413
8414
8415
8416
8417
8418
8419
8420
8421
8422
8423
8424
8425
8426
8427
8428
8429
8430
8431
8432
8433
8434
8435
8436
8437
8438
8439
8440
8441
8442
8443
8444
8445
8446
8447
8448
8449
8450
8451
8452
8453
8454
8455
8456
8457
8458
8459
8460
8461
8462
8463
8464
8465
8466
8467
8468
8469
8470
8471
8472
8473
8474
8475
8476
8477
8478
8479
8480
8481
8482
8483
8484
8485
8486
8487
8488
8489
8490
8491
8492
8493
8494
8495
8496
8497
8498
8499
8500
8501
8502
8503
8504
8505
8506
8507
8508
8509
8510
8511
8512
8513

17 35
7553
7528
7577
7599
7619
7637
7655
7672
7688
7701
7713
7724
7734
7742
7749
7755
7759
7761
8514
8515
8516
8517
8518
8519
8520
8521
8522
8523
8524
8525
8526
8527
8528
8529
8530

18 11
397
350
445
491
535
585
8531
8532
8533
8534
8535

19 11
378
386
435
482
527
578
8536
8537
8538
8539
8540

20 17
633
585
678
722
761
800
835
869
900
8541
8542
8543
8544
8545
8546
8547
8548

21 17
578
628
674
718
757
797
833
867
896
8549
8550
8551
8552
8553
8554
8555
8556

22 17
1335
1303
1367
1401
1443
1444
1445
1446
1450
8557
8558
8559
8560
8561
8562
8563
8564

23 17
1299
1330
1361
1395
1433
1434
1435
1432
1436
8565
8566
8567
8568
8569
8570
8571
8572

24 11
1451
1450
1452
1453
1503
1555
8573
8574
8575
8576
8577

25 11
1393
1394
1427
1429
1432
1479
8578
8579
8580
8581
8582

26 19
1893
1846
1944
1996
2050
2109
2165
2225
2287
2356
8583
8584
8585
8586
8587
8588
8589
8590
8591

