1660 27
0 14
0 7762 
7762 1 
2 7763 
7763 3 
3 7764 
7764 4 
4 7765 
7765 5 
5 7766 
7766 6 
6 7767 
7767 7 
7 7768 
7768 0 

1 44
12 7769 
7769 2 
20 7770 
7770 12 
29 7771 
7771 20 
38 7772 
7772 29 
47 7773 
7773 38 
56 7774 
7774 47 
65 7775 
7775 56 
76 7776 
7776 65 
87 7777 
7777 76 
113 7778 
7778 87 
139 7779 
7779 113 
144 7780 
7780 139 
171 7781 
7781 144 
173 7782 
7782 171 
183 7783 
7783 173 
218 7784 
7784 183 
219 7785 
7785 218 
220 7786 
7786 219 
222 7787 
7787 220 
263 7788 
7788 222 
307 7789 
7789 263 
350 7790 
7790 307 

2 44
1 7791 
7791 10 
10 7792 
7792 19 
19 7793 
7793 28 
28 7794 
7794 37 
37 7795 
7795 42 
42 7796 
7796 51 
51 7797 
7797 60 
60 7798 
7798 70 
70 7799 
7799 80 
80 7800 
7800 94 
94 7801 
7801 119 
119 7802 
7802 145 
145 7803 
7803 174 
174 7804 
7804 181 
181 7805 
7805 182 
182 7806 
7806 216 
216 7807 
7807 255 
255 7808 
7808 294 
294 7809 
7809 295 
295 7810 
7810 296 
296 7811 
7811 337 
337 7812 
7812 378 

3 20
84 7813 
7813 71 
98 7814 
7814 99 
99 7815 
7815 100 
100 7816 
7816 102 
102 7817 
7817 104 
104 7818 
7818 105 
105 7819 
7819 106 
106 7820 
7820 107 
107 7821 
7821 108 
108 7822 
7822 84 

4 14
124 7823 
7823 98 
151 7824 
7824 124 
184 7825 
7825 151 
223 7826 
7826 184 
264 7827 
7827 223 
308 7828 
7828 264 
351 7829 
7829 308 

5 14
71 7830 
7830 72 
72 7831 
7831 86 
86 7832 
7832 112 
112 7833 
7833 138 
138 7834 
7834 166 
166 7835 
7835 202 
202 7836 
7836 242 

6 34
242 7837 
7837 241 
241 7838 
7838 281 
281 7839 
7839 280 
280 7840 
7840 321 
321 7841 
7841 322 
352 7842 
7842 351 
353 7843 
7843 352 
354 7844 
7844 353 
355 7845 
7845 354 
356 7846 
7846 355 
357 7847 
7847 356 
358 7848 
7848 357 
359 7849 
7849 358 
360 7850 
7850 359 
361 7851 
7851 360 
322 7852 
7852 362 
362 7853 
7853 361 

7 36
398 7854 
7854 351 
399 7855 
7855 398 
446 7856 
7856 399 
447 7857 
7857 446 
492 7858 
7858 447 
536 7859 
7859 537 
537 7860 
7860 538 
538 7861 
7861 539 
539 7862 
7862 540 
540 7863 
7863 541 
541 7864 
7864 542 
542 7865 
7865 492 
586 7866 
7866 536 
587 7867 
7867 588 
588 7868 
7868 586 
634 7869 
7869 587 
635 7870 
7870 634 
636 7871 
7871 635 

8 200
242 7872 
7872 284 
284 7873 
7873 327 
327 7874 
7874 369 
369 7875 
7875 419 
419 7876 
7876 468 
468 7877 
7877 515 
515 7878 
7878 567 
567 7879 
7879 618 
618 7880 
7880 665 
665 7881 
7881 709 
709 7882 
7882 751 
751 7883 
7883 791 
791 7884 
7884 827 
827 7885 
7885 862 
862 7886 
7886 894 
894 7887 
7887 926 
926 7888 
7888 956 
956 7889 
7889 987 
987 7890 
7890 1018 
1018 7891 
7891 1049 
1049 7892 
7892 1080 
1080 7893 
7893 1111 
1111 7894 
7894 1142 
1142 7895 
7895 1173 
1173 7896 
7896 1204 
1204 7897 
7897 1235 
1235 7898 
7898 1266 
1266 7899 
7899 1297 
1297 7900 
7900 1328 
1328 7901 
7901 1360 
1360 7902 
7902 1392 
1392 7903 
7903 1426 
1426 7904 
7904 1475 
1475 7905 
7905 1525 
1525 7906 
7906 1577 
1577 7907 
7907 1628 
1628 7908 
7908 1680 
1680 7909 
7909 1728 
1728 7910 
7910 1777 
1777 7911 
7911 1825 
1825 7912 
7912 1873 
1873 7913 
7913 1923 
1923 7914 
7914 1974 
1974 7915 
7915 2027 
2027 7916 
7916 2083 
2083 7917 
7917 2140 
2140 7918 
7918 2196 
2196 7919 
7919 2258 
2258 7920 
7920 2324 
2324 7921 
7921 2394 
2394 7922 
7922 2463 
2463 7923 
7923 2530 
2530 7924 
7924 2596 
2596 7925 
7925 2661 
2661 7926 
7926 2727 
2727 7927 
7927 2792 
2792 7928 
7928 2858 
2858 7929 
7929 2924 
2924 7930 
7930 2990 
2990 7931 
7931 3058 
3058 7932 
7932 3126 
3126 7933 
7933 3191 
3191 7934 
7934 3258 
3258 7935 
7935 3322 
3322 7936 
7936 3388 
3388 7937 
7937 3454 
3454 7938 
7938 3520 
3520 7939 
7939 3586 
3586 7940 
7940 3651 
3651 7941 
7941 3714 
3714 7942 
7942 3779 
3779 7943 
7943 3843 
3843 7944 
7944 3908 
3908 7945 
7945 3974 
3974 7946 
7946 4032 
4032 7947 
7947 4095 
4095 7948 
7948 4156 
4156 7949 
7949 4218 
4218 7950 
7950 4284 
4284 7951 
7951 4300 
4300 7952 
7952 4367 
4367 7953 
7953 4431 
4431 7954 
7954 4483 
4483 7955 
7955 4484 
4484 7956 
7956 4553 
4553 7957 
7957 4555 
4555 7958 
7958 4624 
4624 7959 
7959 4626 
4626 7960 
7960 4695 
4695 7961 
7961 4696 
4696 7962 
7962 4759 
4759 7963 
7963 4760 
4760 7964 
7964 4830 
4830 7965 
7965 4902 
4902 7966 
7966 4903 
4903 7967 
7967 4974 
4974 7968 
7968 4975 
4975 7969 
7969 5048 
5048 7970 
7970 5049 
5049 7971 
7971 5126 

9 64
681 7972 
7972 636 
725 7973 
7973 681 
764 7974 
7974 725 
803 7975 
7975 764 
838 7976 
7976 803 
872 7977 
7977 838 
903 7978 
7978 872 
935 7979 
7979 903 
965 7980 
7980 935 
996 7981 
7981 965 
1027 7982 
7982 996 
1058 7983 
7983 1027 
1089 7984 
7984 1058 
1120 7985 
7985 1089 
1151 7986 
7986 1120 
1182 7987 
7987 1151 
1213 7988 
7988 1182 
1244 7989 
7989 1213 
1275 7990 
7990 1244 
1306 7991 
7991 1275 
1338 7992 
7992 1306 
1370 7993 
7993 1338 
1404 7994 
7994 1370 
1449 7995 
7995 1404 
1498 7996 
7996 1449 
1550 7997 
7997 1498 
1602 7998 
7998 1550 
1654 7999 
7999 1602 
1702 8000 
8000 1654 
1751 8001 
8001 1702 
1799 8002 
8002 1751 
1846 8003 
8003 1799 

10 26
932 8004 
8004 900 
962 8005 
8005 932 
993 8006 
8006 962 
1024 8007 
8007 993 
1055 8008 
8008 1024 
1086 8009 
8009 1055 
1117 8010 
8010 1086 
1148 8011 
8011 1117 
1179 8012 
8012 1148 
1210 8013 
8013 1179 
1241 8014 
8014 1210 
1272 8015 
8015 1241 
1303 8016 
8016 1272 

11 26
896 8017 
8017 928 
928 8018 
8018 958 
958 8019 
8019 989 
989 8020 
8020 1020 
1020 8021 
8021 1051 
1051 8022 
8022 1082 
1082 8023 
8023 1113 
1113 8024 
8024 1144 
1144 8025 
8025 1175 
1175 8026 
8026 1206 
1206 8027 
8027 1237 
1237 8028 
8028 1268 
1268 8029 
8029 1299 

12 284
1606 8030 
8030 1555 
1658 8031 
8031 1606 
1706 8032 
8032 1658 
1755 8033 
8033 1706 
1803 8034 
8034 1755 
1850 8035 
8035 1803 
1897 8036 
8036 1850 
1948 8037 
8037 1897 
2000 8038 
8038 1948 
2056 8039 
8039 2000 
2116 8040 
8040 2056 
2173 8041 
8041 2116 
2234 8042 
8042 2173 
2299 8043 
8043 2234 
2368 8044 
8044 2299 
2438 8045 
8045 2368 
2505 8046 
8046 2438 
2572 8047 
8047 2505 
2637 8048 
8048 2572 
2703 8049 
8049 2637 
2769 8050 
8050 2703 
2834 8051 
8051 2769 
2901 8052 
8052 2834 
2967 8053 
8053 2901 
3034 8054 
8054 2967 
3103 8055 
8055 3034 
3169 8056 
8056 3103 
3235 8057 
8057 3169 
3300 8058 
8058 3235 
3365 8059 
8059 3300 
3431 8060 
8060 3365 
3497 8061 
8061 3431 
3563 8062 
8062 3497 
3629 8063 
8063 3563 
3694 8064 
8064 3629 
3758 8065 
8065 3694 
3824 8066 
8066 3758 
3889 8067 
8067 3824 
3955 8068 
8068 3889 
4020 8069 
8069 3955 
4085 8070 
8070 4020 
4150 8071 
8071 4085 
4217 8072 
8072 4150 
4283 8073 
8073 4217 
4351 8074 
8074 4283 
4416 8075 
8075 4351 
4482 8076 
8076 4416 
4551 8077 
8077 4482 
4620 8078 
8078 4551 
4689 8079 
8079 4620 
4758 8080 
8080 4689 
4829 8081 
8081 4758 
4901 8082 
8082 4829 
4973 8083 
8083 4901 
5047 8084 
8084 4973 
5123 8085 
8085 5047 
5199 8086 
8086 5123 
5272 8087 
8087 5199 
5341 8088 
8088 5272 
5411 8089 
8089 5341 
5478 8090 
8090 5411 
5543 8091 
8091 5478 
5608 8092 
8092 5543 
5669 8093 
8093 5608 
5728 8094 
8094 5669 
5786 8095 
8095 5728 
5842 8096 
8096 5786 
5899 8097 
8097 5842 
5952 8098 
8098 5899 
6003 8099 
8099 5952 
6053 8100 
8100 6003 
6102 8101 
8101 6053 
6147 8102 
8102 6102 
6191 8103 
8103 6147 
6233 8104 
8104 6191 
6273 8105 
8105 6233 
6311 8106 
8106 6273 
6349 8107 
8107 6311 
6384 8108 
8108 6349 
6417 8109 
8109 6384 
6447 8110 
8110 6417 
6473 8111 
8111 6447 
6497 8112 
8112 6473 
6520 8113 
8113 6497 
6543 8114 
8114 6520 
6565 8115 
8115 6543 
6586 8116 
8116 6565 
6609 8117 
8117 6586 
6630 8118 
8118 6609 
6652 8119 
8119 6630 
6676 8120 
8120 6652 
6698 8121 
8121 6676 
6721 8122 
8122 6698 
6743 8123 
8123 6721 
6766 8124 
8124 6743 
6787 8125 
8125 6766 
6810 8126 
8126 6787 
6833 8127 
8127 6810 
6855 8128 
8128 6833 
6877 8129 
8129 6855 
6898 8130 
8130 6877 
6919 8131 
8131 6898 
6941 8132 
8132 6919 
6963 8133 
8133 6941 
6985 8134 
8134 6963 
7007 8135 
8135 6985 
7031 8136 
8136 7007 
7054 8137 
8137 7031 
7076 8138 
8138 7054 
7098 8139 
8139 7076 
7120 8140 
8140 7098 
7142 8141 
8141 7120 
7164 8142 
8142 7142 
7185 8143 
8143 7164 
7206 8144 
8144 7185 
7227 8145 
8145 7206 
7248 8146 
8146 7227 
7270 8147 
8147 7248 
7293 8148 
8148 7270 
7316 8149 
8149 7293 
7337 8150 
8150 7316 
7358 8151 
8151 7337 
7378 8152 
8152 7358 
7398 8153 
8153 7378 
7417 8154 
8154 7398 
7436 8155 
8155 7417 
7454 8156 
8156 7436 
7471 8157 
8157 7454 
7485 8158 
8158 7471 
7495 8159 
8159 7485 
7512 8160 
8160 7495 
7528 8161 
8161 7511 
7511 8162 
8162 7530 
7531 8163 
8163 7512 
7530 8164 
8164 7533 
7533 8165 
8165 7534 
7535 8166 
8166 7531 
7536 8167 
8167 7535 
7537 8168 
8168 7536 
7538 8169 
8169 7537 
7534 8170 
8170 7539 
7539 8171 
8171 7538 

13 64
1479 8172 
8172 1529 
1529 8173 
8173 1582 
1582 8174 
8174 1583 
1583 8175 
8175 1634 
1634 8176 
8176 1635 
1635 8177 
8177 1682 
1682 8178 
8178 1683 
1683 8179 
8179 1730 
1730 8180 
8180 1731 
1731 8181 
8181 1778 
1778 8182 
8182 1779 
1779 8183 
8183 1826 
1826 8184 
8184 1874 
1874 8185 
8185 1924 
1924 8186 
8186 1926 
1926 8187 
8187 1975 
1975 8188 
8188 1976 
1976 8189 
8189 1991 
1991 8190 
8190 1992 
1992 8191 
8191 2044 
2044 8192 
8192 2045 
2045 8193 
8193 2100 
2100 8194 
8194 2101 
2101 8195 
8195 2108 
2108 8196 
8196 2163 
2163 8197 
8197 2220 
2220 8198 
8198 2222 
2222 8199 
8199 2224 
2224 8200 
8200 2226 
2226 8201 
8201 2288 
2288 8202 
8202 2290 
2290 8203 
8203 2356 

14 326
2360 8204 
8204 2356 
2418 8205 
8205 2360 
2419 8206 
8206 2418 
2480 8207 
8207 2419 
2481 8208 
8208 2480 
2482 8209 
8209 2481 
2547 8210 
8210 2482 
2548 8211 
8211 2547 
2612 8212 
8212 2548 
2613 8213 
8213 2612 
2614 8214 
8214 2613 
2678 8215 
8215 2614 
2679 8216 
8216 2678 
2699 8217 
8217 2679 
2763 8218 
8218 2699 
2827 8219 
8219 2763 
2829 8220 
8220 2827 
2881 8221 
8221 2829 
2882 8222 
8222 2881 
2945 8223 
8223 2882 
2946 8224 
8224 2945 
2947 8225 
8225 2946 
2948 8226 
8226 2947 
3013 8227 
8227 2948 
3014 8228 
8228 3013 
3081 8229 
8229 3014 
3082 8230 
8230 3081 
3148 8231 
8231 3082 
3149 8232 
8232 3148 
3214 8233 
8233 3149 
3215 8234 
8234 3214 
3278 8235 
8235 3215 
3279 8236 
8236 3278 
3280 8237 
8237 3279 
3281 8238 
8238 3280 
3344 8239 
8239 3281 
3345 8240 
8240 3344 
3410 8241 
8241 3345 
3411 8242 
8242 3410 
3476 8243 
8243 3477 
3477 8244 
8244 3411 
3542 8245 
8245 3476 
3543 8246 
8246 3542 
3609 8247 
8247 3543 
3610 8248 
8248 3609 
3673 8249 
8249 3610 
3674 8250 
8250 3673 
3675 8251 
8251 3674 
3676 8252 
8252 3675 
3737 8253 
8253 3676 
3738 8254 
8254 3737 
3802 8255 
8255 3738 
3803 8256 
8256 3802 
3866 8257 
8257 3803 
3867 8258 
8258 3866 
3932 8259 
8259 3867 
3933 8260 
8260 3932 
3995 8261 
8261 3933 
3996 8262 
8262 3995 
3997 8263 
8263 3996 
3998 8264 
8264 3997 
4061 8265 
8265 3998 
4062 8266 
8266 4061 
4125 8267 
8267 4062 
4126 8268 
8268 4125 
4192 8269 
8269 4193 
4193 8270 
8270 4126 
4258 8271 
8271 4192 
4259 8272 
8272 4258 
4326 8273 
8273 4259 
4327 8274 
8274 4326 
4391 8275 
8275 4327 
4392 8276 
8276 4391 
4393 8277 
8277 4392 
4394 8278 
8278 4393 
4457 8279 
8279 4394 
4458 8280 
8280 4457 
4526 8281 
8281 4458 
4527 8282 
8282 4526 
4594 8283 
8283 4527 
4595 8284 
8284 4594 
4664 8285 
8285 4595 
4665 8286 
8286 4664 
4732 8287 
8287 4665 
4733 8288 
8288 4732 
4734 8289 
8289 4733 
4735 8290 
8290 4734 
4805 8291 
8291 4735 
4806 8292 
8292 4805 
4877 8293 
8293 4806 
4878 8294 
8294 4877 
4949 8295 
8295 4878 
4950 8296 
8296 4949 
5023 8297 
8297 4950 
5024 8298 
8298 5023 
5100 8299 
8299 5024 
5101 8300 
8300 5100 
5175 8301 
8301 5101 
5176 8302 
8302 5175 
5177 8303 
8303 5176 
5178 8304 
8304 5177 
5249 8305 
8305 5178 
5267 8306 
8306 5249 
5335 8307 
8307 5267 
5337 8308 
8308 5335 
5390 8309 
8309 5391 
5391 8310 
8310 5337 
5457 8311 
8311 5390 
5458 8312 
8312 5457 
5521 8313 
8313 5458 
5522 8314 
8314 5521 
5523 8315 
8315 5524 
5524 8316 
8316 5522 
5586 8317 
8317 5523 
5587 8318 
8318 5586 
5648 8319 
8319 5587 
5649 8320 
8320 5648 
5705 8321 
8321 5649 
5706 8322 
8322 5705 
5707 8323 
8323 5706 
5764 8324 
8324 5707 
5765 8325 
8325 5764 
5821 8326 
8326 5765 
5822 8327 
8327 5821 
5879 8328 
8328 5880 
5880 8329 
8329 5822 
5932 8330 
8330 5879 
5933 8331 
8331 5932 
5981 8332 
8332 5933 
5982 8333 
8333 5981 
5983 8334 
8334 5982 
5984 8335 
8335 5983 
6032 8336 
8336 5984 
6033 8337 
8337 6032 
6081 8338 
8338 6033 
6082 8339 
8339 6081 
6126 8340 
8340 6082 
6127 8341 
8341 6126 
6170 8342 
8342 6127 
6171 8343 
8343 6170 
6213 8344 
8344 6171 
6214 8345 
8345 6213 
6252 8346 
8346 6214 
6253 8347 
8347 6252 
6254 8348 
8348 6253 
6255 8349 
8349 6254 
6290 8350 
8350 6255 
6291 8351 
8351 6290 
6327 8352 
8352 6291 
6328 8353 
8353 6327 
6363 8354 
8354 6328 
6364 8355 
8355 6363 
6396 8356 
8356 6364 
6397 8357 
8357 6396 
6425 8358 
8358 6397 
6426 8359 
8359 6425 
6427 8360 
8360 6426 
6428 8361 
8361 6427 
6452 8362 
8362 6428 
6453 8363 
8363 6452 
6476 8364 
8364 6453 
6477 8365 
8365 6476 
6498 8366 
8366 6477 

15 54
5126 8367 
8367 5202 
5202 8368 
8368 5275 
5275 8369 
8369 5344 
5344 8370 
8370 5414 
5414 8371 
8371 5481 
5481 8372 
8372 5546 
5546 8373 
8373 5611 
5611 8374 
8374 5672 
5672 8375 
8375 5731 
5731 8376 
8376 5789 
5789 8377 
8377 5845 
5845 8378 
8378 5902 
5902 8379 
8379 5955 
5955 8380 
8380 6006 
6006 8381 
8381 6056 
6056 8382 
8382 6105 
6105 8383 
8383 6150 
6150 8384 
8384 6194 
6194 8385 
8385 6236 
6236 8386 
8386 6276 
6276 8387 
8387 6314 
6314 8388 
8388 6352 
6352 8389 
8389 6387 
6387 8390 
8390 6420 
6420 8391 
8391 6449 
6449 8392 
8392 6475 
6475 8393 
8393 6498 

16 240
6498 8394 
8394 6499 
6499 8395 
8395 6500 
6500 8396 
8396 6521 
6521 8397 
8397 6522 
6522 8398 
8398 6544 
6544 8399 
8399 6545 
6545 8400 
8400 6566 
6566 8401 
8401 6567 
6567 8402 
8402 6587 
6587 8403 
8403 6588 
6588 8404 
8404 6589 
6589 8405 
8405 6610 
6610 8406 
8406 6611 
6611 8407 
8407 6631 
6631 8408 
8408 6632 
6632 8409 
8409 6633 
6633 8410 
8410 6653 
6653 8411 
8411 6654 
6654 8412 
8412 6672 
6672 8413 
8413 6693 
6693 8414 
8414 6713 
6713 8415 
8415 6714 
6714 8416 
8416 6717 
6717 8417 
8417 6737 
6737 8418 
8418 6739 
6739 8419 
8419 6759 
6759 8420 
8420 6761 
6761 8421 
8421 6762 
6762 8422 
8422 6782 
6782 8423 
8423 6792 
6792 8424 
8424 6793 
6793 8425 
8425 6805 
6805 8426 
8426 6806 
6806 8427 
8427 6827 
6827 8428 
8428 6829 
6829 8429 
8429 6849 
6849 8430 
8430 6851 
6851 8431 
8431 6871 
6871 8432 
8432 6873 
6873 8433 
8433 6892 
6892 8434 
8434 6894 
6894 8435 
8435 6913 
6913 8436 
8436 6915 
6915 8437 
8437 6933 
6933 8438 
8438 6935 
6935 8439 
8439 6936 
6936 8440 
8440 6937 
6937 8441 
8441 6957 
6957 8442 
8442 6959 
6959 8443 
8443 6979 
6979 8444 
8444 6981 
6981 8445 
8445 6999 
6999 8446 
8446 7003 
7003 8447 
8447 7023 
7023 8448 
8448 7025 
7025 8449 
8449 7026 
7026 8450 
8450 7027 
7027 8451 
8451 7047 
7047 8452 
8452 7048 
7048 8453 
8453 7055 
7055 8454 
8454 7056 
7056 8455 
8455 7077 
7077 8456 
8456 7078 
7078 8457 
8457 7099 
7099 8458 
8458 7100 
7100 8459 
8459 7121 
7121 8460 
8460 7122 
7122 8461 
8461 7123 
7123 8462 
8462 7143 
7143 8463 
8463 7144 
7144 8464 
8464 7145 
7145 8465 
8465 7165 
7165 8466 
8466 7186 
7186 8467 
8467 7187 
7187 8468 
8468 7207 
7207 8469 
8469 7208 
7208 8470 
8470 7229 
7229 8471 
8471 7231 
7231 8472 
8472 7250 
7250 8473 
8473 7251 
7251 8474 
8474 7255 
7255 8475 
8475 7256 
7256 8476 
8476 7271 
7271 8477 
8477 7272 
7272 8478 
8478 7294 
7294 8479 
8479 7295 
7295 8480 
8480 7317 
7317 8481 
8481 7318 
7318 8482 
8482 7338 
7338 8483 
8483 7339 
7339 8484 
8484 7360 
7360 8485 
8485 7361 
7361 8486 
8486 7359 
7359 8487 
8487 7379 
7379 8488 
8488 7400 
7400 8489 
8489 7421 
7421 8490 
8490 7441 
7441 8491 
8491 7460 
7460 8492 
8492 7477 
7477 8493 
8493 7494 
7494 8494 
8494 7510 
7510 8495 
8495 7526 
7526 8496 
8496 7551 
7551 8497 
8497 7575 
7575 8498 
8498 7597 
7597 8499 
8499 7617 
7617 8500 
8500 7635 
7635 8501 
8501 7653 
7653 8502 
8502 7670 
7670 8503 
8503 7686 
7686 8504 
8504 7699 
7699 8505 
8505 7711 
7711 8506 
8506 7722 
7722 8507 
8507 7732 
7732 8508 
8508 7740 
7740 8509 
8509 7747 
7747 8510 
8510 7753 
7753 8511 
8511 7757 
7757 8512 
8512 7760 
7760 8513 
8513 7761 

17 34
7553 8514 
8514 7528 
7577 8515 
8515 7553 
7599 8516 
8516 7577 
7619 8517 
8517 7599 
7637 8518 
8518 7619 
7655 8519 
8519 7637 
7672 8520 
8520 7655 
7688 8521 
8521 7672 
7701 8522 
8522 7688 
7713 8523 
8523 7701 
7724 8524 
8524 7713 
7734 8525 
8525 7724 
7742 8526 
8526 7734 
7749 8527 
8527 7742 
7755 8528 
8528 7749 
7759 8529 
8529 7755 
7761 8530 
8530 7759 

18 10
397 8531 
8531 350 
445 8532 
8532 397 
491 8533 
8533 445 
535 8534 
8534 491 
585 8535 
8535 535 

19 10
378 8536 
8536 386 
386 8537 
8537 435 
435 8538 
8538 482 
482 8539 
8539 527 
527 8540 
8540 578 

20 16
633 8541 
8541 585 
678 8542 
8542 633 
722 8543 
8543 678 
761 8544 
8544 722 
800 8545 
8545 761 
835 8546 
8546 800 
869 8547 
8547 835 
900 8548 
8548 869 

21 16
578 8549 
8549 628 
628 8550 
8550 674 
674 8551 
8551 718 
718 8552 
8552 757 
757 8553 
8553 797 
797 8554 
8554 833 
833 8555 
8555 867 
867 8556 
8556 896 

22 16
1335 8557 
8557 1303 
1367 8558 
8558 1335 
1401 8559 
8559 1367 
1443 8560 
8560 1401 
1444 8561 
8561 1443 
1445 8562 
8562 1444 
1446 8563 
8563 1445 
1450 8564 
8564 1446 

23 16
1299 8565 
8565 1330 
1330 8566 
8566 1361 
1361 8567 
8567 1395 
1395 8568 
8568 1433 
1433 8569 
8569 1434 
1435 8570 
8570 1432 
1434 8571 
8571 1436 
1436 8572 
8572 1435 

24 10
1451 8573 
8573 1450 
1452 8574 
8574 1451 
1453 8575 
8575 1452 
1503 8576 
8576 1453 
1555 8577 
8577 1503 

25 10
1393 8578 
8578 1394 
1427 8579 
8579 1393 
1394 8580 
8580 1429 
1432 8581 
8581 1427 
1429 8582 
8582 1479 

26 18
1893 8583 
8583 1846 
1944 8584 
8584 1893 
1996 8585 
8585 1944 
2050 8586 
8586 1996 
2109 8587 
8587 2050 
2165 8588 
8588 2109 
2225 8589 
8589 2165 
2287 8590 
8590 2225 
2356 8591 
8591 2287 

