784 10
0 21
0
3
7
10
17
21
31
32
43
44
67
68
100
102
138
140
180
223
271
274
324

1 155
1
0
4
8
14
22
24
36
38
55
69
103
105
141
142
182
183
226
227
228
275
325
327
382
384
440
441
498
564
565
623
702
805
806
909
1014
1119
1120
1225
1333
1334
1340
1345
1455
1550
1657
1671
1771
1773
1870
1872
1968
1970
2070
2072
2171
2173
2268
2270
2365
2367
2462
2464
2557
2559
2653
2746
2841
2845
2942
2944
3039
3043
3139
3141
3142
3224
3225
3324
3326
3421
3518
3520
3521
3618
3714
3812
3814
3815
3912
3913
3914
4015
4016
4017
4119
4120
4196
4197
4302
4304
4409
4411
4512
4619
4724
4726
4830
4832
4936
4938
5039
5041
5042
5043
5044
5045
5149
5150
5154
5155
5053
5165
5166
5167
5279
5281
5283
5284
5285
5396
5404
5405
5408
5409
5410
5411
5516
5517
5518
5519
5520
5521
5522
5523
5524
5528
5529
5530
5531
5532
5533
5534
5535
5536

2 40
324
379
437
495
556
563
598
527
599
626
672
675
677
678
706
707
747
748
749
750
751
752
753
754
755
756
757
758
759
760
770
771
775
776
777
778
779
780
781
782

3 155
377
324
433
491
493
554
555
627
705
809
840
943
946
1050
1053
1159
1163
1268
1270
1378
1481
1587
1589
1696
1697
1796
1797
1895
1896
1994
1995
2095
2096
2195
2196
2292
2293
2392
2393
2488
2489
2585
2586
2680
2681
2774
2775
2872
2949
3049
3052
3151
3154
3255
3258
3359
3449
3549
3552
3650
3663
3763
3765
3766
3863
3966
3968
4068
4166
4246
4351
4353
4354
4360
4466
4571
4679
4681
4785
4794
4898
4999
5000
5003
5090
5205
5208
5326
5331
5456
5458
5591
5592
5724
5725
5857
5858
5981
5982
6102
6103
6221
6222
6335
6336
6383
6385
6503
6506
6620
6623
6730
6732
6835
6836
6945
6946
7052
7053
6975
7087
7158
7159
7193
7261
7262
7267
7268
7269
7270
7295
7303
7304
7395
7400
7402
7403
7406
7407
7412
7413
7498
7500
7507
7509
7508
7510
7581
7582
7583
7584
7585
7586
7587
7588

4 21
41
25
42
60
64
65
66
85
86
87
88
120
159
200
246
296
347
348
404
463
527

5 155
527
596
600
669
761
769
774
784
886
889
991
994
1096
1099
1204
1207
1311
1386
1496
1499
1606
1608
1714
1715
1812
1911
2011
2112
2117
2218
2275
2373
2376
2472
2475
2573
2576
2673
2760
2858
2861
2960
2963
3064
3067
3169
3172
3273
3344
3441
3444
3543
3546
3643
3646
3746
3748
3849
3851
3952
3954
4057
4105
4164
4222
4271
4328
4379
4436
4487
4580
4689
4691
4798
4864
4967
5074
5187
5304
5312
5436
5572
5709
5842
5967
5974
6095
6208
6324
6440
6557
6667
6777
6788
6899
6906
7019
7126
7230
7332
7432
7441
7537
7632
7725
7732
7825
7914
8001
8069
8151
8175
8249
8318
8387
8392
8457
8460
8525
8528
8593
8632
8692
8749
8804
8857
8908
8955
9005
9008
9056
9059
9107
9145
9191
9194
9237
9264
9304
9309
9349
9351
9383
9382
9386
9387
9391
9392
9393
9394
9395
9396
9415
9416
9452

6 155
25
39
59
89
98
133
172
214
250
302
355
414
476
539
612
690
793
896
908
1011
1013
1116
1118
1222
1224
1330
1332
1441
1547
1652
1656
1756
1850
1948
2047
2147
2245
2341
2438
2531
2533
2628
2722
2817
2821
2920
3013
3104
3203
3302
3305
3404
3498
3595
3614
3711
3713
3809
3811
3911
4013
4014
4116
4219
4322
4422
4423
4527
4544
4651
4653
4757
4840
4946
5054
5168
5170
5286
5412
5549
5688
5823
5950
6074
6192
6308
6424
6426
6543
6654
6766
6879
6881
6995
7105
7209
7313
7320
7422
7424
7522
7617
7620
7714
7800
7832
7924
8014
8101
8182
8257
8327
8397
8464
8530
8596
8655
8714
8772
8825
8878
8929
8978
9027
9074
9122
9169
9213
9257
9298
9338
9377
9414
9449
9481
9511
9541
9567
9591
9613
9634
9653
9671
9687
9703
9717
9729
9741
9751
9759
9766
9772
9776
9779
9780

7 21
5163
5053
5276
5395
5515
5652
5788
5916
6039
6045
6164
6276
6391
6413
6531
6640
6749
6750
6861
6863
6975

8 40
7084
6975
7176
7280
7381
7384
7483
7578
7673
7677
7772
7860
7925
8016
8103
8184
8259
8330
8400
8467
8533
8600
8660
8719
8777
8830
8883
8934
8983
9032
9079
9127
9174
9218
9262
9303
9343
9381
9418
9452

9 21
9483
9452
9513
9543
9569
9593
9615
9636
9655
9673
9689
9705
9719
9731
9743
9753
9761
9768
9774
9778
9780

