1558 10
0 41
0
3
7
10
17
21
31
32
43
44
67
68
100
102
138
140
180
223
271
274
324
9781
9782
9783
9784
9785
9786
9787
9788
9789
9790
9791
9792
9793
9794
9795
9796
9797
9798
9799
9800

1 309
1
0
4
8
14
22
24
36
38
55
69
103
105
141
142
182
183
226
227
228
275
325
327
382
384
440
441
498
564
565
623
702
805
806
909
1014
1119
1120
1225
1333
1334
1340
1345
1455
1550
1657
1671
1771
1773
1870
1872
1968
1970
2070
2072
2171
2173
2268
2270
2365
2367
2462
2464
2557
2559
2653
2746
2841
2845
2942
2944
3039
3043
3139
3141
3142
3224
3225
3324
3326
3421
3518
3520
3521
3618
3714
3812
3814
3815
3912
3913
3914
4015
4016
4017
4119
4120
4196
4197
4302
4304
4409
4411
4512
4619
4724
4726
4830
4832
4936
4938
5039
5041
5042
5043
5044
5045
5149
5150
5154
5155
5053
5165
5166
5167
5279
5281
5283
5284
5285
5396
5404
5405
5408
5409
5410
5411
5516
5517
5518
5519
5520
5521
5522
5523
5524
5528
5529
5530
5531
5532
5533
5534
5535
5536
9801
9802
9803
9804
9805
9806
9807
9808
9809
9810
9811
9812
9813
9814
9815
9816
9817
9818
9819
9820
9821
9822
9823
9824
9825
9826
9827
9828
9829
9830
9831
9832
9833
9834
9835
9836
9837
9838
9839
9840
9841
9842
9843
9844
9845
9846
9847
9848
9849
9850
9851
9852
9853
9854
9855
9856
9857
9858
9859
9860
9861
9862
9863
9864
9865
9866
9867
9868
9869
9870
9871
9872
9873
9874
9875
9876
9877
9878
9879
9880
9881
9882
9883
9884
9885
9886
9887
9888
9889
9890
9891
9892
9893
9894
9895
9896
9897
9898
9899
9900
9901
9902
9903
9904
9905
9906
9907
9908
9909
9910
9911
9912
9913
9914
9915
9916
9917
9918
9919
9920
9921
9922
9923
9924
9925
9926
9927
9928
9929
9930
9931
9932
9933
9934
9935
9936
9937
9938
9939
9940
9941
9942
9943
9944
9945
9946
9947
9948
9949
9950
9951
9952
9953
9954

2 79
324
379
437
495
556
563
598
527
599
626
672
675
677
678
706
707
747
748
749
750
751
752
753
754
755
756
757
758
759
760
770
771
775
776
777
778
779
780
781
782
9955
9956
9957
9958
9959
9960
9961
9962
9963
9964
9965
9966
9967
9968
9969
9970
9971
9972
9973
9974
9975
9976
9977
9978
9979
9980
9981
9982
9983
9984
9985
9986
9987
9988
9989
9990
9991
9992
9993

3 309
377
324
433
491
493
554
555
627
705
809
840
943
946
1050
1053
1159
1163
1268
1270
1378
1481
1587
1589
1696
1697
1796
1797
1895
1896
1994
1995
2095
2096
2195
2196
2292
2293
2392
2393
2488
2489
2585
2586
2680
2681
2774
2775
2872
2949
3049
3052
3151
3154
3255
3258
3359
3449
3549
3552
3650
3663
3763
3765
3766
3863
3966
3968
4068
4166
4246
4351
4353
4354
4360
4466
4571
4679
4681
4785
4794
4898
4999
5000
5003
5090
5205
5208
5326
5331
5456
5458
5591
5592
5724
5725
5857
5858
5981
5982
6102
6103
6221
6222
6335
6336
6383
6385
6503
6506
6620
6623
6730
6732
6835
6836
6945
6946
7052
7053
6975
7087
7158
7159
7193
7261
7262
7267
7268
7269
7270
7295
7303
7304
7395
7400
7402
7403
7406
7407
7412
7413
7498
7500
7507
7509
7508
7510
7581
7582
7583
7584
7585
7586
7587
7588
9994
9995
9996
9997
9998
9999
10000
10001
10002
10003
10004
10005
10006
10007
10008
10009
10010
10011
10012
10013
10014
10015
10016
10017
10018
10019
10020
10021
10022
10023
10024
10025
10026
10027
10028
10029
10030
10031
10032
10033
10034
10035
10036
10037
10038
10039
10040
10041
10042
10043
10044
10045
10046
10047
10048
10049
10050
10051
10052
10053
10054
10055
10056
10057
10058
10059
10060
10061
10062
10063
10064
10065
10066
10067
10068
10069
10070
10071
10072
10073
10074
10075
10076
10077
10078
10079
10080
10081
10082
10083
10084
10085
10086
10087
10088
10089
10090
10091
10092
10093
10094
10095
10096
10097
10098
10099
10100
10101
10102
10103
10104
10105
10106
10107
10108
10109
10110
10111
10112
10113
10114
10115
10116
10117
10118
10119
10120
10121
10122
10123
10124
10125
10126
10127
10128
10129
10130
10131
10132
10133
10134
10135
10136
10137
10138
10139
10140
10141
10142
10143
10144
10145
10146
10147

4 41
41
25
42
60
64
65
66
85
86
87
88
120
159
200
246
296
347
348
404
463
527
10148
10149
10150
10151
10152
10153
10154
10155
10156
10157
10158
10159
10160
10161
10162
10163
10164
10165
10166
10167

5 309
527
596
600
669
761
769
774
784
886
889
991
994
1096
1099
1204
1207
1311
1386
1496
1499
1606
1608
1714
1715
1812
1911
2011
2112
2117
2218
2275
2373
2376
2472
2475
2573
2576
2673
2760
2858
2861
2960
2963
3064
3067
3169
3172
3273
3344
3441
3444
3543
3546
3643
3646
3746
3748
3849
3851
3952
3954
4057
4105
4164
4222
4271
4328
4379
4436
4487
4580
4689
4691
4798
4864
4967
5074
5187
5304
5312
5436
5572
5709
5842
5967
5974
6095
6208
6324
6440
6557
6667
6777
6788
6899
6906
7019
7126
7230
7332
7432
7441
7537
7632
7725
7732
7825
7914
8001
8069
8151
8175
8249
8318
8387
8392
8457
8460
8525
8528
8593
8632
8692
8749
8804
8857
8908
8955
9005
9008
9056
9059
9107
9145
9191
9194
9237
9264
9304
9309
9349
9351
9383
9382
9386
9387
9391
9392
9393
9394
9395
9396
9415
9416
9452
10168
10169
10170
10171
10172
10173
10174
10175
10176
10177
10178
10179
10180
10181
10182
10183
10184
10185
10186
10187
10188
10189
10190
10191
10192
10193
10194
10195
10196
10197
10198
10199
10200
10201
10202
10203
10204
10205
10206
10207
10208
10209
10210
10211
10212
10213
10214
10215
10216
10217
10218
10219
10220
10221
10222
10223
10224
10225
10226
10227
10228
10229
10230
10231
10232
10233
10234
10235
10236
10237
10238
10239
10240
10241
10242
10243
10244
10245
10246
10247
10248
10249
10250
10251
10252
10253
10254
10255
10256
10257
10258
10259
10260
10261
10262
10263
10264
10265
10266
10267
10268
10269
10270
10271
10272
10273
10274
10275
10276
10277
10278
10279
10280
10281
10282
10283
10284
10285
10286
10287
10288
10289
10290
10291
10292
10293
10294
10295
10296
10297
10298
10299
10300
10301
10302
10303
10304
10305
10306
10307
10308
10309
10310
10311
10312
10313
10314
10315
10316
10317
10318
10319
10320
10321

6 309
25
39
59
89
98
133
172
214
250
302
355
414
476
539
612
690
793
896
908
1011
1013
1116
1118
1222
1224
1330
1332
1441
1547
1652
1656
1756
1850
1948
2047
2147
2245
2341
2438
2531
2533
2628
2722
2817
2821
2920
3013
3104
3203
3302
3305
3404
3498
3595
3614
3711
3713
3809
3811
3911
4013
4014
4116
4219
4322
4422
4423
4527
4544
4651
4653
4757
4840
4946
5054
5168
5170
5286
5412
5549
5688
5823
5950
6074
6192
6308
6424
6426
6543
6654
6766
6879
6881
6995
7105
7209
7313
7320
7422
7424
7522
7617
7620
7714
7800
7832
7924
8014
8101
8182
8257
8327
8397
8464
8530
8596
8655
8714
8772
8825
8878
8929
8978
9027
9074
9122
9169
9213
9257
9298
9338
9377
9414
9449
9481
9511
9541
9567
9591
9613
9634
9653
9671
9687
9703
9717
9729
9741
9751
9759
9766
9772
9776
9779
9780
10322
10323
10324
10325
10326
10327
10328
10329
10330
10331
10332
10333
10334
10335
10336
10337
10338
10339
10340
10341
10342
10343
10344
10345
10346
10347
10348
10349
10350
10351
10352
10353
10354
10355
10356
10357
10358
10359
10360
10361
10362
10363
10364
10365
10366
10367
10368
10369
10370
10371
10372
10373
10374
10375
10376
10377
10378
10379
10380
10381
10382
10383
10384
10385
10386
10387
10388
10389
10390
10391
10392
10393
10394
10395
10396
10397
10398
10399
10400
10401
10402
10403
10404
10405
10406
10407
10408
10409
10410
10411
10412
10413
10414
10415
10416
10417
10418
10419
10420
10421
10422
10423
10424
10425
10426
10427
10428
10429
10430
10431
10432
10433
10434
10435
10436
10437
10438
10439
10440
10441
10442
10443
10444
10445
10446
10447
10448
10449
10450
10451
10452
10453
10454
10455
10456
10457
10458
10459
10460
10461
10462
10463
10464
10465
10466
10467
10468
10469
10470
10471
10472
10473
10474
10475

7 41
5163
5053
5276
5395
5515
5652
5788
5916
6039
6045
6164
6276
6391
6413
6531
6640
6749
6750
6861
6863
6975
10476
10477
10478
10479
10480
10481
10482
10483
10484
10485
10486
10487
10488
10489
10490
10491
10492
10493
10494
10495

8 79
7084
6975
7176
7280
7381
7384
7483
7578
7673
7677
7772
7860
7925
8016
8103
8184
8259
8330
8400
8467
8533
8600
8660
8719
8777
8830
8883
8934
8983
9032
9079
9127
9174
9218
9262
9303
9343
9381
9418
9452
10496
10497
10498
10499
10500
10501
10502
10503
10504
10505
10506
10507
10508
10509
10510
10511
10512
10513
10514
10515
10516
10517
10518
10519
10520
10521
10522
10523
10524
10525
10526
10527
10528
10529
10530
10531
10532
10533
10534

9 41
9483
9452
9513
9543
9569
9593
9615
9636
9655
9673
9689
9705
9719
9731
9743
9753
9761
9768
9774
9778
9780
10535
10536
10537
10538
10539
10540
10541
10542
10543
10544
10545
10546
10547
10548
10549
10550
10551
10552
10553
10554

