0 0 
0 0.0277778 
0.0182091 0.0188441 
0.0277778 0 
0.0555556 0 
0 0.0555556 
0.0207556 0.0419929 
0.0425122 0.0244496 
0.0833333 0 
0.071087 0.0224102 
0 0.0833333 
0.0217993 0.0696567 
0.0424169 0.0551578 
0.0625487 0.0428706 
0 0.111111 
0.111111 0 
0.0979441 0.0225756 
0.0852069 0.0449903 
0.0224102 0.097455 
0.0449427 0.083386 
0.0694404 0.0688357 
0 0.138889 
0.0225875 0.125718 
0 0.166667 
0.138889 0 
0.125202 0.0226611 
0.111835 0.0452126 
0.0984719 0.0678763 
0.0456733 0.111709 
0.0679079 0.0975371 
0.0879522 0.0879176 
0.0225987 0.153489 
0.047731 0.141629 
0.0224331 0.179624 
0 0.194444 
0 0.222222 
0.166667 0 
0.152811 0.0226293 
0.139019 0.0452551 
0.125179 0.0678942 
0.112115 0.0928849 
0.0684606 0.12453 
0.0918256 0.112454 
0.0704189 0.145021 
0.0443631 0.167469 
0.0623749 0.159417 
0.0429272 0.187479 
0.024955 0.208053 
0.0190753 0.232061 
0 0.25 
0.194444 0 
0.180548 0.0226178 
0.166654 0.045233 
0.152436 0.0679004 
0.138637 0.0902214 
0.129049 0.108563 
0.113692 0.115268 
0.087207 0.138831 
0.106051 0.130743 
0.082478 0.160918 
0.0664451 0.181241 
0.0547043 0.206687 
0.0426436 0.230029 
0 0.277778 
0.0277778 0.25 
0.0182044 0.26882 
0.222222 0 
0.208333 0.0226052 
0.193989 0.0453107 
0.179522 0.0680143 
0.164787 0.0907199 
0.150348 0.113322 
0.129823 0.130884 
0.109624 0.154433 
0.0960836 0.181477 
0.0822508 0.204947 
0.0690971 0.227844 
0 0.305556 
0.0555556 0.25 
0.0208066 0.291815 
0.0424376 0.274506 
0.25 0 
0.236111 0.0226052 
0.22179 0.0453166 
0.207085 0.0680775 
0.191652 0.0908868 
0.176089 0.113967 
0.158882 0.13573 
0.141151 0.157017 
0.124576 0.181162 
0.110524 0.204594 
0.0968759 0.227488 
0 0.333333 
0.0833333 0.25 
0.0216302 0.319068 
0.0710563 0.272392 
0.0425825 0.305137 
0.0625211 0.2928 
0 0.361111 
0.277778 0 
0.263889 0.0226052 
0.249377 0.045345 
0.234592 0.0680939 
0.219065 0.0908668 
0.203256 0.113653 
0.186995 0.13628 
0.169897 0.158629 
0.15411 0.181263 
0.138887 0.204691 
0.124896 0.227453 
0.111111 0.25 
0.0223736 0.346821 
0.0979773 0.272608 
0.0445281 0.332653 
0.0853276 0.294946 
0.0696923 0.318494 
0 0.388889 
0.0223203 0.374762 
0 0.416667 
0.305556 0 
0.291667 0.0226052 
0.277306 0.0453449 
0.262132 0.0681044 
0.246671 0.0908553 
0.230858 0.113599 
0.2148 0.136307 
0.19848 0.158937 
0.182688 0.181594 
0.167484 0.20446 
0.152827 0.227407 
0.138889 0.25 
0.125322 0.27277 
0.0445663 0.360613 
0.111884 0.29564 
0.0667487 0.346641 
0.0989045 0.318853 
0.0872337 0.338424 
0.0223445 0.402595 
0.0446372 0.388543 
0 0.444444 
0.0225062 0.430407 
0.333333 0 
0.319373 0.0226349 
0.304901 0.0453676 
0.290101 0.0681138 
0.274419 0.0908503 
0.258611 0.113583 
0.242644 0.136315 
0.226445 0.159038 
0.210801 0.181727 
0.19563 0.204484 
0.180836 0.227297 
0.166667 0.25 
0.152903 0.272744 
0.139181 0.295645 
0.0667816 0.374255 
0.125374 0.319241 
0.0887861 0.361386 
0.111434 0.344854 
0.0449233 0.416458 
0.0672337 0.40242 
0 0.472222 
0.0225608 0.458269 
0.0450526 0.444314 
0 0.5 
0 0.527778 
0.361111 0 
0.34709 0.0226722 
0.332841 0.045376 
0.31768 0.0681148 
0.302207 0.0908448 
0.286428 0.11357 
0.270548 0.136301 
0.254384 0.15903 
0.238861 0.181752 
0.223399 0.204506 
0.208766 0.227267 
0.194444 0.25 
0.180602 0.272671 
0.166766 0.295384 
0.152968 0.318293 
0.089461 0.388575 
0.139348 0.341503 
0.111032 0.374539 
0.130871 0.362165 
0.0675328 0.430339 
0.0900635 0.416345 
0.0225742 0.486078 
0.0451221 0.472153 
0.0676567 0.458216 
0.0226092 0.513868 
0 0.555556 
0.0226637 0.541686 
0.388889 0 
0.374922 0.0226693 
0.360443 0.0453936 
0.345686 0.0681241 
0.330007 0.0908395 
0.314251 0.113556 
0.298441 0.136278 
0.282527 0.158998 
0.26676 0.181727 
0.251376 0.204482 
0.236345 0.227277 
0.222222 0.25 
0.208348 0.272627 
0.194484 0.295276 
0.180633 0.317945 
0.166918 0.340695 
0.112837 0.402265 
0.153805 0.363559 
0.137977 0.387234 
0.0902577 0.444258 
0.113059 0.430214 
0.0451575 0.49994 
0.0677087 0.486056 
0.0902539 0.472144 
0.045258 0.527725 
0 0.583333 
0.0227265 0.569584 
0.045387 0.555602 
0 0.611111 
0.416667 0 
0.402703 0.0226602 
0.388415 0.0453836 
0.37326 0.0681123 
0.357806 0.0908308 
0.342064 0.113543 
0.326275 0.136256 
0.3104 0.158966 
0.294593 0.181681 
0.279185 0.204434 
0.264161 0.227222 
0.25 0.25 
0.236111 0.272605 
0.222222 0.29521 
0.208362 0.317854 
0.194525 0.340491 
0.180708 0.36312 
0.135977 0.416446 
0.166878 0.385912 
0.156453 0.405878 
0.112897 0.458052 
0.135956 0.443571 
0.06776 0.513743 
0.112814 0.485858 
0.090324 0.499985 
0.0679789 0.541548 
0.0228167 0.59754 
0.045409 0.583529 
0.0680916 0.569324 
0 0.638889 
0.022849 0.625739 
0 0.666667 
0.444444 0 
0.430518 0.0226447 
0.41603 0.0453661 
0.40126 0.0681014 
0.385689 0.0908204 
0.369882 0.11353 
0.354089 0.136241 
0.338227 0.158945 
0.322419 0.181653 
0.306623 0.204356 
0.29212 0.227191 
0.277778 0.25 
0.263888 0.272605 
0.249998 0.29521 
0.236104 0.317811 
0.222214 0.340398 
0.208319 0.362937 
0.194613 0.385537 
0.16071 0.429138 
0.180818 0.410667 
0.180075 0.429737 
0.135109 0.471275 
0.157262 0.45669 
0.0905075 0.527894 
0.135341 0.499459 
0.113184 0.513883 
0.0907264 0.555403 
0.045832 0.611586 
0.0680562 0.596859 
0.0904629 0.582872 
0.0229645 0.653037 
0.0482339 0.640792 
0.0225101 0.679284 
0 0.694444 
0 0.722222 
0.472222 0 
0.458194 0.022652 
0.443975 0.0453384 
0.42884 0.0680609 
0.413491 0.0907899 
0.397697 0.113512 
0.381892 0.13623 
0.36604 0.15894 
0.350261 0.181651 
0.334826 0.204393 
0.319931 0.227181 
0.305556 0.25 
0.291666 0.272605 
0.277772 0.295208 
0.263872 0.317805 
0.249963 0.340387 
0.236063 0.362927 
0.222559 0.385427 
0.209567 0.408035 
0.179336 0.446579 
0.197912 0.430458 
0.157529 0.484969 
0.179377 0.472038 
0.158133 0.512224 
0.113953 0.542092 
0.136308 0.527767 
0.113368 0.568515 
0.11338 0.592632 
0.068838 0.624061 
0.0920885 0.611781 
0.0706269 0.644895 
0.0441941 0.66685 
0.0624269 0.659194 
0.0433359 0.686943 
0.0248133 0.707907 
0.0190527 0.732024 
0 0.75 
0.5 0 
0.486064 0.0226302 
0.471576 0.045313 
0.456837 0.0680186 
0.441197 0.0907524 
0.425479 0.113488 
0.409686 0.136219 
0.393835 0.158943 
0.378062 0.181664 
0.362413 0.204394 
0.347693 0.227195 
0.333333 0.25 
0.319444 0.272605 
0.305551 0.295209 
0.291652 0.317809 
0.277743 0.340399 
0.263818 0.362971 
0.250063 0.385444 
0.236945 0.407652 
0.225292 0.429042 
0.199576 0.459443 
0.217916 0.448377 
0.200987 0.485039 
0.179953 0.49813 
0.159623 0.538735 
0.180146 0.523496 
0.139299 0.556569 
0.162368 0.55885 
0.134255 0.582466 
0.13224 0.601619 
0.118717 0.61512 
0.0881562 0.638446 
0.107328 0.631821 
0.0829024 0.66136 
0.066147 0.681227 
0.0549894 0.706631 
0.0426726 0.729989 
0 0.777778 
0.0277778 0.75 
0.0182091 0.768844 
0.527778 0 
0.513735 0.0226261 
0.499518 0.0452747 
0.484433 0.0679877 
0.469138 0.0907075 
0.453328 0.113453 
0.437474 0.136204 
0.421623 0.158944 
0.405848 0.181685 
0.390417 0.204437 
0.375358 0.227213 
0.361111 0.25 
0.347222 0.272605 
0.333331 0.29521 
0.319436 0.317813 
0.305534 0.340411 
0.291618 0.363006 
0.277643 0.385606 
0.264367 0.407839 
0.251457 0.429612 
0.238815 0.45042 
0.224685 0.472302 
0.221475 0.498267 
0.200855 0.510052 
0.199155 0.530832 
0.182846 0.549586 
0.155216 0.577561 
0.175314 0.569438 
0.152063 0.597793 
0.141157 0.618203 
0.127543 0.638058 
0.107924 0.656295 
0.0953449 0.682112 
0.0821005 0.705077 
0.069236 0.72821 
0.0555556 0.75 
0 0.805556 
0.0207556 0.791993 
0.0425122 0.77445 
0.555556 0 
0.54158 0.0226132 
0.527118 0.0452738 
0.512417 0.06795 
0.496816 0.0906915 
0.48109 0.11344 
0.465268 0.136186 
0.449403 0.158939 
0.433634 0.181696 
0.417969 0.20447 
0.403276 0.227233 
0.388889 0.25 
0.375 0.272605 
0.36111 0.29521 
0.347218 0.317815 
0.333323 0.340417 
0.319428 0.363023 
0.305545 0.38564 
0.291765 0.408255 
0.278345 0.430414 
0.264977 0.452296 
0.251647 0.473994 
0.239626 0.490256 
0.239284 0.507404 
0.223412 0.524548 
0.210281 0.548939 
0.196109 0.571952 
0.177711 0.591565 
0.166173 0.61624 
0.152701 0.63838 
0.136474 0.660219 
0.123206 0.681748 
0.110124 0.704718 
0.0967617 0.727564 
0.0833333 0.75 
0.071087 0.77241 
0 0.833333 
0.0217993 0.819657 
0.0424169 0.805158 
0.0625487 0.792871 
0 0.861111 
0.583333 0 
0.569275 0.0226205 
0.555053 0.0452545 
0.540007 0.0679612 
0.524752 0.0906715 
0.508947 0.11342 
0.493045 0.136181 
0.477157 0.158938 
0.461403 0.181703 
0.445981 0.204484 
0.430829 0.227301 
0.416667 0.25 
0.402778 0.272605 
0.388889 0.29521 
0.374998 0.317815 
0.361107 0.34042 
0.347217 0.363031 
0.333335 0.385664 
0.319483 0.408321 
0.305689 0.430941 
0.291896 0.453397 
0.2777 0.475936 
0.261013 0.499308 
0.250662 0.524486 
0.236851 0.547757 
0.222272 0.570804 
0.206009 0.593022 
0.193008 0.615203 
0.1798 0.637681 
0.164928 0.660077 
0.151375 0.682367 
0.137996 0.704775 
0.124652 0.727387 
0.111111 0.75 
0.0979441 0.772576 
0.0852069 0.79499 
0.0224102 0.847455 
0.0449427 0.833386 
0.0694404 0.818836 
0 0.888889 
0.0225875 0.875718 
0 0.916667 
0.611111 0 
0.597088 0.0226186 
0.582682 0.0452723 
0.56799 0.0679486 
0.552402 0.0906941 
0.536665 0.113444 
0.520806 0.136195 
0.504903 0.158951 
0.489065 0.181713 
0.473567 0.204502 
0.458846 0.227264 
0.444444 0.25 
0.430556 0.272605 
0.416667 0.29521 
0.402777 0.317816 
0.388887 0.340421 
0.374997 0.363034 
0.361108 0.38568 
0.34722 0.408379 
0.333334 0.431118 
0.319413 0.453849 
0.305372 0.476657 
0.290967 0.499754 
0.277205 0.523329 
0.263934 0.546926 
0.249767 0.570071 
0.234485 0.592954 
0.220909 0.615187 
0.207447 0.637525 
0.193532 0.660018 
0.179622 0.68246 
0.166014 0.704926 
0.152564 0.727512 
0.138889 0.75 
0.125202 0.772661 
0.111835 0.795213 
0.0984719 0.817876 
0.0456733 0.861709 
0.0679079 0.847537 
0.0879522 0.837918 
0.0225987 0.903489 
0.047731 0.891629 
0.0224331 0.929624 
0 0.944444 
0 0.972222 
0.638889 0 
0.624868 0.0226215 
0.610655 0.0452595 
0.595578 0.0679746 
0.580337 0.0906974 
0.564409 0.113468 
0.548554 0.136223 
0.532619 0.158982 
0.516868 0.181743 
0.501487 0.204509 
0.486451 0.22729 
0.472222 0.25 
0.458333 0.272605 
0.444444 0.29521 
0.430555 0.317816 
0.416666 0.340421 
0.402776 0.363035 
0.388883 0.385687 
0.374981 0.408411 
0.361066 0.431213 
0.347128 0.45407 
0.333139 0.476986 
0.319126 0.500004 
0.305207 0.523159 
0.291448 0.546338 
0.277536 0.569445 
0.263288 0.592334 
0.249142 0.614972 
0.235362 0.63745 
0.221603 0.659933 
0.207791 0.682435 
0.194036 0.70495 
0.180394 0.727501 
0.166667 0.75 
0.152811 0.772629 
0.139019 0.795255 
0.125179 0.817894 
0.112115 0.842885 
0.0684606 0.87453 
0.0918256 0.862454 
0.0704189 0.895021 
0.0443631 0.917469 
0.0623749 0.909417 
0.0429272 0.937479 
0.024955 0.958053 
0.0190753 0.982061 
0 1 
0.666667 0 
0.652655 0.0226249 
0.638279 0.0452814 
0.623582 0.0679651 
0.607963 0.0907248 
0.592239 0.113488 
0.576257 0.136262 
0.560341 0.159021 
0.544421 0.181784 
0.52903 0.204535 
0.514362 0.227273 
0.5 0.25 
0.486111 0.272605 
0.472222 0.29521 
0.458333 0.317816 
0.444444 0.340421 
0.430554 0.363036 
0.41666 0.385691 
0.402754 0.408425 
0.388833 0.431255 
0.374896 0.454163 
0.360941 0.477113 
0.347007 0.500071 
0.33309 0.523091 
0.319225 0.546116 
0.305355 0.56908 
0.291378 0.591937 
0.277348 0.614661 
0.263422 0.637281 
0.249602 0.659834 
0.235797 0.682376 
0.221997 0.704923 
0.208241 0.727479 
0.194444 0.75 
0.180548 0.772618 
0.166654 0.795233 
0.152436 0.8179 
0.138637 0.840221 
0.129049 0.858563 
0.113692 0.865268 
0.087207 0.888831 
0.106051 0.880743 
0.082478 0.910918 
0.0664451 0.931241 
0.0547043 0.956687 
0.0426436 0.980029 
0.0277778 1 
0.694444 0 
0.680423 0.0226252 
0.666261 0.0452673 
0.651185 0.0679872 
0.635991 0.0907174 
0.619973 0.113507 
0.604027 0.136287 
0.588055 0.159063 
0.572279 0.181818 
0.556705 0.204561 
0.541845 0.227281 
0.527778 0.25 
0.513889 0.272605 
0.5 0.29521 
0.486111 0.317816 
0.472222 0.340421 
0.458332 0.363036 
0.444438 0.385692 
0.430532 0.40843 
0.41661 0.431271 
0.402676 0.454199 
0.388735 0.477165 
0.374824 0.500125 
0.360923 0.523099 
0.347049 0.546048 
0.333184 0.568932 
0.319284 0.591727 
0.305344 0.61445 
0.291421 0.637115 
0.27755 0.659731 
0.263713 0.682312 
0.249878 0.704882 
0.236045 0.727449 
0.222222 0.75 
0.208333 0.772605 
0.193989 0.795311 
0.179522 0.818014 
0.164787 0.84072 
0.150348 0.863322 
0.129823 0.880884 
0.109624 0.904433 
0.0960836 0.931477 
0.0822508 0.954947 
0.0690971 0.977844 
0.0555556 1 
0.722222 0 
0.708262 0.0226151 
0.693834 0.0452826 
0.679155 0.0679732 
0.663537 0.0907398 
0.647788 0.113517 
0.631783 0.13631 
0.615783 0.159095 
0.599807 0.181869 
0.58461 0.204589 
0.569679 0.227301 
0.555556 0.25 
0.541667 0.272605 
0.527778 0.29521 
0.513889 0.317816 
0.5 0.340421 
0.48611 0.363036 
0.472215 0.385691 
0.458307 0.40843 
0.444383 0.431275 
0.43045 0.45421 
0.416523 0.47719 
0.402617 0.500157 
0.388724 0.523123 
0.374853 0.54605 
0.360994 0.568903 
0.347122 0.591666 
0.333227 0.614359 
0.319325 0.637016 
0.305439 0.659649 
0.291574 0.682254 
0.277714 0.704845 
0.263855 0.727428 
0.25 0.75 
0.236111 0.772605 
0.22179 0.795317 
0.207085 0.818077 
0.191652 0.840887 
0.176089 0.863967 
0.158882 0.88573 
0.141151 0.907017 
0.124576 0.931162 
0.110524 0.954594 
0.0968759 0.977488 
0.0833333 1 
0.75 0 
0.736028 0.0226155 
0.721662 0.045275 
0.707146 0.0679495 
0.691432 0.0907291 
0.67549 0.113524 
0.659535 0.136321 
0.643509 0.159117 
0.627739 0.181885 
0.612034 0.204647 
0.597597 0.227316 
0.583333 0.25 
0.569444 0.272605 
0.555556 0.29521 
0.541667 0.317816 
0.527778 0.340421 
0.513887 0.363035 
0.49999 0.38569 
0.486077 0.408429 
0.472148 0.431274 
0.458216 0.454211 
0.444295 0.477195 
0.430395 0.500171 
0.416508 0.523138 
0.402643 0.54606 
0.388791 0.568906 
0.374932 0.591662 
0.361057 0.614342 
0.34717 0.636981 
0.333282 0.659602 
0.3194 0.682213 
0.305523 0.704817 
0.29165 0.727413 
0.277778 0.75 
0.263889 0.772605 
0.249377 0.795345 
0.234592 0.818094 
0.219065 0.840867 
0.203256 0.863653 
0.186995 0.88628 
0.169897 0.908629 
0.15411 0.931263 
0.138887 0.954691 
0.124896 0.977453 
0.111111 1 
0.777778 0 
0.763766 0.0226213 
0.74959 0.0452623 
0.734627 0.0679678 
0.719396 0.0907058 
0.703364 0.113515 
0.687282 0.136325 
0.671352 0.159117 
0.655533 0.181899 
0.639949 0.204663 
0.625383 0.227338 
0.611111 0.25 
0.597222 0.272605 
0.583333 0.29521 
0.569444 0.317816 
0.555556 0.340421 
0.541665 0.363035 
0.527764 0.385691 
0.513847 0.408429 
0.499913 0.431274 
0.485978 0.454211 
0.472061 0.477193 
0.458156 0.500182 
0.444284 0.523137 
0.430423 0.546059 
0.416575 0.568907 
0.402726 0.591663 
0.388862 0.61434 
0.374983 0.636971 
0.361094 0.659584 
0.347204 0.682192 
0.333319 0.704799 
0.319437 0.727402 
0.305556 0.75 
0.291667 0.772605 
0.277306 0.795345 
0.262132 0.818104 
0.246671 0.840855 
0.230858 0.863599 
0.2148 0.886307 
0.19848 0.908937 
0.182688 0.931594 
0.167484 0.95446 
0.152827 0.977407 
0.138889 1 
0.805556 0 
0.791608 0.0226109 
0.777233 0.0452609 
0.762589 0.06794 
0.746937 0.0907154 
0.731177 0.113501 
0.71507 0.136319 
0.699039 0.159127 
0.683213 0.181915 
0.667668 0.204679 
0.652778 0.227395 
0.638889 0.25 
0.625 0.272605 
0.611111 0.29521 
0.597222 0.317816 
0.583333 0.340421 
0.569442 0.363036 
0.55554 0.385692 
0.54162 0.408431 
0.527685 0.431276 
0.513748 0.454213 
0.499829 0.477194 
0.485939 0.500168 
0.472055 0.523132 
0.458194 0.546058 
0.44435 0.568907 
0.430507 0.591664 
0.416649 0.614341 
0.402773 0.63697 
0.388885 0.659579 
0.374995 0.682185 
0.361106 0.704792 
0.34722 0.727397 
0.333333 0.75 
0.319373 0.772635 
0.304901 0.795368 
0.290101 0.818114 
0.274419 0.84085 
0.258611 0.863583 
0.242644 0.886315 
0.226445 0.909038 
0.210801 0.931727 
0.19563 0.954484 
0.180836 0.977297 
0.166667 1 
0.833333 0 
0.819414 0.0226043 
0.80504 0.045246 
0.790144 0.0679457 
0.774887 0.0906849 
0.758848 0.113503 
0.742829 0.136315 
0.72673 0.159132 
0.710772 0.181936 
0.695393 0.204687 
0.680556 0.227395 
0.666667 0.25 
0.652778 0.272605 
0.638889 0.29521 
0.625 0.317816 
0.611111 0.340421 
0.597219 0.363036 
0.583317 0.385692 
0.569397 0.408433 
0.555463 0.431279 
0.541528 0.454215 
0.527604 0.477199 
0.513711 0.500171 
0.499825 0.523135 
0.485965 0.546059 
0.472125 0.568908 
0.458284 0.591665 
0.444428 0.614342 
0.430553 0.63697 
0.416666 0.659579 
0.402777 0.682185 
0.388888 0.70479 
0.374999 0.727395 
0.361111 0.75 
0.34709 0.772672 
0.332841 0.795376 
0.31768 0.818115 
0.302207 0.840845 
0.286428 0.86357 
0.270548 0.886301 
0.254384 0.90903 
0.238861 0.931752 
0.223399 0.954506 
0.208766 0.977267 
0.194444 1 
0.861111 0 
0.847159 0.0226062 
0.832975 0.0452209 
0.817883 0.0679403 
0.802736 0.0906626 
0.786667 0.11349 
0.770591 0.13631 
0.754498 0.159128 
0.738371 0.181948 
0.722426 0.20476 
0.708404 0.227384 
0.694444 0.25 
0.680556 0.272605 
0.666667 0.29521 
0.652778 0.317816 
0.638889 0.340421 
0.624997 0.363036 
0.611095 0.385692 
0.597176 0.408433 
0.583245 0.43128 
0.569314 0.454217 
0.555389 0.477205 
0.54149 0.500178 
0.527602 0.52314 
0.513745 0.546061 
0.499904 0.568909 
0.486063 0.591666 
0.472206 0.614342 
0.458331 0.63697 
0.444444 0.659579 
0.430556 0.682184 
0.416667 0.70479 
0.402778 0.727395 
0.388889 0.75 
0.374922 0.772669 
0.360443 0.795394 
0.345686 0.818124 
0.330007 0.84084 
0.314251 0.863556 
0.298441 0.886278 
0.282527 0.908998 
0.26676 0.931727 
0.251376 0.954482 
0.236345 0.977277 
0.222222 1 
0.888889 0 
0.874954 0.0226081 
0.860526 0.0452536 
0.845837 0.0679189 
0.830201 0.0906982 
0.814376 0.113494 
0.798345 0.136309 
0.782278 0.159126 
0.766276 0.181936 
0.750284 0.204752 
0.736211 0.227381 
0.722222 0.25 
0.708333 0.272605 
0.694444 0.29521 
0.680556 0.317816 
0.666667 0.340421 
0.652775 0.363035 
0.638874 0.385691 
0.624957 0.408431 
0.611029 0.431278 
0.5971 0.454217 
0.583181 0.477204 
0.569268 0.500195 
0.555392 0.523144 
0.541536 0.546062 
0.52769 0.568911 
0.513846 0.591667 
0.499986 0.614343 
0.486109 0.636971 
0.472222 0.659579 
0.458333 0.682184 
0.444444 0.70479 
0.430556 0.727395 
0.416667 0.75 
0.402703 0.77266 
0.388415 0.795384 
0.37326 0.818112 
0.357806 0.840831 
0.342064 0.863543 
0.326275 0.886256 
0.3104 0.908966 
0.294593 0.931681 
0.279185 0.954434 
0.264161 0.977222 
0.25 1 
0.916667 0 
0.902656 0.0226197 
0.888429 0.0452561 
0.873377 0.0679641 
0.858101 0.0906912 
0.842106 0.113503 
0.826109 0.136312 
0.809969 0.159134 
0.794073 0.181932 
0.778374 0.204718 
0.764003 0.227379 
0.75 0.25 
0.736111 0.272605 
0.722222 0.29521 
0.708333 0.317816 
0.694444 0.340421 
0.680553 0.363035 
0.666652 0.38569 
0.652737 0.408429 
0.638811 0.431275 
0.624884 0.454216 
0.610971 0.477201 
0.597074 0.500179 
0.58319 0.523142 
0.56933 0.546064 
0.555481 0.568912 
0.541631 0.591668 
0.527767 0.614343 
0.513888 0.636971 
0.5 0.659579 
0.486111 0.682184 
0.472222 0.70479 
0.458333 0.727395 
0.444444 0.75 
0.430518 0.772645 
0.41603 0.795366 
0.40126 0.818101 
0.385689 0.84082 
0.369882 0.86353 
0.354089 0.886241 
0.338227 0.908945 
0.322419 0.931653 
0.306623 0.954356 
0.29212 0.977191 
0.277778 1 
0.944444 0 
0.930491 0.0226143 
0.91604 0.0452812 
0.901326 0.0679666 
0.885893 0.0907127 
0.869961 0.113506 
0.853887 0.136316 
0.837822 0.159129 
0.821727 0.181943 
0.806155 0.204715 
0.791784 0.227377 
0.777778 0.25 
0.763889 0.272605 
0.75 0.29521 
0.736111 0.317816 
0.722222 0.340421 
0.708331 0.363035 
0.69443 0.385691 
0.680515 0.408429 
0.66659 0.431273 
0.652665 0.454213 
0.638754 0.477198 
0.624863 0.500174 
0.610981 0.52314 
0.597119 0.546065 
0.58327 0.568913 
0.569416 0.591668 
0.555548 0.614343 
0.541666 0.63697 
0.527778 0.659579 
0.513889 0.682184 
0.5 0.70479 
0.486111 0.727395 
0.472222 0.75 
0.458189 0.772652 
0.443974 0.795338 
0.428839 0.818061 
0.41349 0.84079 
0.397697 0.863512 
0.381892 0.88623 
0.36604 0.90894 
0.350261 0.931651 
0.334826 0.954393 
0.319931 0.977181 
0.305556 1 
0.972222 0 
0.958214 0.0226211 
0.944013 0.0452671 
0.929127 0.0679773 
0.91352 0.0907384 
0.897676 0.113522 
0.881673 0.136322 
0.865556 0.159134 
0.849676 0.181928 
0.833775 0.204726 
0.819578 0.227374 
0.805556 0.25 
0.791667 0.272605 
0.777778 0.29521 
0.763889 0.317816 
0.75 0.340421 
0.736108 0.363036 
0.722207 0.385691 
0.70829 0.408429 
0.694365 0.431271 
0.680441 0.454207 
0.666532 0.477192 
0.65264 0.500173 
0.638762 0.523139 
0.624902 0.546065 
0.611052 0.568912 
0.597196 0.591667 
0.583326 0.614343 
0.569444 0.63697 
0.555556 0.659579 
0.541667 0.682184 
0.527778 0.70479 
0.513889 0.727395 
0.5 0.75 
0.486038 0.772633 
0.471571 0.795314 
0.456835 0.818019 
0.441279 0.840751 
0.425493 0.863488 
0.409686 0.886219 
0.393835 0.908943 
0.378062 0.931664 
0.362413 0.954394 
0.347693 0.977195 
0.333333 1 
1 0 
0.986033 0.022615 
0.972001 0.04524 
0.956902 0.0679734 
0.941235 0.0907474 
0.925393 0.113532 
0.909468 0.136325 
0.893338 0.159133 
0.877293 0.181937 
0.862041 0.204681 
0.847293 0.227383 
0.833333 0.25 
0.819444 0.272605 
0.805556 0.29521 
0.791667 0.317816 
0.777778 0.340421 
0.763886 0.363036 
0.749983 0.385692 
0.736064 0.408429 
0.722135 0.43127 
0.708212 0.454202 
0.694303 0.477187 
0.680405 0.500182 
0.666539 0.523135 
0.65268 0.546061 
0.638829 0.56891 
0.624973 0.591667 
0.611104 0.614343 
0.597221 0.636971 
0.583333 0.659579 
0.569444 0.682184 
0.555556 0.70479 
0.541667 0.727395 
0.527778 0.75 
0.513731 0.772628 
0.499529 0.795277 
0.484442 0.817989 
0.469143 0.840708 
0.453331 0.863453 
0.437476 0.886204 
0.421624 0.908944 
0.405848 0.931685 
0.390417 0.954437 
0.375358 0.977213 
0.361111 1 
1.02778 0 
1.01383 0.0226125 
0.999407 0.0452784 
0.984641 0.0679717 
0.969086 0.0907407 
0.953237 0.11353 
0.937224 0.136329 
0.921182 0.15913 
0.905199 0.181928 
0.889301 0.204726 
0.875141 0.227371 
0.861111 0.25 
0.847222 0.272605 
0.833333 0.29521 
0.819444 0.317816 
0.805556 0.340421 
0.791664 0.363036 
0.77776 0.385691 
0.76384 0.408429 
0.749907 0.431269 
0.735981 0.4542 
0.722072 0.477181 
0.708186 0.500161 
0.694311 0.523128 
0.680455 0.546055 
0.666604 0.568908 
0.652749 0.591667 
0.63888 0.614343 
0.624999 0.636971 
0.611111 0.659579 
0.597222 0.682184 
0.583333 0.70479 
0.569444 0.727395 
0.555556 0.75 
0.541577 0.772616 
0.527126 0.795275 
0.512429 0.817952 
0.496841 0.840689 
0.48119 0.863418 
0.465274 0.886186 
0.449404 0.908939 
0.433634 0.931696 
0.417969 0.95447 
0.403276 0.977233 
0.388889 1 
1.05556 0 
1.0416 0.0226178 
1.02731 0.0452754 
1.01222 0.067999 
0.996772 0.0907498 
0.981065 0.113524 
0.965005 0.136327 
0.948906 0.159134 
0.932923 0.181928 
0.917229 0.204712 
0.90295 0.22737 
0.888889 0.25 
0.875 0.272605 
0.861111 0.29521 
0.847222 0.317816 
0.833333 0.340421 
0.819441 0.363036 
0.805539 0.385692 
0.791618 0.408431 
0.777683 0.431272 
0.763753 0.454202 
0.749843 0.47718 
0.735945 0.500164 
0.722081 0.523122 
0.708225 0.546051 
0.694377 0.568906 
0.680524 0.591666 
0.666657 0.614344 
0.652776 0.636971 
0.638889 0.659579 
0.625 0.682184 
0.611111 0.70479 
0.597222 0.727395 
0.583333 0.75 
0.569285 0.77262 
0.555066 0.795254 
0.540022 0.817961 
0.524776 0.840671 
0.508907 0.86343 
0.493066 0.886178 
0.47716 0.908938 
0.461403 0.931703 
0.445981 0.954484 
0.430829 0.977301 
0.416667 1 
1.08333 0 
1.06939 0.0226189 
1.05522 0.0452897 
1.04004 0.0680124 
1.02472 0.0907439 
1.00877 0.113532 
0.992805 0.136323 
0.976766 0.159123 
0.960728 0.181926 
0.945441 0.204673 
0.930609 0.227387 
0.916667 0.25 
0.902778 0.272605 
0.888889 0.29521 
0.875 0.317816 
0.861111 0.340421 
0.84722 0.363036 
0.833318 0.385694 
0.819399 0.408435 
0.805465 0.43128 
0.791531 0.454212 
0.777616 0.477188 
0.763729 0.500158 
0.749849 0.52312 
0.735992 0.546049 
0.722146 0.568905 
0.708296 0.591666 
0.694432 0.614344 
0.680554 0.636971 
0.666667 0.659579 
0.652778 0.682184 
0.638889 0.70479 
0.625 0.727395 
0.611111 0.75 
0.597096 0.77262 
0.582689 0.795276 
0.568008 0.817949 
0.55242 0.840695 
0.53675 0.863433 
0.520821 0.886193 
0.504909 0.908951 
0.489066 0.931713 
0.473567 0.954502 
0.458846 0.977264 
0.444444 1 
1.11111 0 
1.09719 0.0226122 
1.08273 0.0453062 
1.06798 0.0680149 
1.05236 0.0907671 
1.03656 0.113536 
1.0206 0.136321 
1.00448 0.159121 
0.988675 0.181908 
0.972906 0.204694 
0.958394 0.227385 
0.944444 0.25 
0.930556 0.272605 
0.916667 0.29521 
0.902778 0.317816 
0.888889 0.340421 
0.874998 0.363036 
0.861098 0.385695 
0.847182 0.40844 
0.83325 0.43129 
0.819315 0.454227 
0.805395 0.477202 
0.791503 0.500167 
0.777619 0.523126 
0.763759 0.546052 
0.749915 0.568905 
0.73607 0.591666 
0.722209 0.614344 
0.708331 0.636971 
0.694444 0.659579 
0.680556 0.682184 
0.666667 0.70479 
0.652778 0.727395 
0.638889 0.75 
0.624849 0.772633 
0.610635 0.795274 
0.595605 0.817982 
0.580353 0.840701 
0.564444 0.863467 
0.54857 0.886222 
0.532629 0.908981 
0.516869 0.931742 
0.501487 0.954509 
0.486451 0.97729 
0.472222 1 
1.13889 0 
1.12487 0.0226302 
1.11064 0.0452919 
1.09558 0.068023 
1.0803 0.0907657 
1.06445 0.113537 
1.04843 0.136318 
1.03235 0.159113 
1.01649 0.181898 
1.00083 0.204675 
0.986234 0.227374 
0.972222 0.25 
0.958333 0.272605 
0.944444 0.29521 
0.930556 0.317816 
0.916667 0.340421 
0.902776 0.363036 
0.888878 0.385695 
0.874964 0.408444 
0.861035 0.431299 
0.847101 0.454241 
0.833181 0.477218 
0.819283 0.500182 
0.805395 0.523138 
0.791533 0.546059 
0.777689 0.568907 
0.763845 0.591666 
0.749986 0.614344 
0.736109 0.636971 
0.722222 0.659579 
0.708333 0.682184 
0.694444 0.70479 
0.680556 0.727395 
0.666667 0.75 
0.652706 0.772629 
0.638275 0.795297 
0.623596 0.817983 
0.607968 0.840733 
0.592188 0.863493 
0.576276 0.88626 
0.560352 0.90902 
0.544424 0.931784 
0.52903 0.954535 
0.514362 0.977273 
0.5 1 
1.16667 0 
1.1527 0.0226186 
1.13825 0.0453021 
1.12354 0.0680058 
1.10794 0.0907708 
1.09215 0.113543 
1.07621 0.136322 
1.0601 0.159115 
1.04396 0.181913 
1.02889 0.204648 
1.01412 0.227356 
1 0.25 
0.986111 0.272605 
0.972222 0.29521 
0.958333 0.317816 
0.944444 0.340421 
0.930554 0.363036 
0.916656 0.385696 
0.902744 0.408446 
0.888817 0.431307 
0.874887 0.454253 
0.860967 0.477233 
0.847068 0.500198 
0.833178 0.523154 
0.819314 0.54607 
0.805469 0.568912 
0.791624 0.591667 
0.777763 0.614344 
0.763887 0.636971 
0.75 0.659579 
0.736111 0.682184 
0.722222 0.70479 
0.708333 0.727395 
0.694444 0.75 
0.68048 0.772627 
0.666209 0.795289 
0.651167 0.818004 
0.635917 0.840737 
0.62004 0.863511 
0.604046 0.886287 
0.588064 0.909061 
0.572281 0.931818 
0.556705 0.954561 
0.541845 0.977281 
0.527778 1 
1.19444 0 
1.18042 0.0226298 
1.1662 0.0452843 
1.15114 0.0680182 
1.13588 0.0907584 
1.12002 0.113538 
1.10399 0.136324 
1.0879 0.159114 
1.07182 0.181908 
1.05661 0.204654 
1.04196 0.227351 
1.02778 0.25 
1.01389 0.272605 
1 0.29521 
0.986111 0.317816 
0.972222 0.340421 
0.958332 0.363036 
0.944434 0.385696 
0.930523 0.408448 
0.916597 0.431312 
0.902668 0.454262 
0.888751 0.477245 
0.874852 0.500212 
0.860964 0.523169 
0.8471 0.546082 
0.833251 0.56892 
0.819403 0.591671 
0.805542 0.614344 
0.791664 0.636971 
0.777778 0.659579 
0.763889 0.682184 
0.75 0.70479 
0.736111 0.727395 
0.722222 0.75 
0.708276 0.772621 
0.693828 0.795299 
0.679119 0.817992 
0.663548 0.840751 
0.647822 0.863521 
0.631803 0.886308 
0.615796 0.909093 
0.599793 0.93187 
0.584608 0.954589 
0.569679 0.977301 
0.555556 1 
1.22222 0 
1.20818 0.0226366 
1.19379 0.0453121 
1.17911 0.0680085 
1.1635 0.0907721 
1.14771 0.113543 
1.13177 0.136323 
1.1157 0.159112 
1.0996 0.181905 
1.08456 0.204639 
1.06962 0.227367 
1.05556 0.25 
1.04167 0.272605 
1.02778 0.29521 
1.01389 0.317816 
1 0.340421 
0.98611 0.363036 
0.972212 0.385696 
0.958301 0.408447 
0.944375 0.431313 
0.930447 0.454267 
0.91653 0.477255 
0.902634 0.500223 
0.888747 0.523181 
0.874881 0.546095 
0.861031 0.56893 
0.847182 0.591676 
0.833321 0.614346 
0.819443 0.636971 
0.805556 0.659579 
0.791667 0.682184 
0.777778 0.70479 
0.763889 0.727395 
0.75 0.75 
0.735961 0.772642 
0.721723 0.795296 
0.706683 0.818014 
0.69134 0.840751 
0.67576 0.863511 
0.659587 0.886318 
0.643559 0.909112 
0.627707 0.931887 
0.612034 0.954647 
0.597597 0.977316 
0.583333 1 
1.25 0 
1.23595 0.0226485 
1.22175 0.0453062 
1.20667 0.0680366 
1.19143 0.090772 
1.17547 0.113548 
1.15954 0.136326 
1.1435 0.159108 
1.12747 0.181894 
1.11234 0.204635 
1.0974 0.227366 
1.08333 0.25 
1.06944 0.272605 
1.05556 0.29521 
1.04167 0.317816 
1.02778 0.340421 
1.01389 0.363036 
0.999989 0.385695 
0.986077 0.408445 
0.972151 0.431311 
0.958222 0.454268 
0.944305 0.477261 
0.930409 0.500232 
0.916523 0.523193 
0.902657 0.546106 
0.888808 0.56894 
0.874962 0.591684 
0.861101 0.614351 
0.847222 0.636974 
0.833333 0.659579 
0.819444 0.682184 
0.805556 0.70479 
0.791667 0.727395 
0.777778 0.75 
0.763802 0.772641 
0.749343 0.795326 
0.734642 0.818015 
0.71928 0.840744 
0.703362 0.863529 
0.687408 0.886318 
0.671207 0.90913 
0.655517 0.9319 
0.639949 0.954662 
0.625383 0.977338 
0.611111 1 
1.27778 0 
1.26376 0.0226466 
1.24936 0.0453304 
1.23461 0.0680393 
1.219 0.0907903 
1.20322 0.113551 
1.1873 0.136323 
1.1713 0.159102 
1.15531 0.181881 
1.13997 0.204636 
1.12519 0.227359 
1.11111 0.25 
1.09722 0.272605 
1.08333 0.29521 
1.06944 0.317816 
1.05556 0.340421 
1.04166 0.363036 
1.02777 0.385694 
1.01385 0.408443 
0.999926 0.431308 
0.985995 0.454268 
0.972076 0.477264 
0.958181 0.500239 
0.944295 0.523201 
0.93043 0.546114 
0.916583 0.568946 
0.90274 0.59169 
0.888889 0.614369 
0.875 0.636974 
0.861111 0.659579 
0.847222 0.682184 
0.833333 0.70479 
0.819444 0.727395 
0.805556 0.75 
0.791517 0.772651 
0.777289 0.795332 
0.762297 0.81804 
0.747205 0.840752 
0.731212 0.86353 
0.715174 0.886322 
0.699099 0.909125 
0.683252 0.93191 
0.667822 0.954665 
0.652778 0.977395 
0.638889 1 
1.30556 0 
1.29159 0.022627 
1.2771 0.0453284 
1.26217 0.0680494 
1.24691 0.0907897 
1.23099 0.113551 
1.21506 0.13632 
1.19899 0.159096 
1.18326 0.181859 
1.16778 0.204619 
1.15298 0.227342 
1.13889 0.25 
1.125 0.272605 
1.11111 0.29521 
1.09722 0.317816 
1.08333 0.340421 
1.06944 0.363036 
1.05554 0.385693 
1.04163 0.408442 
1.0277 0.431307 
1.01377 0.454267 
0.999845 0.47727 
0.985951 0.500245 
0.972065 0.523207 
0.958201 0.546118 
0.944355 0.568948 
0.930515 0.591691 
0.916667 0.614369 
0.902778 0.636974 
0.888889 0.659579 
0.875 0.682184 
0.861111 0.70479 
0.847222 0.727395 
0.833333 0.75 
0.819338 0.772639 
0.805102 0.79532 
0.79024 0.818041 
0.774669 0.840786 
0.758888 0.86355 
0.742916 0.886329 
0.726802 0.909134 
0.710804 0.931934 
0.695395 0.954687 
0.680556 0.977395 
0.666667 1 
1.33333 0 
1.3194 0.0226139 
1.30494 0.0453128 
1.29021 0.0680286 
1.27457 0.0907839 
1.25878 0.113543 
1.24286 0.13631 
1.22685 0.159079 
1.21077 0.181848 
1.19568 0.204591 
1.18081 0.227329 
1.16667 0.25 
1.15278 0.272605 
1.13889 0.29521 
1.125 0.317816 
1.11111 0.340421 
1.09722 0.363036 
1.08332 0.385694 
1.06941 0.408444 
1.05548 0.431309 
1.04154 0.454268 
1.02762 0.477271 
1.01372 0.500251 
0.999833 0.523213 
0.985973 0.54612 
0.972128 0.568949 
0.95829 0.591691 
0.944444 0.614369 
0.930556 0.636974 
0.916667 0.659579 
0.902778 0.682184 
0.888889 0.70479 
0.875 0.727395 
0.861111 0.75 
0.8471 0.772633 
0.832753 0.795313 
0.817861 0.818033 
0.80255 0.840784 
0.786584 0.863562 
0.770636 0.886344 
0.754536 0.909142 
0.73845 0.931948 
0.722425 0.95476 
0.708402 0.977384 
0.694444 1 
1.36111 0 
1.34719 0.0226111 
1.33292 0.0452906 
1.31781 0.0680262 
1.30236 0.0907726 
1.28657 0.113531 
1.27068 0.136296 
1.25461 0.159063 
1.23882 0.181819 
1.22312 0.204574 
1.20872 0.227301 
1.19444 0.25 
1.18056 0.272605 
1.16667 0.29521 
1.15278 0.317816 
1.13889 0.340421 
1.125 0.363036 
1.1111 0.385695 
1.09718 0.408446 
1.08325 0.43131 
1.06932 0.454268 
1.0554 0.477269 
1.04148 0.500269 
1.02761 0.523213 
1.01375 0.54612 
0.999903 0.568949 
0.986066 0.591691 
0.972222 0.614369 
0.958333 0.636974 
0.944444 0.659579 
0.930556 0.682184 
0.916667 0.70479 
0.902778 0.727395 
0.888889 0.75 
0.874902 0.772629 
0.860505 0.795311 
0.845818 0.818005 
0.830162 0.840782 
0.8144 0.863559 
0.79836 0.886351 
0.78228 0.909147 
0.766226 0.931948 
0.750286 0.954752 
0.736196 0.977382 
0.722222 1 
1.38889 0 
1.37497 0.0226109 
1.41667 0 
1.36054 0.0453017 
1.34584 0.0680073 
1.33016 0.0907681 
1.31439 0.113522 
1.29854 0.136276 
1.28258 0.159035 
1.26656 0.181797 
1.25116 0.204548 
1.23656 0.227284 
1.22222 0.25 
1.20833 0.272605 
1.19444 0.29521 
1.18056 0.317816 
1.16667 0.340421 
1.15278 0.363036 
1.13888 0.385695 
1.12496 0.408446 
1.11103 0.431309 
1.0971 0.454263 
1.08317 0.477264 
1.06927 0.500245 
1.05538 0.523209 
1.04152 0.546119 
1.02768 0.568949 
1.01384 0.591691 
1 0.614369 
0.986111 0.636974 
0.972222 0.659579 
0.958333 0.682184 
0.944444 0.70479 
0.930556 0.727395 
0.916667 0.75 
0.902633 0.77265 
0.888435 0.795311 
0.873389 0.818028 
0.858136 0.84076 
0.842122 0.863556 
0.826116 0.88635 
0.810042 0.909149 
0.79393 0.931952 
0.778059 0.954749 
0.763989 0.97738 
0.75 1 
1.44444 0 
1.47222 0 
1.5 0 
1.52778 0 
1.40276 0.0226092 
1.38835 0.0453093 
1.43056 0.0226052 
1.37385 0.0680009 
1.35813 0.0907702 
1.34222 0.113523 
1.32638 0.136266 
1.31044 0.159014 
1.29465 0.181768 
1.27922 0.204525 
1.26419 0.227275 
1.25 0.25 
1.23611 0.272605 
1.22222 0.29521 
1.20833 0.317816 
1.19444 0.340421 
1.18055 0.363036 
1.16665 0.385695 
1.15274 0.408444 
1.13881 0.431303 
1.12487 0.454255 
1.11095 0.477256 
1.09704 0.500256 
1.08316 0.523204 
1.0693 0.546115 
1.05546 0.568948 
1.04162 0.591691 
1.02778 0.614369 
1.01389 0.636974 
1 0.659579 
0.986111 0.682184 
0.972222 0.70479 
0.958333 0.727395 
0.944444 0.75 
0.930428 0.772654 
0.91605 0.795333 
0.901349 0.818027 
0.885741 0.840777 
0.870002 0.863544 
0.853918 0.886344 
0.83777 0.909148 
0.821853 0.93194 
0.806005 0.954729 
0.791785 0.977377 
0.777778 1 
1.55556 0 
1.45833 0.0226052 
1.48604 0.0226245 
1.51385 0.0226147 
1.54165 0.0226099 
1.41622 0.0453185 
1.40119 0.0680606 
1.44382 0.0453461 
1.38579 0.0907993 
1.37002 0.11354 
1.3542 0.136272 
1.3383 0.159005 
1.32236 0.181738 
1.30703 0.204505 
1.29211 0.227264 
1.27778 0.25 
1.26389 0.272605 
1.25 0.29521 
1.23611 0.317816 
1.22222 0.340421 
1.20833 0.363036 
1.19443 0.385695 
1.18052 0.408442 
1.16658 0.431297 
1.15265 0.454246 
1.13873 0.477246 
1.12483 0.500229 
1.11094 0.523197 
1.09708 0.546111 
1.08324 0.568947 
1.0694 0.591691 
1.05556 0.614369 
1.04167 0.636974 
1.02778 0.659579 
1.01389 0.682184 
1 0.70479 
0.986111 0.727395 
0.972222 0.75 
0.958333 0.772633 
0.944131 0.79532 
0.92896 0.818041 
0.913669 0.840774 
0.897713 0.863551 
0.881751 0.886335 
0.865674 0.909133 
0.849724 0.931926 
0.833776 0.954725 
0.819579 0.977374 
0.805556 1 
1.58333 0 
1.61111 0 
1.56944 0.0226052 
1.47171 0.0453424 
1.49934 0.0453494 
1.52719 0.0453372 
1.55511 0.0453173 
1.42909 0.0680916 
1.41348 0.090838 
1.45661 0.0681111 
1.39776 0.113571 
1.38197 0.136297 
1.36613 0.159016 
1.35037 0.181743 
1.33473 0.204479 
1.32 0.227248 
1.30556 0.25 
1.29167 0.272605 
1.27778 0.29521 
1.26389 0.317816 
1.25 0.340421 
1.23611 0.363036 
1.22221 0.385695 
1.20829 0.408442 
1.19436 0.431296 
1.18043 0.45424 
1.1665 0.477233 
1.15259 0.500232 
1.13872 0.523187 
1.12486 0.546105 
1.11102 0.568944 
1.09718 0.59169 
1.08333 0.614369 
1.06944 0.636974 
1.05556 0.659579 
1.04167 0.682184 
1.02778 0.70479 
1.01389 0.727395 
1 0.75 
0.986111 0.772605 
0.97167 0.795308 
0.956952 0.818025 
0.941301 0.840782 
0.925576 0.863546 
0.90954 0.886333 
0.893462 0.909128 
0.877411 0.931927 
0.862056 0.954679 
0.847293 0.977383 
0.833333 1 
1.63889 0 
1.66667 0 
1.59716 0.0226239 
1.62494 0.0226399 
1.58273 0.0453376 
1.69444 0 
1.72222 0 
1.48456 0.0681106 
1.51257 0.0680833 
1.54003 0.0680926 
1.56801 0.0680754 
1.4412 0.0908659 
1.42549 0.113601 
1.46894 0.0908795 
1.40973 0.136334 
1.39388 0.159041 
1.37813 0.181756 
1.36272 0.204489 
1.34766 0.227242 
1.33333 0.25 
1.31944 0.272605 
1.30556 0.29521 
1.29167 0.317816 
1.27778 0.340421 
1.26389 0.363036 
1.24999 0.385695 
1.23607 0.408442 
1.22214 0.431297 
1.20821 0.45424 
1.19428 0.477228 
1.18038 0.500208 
1.1665 0.523174 
1.15264 0.546096 
1.13879 0.568939 
1.12496 0.591689 
1.11111 0.614369 
1.09722 0.636974 
1.08333 0.659579 
1.06944 0.682184 
1.05556 0.70479 
1.04167 0.727395 
1.02778 0.75 
1.01378 0.772622 
0.999583 0.795278 
0.984517 0.818015 
0.969216 0.840765 
0.953358 0.863544 
0.937312 0.886334 
0.921233 0.909128 
0.905242 0.931923 
0.889296 0.954725 
0.875139 0.977371 
0.861111 1 
1.65272 0.0226647 
1.68047 0.022688 
1.61063 0.0453387 
1.63852 0.0453697 
1.59553 0.0680944 
1.70827 0.0226697 
1.75 0 
1.73608 0.0226233 
1.77778 0 
1.80556 0 
1.49679 0.0908761 
1.52457 0.0908684 
1.55233 0.0908601 
1.5801 0.0908524 
1.45323 0.113622 
1.43747 0.136356 
1.481 0.11363 
1.42164 0.159071 
1.40581 0.181777 
1.39027 0.2045 
1.37554 0.227249 
1.36111 0.25 
1.34722 0.272605 
1.33333 0.29521 
1.31944 0.317816 
1.30556 0.340421 
1.29166 0.363036 
1.27777 0.385694 
1.26385 0.40844 
1.24992 0.431295 
1.23599 0.454239 
1.22206 0.477224 
1.20814 0.500218 
1.19427 0.523166 
1.18041 0.546087 
1.16657 0.568933 
1.15273 0.591687 
1.13889 0.614369 
1.125 0.636974 
1.11111 0.659579 
1.09722 0.682184 
1.08333 0.70479 
1.06944 0.727395 
1.05556 0.75 
1.0416 0.772613 
1.02719 0.79528 
1.01249 0.81798 
0.996861 0.840758 
0.981052 0.863542 
0.96509 0.886331 
0.949 0.909129 
0.932939 0.931927 
0.91737 0.954699 
0.902944 0.977369 
0.888889 1 
1.66647 0.0453927 
1.69423 0.0454017 
1.62348 0.0681071 
1.65113 0.0681293 
1.60784 0.0908536 
1.72152 0.0453733 
1.76368 0.0226351 
1.74939 0.0453292 
1.79153 0.022598 
1.81927 0.0225825 
1.83333 0 
1.86111 0 
1.50879 0.113628 
1.53657 0.11362 
1.56434 0.113609 
1.59212 0.113601 
1.46522 0.136374 
1.44938 0.159091 
1.49297 0.136378 
1.43366 0.181795 
1.41821 0.204516 
1.40303 0.227288 
1.38889 0.25 
1.375 0.272605 
1.36111 0.29521 
1.34722 0.317816 
1.33333 0.340421 
1.31944 0.363036 
1.30555 0.385693 
1.29163 0.408436 
1.2777 0.431288 
1.26376 0.454232 
1.24984 0.477219 
1.23592 0.500211 
1.22205 0.52316 
1.20819 0.546083 
1.19435 0.56893 
1.18051 0.591685 
1.16667 0.614369 
1.15278 0.636974 
1.13889 0.659579 
1.125 0.682184 
1.11111 0.70479 
1.09722 0.727395 
1.08333 0.75 
1.06941 0.772609 
1.05512 0.795258 
1.04008 0.817986 
1.02481 0.840731 
1.00887 0.86353 
0.992865 0.886327 
0.97674 0.909129 
0.960809 0.931921 
0.945007 0.95471 
0.930725 0.97737 
0.916667 1 
1.67887 0.0681363 
1.70652 0.0681177 
1.63561 0.0908601 
1.66333 0.0908649 
1.61989 0.113594 
1.73431 0.0680722 
1.77697 0.0452645 
1.76203 0.0679783 
1.80479 0.0451999 
1.83269 0.0451882 
1.84704 0.0226122 
1.88889 0 
1.87489 0.0226532 
1.91667 0 
1.52074 0.136373 
1.54852 0.136365 
1.57633 0.136353 
1.60412 0.13634 
1.47711 0.159095 
1.46134 0.181789 
1.50486 0.15909 
1.44593 0.204498 
1.43089 0.227246 
1.41667 0.25 
1.40278 0.272605 
1.38889 0.29521 
1.375 0.317816 
1.36111 0.340421 
1.34722 0.363036 
1.33332 0.385692 
1.31941 0.408432 
1.30548 0.431278 
1.29153 0.454221 
1.27761 0.47721 
1.2637 0.5002 
1.24982 0.523158 
1.23596 0.546084 
1.22213 0.56893 
1.20829 0.591684 
1.19444 0.614369 
1.18056 0.636974 
1.16667 0.659579 
1.15278 0.682184 
1.13889 0.70479 
1.125 0.727395 
1.11111 0.75 
1.09716 0.772613 
1.08292 0.795258 
1.06788 0.817975 
1.05243 0.840733 
1.03669 0.863518 
1.02063 0.886321 
1.00457 0.909122 
0.988498 0.93192 
0.97278 0.954704 
0.958368 0.977389 
0.944444 1 
1.69105 0.0908527 
1.71879 0.0908112 
1.64764 0.113589 
1.67538 0.113579 
1.6319 0.136316 
1.74662 0.0907305 
1.78994 0.0678557 
1.77475 0.0906072 
1.81806 0.067732 
1.84618 0.0677435 
1.86064 0.0452713 
1.90292 0.0226417 
1.88872 0.0453968 
1.93056 0.0218443 
1.94444 0 
1.97222 0 
1.53262 0.159085 
1.56037 0.159078 
1.58825 0.159053 
1.61605 0.159039 
1.48908 0.181777 
1.47344 0.204445 
1.51681 0.181758 
1.45881 0.227221 
1.44444 0.25 
1.43056 0.272605 
1.41667 0.29521 
1.40278 0.317816 
1.38889 0.340421 
1.375 0.363036 
1.3611 0.385692 
1.34719 0.408429 
1.33326 0.431271 
1.31931 0.454209 
1.30537 0.477199 
1.29148 0.500182 
1.27759 0.523154 
1.26373 0.546082 
1.2499 0.568929 
1.23607 0.591684 
1.22222 0.614369 
1.20833 0.636974 
1.19444 0.659579 
1.18056 0.682184 
1.16667 0.70479 
1.15278 0.727395 
1.13889 0.75 
1.12499 0.772606 
1.11058 0.795265 
1.09581 0.817954 
1.0802 0.840721 
1.06454 0.8635 
1.0484 0.886314 
1.03231 0.90912 
1.01637 0.931911 
1.00055 0.954699 
0.986179 0.977382 
0.972222 1 
1.70313 0.113551 
1.73093 0.113495 
1.65966 0.136305 
1.68741 0.136291 
1.64385 0.159024 
1.75885 0.113399 
1.80294 0.090359 
1.78697 0.113212 
1.83176 0.0900489 
1.85968 0.0901838 
1.87425 0.0680371 
1.90168 0.0686179 
1.91676 0.0451293 
1.94458 0.0425901 
1.95799 0.0207045 
1.98119 0.0180737 
2 0 
1.54459 0.181747 
1.57231 0.181747 
1.6003 0.18175 
1.62804 0.181732 
1.50144 0.204449 
1.48643 0.22718 
1.52886 0.204388 
1.47222 0.25 
1.45833 0.272605 
1.44444 0.29521 
1.43056 0.317816 
1.41667 0.340421 
1.40278 0.363036 
1.38888 0.385692 
1.37497 0.408429 
1.36103 0.431271 
1.34709 0.454204 
1.33315 0.477188 
1.31925 0.500172 
1.30536 0.523144 
1.2915 0.546073 
1.27767 0.568923 
1.26384 0.591681 
1.25 0.614369 
1.23611 0.636974 
1.22222 0.659579 
1.20833 0.682184 
1.19444 0.70479 
1.18056 0.727395 
1.16667 0.75 
1.15277 0.772606 
1.13854 0.795249 
1.12346 0.817954 
1.10818 0.840687 
1.09237 0.863476 
1.07619 0.886305 
1.06001 0.90912 
1.04396 0.931915 
1.02855 0.954677 
1.01402 0.977372 
1 1 
1.71518 0.136262 
1.74298 0.136211 
1.67161 0.159015 
1.69937 0.159004 
1.6559 0.18174 
1.77084 0.136139 
1.81574 0.11272 
1.7987 0.136067 
1.86794 0.107975 
1.84543 0.112823 
1.88653 0.0939683 
1.91188 0.0894019 
1.93174 0.0700128 
1.95688 0.0622675 
1.97532 0.0420801 
2 0.0277778 
1.55689 0.204433 
1.58491 0.204461 
1.61251 0.204452 
1.64051 0.204476 
1.51436 0.227187 
1.5 0.25 
1.54221 0.227198 
1.48611 0.272605 
1.47222 0.29521 
1.45833 0.317816 
1.44444 0.340421 
1.43055 0.363036 
1.41666 0.385692 
1.40275 0.408432 
1.38881 0.431276 
1.37487 0.454207 
1.36093 0.477187 
1.34701 0.500169 
1.33313 0.523131 
1.31928 0.54606 
1.30544 0.568915 
1.29162 0.591678 
1.27778 0.614369 
1.26389 0.636974 
1.25 0.659579 
1.23611 0.682184 
1.22222 0.70479 
1.20833 0.727395 
1.19444 0.75 
1.18056 0.772605 
1.16614 0.795257 
1.15151 0.81792 
1.13585 0.840687 
1.12002 0.863475 
1.10404 0.886279 
1.08789 0.909099 
1.07195 0.931899 
1.05631 0.954678 
1.04191 0.977356 
1.02778 1 
1.72715 0.158983 
1.75492 0.158959 
1.68358 0.181736 
1.71144 0.181732 
1.66809 0.204486 
1.78264 0.158977 
1.82597 0.136182 
1.81009 0.159174 
1.86482 0.124009 
1.88296 0.118987 
1.85067 0.138679 
1.90725 0.114856 
1.93227 0.0996527 
1.95516 0.0856005 
1.9776 0.0710551 
2 0.0555556 
1.56986 0.227189 
1.59776 0.227213 
1.62543 0.22723 
1.65336 0.227241 
1.52778 0.25 
1.51389 0.272605 
1.55556 0.25 
1.5 0.29521 
1.48611 0.317816 
1.47222 0.340421 
1.45833 0.363036 
1.44444 0.385693 
1.43052 0.408434 
1.41659 0.431281 
1.40265 0.454217 
1.38871 0.477201 
1.37481 0.500167 
1.36091 0.523127 
1.34705 0.546053 
1.33322 0.568909 
1.31939 0.591675 
1.30556 0.614369 
1.29167 0.636974 
1.27778 0.659579 
1.26389 0.682184 
1.25 0.70479 
1.23611 0.727395 
1.22222 0.75 
1.20822 0.772621 
1.19403 0.795257 
1.17903 0.817952 
1.16379 0.840667 
1.14783 0.863464 
1.13182 0.886267 
1.11573 0.909083 
1.09985 0.931882 
1.08409 0.954676 
1.06959 0.977371 
1.05556 1 
1.73919 0.18172 
1.76694 0.181728 
1.69605 0.204488 
1.72359 0.204477 
1.68102 0.227261 
1.79456 0.181827 
1.83683 0.159913 
1.82196 0.182115 
1.87347 0.139137 
1.89321 0.134178 
1.86325 0.160803 
1.91151 0.140931 
1.93236 0.126869 
1.95493 0.112651 
1.97756 0.0979671 
2 0.0833333 
1.58333 0.25 
1.61111 0.25 
1.63889 0.25 
1.66667 0.25 
1.54167 0.272605 
1.52778 0.29521 
1.56944 0.272605 
1.51389 0.317816 
1.5 0.340421 
1.48611 0.363036 
1.47221 0.385692 
1.4583 0.408435 
1.44437 0.431285 
1.43043 0.454225 
1.4165 0.477212 
1.40259 0.500181 
1.38869 0.523139 
1.37484 0.546055 
1.361 0.568909 
1.34717 0.591675 
1.33333 0.614369 
1.31944 0.636974 
1.30556 0.659579 
1.29167 0.682184 
1.27778 0.70479 
1.26389 0.727395 
1.25 0.75 
1.23605 0.772615 
1.22163 0.795278 
1.20697 0.817951 
1.19135 0.840703 
1.17554 0.863477 
1.15954 0.886271 
1.14346 0.90908 
1.1273 0.931896 
1.11225 0.95464 
1.09737 0.97737 
1.08333 1 
1.75157 0.20447 
1.77918 0.204474 
1.7089 0.227248 
1.73651 0.227248 
1.69444 0.25 
1.80695 0.204587 
1.84913 0.182558 
1.83445 0.204727 
1.89074 0.156991 
1.87629 0.181467 
1.91357 0.163237 
1.93369 0.153787 
1.95504 0.140277 
1.97749 0.125659 
2 0.111111 
1.59722 0.272605 
1.625 0.272605 
1.65278 0.272605 
1.68056 0.272601 
1.55556 0.29521 
1.54167 0.317816 
1.58333 0.29521 
1.52778 0.340421 
1.51389 0.363036 
1.49999 0.385692 
1.48608 0.408435 
1.47215 0.431286 
1.45822 0.454228 
1.44429 0.477217 
1.43037 0.500207 
1.41648 0.523149 
1.40263 0.546064 
1.38879 0.568913 
1.37495 0.591677 
1.36111 0.614369 
1.34722 0.636974 
1.33333 0.659579 
1.31944 0.682184 
1.30556 0.70479 
1.29167 0.727395 
1.27778 0.75 
1.26385 0.77261 
1.24961 0.795268 
1.23454 0.817978 
1.21927 0.840702 
1.20329 0.863487 
1.18732 0.886279 
1.17126 0.909079 
1.15518 0.931888 
1.14004 0.954633 
1.12515 0.977365 
1.11111 1 
1.7644 0.227228 
1.79198 0.22723 
1.72222 0.25 
1.75 0.25 
1.70834 0.272594 
1.81982 0.227263 
1.86174 0.204669 
1.84729 0.227267 
1.90157 0.182856 
1.88845 0.204723 
1.93054 0.181936 
1.95545 0.167435 
1.97771 0.153259 
2 0.138889 
1.61111 0.29521 
1.63889 0.29521 
1.66667 0.295205 
1.69446 0.295192 
1.56944 0.317816 
1.55556 0.340421 
1.59722 0.317816 
1.54167 0.363036 
1.52777 0.385693 
1.51386 0.408435 
1.49993 0.431285 
1.486 0.454227 
1.47207 0.477217 
1.45817 0.500193 
1.44428 0.523156 
1.43042 0.546073 
1.41657 0.568919 
1.40273 0.59168 
1.38889 0.614369 
1.375 0.636974 
1.36111 0.659579 
1.34722 0.682184 
1.33333 0.70479 
1.31944 0.727395 
1.30556 0.75 
1.29166 0.772606 
1.27734 0.795268 
1.26251 0.817967 
1.24688 0.840719 
1.23115 0.863485 
1.21512 0.886276 
1.19909 0.909076 
1.18303 0.931882 
1.16788 0.954622 
1.15297 0.977348 
1.13889 1 
1.77778 0.25 
1.80556 0.25 
1.73613 0.272585 
1.76392 0.272577 
1.72225 0.295169 
1.83333 0.25 
1.87492 0.22731 
1.86111 0.25 
1.9148 0.205079 
1.90213 0.227235 
1.93739 0.206915 
1.95745 0.194632 
1.97829 0.180739 
2 0.166667 
1.625 0.317815 
1.65278 0.317811 
1.68057 0.317798 
1.70837 0.317768 
1.58333 0.340421 
1.56944 0.363036 
1.61111 0.34042 
1.55555 0.385693 
1.54164 0.408433 
1.52771 0.431281 
1.51378 0.454221 
1.49986 0.477211 
1.48594 0.500206 
1.47206 0.523157 
1.4582 0.546077 
1.44435 0.568923 
1.43051 0.591682 
1.41667 0.614369 
1.40278 0.636974 
1.38889 0.659579 
1.375 0.682184 
1.36111 0.70479 
1.34722 0.727395 
1.33333 0.75 
1.31932 0.772621 
1.3051 0.795264 
1.29023 0.817966 
1.2748 0.840705 
1.25887 0.863484 
1.24292 0.886268 
1.22682 0.909069 
1.21111 0.93185 
1.1957 0.954611 
1.18082 0.977339 
1.16667 1 
1.79172 0.272573 
1.81953 0.272566 
1.75005 0.295148 
1.77786 0.295143 
1.73618 0.317719 
1.84735 0.272454 
1.88889 0.25 
1.8752 0.272262 
1.91667 0.25 
1.92876 0.227396 
1.9572 0.225018 
1.97911 0.208015 
2 0.194444 
1.63889 0.340418 
1.66668 0.340412 
1.69448 0.340379 
1.72231 0.340308 
1.59722 0.363036 
1.58333 0.385691 
1.625 0.363035 
1.56942 0.408429 
1.5555 0.431274 
1.54157 0.454212 
1.52764 0.477202 
1.51374 0.500184 
1.49984 0.523152 
1.48598 0.546075 
1.47213 0.568923 
1.45829 0.591682 
1.44444 0.614369 
1.43056 0.636974 
1.41667 0.659579 
1.40278 0.682184 
1.38889 0.70479 
1.375 0.727395 
1.36111 0.75 
1.34717 0.772612 
1.33304 0.795249 
1.318 0.817961 
1.30254 0.840701 
1.28666 0.863479 
1.27074 0.886258 
1.25474 0.909047 
1.23869 0.931843 
1.2235 0.954599 
1.20866 0.977326 
1.19444 1 
1.80569 0.295149 
1.83353 0.295059 
1.764 0.317693 
1.79181 0.317716 
1.75014 0.340218 
1.86135 0.294718 
1.90305 0.272026 
1.88944 0.294374 
1.93062 0.271388 
1.94444 0.25 
1.97222 0.25 
1.98171 0.231035 
2 0.222222 
1.65278 0.363033 
1.68058 0.36301 
1.70841 0.362932 
1.7363 0.362792 
1.61111 0.38569 
1.5972 0.408425 
1.63889 0.385689 
1.58329 0.431267 
1.56935 0.454203 
1.55543 0.477191 
1.54151 0.500185 
1.52763 0.523146 
1.51376 0.546071 
1.49991 0.568922 
1.48607 0.591681 
1.47222 0.614369 
1.45833 0.636974 
1.44444 0.659579 
1.43056 0.682184 
1.41667 0.70479 
1.40278 0.727395 
1.38889 0.75 
1.37496 0.772611 
1.36074 0.795256 
1.34561 0.817982 
1.33015 0.840723 
1.31441 0.863483 
1.29853 0.886252 
1.28253 0.909034 
1.26676 0.931817 
1.2513 0.954585 
1.23643 0.977319 
1.22222 1 
1.81967 0.317739 
1.84747 0.317347 
1.77795 0.340219 
1.80573 0.340333 
1.76422 0.362622 
1.87512 0.316813 
1.90246 0.31573 
1.91702 0.294049 
1.94441 0.291783 
1.95799 0.270529 
1.98123 0.268096 
2 0.25 
1.66668 0.385674 
1.6945 0.3856 
1.72236 0.385428 
1.75036 0.385208 
1.62499 0.408421 
1.61108 0.431258 
1.65278 0.408406 
1.59715 0.454193 
1.58322 0.477186 
1.56932 0.50017 
1.55542 0.52314 
1.54154 0.546068 
1.52769 0.56892 
1.51385 0.591681 
1.5 0.614369 
1.48611 0.636974 
1.47222 0.659579 
1.45833 0.682184 
1.44444 0.70479 
1.43056 0.727395 
1.41667 0.75 
1.40274 0.772611 
1.38826 0.795297 
1.37353 0.817988 
1.35789 0.840746 
1.34215 0.863499 
1.32633 0.886254 
1.31039 0.909026 
1.29456 0.931806 
1.27892 0.954583 
1.26427 0.977309 
1.25 1 
1.83366 0.340443 
1.86147 0.339312 
1.79201 0.362753 
1.81986 0.363079 
1.7786 0.384542 
1.88833 0.339046 
1.91127 0.337118 
1.93113 0.319238 
1.9569 0.312457 
1.97567 0.29222 
2 0.277778 
1.68058 0.408338 
1.70838 0.408187 
1.73622 0.407847 
1.76416 0.40729 
1.63887 0.43124 
1.62496 0.454179 
1.66668 0.431186 
1.61103 0.47718 
1.59712 0.500173 
1.58321 0.523145 
1.56933 0.54607 
1.55547 0.568922 
1.54163 0.591682 
1.52778 0.614369 
1.51389 0.636974 
1.5 0.659579 
1.48611 0.682184 
1.47222 0.70479 
1.45833 0.727395 
1.44444 0.75 
1.43047 0.772623 
1.41612 0.795308 
1.40128 0.818027 
1.38578 0.840778 
1.36993 0.863525 
1.35411 0.886268 
1.33817 0.909027 
1.32219 0.931807 
1.30691 0.954568 
1.29198 0.977314 
1.27778 1 
1.84781 0.362853 
1.87552 0.361082 
1.80639 0.385731 
1.83368 0.385892 
1.7927 0.406934 
1.90527 0.361474 
1.93118 0.348362 
1.9547 0.335169 
1.97749 0.321034 
2 0.305556 
1.69449 0.431022 
1.72224 0.430645 
1.74986 0.430005 
1.77723 0.429178 
1.65279 0.454147 
1.63887 0.477171 
1.68064 0.454042 
1.62493 0.500186 
1.61102 0.523159 
1.59713 0.54608 
1.58326 0.568927 
1.56941 0.591685 
1.55556 0.614369 
1.54167 0.636974 
1.52778 0.659579 
1.51389 0.682184 
1.5 0.70479 
1.48611 0.727395 
1.47222 0.75 
1.45825 0.772627 
1.44381 0.795347 
1.42923 0.818066 
1.41349 0.84082 
1.39772 0.863558 
1.38189 0.886294 
1.36598 0.909036 
1.35003 0.931798 
1.33437 0.954589 
1.31986 0.977303 
1.30556 1 
1.8879 0.380975 
1.86275 0.387955 
1.8205 0.410688 
1.84415 0.406339 
1.80332 0.429423 
1.82025 0.429996 
1.90848 0.389589 
1.93035 0.375075 
1.95427 0.361786 
1.97729 0.347946 
2 0.333333 
1.70849 0.453744 
1.73604 0.453037 
1.76328 0.452007 
1.79009 0.449402 
1.66676 0.477147 
1.65281 0.500213 
1.69472 0.477037 
1.63885 0.523196 
1.62493 0.546109 
1.61105 0.568943 
1.59719 0.591691 
1.58333 0.614369 
1.56944 0.636974 
1.55556 0.659579 
1.54167 0.682184 
1.52778 0.70479 
1.51389 0.727395 
1.5 0.75 
1.48611 0.772607 
1.4717 0.795347 
1.45665 0.818109 
1.44123 0.840858 
1.42548 0.863594 
1.40967 0.886326 
1.39376 0.909055 
1.37784 0.931793 
1.36258 0.954549 
1.34763 0.977304 
1.33333 1 
1.88631 0.403849 
1.86415 0.416582 
1.83967 0.430576 
1.81962 0.448193 
1.90918 0.417037 
1.93194 0.402842 
1.95468 0.388933 
1.97726 0.375249 
2 0.361111 
1.72282 0.476674 
1.74956 0.47514 
1.80143 0.468216 
1.77693 0.475282 
1.76099 0.492425 
1.68077 0.500277 
1.66671 0.523301 
1.70905 0.500412 
1.65274 0.546184 
1.63884 0.568979 
1.62497 0.591702 
1.61111 0.614369 
1.59722 0.636974 
1.58333 0.659579 
1.56944 0.682184 
1.55556 0.70479 
1.54167 0.727395 
1.52778 0.75 
1.51389 0.772606 
1.49941 0.795352 
1.48461 0.818123 
1.46898 0.840885 
1.45324 0.863624 
1.43744 0.886358 
1.42159 0.909076 
1.40582 0.931794 
1.39016 0.954533 
1.37548 0.977279 
1.36111 1 
1.88679 0.430723 
1.86399 0.444488 
1.8417 0.458838 
1.82083 0.475331 
1.90949 0.444582 
1.93204 0.430678 
1.95469 0.416717 
1.97734 0.402831 
2 0.388889 
1.73908 0.500678 
1.79964 0.489288 
1.77906 0.501434 
1.7604 0.509646 
1.6946 0.523557 
1.68053 0.546359 
1.72231 0.524252 
1.66661 0.569064 
1.65275 0.591726 
1.63889 0.614369 
1.625 0.636974 
1.61111 0.659579 
1.59722 0.682184 
1.58333 0.70479 
1.56944 0.727395 
1.55556 0.75 
1.54167 0.772605 
1.52719 0.795348 
1.51221 0.818122 
1.49676 0.840895 
1.48101 0.863642 
1.46521 0.886383 
1.4493 0.9091 
1.43359 0.931792 
1.41815 0.954508 
1.40302 0.977254 
1.38889 1 
1.88696 0.458473 
1.8645 0.472549 
1.84226 0.486533 
1.8203 0.500915 
1.90965 0.472306 
1.93216 0.458414 
1.95475 0.44449 
1.97737 0.430576 
2 0.416667 
1.74848 0.526198 
1.79927 0.514553 
1.77543 0.527286 
1.70828 0.546727 
1.69431 0.569267 
1.735 0.547997 
1.68054 0.591771 
1.66667 0.614369 
1.65278 0.636974 
1.63889 0.659579 
1.625 0.682184 
1.61111 0.70479 
1.59722 0.727395 
1.58333 0.75 
1.56944 0.772605 
1.55511 0.795322 
1.53998 0.818111 
1.52471 0.840902 
1.50883 0.863651 
1.49301 0.886395 
1.47709 0.909113 
1.46122 0.931784 
1.44594 0.954485 
1.43097 0.97722 
1.41667 1 
1.88715 0.4864 
1.86481 0.500595 
1.84267 0.514686 
1.8208 0.527777 
1.90975 0.500122 
1.93224 0.486176 
1.9548 0.47226 
1.97739 0.458346 
2 0.444444 
1.76069 0.549441 
1.8004 0.540616 
1.78135 0.551461 
1.72169 0.569676 
1.70818 0.591896 
1.74837 0.570451 
1.69444 0.614374 
1.68056 0.636974 
1.66667 0.659579 
1.65278 0.682184 
1.63889 0.70479 
1.625 0.727395 
1.61111 0.75 
1.59716 0.772622 
1.58272 0.795335 
1.56797 0.818084 
1.55235 0.840882 
1.53662 0.863648 
1.5208 0.8864 
1.50492 0.909112 
1.48902 0.931781 
1.47357 0.954456 
1.45885 0.977217 
1.44444 1 
1.88726 0.514385 
1.86502 0.529015 
1.84282 0.543279 
1.82064 0.553283 
1.9097 0.527965 
1.93225 0.513955 
1.95482 0.50004 
1.9774 0.486127 
2 0.472222 
1.77423 0.570836 
1.80082 0.569511 
1.82002 0.570409 
1.7355 0.59228 
1.72207 0.614487 
1.7631 0.592508 
1.70833 0.636978 
1.69444 0.659579 
1.68056 0.682184 
1.66667 0.70479 
1.65278 0.727395 
1.63889 0.75 
1.62492 0.772634 
1.61064 0.795322 
1.59552 0.818091 
1.58019 0.840865 
1.56437 0.863635 
1.54856 0.886397 
1.5327 0.909119 
1.51695 0.931787 
1.50132 0.95444 
1.48637 0.977191 
1.47222 1 
1.88717 0.542245 
1.86428 0.556456 
1.83932 0.570963 
1.90972 0.555824 
1.93226 0.541799 
1.95482 0.527841 
1.9774 0.513916 
2 0.5 
1.79103 0.591643 
1.81921 0.589896 
1.74959 0.61466 
1.73599 0.637041 
1.77717 0.614631 
1.7222 0.659586 
1.70833 0.682184 
1.69444 0.70479 
1.68056 0.727395 
1.66667 0.75 
1.65272 0.772647 
1.63828 0.795361 
1.62349 0.818086 
1.60784 0.840857 
1.59212 0.863618 
1.5763 0.886393 
1.56043 0.909102 
1.54469 0.931778 
1.52931 0.954465 
1.5143 0.977185 
1.5 1 
1.88705 0.56983 
1.86429 0.583403 
1.84368 0.594073 
1.90987 0.58355 
1.9323 0.569592 
1.95484 0.555673 
1.97739 0.541722 
2 0.527778 
1.80525 0.614012 
1.83342 0.614148 
1.76368 0.637042 
1.74991 0.659596 
1.79142 0.636933 
1.73609 0.682181 
1.72222 0.70479 
1.70833 0.727395 
1.69444 0.75 
1.68047 0.77268 
1.66625 0.795374 
1.65103 0.818116 
1.63557 0.840857 
1.61986 0.863602 
1.60408 0.88635 
1.58821 0.909078 
1.5723 0.931763 
1.55689 0.954446 
1.54221 0.977205 
1.52778 1 
1.88707 0.597596 
1.86192 0.612306 
1.91049 0.611119 
1.93262 0.597356 
1.95497 0.583493 
1.97744 0.569574 
2 0.555556 
1.81912 0.636855 
1.84596 0.636577 
1.77763 0.65956 
1.76384 0.682169 
1.80534 0.659492 
1.74998 0.704782 
1.73611 0.727393 
1.72222 0.75 
1.70826 0.772669 
1.69421 0.795409 
1.67894 0.818139 
1.6633 0.840863 
1.64761 0.863593 
1.63186 0.886333 
1.61601 0.909058 
1.60028 0.931763 
1.58491 0.954472 
1.56987 0.977199 
1.55556 1 
1.88882 0.625365 
1.86888 0.637993 
1.91141 0.637871 
1.93315 0.624989 
1.95515 0.611396 
1.97747 0.597368 
2 0.583333 
1.83291 0.659322 
1.86035 0.65906 
1.79156 0.682143 
1.77773 0.704767 
1.81931 0.682117 
1.76387 0.727387 
1.75 0.75 
1.73608 0.772625 
1.7215 0.795375 
1.70651 0.818119 
1.69104 0.840853 
1.67536 0.86358 
1.65963 0.886311 
1.64383 0.909032 
1.62802 0.931742 
1.61251 0.954461 
1.59776 0.97722 
1.58333 1 
1.88848 0.655112 
1.91298 0.661746 
1.93378 0.652943 
1.95544 0.639254 
1.97769 0.625201 
2 0.611111 
1.84713 0.682053 
1.87464 0.680863 
1.80548 0.704746 
1.79163 0.727375 
1.83317 0.704677 
1.77778 0.75 
1.76368 0.772635 
1.74937 0.79533 
1.73429 0.818072 
1.71878 0.840811 
1.70312 0.863552 
1.68739 0.886293 
1.6716 0.909019 
1.65589 0.931745 
1.64051 0.954481 
1.62544 0.977235 
1.61111 1 
1.90099 0.681366 
1.93026 0.681437 
1.95542 0.667005 
1.97776 0.652949 
2 0.638889 
1.86074 0.704379 
1.8879 0.704302 
1.81937 0.727342 
1.80556 0.75 
1.84704 0.727253 
1.79153 0.772598 
1.77696 0.795264 
1.76202 0.817978 
1.74661 0.84073 
1.73092 0.863495 
1.71517 0.886263 
1.69937 0.909006 
1.68358 0.931737 
1.66809 0.954487 
1.65336 0.977242 
1.63889 1 
1.9145 0.704782 
1.93717 0.706873 
1.95716 0.694641 
1.97824 0.680617 
2 0.666667 
1.87453 0.727115 
1.90195 0.727293 
1.81927 0.772582 
1.83333 0.75 
1.86111 0.75 
1.80479 0.7952 
1.78993 0.817855 
1.77475 0.840606 
1.75884 0.863399 
1.74298 0.886211 
1.72715 0.908984 
1.71143 0.931733 
1.69605 0.954488 
1.68102 0.977261 
1.66667 1 
1.92871 0.727414 
1.9573 0.725026 
1.97907 0.707998 
2 0.694444 
1.88889 0.75 
1.91667 0.75 
1.83269 0.795188 
1.84704 0.772612 
1.87489 0.772653 
1.81805 0.817732 
1.80294 0.840358 
1.78696 0.863212 
1.77084 0.886139 
1.75492 0.908959 
1.73919 0.93172 
1.72359 0.954478 
1.7089 0.977248 
1.69444 1 
1.94444 0.75 
1.97222 0.75 
1.98173 0.731035 
2 0.722222 
1.90292 0.772642 
1.93056 0.771844 
1.84618 0.817743 
1.86064 0.795271 
1.88872 0.795397 
1.83176 0.840049 
1.81574 0.86272 
1.7987 0.886067 
1.78264 0.908977 
1.76694 0.931728 
1.75157 0.954471 
1.73651 0.977249 
1.72222 1 
1.95799 0.770705 
1.98119 0.768074 
2 0.75 
1.91676 0.795129 
1.94458 0.79259 
1.85968 0.840184 
1.87425 0.818037 
1.90168 0.818618 
1.86794 0.857975 
1.84543 0.862823 
1.82597 0.886182 
1.81009 0.909174 
1.79456 0.931827 
1.77918 0.954475 
1.7644 0.977228 
1.75 1 
1.97532 0.79208 
2 0.777778 
1.95688 0.812267 
1.93174 0.820013 
1.88653 0.843968 
1.91188 0.839402 
1.86482 0.874009 
1.88296 0.868987 
1.85067 0.888679 
1.83683 0.909913 
1.82196 0.932115 
1.80695 0.954587 
1.79198 0.977231 
1.77778 1 
1.9776 0.821055 
2 0.805556 
1.95516 0.835601 
1.93227 0.849653 
1.90725 0.864856 
1.87347 0.889137 
1.89321 0.884178 
1.86325 0.910803 
1.84913 0.932558 
1.83445 0.954727 
1.81982 0.977263 
1.80556 1 
1.97756 0.847967 
2 0.833333 
1.95493 0.862651 
1.93236 0.876869 
1.91151 0.890931 
1.89074 0.906991 
1.87629 0.931467 
1.86174 0.954669 
1.84729 0.977267 
1.83333 1 
1.97749 0.875659 
2 0.861111 
1.95504 0.890277 
1.93369 0.903787 
1.91357 0.913237 
1.90157 0.932856 
1.88845 0.954723 
1.87492 0.97731 
1.86111 1 
1.97771 0.903259 
2 0.888889 
1.95545 0.917435 
1.93054 0.931936 
1.9148 0.955079 
1.90213 0.977235 
1.88889 1 
1.97829 0.930739 
2 0.916667 
1.95745 0.944632 
1.93739 0.956915 
1.92876 0.977396 
1.91667 1 
1.97911 0.958015 
2 0.944444 
1.9572 0.975018 
1.94444 1 
1.98171 0.981035 
2 0.972222 
1.97222 1 
2 1 
