572 13
0 8
6027
6037
6045
6052
6058
6062
6065
6066

1 14
5861
5881
5899
5916
5932
5946
5960
5972
5984
5995
6005
6015
6016
6027

2 28
5661
5631
5690
5718
5746
5773
5799
5822
5843
5863
5883
5901
5918
5934
5948
5962
5974
5986
5997
6007
6018
6029
6039
6047
6054
6060
6064
6066

3 59
3854
3931
4000
4001
4010
4082
4153
4214
4215
4225
4293
4295
4361
4423
4426
4486
4488
4547
4598
4599
4609
4667
4714
4725
4779
4781
4832
4834
4885
4935
4938
4986
5014
5060
5104
5147
5187
5227
5265
5302
5337
5372
5406
5439
5471
5503
5534
5566
5597
5629
5659
5688
5716
5744
5771
5797
5820
5841
5861

4 77
2688
2689
2746
2806
2868
2869
2875
2876
2877
2937
2938
2950
2951
3025
3027
3097
3098
3188
3189
3276
3277
3362
3373
3454
3533
3609
3611
3672
3673
3747
3822
3823
3895
3896
3897
3973
4047
4121
4191
4260
4261
4262
4328
4393
4456
4516
4518
4519
4576
4634
4636
4643
4701
4758
4811
4863
4865
4918
4968
5017
5063
5108
5151
5192
5232
5270
5307
5343
5378
5412
5445
5477
5509
5540
5571
5601
5631

5 104
344
301
395
449
505
575
659
746
835
930
1019
1102
1184
1263
1336
1403
1465
1526
1588
1648
1707
1767
1826
1884
1941
1996
2052
2109
2168
2224
2279
2334
2392
2448
2503
2558
2612
2669
2727
2787
2849
2917
2990
3065
3155
3246
3334
3419
3500
3578
3654
3729
3805
3879
3953
4028
4101
4172
4241
4310
4377
4441
4502
4563
4622
4681
4738
4793
4846
4898
4951
4999
5045
5089
5133
5173
5213
5250
5287
5322
5357
5391
5421
5452
5483
5489
5512
5513
5514
5521
5522
5523
5524
5525
5526
5527
5528
5529
5530
5531
5535
5567
5599
5631

6 70
343
300
394
448
504
574
658
745
834
929
1018
1101
1183
1262
1335
1402
1464
1525
1587
1647
1706
1766
1825
1878
1932
1984
2040
2091
2150
2206
2261
2316
2374
2430
2485
2540
2594
2648
2706
2689
2749
2766
2786
2810
2846
2848
2874
2912
2913
2941
2984
3013
3058
3086
3103
3104
3105
3106
3107
3108
3109
3110
3111
3112
3113
3114
3115
3116
3117
3118

7 16
3028
3120
3213
3303
3391
3472
3547
3548
3553
3630
3700
3774
3776
3777
3849
3854

8 59
480
533
602
690
782
880
974
1061
1144
1224
1299
1368
1431
1491
1552
1553
1562
1621
1623
1680
1682
1739
1789
1800
1856
1905
1906
1916
1970
2024
2027
2083
2132
2133
2143
2199
2245
2246
2256
2310
2357
2368
2423
2425
2480
2533
2536
2588
2590
2643
2645
2701
2703
2761
2821
2879
2880
2953
3028

9 21
1
7
20
34
47
60
73
86
99
112
134
157
181
205
230
258
293
335
377
427
480

10 77
235
234
264
263
267
269
300
299
301
309
311
340
354
382
383
384
385
386
387
388
389
390
405
432
433
459
486
487
515
520
521
522
544
545
546
547
548
549
550
551
552
553
554
555
589
591
592
593
594
598
599
627
628
630
631
632
633
634
635
668
676
677
752
753
764
765
766
767
841
842
843
844
845
846
847
848
849

11 28
4
0
13
27
41
55
68
81
94
101
107
119
121
122
123
124
125
126
127
128
129
135
158
182
207
233
262
301

12 11
0
2
5
1
8
9
10
14
15
16
17

