1568 7
0 224
3 442 444 
6 443 442 
0 444 443 
442 443 444 
5 445 447 
7 446 445 
0 447 446 
445 446 447 
3 444 448 
0 446 444 
7 448 446 
444 446 448 
16 449 451 
5 450 449 
2 451 450 
449 450 451 
16 452 449 
7 445 452 
5 449 445 
452 445 449 
19 453 454 
16 451 453 
2 454 451 
453 451 454 
19 454 456 
2 455 454 
20 456 455 
454 455 456 
3 448 458 
7 457 448 
29 458 457 
448 457 458 
3 459 442 
30 460 459 
6 442 460 
459 460 442 
3 458 459 
29 461 458 
30 459 461 
458 461 459 
37 462 463 
7 452 462 
16 463 452 
462 452 463 
29 457 465 
7 464 457 
41 465 464 
457 464 465 
37 466 462 
41 464 466 
7 462 464 
466 464 462 
56 467 468 
41 466 467 
37 468 466 
467 466 468 
45 469 471 
59 470 469 
46 471 470 
469 470 471 
45 472 469 
57 473 472 
59 469 473 
472 473 469 
19 474 453 
61 475 474 
16 453 475 
474 475 453 
37 463 476 
16 475 463 
61 476 475 
463 475 476 
56 468 477 
37 476 468 
61 477 476 
468 476 477 
59 478 470 
62 479 478 
46 470 479 
478 479 470 
62 478 481 
59 480 478 
63 481 480 
478 480 481 
69 482 483 
63 480 482 
59 483 480 
482 480 483 
59 473 483 
57 484 473 
69 483 484 
473 484 483 
58 485 486 
69 484 485 
57 486 484 
485 484 486 
58 487 485 
70 488 487 
69 485 488 
487 488 485 
58 489 487 
41 490 489 
70 487 490 
489 490 487 
56 491 467 
70 490 491 
41 467 490 
491 490 467 
19 456 493 
20 492 456 
80 493 492 
456 492 493 
19 493 474 
80 494 493 
61 474 494 
493 494 474 
58 486 496 
57 495 486 
96 496 495 
486 495 496 
96 497 498 
29 465 497 
41 498 465 
497 465 498 
58 496 489 
96 498 496 
41 489 498 
496 498 489 
29 499 461 
97 500 499 
30 461 500 
499 500 461 
97 499 501 
29 497 499 
96 501 497 
499 497 501 
45 502 472 
116 503 502 
57 472 503 
502 503 472 
117 504 505 
57 503 504 
116 505 503 
504 503 505 
96 506 501 
117 507 506 
97 501 507 
506 507 501 
96 495 506 
57 504 495 
117 506 504 
495 504 506 
45 508 502 
124 509 508 
116 502 509 
508 509 502 
45 471 508 
46 510 471 
124 508 510 
471 510 508 
56 477 512 
61 511 477 
141 512 511 
477 511 512 
56 512 491 
141 513 512 
70 491 513 
512 513 491 
80 514 494 
142 515 514 
61 494 515 
514 515 494 
141 511 516 
61 515 511 
142 516 515 
511 515 516 
141 517 513 
146 518 517 
70 513 518 
517 518 513 
63 482 520 
69 519 482 
146 520 519 
482 519 520 
70 518 488 
146 519 518 
69 488 519 
518 519 488 
151 521 522 
63 520 521 
146 522 520 
521 520 522 
63 523 481 
152 524 523 
62 481 524 
523 524 481 
151 525 521 
152 523 525 
63 521 523 
525 523 521 
151 522 527 
146 526 522 
237 527 526 
522 526 527 
141 516 529 
142 528 516 
238 529 528 
516 528 529 
238 530 531 
237 526 530 
146 531 526 
530 526 531 
141 529 517 
238 531 529 
146 517 531 
529 531 517 
151 527 533 
237 532 527 
246 533 532 
527 532 533 
151 533 525 
246 534 533 
152 525 534 
533 534 525 

1 224
8 535 537 
4 536 535 
6 537 536 
535 536 537 
8 537 538 
6 460 537 
30 538 460 
537 460 538 
33 539 541 
32 540 539 
4 541 540 
539 540 541 
8 542 535 
33 541 542 
4 535 541 
542 541 535 
8 538 544 
30 543 538 
44 544 543 
538 543 544 
8 544 542 
44 545 544 
33 542 545 
544 545 542 
30 500 543 
97 546 500 
44 543 546 
500 546 543 
102 547 548 
33 545 547 
44 548 545 
547 545 548 
32 549 551 
104 550 549 
34 551 550 
549 550 551 
33 552 539 
104 549 552 
32 539 549 
552 549 539 
102 553 547 
104 552 553 
33 547 552 
553 552 547 
105 554 556 
103 555 554 
34 556 555 
554 555 556 
105 556 557 
34 550 556 
104 557 550 
556 550 557 
114 558 559 
102 548 558 
44 559 548 
558 548 559 
118 560 561 
97 507 560 
117 561 507 
560 507 561 
118 562 560 
44 546 562 
97 560 546 
562 546 560 
114 559 563 
44 562 559 
118 563 562 
559 562 563 
127 564 565 
116 509 564 
124 565 509 
564 509 565 
117 505 567 
116 566 505 
128 567 566 
505 566 567 
118 561 568 
117 567 561 
128 568 567 
561 567 568 
127 569 564 
128 566 569 
116 564 566 
569 566 564 
118 568 571 
128 570 568 
129 571 570 
568 570 571 
114 563 572 
118 571 563 
129 572 571 
563 571 572 
102 573 553 
198 574 573 
104 553 574 
573 574 553 
114 572 576 
129 575 572 
198 576 575 
572 575 576 
114 576 558 
198 573 576 
102 558 573 
576 573 558 
105 577 554 
199 578 577 
103 554 578 
577 578 554 
105 579 577 
200 580 579 
199 577 580 
579 580 577 
105 557 579 
104 581 557 
200 579 581 
557 581 579 
200 581 582 
104 574 581 
198 582 574 
581 574 582 
127 565 584 
124 583 565 
217 584 583 
565 583 584 
223 585 586 
198 575 585 
129 586 575 
585 575 586 
127 584 588 
217 587 584 
225 588 587 
584 587 588 
127 588 569 
225 589 588 
128 569 589 
588 589 569 
225 590 589 
226 591 590 
128 589 591 
590 591 589 
129 570 592 
128 591 570 
226 592 591 
570 591 592 
223 586 593 
129 592 586 
226 593 592 
586 592 593 
289 594 595 
200 582 594 
198 595 582 
594 582 595 
223 596 585 
289 595 596 
198 585 595 
596 595 585 
200 597 580 
290 598 597 
199 580 598 
597 598 580 
290 597 599 
200 594 597 
289 599 594 
597 594 599 
225 587 601 
217 600 587 
303 601 600 
587 600 601 
223 602 596 
309 603 602 
289 596 603 
602 603 596 
223 593 602 
226 604 593 
309 602 604 
593 604 602 
303 605 601 
310 606 605 
225 601 606 
605 606 601 
226 590 607 
225 606 590 
310 607 606 
590 606 607 
310 608 607 
309 604 608 
226 607 604 
608 604 607 
289 609 599 
359 610 609 
290 599 610 
609 610 599 
289 603 609 
309 611 603 
359 609 611 
603 611 609 
359 611 613 
309 612 611 
373 613 612 
611 612 613 
310 605 615 
303 614 605 
374 615 614 
605 614 615 
376 616 617 
373 612 616 
309 617 612 
616 612 617 
376 618 619 
310 615 618 
374 619 615 
618 615 619 
376 617 618 
309 608 617 
310 618 608 
617 608 618 
376 620 616 
412 621 620 
373 616 621 
620 621 616 
376 619 620 
374 622 619 
412 620 622 
619 622 620 

2 272
1 623 624 
2 450 623 
5 624 450 
623 450 624 
9 625 626 
5 447 625 
0 626 447 
625 447 626 
1 624 627 
5 625 624 
9 627 625 
624 625 627 
10 628 629 
0 443 628 
6 629 443 
628 443 629 
10 630 628 
9 626 630 
0 628 626 
630 626 628 
1 627 632 
9 631 627 
14 632 631 
627 631 632 
10 633 630 
15 634 633 
9 630 634 
633 634 630 
14 631 635 
9 634 631 
15 635 634 
631 634 635 
18 636 637 
2 623 636 
1 637 623 
636 623 637 
1 632 637 
14 638 632 
18 637 638 
632 638 637 
18 639 636 
20 455 639 
2 636 455 
639 455 636 
21 640 641 
20 639 640 
18 641 639 
640 639 641 
22 642 643 
21 641 642 
18 643 641 
642 641 643 
22 643 644 
18 638 643 
14 644 638 
643 638 644 
22 644 646 
14 645 644 
23 646 645 
644 645 646 
14 635 645 
15 647 635 
23 645 647 
635 647 645 
15 648 647 
25 649 648 
23 647 649 
648 649 647 
17 650 651 
23 649 650 
25 651 649 
650 649 651 
26 652 653 
6 536 652 
4 653 536 
652 536 653 
10 629 654 
6 652 629 
26 654 652 
629 652 654 
10 654 633 
26 655 654 
15 633 655 
654 655 633 
15 655 648 
26 656 655 
25 648 656 
655 656 648 
28 657 658 
26 653 657 
4 658 653 
657 653 658 
28 659 661 
24 660 659 
25 661 660 
659 660 661 
28 661 657 
25 656 661 
26 657 656 
661 656 657 
28 658 662 
4 540 658 
32 662 540 
658 540 662 
28 662 659 
32 663 662 
24 659 663 
662 663 659 
24 663 664 
32 551 663 
34 664 551 
663 551 664 
53 665 666 
25 660 665 
24 666 660 
665 660 666 
17 651 667 
25 665 651 
53 667 665 
651 665 667 
55 668 669 
24 664 668 
34 669 664 
668 664 669 
55 670 672 
54 671 670 
53 672 671 
670 671 672 
55 672 668 
53 666 672 
24 668 666 
672 666 668 
22 673 642 
72 674 673 
21 642 674 
673 674 642 
72 673 675 
22 646 673 
23 675 646 
673 646 675 
72 675 677 
23 676 675 
73 677 676 
675 676 677 
73 676 679 
23 678 676 
76 679 678 
676 678 679 
17 680 650 
76 678 680 
23 650 678 
680 678 650 
53 671 682 
54 681 671 
77 682 681 
671 681 682 
17 683 680 
77 684 683 
76 680 684 
683 684 680 
17 667 683 
53 682 667 
77 683 682 
667 682 683 
21 685 640 
78 686 685 
20 640 686 
685 686 640 
82 687 688 
78 685 687 
21 688 685 
687 685 688 
72 689 674 
82 688 689 
21 674 688 
689 688 674 
72 677 689 
73 690 677 
82 689 690 
677 690 689 
82 691 687 
88 692 691 
78 687 692 
691 692 687 
89 693 694 
88 691 693 
82 694 691 
693 691 694 
89 694 695 
82 690 694 
73 695 690 
694 690 695 
89 695 697 
73 696 695 
90 697 696 
695 696 697 
86 698 700 
90 699 698 
76 700 699 
698 699 700 
73 679 696 
76 699 679 
90 696 699 
679 699 696 
89 701 693 
91 702 701 
88 693 702 
701 702 693 
89 697 701 
90 703 697 
91 701 703 
697 703 701 
99 704 705 
77 681 704 
54 705 681 
704 681 705 
99 705 707 
54 706 705 
100 707 706 
705 706 707 
54 708 706 
103 709 708 
100 706 709 
708 709 706 
55 669 710 
34 555 669 
103 710 555 
669 555 710 
55 710 670 
103 708 710 
54 670 708 
710 708 670 
86 700 712 
76 711 700 
166 712 711 
700 711 712 
99 713 704 
166 714 713 
77 704 714 
713 714 704 
77 714 684 
166 711 714 
76 684 711 
714 711 684 
86 712 716 
166 715 712 
167 716 715 
712 715 716 
166 717 715 
168 718 717 
167 715 718 
717 718 715 
99 707 720 
100 719 707 
168 720 719 
707 719 720 
99 720 713 
168 717 720 
166 713 717 
720 717 713 
86 716 722 
167 721 716 
177 722 721 
716 721 722 
90 723 703 
177 724 723 
91 703 724 
723 724 703 
86 722 698 
177 723 722 
90 698 723 
722 723 698 

3 344
65 725 726 
46 479 725 
62 726 479 
725 479 726 
64 727 728 
46 725 727 
65 728 725 
727 725 728 
66 729 730 
65 726 729 
62 730 726 
729 726 730 
67 731 732 
65 729 731 
66 732 729 
731 729 732 
64 733 727 
124 510 733 
46 727 510 
733 510 727 
64 734 733 
125 735 734 
124 733 735 
734 735 733 
131 736 737 
125 734 736 
64 737 734 
736 734 737 
66 730 738 
62 524 730 
152 738 524 
730 524 738 
153 739 740 
66 738 739 
152 740 738 
739 738 740 
131 737 742 
64 741 737 
154 742 741 
737 741 742 
154 741 743 
64 728 741 
65 743 728 
741 728 743 
67 744 731 
154 743 744 
65 731 743 
744 743 731 
154 744 746 
67 745 744 
155 746 745 
744 745 746 
67 747 745 
156 748 747 
155 745 748 
747 748 745 
67 732 747 
66 749 732 
156 747 749 
732 749 747 
66 739 749 
153 750 739 
156 749 750 
739 750 749 
155 751 746 
215 752 751 
154 746 752 
751 752 746 
131 742 753 
154 752 742 
215 753 752 
742 752 753 
131 753 755 
215 754 753 
216 755 754 
753 754 755 
131 755 736 
216 756 755 
125 736 756 
755 756 736 
125 757 735 
217 583 757 
124 735 583 
757 583 735 
219 758 759 
217 757 758 
125 759 757 
758 757 759 
216 760 756 
219 759 760 
125 756 759 
760 759 756 
220 761 762 
219 760 761 
216 762 760 
761 760 762 
153 740 763 
152 534 740 
246 763 534 
740 534 763 
153 763 765 
246 764 763 
247 765 764 
763 764 765 
153 765 750 
247 766 765 
156 750 766 
765 766 750 
252 767 768 
155 748 767 
156 768 748 
767 748 768 
252 768 770 
156 769 768 
253 770 769 
768 769 770 
253 769 771 
156 766 769 
247 771 766 
769 766 771 
215 772 754 
300 773 772 
216 754 773 
772 773 754 
220 762 774 
216 773 762 
300 774 773 
762 773 774 
219 775 758 
303 600 775 
217 758 600 
775 600 758 
219 776 775 
306 777 776 
303 775 777 
776 777 775 
220 778 761 
306 776 778 
219 761 776 
778 776 761 
220 774 780 
300 779 774 
307 780 779 
774 779 780 
220 780 778 
307 781 780 
306 778 781 
780 781 778 
246 782 764 
326 783 782 
247 764 783 
782 783 764 
327 784 785 
247 783 784 
326 785 783 
784 783 785 
253 771 786 
247 784 771 
327 786 784 
771 784 786 
331 787 788 
253 786 787 
327 788 786 
787 786 788 
252 770 790 
253 789 770 
333 790 789 
770 789 790 
331 791 787 
333 789 791 
253 787 789 
791 789 787 
368 792 793 
307 779 792 
300 793 779 
792 779 793 
371 794 795 
307 792 794 
368 795 792 
794 792 795 
306 796 777 
374 614 796 
303 777 614 
796 614 777 
375 797 798 
374 796 797 
306 798 796 
797 796 798 
371 799 794 
375 800 799 
307 794 800 
799 800 794 
307 800 781 
375 798 800 
306 781 798 
800 798 781 
327 785 802 
326 801 785 
383 802 801 
785 801 802 
384 803 804 
327 802 803 
383 804 802 
803 802 804 
331 788 805 
327 803 788 
384 805 803 
788 803 805 
331 806 791 
386 807 806 
333 791 807 
806 807 791 
331 805 806 
384 808 805 
386 806 808 
805 808 806 
333 807 810 
386 809 807 
387 810 809 
807 809 810 
368 811 813 
388 812 811 
408 813 812 
811 812 813 
371 795 814 
368 813 795 
408 814 813 
795 813 814 
371 815 799 
410 816 815 
375 799 816 
815 816 799 
371 814 815 
408 817 814 
410 815 817 
814 817 815 
375 818 797 
412 622 818 
374 797 622 
818 622 797 
410 819 816 
412 818 819 
375 816 818 
819 818 816 
414 820 821 
408 812 820 
388 821 812 
820 812 821 
384 804 823 
383 822 804 
419 823 822 
804 822 823 
421 824 825 
384 823 824 
419 825 823 
824 823 825 
386 808 826 
384 824 808 
421 826 824 
808 824 826 
422 827 828 
387 809 827 
386 828 809 
827 809 828 
422 828 829 
386 826 828 
421 829 826 
828 826 829 
387 830 832 
423 831 830 
388 832 831 
830 831 832 
414 821 833 
388 831 821 
423 833 831 
821 831 833 
422 834 827 
423 830 834 
387 827 830 
834 830 827 
414 835 820 
432 836 835 
408 820 836 
835 836 820 
408 836 817 
432 837 836 
410 817 837 
836 837 817 
410 838 819 
433 839 838 
412 819 839 
838 839 819 
432 840 837 
433 838 840 
410 837 838 
840 838 837 
414 841 835 
434 842 841 
432 835 842 
841 842 835 
414 833 841 
423 843 833 
434 841 843 
833 843 841 
421 825 845 
419 844 825 
436 845 844 
825 844 845 
437 846 847 
421 845 846 
436 847 845 
846 845 847 
422 848 834 
437 849 848 
423 834 849 
848 849 834 
422 829 848 
421 846 829 
437 848 846 
829 846 848 
423 849 843 
437 850 849 
434 843 850 
849 850 843 
432 851 840 
440 852 851 
433 840 852 
851 852 840 
432 842 851 
434 853 842 
440 851 853 
842 853 851 
437 847 855 
436 854 847 
441 855 854 
847 854 855 
434 856 853 
441 857 856 
440 853 857 
856 857 853 
434 850 856 
437 855 850 
441 856 855 
850 855 856 

4 56
251 858 859 
215 751 858 
155 859 751 
858 751 859 
251 859 860 
155 767 859 
252 860 767 
859 767 860 
251 861 858 
299 862 861 
215 858 862 
861 862 858 
300 772 863 
215 862 772 
299 863 862 
772 862 863 
251 860 865 
252 864 860 
332 865 864 
860 864 865 
251 865 861 
332 866 865 
299 861 866 
865 866 861 
333 867 790 
332 864 867 
252 790 864 
867 864 790 
334 868 869 
299 866 868 
332 869 866 
868 866 869 
300 863 793 
299 870 863 
368 793 870 
863 870 793 
334 871 868 
368 870 871 
299 868 870 
871 870 868 
333 810 867 
387 872 810 
332 867 872 
810 872 867 
334 869 873 
332 872 869 
387 873 872 
869 872 873 
334 873 874 
387 832 873 
388 874 832 
873 832 874 
334 874 871 
388 811 874 
368 871 811 
874 811 871 

5 224
81 875 876 
80 492 875 
20 876 492 
875 492 876 
81 876 877 
20 686 876 
78 877 686 
876 686 877 
88 878 692 
170 879 878 
78 692 879 
878 879 692 
81 877 880 
78 879 877 
170 880 879 
877 879 880 
171 881 882 
142 514 881 
80 882 514 
881 514 882 
81 883 875 
171 882 883 
80 875 882 
883 882 875 
81 880 883 
170 884 880 
171 883 884 
880 884 883 
179 885 886 
88 702 885 
91 886 702 
885 702 886 
179 887 885 
170 878 887 
88 885 878 
887 878 885 
180 888 889 
91 724 888 
177 889 724 
888 724 889 
180 890 888 
179 886 890 
91 888 886 
890 886 888 
183 891 892 
170 887 891 
179 892 887 
891 887 892 
142 881 894 
171 893 881 
236 894 893 
881 893 894 
236 895 894 
238 528 895 
142 894 528 
895 528 894 
245 896 897 
246 532 896 
237 897 532 
896 532 897 
238 898 530 
266 899 898 
237 530 899 
898 899 530 
245 897 900 
237 899 897 
266 900 899 
897 899 900 
236 901 895 
266 898 901 
238 895 898 
901 898 895 
236 893 903 
171 902 893 
267 903 902 
893 902 903 
171 884 902 
170 904 884 
267 902 904 
884 904 902 
183 905 891 
267 904 905 
170 891 904 
905 904 891 
268 906 907 
266 901 906 
236 907 901 
906 901 907 
268 907 908 
236 903 907 
267 908 903 
907 903 908 
180 889 910 
177 909 889 
274 910 909 
889 909 910 
180 910 912 
274 911 910 
275 912 911 
910 911 912 
180 912 890 
275 913 912 
179 890 913 
912 913 890 
183 892 914 
179 913 892 
275 914 913 
892 913 914 
277 915 916 
183 914 915 
275 916 914 
915 914 916 
277 917 915 
267 905 917 
183 915 905 
917 905 915 
245 900 919 
266 918 900 
325 919 918 
900 918 919 
245 920 896 
326 782 920 
246 896 782 
920 782 896 
245 919 920 
325 921 919 
326 920 921 
919 921 920 
325 918 923 
266 922 918 
346 923 922 
918 922 923 
268 924 906 
346 922 924 
266 906 922 
924 922 906 
268 925 924 
347 926 925 
346 924 926 
925 926 924 
268 908 925 
267 927 908 
347 925 927 
908 927 925 
277 928 917 
347 927 928 
267 917 927 
928 927 917 
274 929 911 
351 930 929 
275 911 930 
929 930 911 
352 931 932 
275 930 931 
351 932 930 
931 930 932 
277 916 933 
275 931 916 
352 933 931 
916 931 933 
277 933 928 
352 934 933 
347 928 934 
933 934 928 
346 935 923 
382 936 935 
325 923 936 
935 936 923 
325 937 921 
383 801 937 
326 921 801 
937 801 921 
383 937 938 
325 936 937 
382 938 936 
937 936 938 
352 939 934 
399 940 939 
347 934 940 
939 940 934 
382 935 942 
346 941 935 
399 942 941 
935 941 942 
347 940 926 
399 941 940 
346 926 941 
940 941 926 
352 932 944 
351 943 932 
400 944 943 
932 943 944 
352 944 939 
400 945 944 
399 939 945 
944 945 939 
418 946 947 
382 942 946 
399 947 942 
946 942 947 
382 948 938 
419 822 948 
383 938 822 
948 822 938 
418 949 946 
419 948 949 
382 946 948 
949 948 946 
400 950 945 
428 951 950 
399 945 951 
950 951 945 
418 947 952 
399 951 947 
428 952 951 
947 951 952 
418 952 954 
428 953 952 
436 954 953 
952 953 954 
418 954 949 
436 844 954 
419 949 844 
954 844 949 

6 224
194 955 956 
168 719 955 
100 956 719 
955 719 956 
195 957 958 
100 709 957 
103 958 709 
957 709 958 
195 959 957 
194 956 959 
100 957 956 
959 956 957 
195 958 960 
103 578 958 
199 960 578 
958 578 960 
262 961 962 
177 721 961 
167 962 721 
961 721 962 
168 963 718 
263 964 963 
167 718 964 
963 964 718 
262 962 965 
167 964 962 
263 965 964 
962 964 965 
194 966 955 
263 963 966 
168 955 963 
966 963 955 
265 967 968 
263 966 967 
194 968 966 
967 966 968 
262 969 961 
274 909 969 
177 961 909 
969 909 961 
195 960 971 
199 970 960 
288 971 970 
960 970 971 
195 971 959 
288 972 971 
194 959 972 
971 972 959 
265 968 973 
194 972 968 
288 973 972 
968 972 973 
199 598 970 
290 974 598 
288 970 974 
598 974 970 
318 975 976 
265 973 975 
288 976 973 
975 973 976 
262 977 969 
342 978 977 
274 969 978 
977 978 969 
262 965 977 
263 979 965 
342 977 979 
965 979 977 
342 979 981 
263 980 979 
344 981 980 
979 980 981 
265 982 967 
344 980 982 
263 967 980 
982 980 967 
318 983 975 
344 982 983 
265 975 982 
983 982 975 
342 984 978 
351 929 984 
274 978 929 
984 929 978 
358 985 986 
288 974 985 
290 986 974 
985 974 986 
318 976 987 
288 985 976 
358 987 985 
976 985 987 
358 986 988 
290 610 986 
359 988 610 
986 610 988 
318 987 990 
358 989 987 
380 990 989 
987 989 990 
318 990 983 
380 991 990 
344 983 991 
990 991 983 
351 984 993 
342 992 984 
396 993 992 
984 992 993 
396 992 994 
342 981 992 
344 994 981 
992 981 994 
397 995 996 
396 994 995 
344 996 994 
995 994 996 
397 996 997 
344 991 996 
380 997 991 
996 991 997 
396 998 993 
400 943 998 
351 993 943 
998 943 993 
359 613 1000 
373 999 613 
405 1000 999 
613 999 1000 
358 988 1001 
359 1000 988 
405 1001 1000 
988 1000 1001 
358 1001 989 
405 1002 1001 
380 989 1002 
1001 1002 989 
411 1003 1004 
405 999 1003 
373 1004 999 
1003 999 1004 
411 1004 1005 
373 621 1004 
412 1005 621 
1004 621 1005 
380 1002 1007 
405 1006 1002 
416 1007 1006 
1002 1006 1007 
397 997 1008 
380 1007 997 
416 1008 1007 
997 1007 1008 
396 1009 998 
427 1010 1009 
400 998 1010 
1009 1010 998 
397 1011 995 
427 1009 1011 
396 995 1009 
1011 1009 995 
397 1008 1011 
416 1012 1008 
427 1011 1012 
1008 1012 1011 
400 1010 950 
427 1013 1010 
428 950 1013 
1010 1013 950 
411 1014 1003 
431 1015 1014 
405 1003 1015 
1014 1015 1003 
431 1016 1015 
416 1006 1016 
405 1015 1006 
1016 1006 1015 
411 1005 1017 
412 839 1005 
433 1017 839 
1005 839 1017 
411 1017 1014 
433 1018 1017 
431 1014 1018 
1017 1018 1014 
416 1016 1020 
431 1019 1016 
435 1020 1019 
1016 1019 1020 
435 1021 1020 
427 1012 1021 
416 1020 1012 
1021 1012 1020 
439 1022 1023 
436 953 1022 
428 1023 953 
1022 953 1023 
439 1023 1024 
428 1013 1023 
427 1024 1013 
1023 1013 1024 
439 1024 1025 
427 1021 1024 
435 1025 1021 
1024 1021 1025 
431 1018 1026 
433 852 1018 
440 1026 852 
1018 852 1026 
440 1027 1026 
435 1019 1027 
431 1026 1019 
1027 1019 1026 
435 1027 1028 
440 857 1027 
441 1028 857 
1027 857 1028 
439 1029 1022 
441 854 1029 
436 1022 854 
1029 854 1022 
439 1025 1029 
435 1028 1025 
441 1029 1028 
1025 1028 1029 

