262 7
0 38
3
6
0
5
7
16
2
19
20
29
30
37
41
56
45
59
46
57
61
62
63
69
58
70
80
96
97
116
117
124
141
142
146
151
152
237
238
246

1 38
8
4
6
30
33
32
44
97
102
104
34
105
103
114
118
117
127
116
124
128
129
198
199
200
217
223
225
226
289
290
303
309
310
359
373
374
376
412

2 43
1
2
5
9
0
10
6
14
15
18
20
21
22
23
25
17
26
4
28
24
32
34
53
55
54
72
73
76
77
78
82
88
89
90
86
91
99
100
103
166
167
168
177

3 55
65
46
62
64
66
67
124
125
131
152
153
154
155
156
215
216
217
219
220
246
247
252
253
300
303
306
307
326
327
331
333
368
371
374
375
383
384
386
387
388
408
410
412
414
419
421
422
423
432
433
434
436
437
440
441

4 12
251
215
155
252
299
300
332
333
334
368
387
388

5 38
81
80
20
78
88
170
171
142
179
91
180
177
183
236
238
245
246
237
266
267
268
274
275
277
325
326
346
347
351
352
382
383
399
400
418
419
428
436

6 38
194
168
100
195
103
199
262
177
167
263
265
274
288
290
318
342
344
351
358
359
380
396
397
400
373
405
411
412
416
427
428
431
433
435
439
436
440
441

