910 7
0 131
3
6
0
5
7
16
2
19
20
29
30
37
41
56
45
59
46
57
61
62
63
69
58
70
80
96
97
116
117
124
141
142
146
151
152
237
238
246
442
443
444
445
446
447
448
449
450
451
452
453
454
455
456
457
458
459
460
461
462
463
464
465
466
467
468
469
470
471
472
473
474
475
476
477
478
479
480
481
482
483
484
485
486
487
488
489
490
491
492
493
494
495
496
497
498
499
500
501
502
503
504
505
506
507
508
509
510
511
512
513
514
515
516
517
518
519
520
521
522
523
524
525
526
527
528
529
530
531
532
533
534

1 131
8
4
6
30
33
32
44
97
102
104
34
105
103
114
118
117
127
116
124
128
129
198
199
200
217
223
225
226
289
290
303
309
310
359
373
374
376
412
535
536
537
460
538
539
540
541
542
543
544
545
500
546
547
548
549
550
551
552
553
554
555
556
557
558
559
560
507
561
562
563
564
509
565
505
566
567
568
569
570
571
572
573
574
575
576
577
578
579
580
581
582
583
584
585
586
587
588
589
590
591
592
593
594
595
596
597
598
599
600
601
602
603
604
605
606
607
608
609
610
611
612
613
614
615
616
617
618
619
620
621
622

2 153
1
2
5
9
0
10
6
14
15
18
20
21
22
23
25
17
26
4
28
24
32
34
53
55
54
72
73
76
77
78
82
88
89
90
86
91
99
100
103
166
167
168
177
623
450
624
625
447
626
627
628
443
629
630
631
632
633
634
635
636
637
638
639
455
640
641
642
643
644
645
646
647
648
649
650
651
652
536
653
654
655
656
657
658
659
660
661
540
662
663
551
664
665
666
667
668
669
670
671
672
673
674
675
676
677
678
679
680
681
682
683
684
685
686
687
688
689
690
691
692
693
694
695
696
697
698
699
700
701
702
703
704
705
706
707
708
709
555
710
711
712
713
714
715
716
717
718
719
720
721
722
723
724

3 196
65
46
62
64
66
67
124
125
131
152
153
154
155
156
215
216
217
219
220
246
247
252
253
300
303
306
307
326
327
331
333
368
371
374
375
383
384
386
387
388
408
410
412
414
419
421
422
423
432
433
434
436
437
440
441
725
479
726
727
728
729
730
731
732
733
510
734
735
736
737
524
738
739
740
741
742
743
744
745
746
747
748
749
750
751
752
753
754
755
756
757
583
758
759
760
761
762
534
763
764
765
766
767
768
769
770
771
772
773
774
775
600
776
777
778
779
780
781
782
783
784
785
786
787
788
789
790
791
792
793
794
795
796
614
797
798
799
800
801
802
803
804
805
806
807
808
809
810
811
812
813
814
815
816
817
818
622
819
820
821
822
823
824
825
826
827
828
829
830
831
832
833
834
835
836
837
838
839
840
841
842
843
844
845
846
847
848
849
850
851
852
853
854
855
856
857

4 37
251
215
155
252
299
300
332
333
334
368
387
388
858
751
859
767
860
861
862
772
863
864
865
866
867
790
868
869
870
793
871
810
872
873
832
874
811

5 131
81
80
20
78
88
170
171
142
179
91
180
177
183
236
238
245
246
237
266
267
268
274
275
277
325
326
346
347
351
352
382
383
399
400
418
419
428
436
875
492
876
686
877
878
879
692
880
881
514
882
883
884
885
702
886
887
888
724
889
890
891
892
893
894
895
528
896
532
897
898
899
530
900
901
902
903
904
905
906
907
908
909
910
911
912
913
914
915
916
917
918
919
920
782
921
922
923
924
925
926
927
928
929
930
931
932
933
934
935
936
937
801
938
939
940
941
942
943
944
945
946
947
948
822
949
950
951
952
953
954
844

6 131
194
168
100
195
103
199
262
177
167
263
265
274
288
290
318
342
344
351
358
359
380
396
397
400
373
405
411
412
416
427
428
431
433
435
439
436
440
441
955
719
956
957
709
958
959
578
960
961
721
962
963
964
718
965
966
967
968
969
909
970
971
972
973
598
974
975
976
977
978
979
980
981
982
983
984
929
985
986
987
610
988
989
990
991
992
993
994
995
996
997
998
943
613
999
1000
1001
1002
1003
1004
621
1005
1006
1007
1008
1009
1010
1011
1012
1013
950
1014
1015
1016
839
1017
1018
1019
1020
1021
1022
953
1023
1024
1025
852
1026
1027
857
1028
1029
854

