-0.923878 -0.382683 0 
-0.419616 -0.590967 0 
-0.382683 -0.923878 0 
-0.965632 -0.259912 0.276936 
-0.923878 0.382683 0 
-0.707107 -0.707107 0 
-1 1.22465e-16 0 
-0.816479 -0.577375 0.366788 
-0.965725 0.259568 0.261218 
-0.587506 -0.386607 0 
-0.703745 -0.156382 0 
-0.743751 -0.201361 0.285372 
-0.773251 -0.278108 0.485486 
-0.398657 -0.466045 0.174385 
-0.277895 -0.36712 0 
-0.393525 -0.108079 0 
-0.539074 -0.842259 0.299871 
0.0501015 0.211475 0 
-0.182102 -0.661397 0 
-0.259568 -0.965725 0.261218 
-1.83697e-16 -1 0 
0.116865 -0.65271 0 
-0.0427259 -0.450864 0 
-0.008885 -0.139256 0 
-0.355406 0.563497 0 
-0.281866 0.17596 0 
-0.666107 0.118448 0 
-0.571892 0.0110891 0.163758 
-0.593683 0.390879 0 
-0.95221 -0.305446 0.609602 
-1 1.22465e-16 0.4 
-0.634981 0.410411 0.32432 
-0.707107 0.707107 0 
-0.842259 0.539074 0.299871 
-0.382683 0.923878 0 
-0.588214 -0.470363 0.428462 
-0.416806 -0.663532 0.462361 
-0.623804 -0.78158 0.575952 
-0.209808 -0.545483 0.348769 
-0.713851 0.140874 0.374385 
-0.705953 -0.444057 0.683734 
-0.787801 -0.61593 0.797647 
-0.744316 -0.0393246 0.556717 
-0.681617 -0.245429 0.683509 
-0.94058 0.339571 0.59527 
-0.961861 -0.27354 1.73944 
-0.923878 -0.382683 2 
-0.503938 -0.172006 0.330283 
-0.534337 -0.237808 0.563743 
-0.375849 -0.394602 0.46436 
-0.141169 -0.218374 0.248769 
-0.284436 0.0316874 0.298769 
-0.15765 0.221104 0.211577 
-0.0649701 0.461176 0 
0.141573 0.677052 0 
-0.12485 0.704252 0 
-0.552334 -0.833623 0.808015 
-0.933006 -0.35986 1.3976 
-0.820995 -0.570935 1.13637 
-0.828724 -0.559658 1.70803 
-0.185989 -0.634227 0.593841 
-0.339571 -0.94058 0.59527 
-0.707107 -0.707107 2 
-0.566217 -0.824256 1.70667 
-0.660138 -0.137708 2 
-0.563414 -0.381435 2 
-0.378891 -0.590577 2 
-0.34249 -0.357487 2 
-0.665712 -0.255991 1.7624 
-0.71675 -0.69733 1.4045 
-0.619562 -0.784948 1.08993 
-0.549286 -0.367835 1.85143 
0.158482 -0.391937 0 
0.319652 -0.224326 0 
0.0941638 0.317966 0.211577 
0.0228295 0.0709236 0.248769 
0.321029 0.0680773 0 
0.221761 0.369683 0 
0.382683 -0.923878 0 
0.0608512 -0.704562 0.374385 
-1.83697e-16 -1 0.4 
0.259912 -0.965632 0.276936 
0.406425 -0.545529 0 
0.233638 -0.625046 0.187192 
0.121702 -0.409124 0.348769 
0.238021 -0.100921 0.298769 
0.684615 0.137272 0 
0.44399 -0.116072 0.149385 
0.707107 -0.707107 0 
0.598755 -0.402406 0 
0.649959 -0.131223 0 
0.923878 -0.382683 0 
0.288688 -0.65824 0.532163 
-0.322257 0.541506 0.283879 
-1.19604e-16 -0.5 0.697539 
-0.427703 0.281749 0.348769 
-0.947202 -0.320639 0.995078 
-1 1.22465e-16 0.8 
-0.614821 0.288888 0.580565 
0.379817 0.591658 0 
0.382683 0.923878 0 
-0.551919 0.582655 0.429915 
-0.78158 0.623804 0.575952 
6.12323e-17 1 0 
-0.577375 0.816479 0.366788 
-0.259912 0.965632 0.276936 
-0.460435 -0.499158 0.72562 
-0.218451 -0.507895 0.892142 
-0.220672 -0.292709 0.642142 
-0.49932 0.000527694 0.693574 
-0.568564 -0.226292 0.871553 
-0.628949 -0.543363 0.96156 
-0.763229 -0.308877 1.15768 
-0.718464 0.159155 0.835346 
-0.833623 0.552334 0.808015 
-0.754639 -0.147704 1.52319 
-1 1.22465e-16 1.6 
-1 1.22465e-16 1.2 
-0.94594 0.324341 0.980287 
-0.623163 -0.192268 1.31123 
-0.483375 -0.473665 1.20102 
-0.583811 0.0367879 1.61496 
-0.609825 -0.0337067 1.81906 
-0.788136 0.0322258 1.82438 
-1 1.22465e-16 2 
-0.652542 0.128903 2 
-0.716946 0.289446 1.65615 
-0.962335 0.271868 1.73902 
-0.927889 0.372856 1.38851 
-0.784948 0.619562 1.08993 
-0.455365 -0.0735385 1.83691 
-0.471796 0.000514032 2 
-0.313851 0.746858 0.44674 
-0.252221 -0.0348141 0.597539 
-0.0044425 -0.0696282 0.497539 
-0.0334338 0.266249 0.423154 
-0.062425 0.602126 0.348769 
0.223904 0.684206 0.23601 
0.0707866 0.838526 0.2 
-0.322773 -0.598317 1.01997 
-0.162171 -0.72297 0.838913 
-0.324341 -0.94594 0.980287 
-1.83697e-16 -1 0.8 
-0.546384 -0.429815 1.50696 
-0.440386 -0.494904 1.795 
-0.481756 -0.625287 1.71644 
-0.372856 -0.927889 1.38851 
-0.283074 -0.548891 1.83036 
-1.51651e-16 -0.75 0.748769 
-0.314901 -0.713431 1.81676 
-0.308529 -0.738976 1.58519 
-0.271868 -0.962335 1.73902 
-0.382683 -0.923878 2 
-0.158159 -0.717824 2 
-0.416077 -0.177073 2 
-0.176777 -0.176777 2 
-0.152768 -0.450676 2 
-0.217186 -0.339068 1.85138 
-0.467177 -0.157499 1.60064 
-0.241688 -0.611832 1.32489 
-0.285172 -0.368306 1.64253 
-0.276821 -0.148838 1.77408 
0.453213 -0.272765 0.348769 
0.2729 0.44214 0.348769 
0.363056 0.0846875 0.348769 
0.601716 0.289673 0.239593 
0.5458 0.384279 0 
0.923878 0.382683 0 
0.707107 0.707107 0 
0.54469 0.509757 0.357779 
0.577375 -0.816479 0.366788 
0.305446 -0.95221 0.609602 
0.515294 -0.544622 0.357779 
0.257895 -0.468451 0.742142 
0.385484 -0.398944 0.49996 
0.255674 -0.253265 0.642142 
0.842307 0.0686362 0.2 
1 0 0 
0.726606 -0.136382 0.374385 
0.842259 -0.539074 0.299871 
0.965725 -0.259568 0.261218 
0.621198 -0.286642 0.580565 
0.436913 -0.628126 0.769895 
0.78158 -0.623804 0.575952 
-1.19604e-16 -0.5 0.997539 
-0.245844 -0.430916 1.16122 
-0.289108 0.519514 0.567757 
-8.75576e-17 -0.25 0.846308 
0.25 -0.25 0.997539 
-0.25 0.25 0.697539 
0.0599152 0.11246 0.591443 
-0.75 1.05726e-16 1.04877 
-0.51579 0.436902 0.786746 
-0.507895 0.218451 0.892142 
0.539074 0.842259 0.299871 
0.259568 0.965725 0.261218 
-0.452519 0.653657 0.682702 
-0.543363 0.628949 0.96156 
-0.61593 0.787801 0.797647 
6.12323e-17 1 0.4 
-0.305446 0.95221 0.609602 
-0.25 -0.25 0.997539 
-0.25 7.22495e-17 0.846308 
-0.5 8.89879e-17 0.997539 
-0.491688 -0.236832 1.09928 
-0.5 8.89879e-17 1.29754 
-0.664381 0.3558 1.16509 
-0.713945 0.186428 1.34303 
-0.588438 0.471303 1.45191 
-0.262555 -0.256614 1.34928 
-0.387102 0.0585304 1.46065 
-0.55147 0.218728 1.82272 
-0.468163 0.227536 1.57035 
-0.33971 0.0267413 1.68135 
-0.437831 0.111514 1.79855 
-0.25 0 2 
-0.417419 0.170494 2 
-0.923878 0.382683 2 
-0.356436 0.282116 1.88334 
-0.554353 0.368651 2 
-0.33396 0.332281 2 
-0.515536 0.483358 1.83119 
-0.476879 0.604127 1.24313 
-0.570935 0.820995 1.13637 
-0.482354 0.493407 1.62378 
-0.824256 0.566217 1.70667 
-0.69733 0.71675 1.4045 
-0.394787 0.652948 1.46077 
-0.250736 0.0886526 1.84141 
3.20465e-17 0.75 0.548769 
-0.14266 0.6743 0.772539 
0.153264 -0.0413281 0.759731 
0.212804 0.419275 0.606503 
2.86059e-18 0.5 0.697539 
0.306236 0.69136 0.47202 
-0.0268957 -0.718861 1.08434 
0.320639 -0.947202 0.995078 
-1.83697e-16 -1 1.6 
-1.83697e-16 -1 1.2 
0.0450875 -0.498033 1.25766 
-0.205536 -0.549911 1.65483 
-1.51651e-16 -0.75 1.44877 
-0.0472391 -0.602802 1.82438 
0.285462 -0.598599 0.999226 
0.0122453 -0.769334 1.7442 
0.27354 -0.961861 1.73944 
-1.83697e-16 -1 2 
0.0949672 -0.660316 2 
-0.161322 -0.098279 1.87438 
0.0214197 -0.356831 1.85236 
-0.0630632 -0.180831 1.84938 
-0.08347 -0.0791263 2 
0 -0.25 2 
0.132614 -0.416208 2 
-0.0426564 -0.282535 1.69877 
-0.17354 -0.20079 1.57315 
0.0411467 -0.409626 1.50382 
-0.110905 -0.0291877 1.74357 
0.5 2.77556e-17 0.697539 
0.306528 0.167344 0.673154 
0.425609 0.338551 0.515466 
0.657633 0.195067 0.479186 
0.965632 0.259912 0.276936 
0.816479 0.577375 0.366788 
0.626691 0.546583 0.576767 
0.623804 0.78158 0.575952 
0.35986 -0.933006 1.3976 
0.61593 -0.787801 0.797647 
0.570935 -0.820995 1.13637 
0.51579 -0.436902 0.786746 
0.507895 -0.218451 0.892142 
0.335756 -0.426276 1.12743 
0.543363 -0.628949 0.96156 
0.690301 0.016448 0.659049 
1 0 0.4 
0.94058 -0.339571 0.59527 
0.72297 -0.162171 0.838913 
0.833623 -0.552334 0.808015 
0.0520663 -0.197391 1.27254 
0.431478 -0.213584 1.20894 
0.28252 0.00212053 1.02403 
0.504603 0.0153565 0.979587 
-0.285319 0.598601 0.996308 
-0.25 0.25 0.997539 
-5.55112e-17 5.55112e-17 0.995078 
-2.63253e-17 0.25 0.846308 
-0.43172 0.213532 1.20894 
-0.363439 0.427063 1.12034 
0.339571 0.94058 0.59527 
-0.320639 0.947202 0.995078 
6.12323e-17 1 0.8 
-0.17993 0.716503 1.34757 
-0.197934 0.0526092 1.27254 
-0.382822 0.387258 1.34989 
-0.041735 -0.0395631 1.49754 
0.104133 0.105218 1.24754 
-0.176752 0.132499 1.58018 
-0.300534 0.291307 1.70868 
-0.0635429 0.160004 1.73771 
-0.0611272 0.0650798 2 
-0.176777 0.176777 2 
-0.224278 0.481036 1.49933 
-0.150109 0.297129 1.86701 
-0.707107 0.707107 2 
-0.519604 0.670186 1.83293 
-0.24429 0.547713 1.83582 
-0.369838 0.551561 2 
-0.171645 0.415848 2 
-0.284493 0.707823 1.6748 
-0.35986 0.933006 1.3976 
-0.559658 0.828724 1.70803 
-0.0258864 0.125363 1.86487 
0.162171 0.72297 0.838913 
3.20465e-17 0.75 1.04877 
0.251198 0.260682 0.980173 
0.381596 0.482831 0.82715 
0.18801 0.487575 0.902881 
0.0321404 0.468339 1.00091 
0.552334 0.833623 0.808015 
0.2669 -0.707654 1.41137 
0.336702 -0.368623 1.41144 
0.161167 -0.535321 1.67551 
0.2341 -0.448595 1.84211 
0.512371 -0.56539 1.25471 
0.321996 -0.692296 1.80084 
0.559658 -0.828724 1.70803 
0.382683 -0.923878 2 
0.356028 -0.560917 2 
0.150743 -0.287578 1.8215 
0.0103313 -0.0494539 1.87438 
0.0454974 -0.164604 1.81932 
0.32623 -0.333957 2 
0.0567093 -0.0670512 2 
0.176777 -0.176777 2 
0.0806843 0.0807299 2 
0.118549 -0.160895 1.58624 
0.281731 -0.322063 1.66841 
0.110596 0.0904685 1.55028 
0.104133 -0.0197816 1.74877 
0.392771 -0.333185 1.8353 
0.449103 -0.24705 1.54094 
0.610544 0.259757 0.864346 
0.95221 0.305446 0.609602 
0.578039 0.507852 0.992101 
0.787801 0.61593 0.797647 
0.658351 -0.464311 1.40571 
0.69733 -0.71675 1.4045 
0.784948 -0.619562 1.08993 
0.663415 -0.356009 1.16509 
0.75 1.38778e-17 1.04877 
0.619372 -0.211872 1.40693 
1 0 0.8 
0.94594 -0.324341 0.980287 
0.292353 -0.0142727 1.3789 
0.345738 0.284892 1.19665 
0.5 2.77556e-17 1.29754 
0.526996 0.143495 1.19778 
-0.040783 0.404366 1.21401 
0.324341 0.94594 0.980287 
6.12323e-17 1 1.2 
0.398152 0.713864 0.974156 
3.20465e-17 0.75 1.44877 
0.0141848 0.283683 1.457 
0.237317 0.235497 1.59366 
-0.0404766 0.298977 1.66743 
0.103796 0.191618 1.73825 
-0.121434 0.408186 1.73874 
0.0356895 0.293519 1.84933 
0 0.25 2 
-0.00879673 0.531158 1.63224 
-0.0236307 0.510359 1.84609 
-0.00493869 0.469628 2 
-0.0328671 0.787407 1.82438 
6.12323e-17 1 1.6 
-0.382683 0.923878 2 
-0.131469 0.649629 2 
-0.27354 0.961861 1.73944 
0.140455 0.0784975 1.87438 
0.241196 0.62552 1.13716 
0.324938 0.452722 1.20064 
0.619562 0.784948 1.08993 
0.49356 -0.511549 1.68859 
0.824256 -0.566217 1.70667 
0.707107 -0.707107 2 
0.552091 -0.374843 2 
0.263431 -0.126337 1.84976 
0.409589 -0.180015 2 
0.25 0 2 
0.176777 0.176777 2 
0.395361 -0.0810721 1.64515 
0.34162 0.0849056 1.74936 
0.528971 -0.211543 1.79494 
0.688526 -0.271685 1.61571 
0.57533 -0.0677359 1.64877 
0.606275 0.423607 1.23964 
0.763229 0.308877 1.15768 
0.947202 0.320639 0.995078 
0.820995 0.570935 1.13637 
0.75 1.38778e-17 1.44877 
0.927889 -0.372856 1.38851 
1 0 1.2 
0.481898 0.226301 1.48049 
0.256804 0.496238 1.49682 
0.201318 0.320248 1.79995 
0.377196 0.370736 1.65107 
0.372856 0.927889 1.38851 
0.265144 0.733043 1.61946 
0.14224 0.415955 1.75626 
0.165085 0.406526 2 
0.258692 0.619434 1.77322 
0.126682 0.648424 2 
0.271868 0.962335 1.73902 
6.12323e-17 1 2 
0.303295 0.243644 1.89997 
0.316928 0.317675 2 
0.491658 0.565638 1.45574 
0.71675 0.69733 1.4045 
0.733625 -0.313673 1.84658 
0.962335 -0.271868 1.73902 
0.923878 -0.382683 2 
0.519459 -0.0372431 1.82438 
0.650659 -0.135472 2 
0.463589 -0.00675043 2 
0.405271 0.167041 2 
0.563303 0.186764 1.7588 
0.738491 -0.0174336 1.76745 
0.70881 0.289183 1.55521 
0.933006 0.35986 1.3976 
1 0 1.6 
0.516839 0.507502 1.70225 
0.416884 0.412589 1.85112 
0.566217 0.824256 1.70667 
0.365832 0.548329 2 
0.382683 0.923878 2 
0.549282 0.364797 2 
0.828724 0.559658 1.70803 
1 0 2 
0.649795 0.125434 2 
0.744229 0.264752 1.82385 
0.961861 0.27354 1.73944 
0.707107 0.707107 2 
0.923878 0.382683 2 
