  0.06179028301
  0.10531221805
  0.13418677120
  0.16043080405
  0.16360439783
  0.15088600033
  0.14415678592
  0.13784253397
  0.13465999747
  0.13126695306
  0.09955513670
  0.07703861454
  0.06162131595
  0.04659811411
  0.03811146285
  0.03332800776
  0.03226538392
  0.02842406765
  0.02549727058
  0.02431301819
  0.02262107875
  0.02140820245
  0.02195468168
  0.02199303490
  0.02126327691
  0.02027183670
  0.01992830638
  0.01858361562
  0.01842058045
  0.01825919530
  0.01817091728
  0.01756100854
  0.01710324844
  0.01686172532
  0.01620288676
  0.01553417703
  0.01550658323
  0.01673603726
  0.01583777469
  0.01572111840
  0.01453345460
  0.01531951887
  0.01605132965
  0.01623841058
  0.01569573478
  0.01472590554
  0.01243022063
  0.01190040412
  0.01294129815
  0.01344278751
