  0.18869406434
  0.21419821527
  0.23834543191
  0.03379669971
  0.03012089543
  0.02777517592
  0.02327501310
  0.02088528579
  0.02045100845
  0.02025181455
  0.01993996742
  0.01851760062
  0.01777875648
  0.01716340686
  0.01605039078
  0.01565142062
  0.01490047687
  0.01434283966
  0.01364409995
  0.01301381400
  0.01247291069
  0.01157731404
  0.01108197800
  0.01036134260
  0.00976564489
  0.00924869820
  0.00843816929
  0.00805193475
  0.00720561170
  0.00674133043
  0.00609329252
  0.00556503265
  0.00500631260
  0.00448965315
  0.00400342355
  0.00353877827
  0.00311153261
  0.00280957663
  0.00232265576
  0.00201494067
  0.00174576542
  0.00151749544
  0.00144335074
  0.00116919970
  0.00109008283
  0.00100749160
  0.00106446912
  0.00086028191
  0.00081868333
  0.00076155483
  0.00083120485
  0.00071192034
  0.00063693335
  0.00058606979
  0.00054773329
  0.00050690352
  0.00050518465
  0.00050044709
  0.00044390767
  0.00043105240
  0.00041554942
  0.00036894944
  0.00035041334
  0.00035931860
  0.00031940308
  0.00032083965
  0.00030215988
  0.00027601538
  0.00051635528
  0.00027367408
  0.00048444729
  0.00042777339
  0.00039704335
  0.00028749078
  0.00026722194
  0.00025584883
  0.00022659187
  0.00022128991
  0.00019097746
  0.00019270410
  0.00017817190
  0.00019766947
  0.00015581204
  0.00013820777
  0.00014663027
  0.00012299137
  0.00013000974
  0.00012972918
  0.00011514093
  0.00011743933
  0.00012222736
  0.00010832190
  0.00011093950
  0.00009699251
  0.00008814299
  0.00008095726
  0.00008038866
  0.00046679937
  0.00010901157
  0.00010648329
  0.00008777046
  0.00011388454
  0.00044253042
  0.00017196637
  0.00010031409
  0.00008841377
  0.00010169376
  0.00048117252
  0.00010038804
  0.00009034868
  0.00009597145
  0.00039903356
  0.00012585612
  0.00014228053
  0.00009464100
  0.00012802504
  0.00041695136
  0.00013490195
  0.00010215291
  0.00010289341
  0.00011857539
  0.00011103962
  0.00008213150
  0.00008379587
  0.00042810223
  0.00011278279
  0.00008837749
  0.00008141730
  0.00009871195
  0.00008414767
  0.00005687399
  0.00007399492
  0.00004743765
  0.00008237786
  0.00005876182
  0.00044044959
  0.00009761189
  0.00007604040
  0.00042261444
  0.00012263398
  0.00009712169
  0.00038471719
  0.00013911489
  0.00012320671
  0.00012152851
  0.00010491584
  0.00008811192
  0.00040408002
  0.00010980022
  0.00010831723
  0.00009184127
  0.00008718191
  0.00007656668
  0.00009664395
  0.00007172249
  0.00043192042
  0.00037155186
  0.00013934203
  0.00013539900
  0.00011148760
  0.00010577919
  0.00009452780
  0.00038783928
  0.00012969680
  0.00010990598
  0.00009850781
  0.00012096521
  0.00010594453
  0.00007923270
  0.00007357902
  0.00007165981
  0.00004872851
  0.00010860687
  0.00004568563
  0.00005473671
  0.00006491813
  0.00003375522
  0.00003986077
  0.00004952940
  0.00005129615
  0.00003188779
  0.00004843357
  0.00010542402
  0.00005859447
  0.00009950788
  0.00007470422
  0.00005226438
  0.00004275013
  0.00003818040
  0.00002428871
  0.00007330726
  0.00005577841
  0.00046153996
  0.00041109288
  0.00011659920
  0.00011702858
  0.00011844234
  0.00006638298
  0.00040126387
  0.00013328602
  0.00008175297
  0.00008035462
  0.00009382139
  0.00006715521
  0.00042120238
  0.00010371877
  0.00008037592
  0.00013552956
  0.00037999288
  0.00014184540
  0.00011931646
  0.00009025708
  0.00008408071
  0.00007389769
  0.00008793211
  0.00005953488
  0.00005458511
  0.00008116699
  0.00004469408
  0.00006049772
  0.00002778471
  0.00006504938
  0.00045249470
  0.00011945384
  0.00040348635
  0.00034882788
  0.00017565274
  0.00032715508
  0.00019474466
  0.00015261822
  0.00014575285
  0.00012138574
  0.00009618410
  0.00010121360
  0.00010681346
  0.00006835703
  0.00007399661
  0.00006248266
  0.00005523783
  0.00004427799
  0.00006544993
  0.00005378307
  0.00006690389
  0.00004037747
  0.00004237307
  0.00007960912
  0.00004916026
  0.00003777560
  0.00001920391
  0.00003770486
  0.00006402281
  0.00003226532
  0.00003859464
  0.00005274074
  0.00004189336
  0.00006284910
  0.00003275978
  0.00046513716
  0.00009372330
  0.00006305008
  0.00008378281
  0.00004120671
  0.00044156731
  0.00036641957
  0.00013714546
  0.00011304023
  0.00037965084
  0.00017290564
  0.00013454053
  0.00035645221
  0.00032660992
  0.00021034429
  0.00015910305
  0.00032180765
  0.00017516871
  0.00018213387
  0.00032445517
  0.00019116203
  0.00016844326
  0.00014666863
  0.00012420045
  0.00010941948
  0.00010178135
  0.00011784513
  0.00008441497
  0.00006486339
  0.00007262138
  0.00004991854
  0.00004442272
  0.00005532705
  0.00006252132
  0.00009643159
  0.00010270624
  0.00003300312
  0.00006063778
  0.00004496607
  0.00004421032
  0.00005730535
  0.00045497896
  0.00010622497
