  0.00840632671
  0.00785734998
  0.00732525485
  0.00670363299
  0.00680618185
  0.00697072684
  0.00710807475
  0.00732173855
  0.00729291445
  0.00736924323
  0.00755131918
  0.00750264772
  0.00755110943
  0.00771431669
  0.00763497884
  0.00766468139
  0.00769462031
  0.00771457256
  0.00773556688
  0.00775686070
  0.00789199694
  0.00778038113
  0.00779201619
  0.00781065461
  0.00781550217
  0.00795284428
  0.00783203846
  0.00796838102
  0.00785053629
  0.00785332991
  0.00786073624
  0.00786504870
  0.00786932528
  0.00786617479
  0.00786807571
  0.00787769224
  0.00787760500
  0.00800415602
  0.00788225059
  0.00787828693
  0.00787705347
  0.00788848975
  0.00801027339
  0.00788405008
  0.00788042806
  0.00788176117
  0.00800899158
  0.00788091965
  0.00788412168
  0.00788188997
  0.00801242073
  0.00787580733
  0.00788263783
  0.00788368459
  0.00788005487
  0.00787972268
  0.00787620269
  0.00787672300
  0.00788093906
  0.00787935872
  0.00787611095
  0.00787683007
  0.00787756979
  0.00788140515
  0.00787500504
  0.00787306914
  0.00787461393
  0.00787480435
  0.00800931323
  0.00787819283
  0.00800740380
  0.00800519550
  0.00800441715
  0.00787130386
  0.00787662090
  0.00787303837
  0.00788002410
  0.00787734427
  0.00787702367
  0.00787420647
  0.00787774320
  0.00787637083
  0.00787236699
  0.00787293524
  0.00787599533
  0.00787103707
  0.00787312206
  0.00787861318
  0.00787580707
  0.00787722230
  0.00787743582
  0.00787551385
  0.00787317960
  0.00787226326
  0.00787346297
  0.00787292307
  0.00787793562
  0.00799919099
  0.00786850370
  0.00787528960
  0.00787168901
  0.00787902639
  0.00800124338
  0.00787217519
  0.00787715482
  0.00787543071
  0.00787972068
  0.00799913795
  0.00787400317
  0.00787466339
  0.00787601578
  0.00800320446
  0.00787489126
  0.00787516434
  0.00787537518
  0.00787460713
  0.00800183089
  0.00787492540
  0.00787717612
  0.00787289200
  0.00786659002
  0.00786926439
  0.00787380618
  0.00787587085
  0.00800190101
  0.00786955202
  0.00787632011
  0.00787931042
  0.00787167994
  0.00787537499
  0.00787250462
  0.00786885694
  0.00786967694
  0.00787987020
  0.00787269341
  0.00800131351
  0.00787258762
  0.00787128133
  0.00800400918
  0.00787578884
  0.00787281704
  0.00799948518
  0.00787631742
  0.00787652087
  0.00787516015
  0.00787376592
  0.00787683718
  0.00800163049
  0.00787270544
  0.00787699330
  0.00787026268
  0.00787613420
  0.00787639529
  0.00787535483
  0.00787407824
  0.00800193253
  0.00799995888
  0.00787080198
  0.00786896294
  0.00786816373
  0.00787332134
  0.00787546997
  0.00799736185
  0.00787531871
  0.00787523160
  0.00786948534
  0.00786906063
  0.00787253085
  0.00787289605
  0.00787537010
  0.00787499803
  0.00787484075
  0.00786988185
  0.00787105513
  0.00787288913
  0.00787492936
  0.00787539153
  0.00787939411
  0.00787304872
  0.00786826308
  0.00787132607
  0.00787516147
  0.00787754309
  0.00787363027
  0.00787164400
  0.00787300426
  0.00787547524
  0.00787185368
  0.00787371778
  0.00787276966
  0.00787866375
  0.00786991144
  0.00800184212
  0.00799977719
  0.00787255140
  0.00786989090
  0.00786781119
  0.00786885959
  0.00800395239
  0.00787368590
  0.00787065172
  0.00786872350
  0.00787129505
  0.00787335012
  0.00800423677
  0.00786989779
  0.00787424015
  0.00787009443
  0.00799740435
  0.00787333434
  0.00786975174
  0.00787500041
  0.00787397412
  0.00787403951
  0.00787477307
  0.00787346790
  0.00787101655
  0.00787570061
  0.00787290682
  0.00787786934
  0.00787282801
  0.00787753231
  0.00800015989
  0.00786740803
  0.00800303149
  0.00799976287
  0.00787776659
  0.00800214684
  0.00787309557
  0.00787131453
  0.00787611214
  0.00787420190
  0.00786753091
  0.00787434471
  0.00787409342
  0.00787448727
  0.00787564339
  0.00787027802
  0.00787048921
  0.00787272524
  0.00787256133
  0.00787502962
  0.00787113246
  0.00787186997
  0.00787538098
  0.00786920024
  0.00787387707
  0.00787226048
  0.00787414834
  0.00787069729
  0.00787304248
  0.00787390603
  0.00787251742
  0.00787560519
  0.00787419530
  0.00787210856
  0.00787318711
  0.00800546715
  0.00787973052
  0.00786990714
  0.00787433179
  0.00787923139
  0.00800022011
  0.00800704012
  0.00787027491
  0.00787346329
  0.00800212469
  0.00787573636
  0.00786940172
  0.00800008079
  0.00800148734
  0.00787534152
  0.00786892615
  0.00800098759
  0.00787124110
  0.00787619339
  0.00800226165
  0.00787124778
  0.00787576153
  0.00787518595
  0.00786919015
  0.00787395420
  0.00787510809
  0.00787038234
  0.00787298187
  0.00786986575
  0.00787115238
  0.00788214270
  0.00787672509
  0.00787777526
  0.00787304491
  0.00787465073
  0.00787510468
  0.00787315272
  0.00786756795
  0.00787469892
  0.00787543822
  0.00787329793
  0.00800244507
  0.00787587520
