201	6
0.378113	0.37762	0.000133295	0.00152219	0.0690332	0.307425	
0.999976	0.998683	0.000328944	0.00402574	0.182573	0.813049	
0.992358	0.990949	0.000355277	0.00408939	0.181472	0.806441	
0.982555	0.981081	0.00036355	0.00406417	0.178713	0.799415	
0.984973	0.983435	0.000376887	0.00411246	0.179679	0.800805	
0.984201	0.982602	0.00038612	0.00414235	0.179347	0.800325	
0.977564	0.975916	0.000390947	0.00415104	0.178526	0.794496	
0.988601	0.986867	0.000406853	0.004219	0.178583	0.805392	
0.975207	0.973444	0.00040455	0.00419785	0.177326	0.793278	
0.98603	0.984187	0.000419104	0.00425546	0.177819	0.803536	
0.972567	0.970694	0.000415852	0.00423614	0.176601	0.791314	
0.988894	0.986928	0.000432996	0.00431685	0.177487	0.806657	
0.99321	0.991075	0.000467589	0.00417243	0.168521	0.820049	
0.985137	0.983097	0.000434984	0.00434972	0.178987	0.801366	
0.987376	0.985243	0.000447869	0.00437598	0.176882	0.80567	
0.976268	0.974091	0.000443519	0.00437327	0.175501	0.79595	
0.968882	0.966676	0.000439637	0.00436024	0.175078	0.789005	
0.98438	0.982083	0.00045346	0.00443041	0.176173	0.803323	
0.978789	0.976451	0.000450728	0.00443332	0.175912	0.797993	
0.984355	0.981923	0.000458596	0.00448627	0.175843	0.803568	
0.985642	0.983143	0.000461042	0.0045046	0.175901	0.804774	
1.00681	1.00411	0.000495124	0.00437853	0.168081	0.833858	
0.977707	0.975075	0.000458446	0.0045296	0.175367	0.797352	
0.977762	0.975022	0.000462034	0.00457033	0.174943	0.797787	
0.9816	0.978825	0.00045697	0.00460485	0.17755	0.798989	
1.06809	1.06472	0.000558832	0.00469186	0.166542	0.896302	
0.980365	0.977379	0.000458565	0.00466323	0.177429	0.797814	
0.971774	0.968674	0.000453992	0.00468158	0.176371	0.790267	
0.96369	0.960434	0.00045629	0.0046818	0.173546	0.785006	
0.982994	0.979476	0.000483928	0.00457457	0.166359	0.811576	
0.973612	0.970103	0.000455427	0.00479863	0.176159	0.792199	
0.966362	0.962712	0.00045038	0.00482647	0.175687	0.785398	
0.972289	0.968402	0.000461492	0.00487703	0.173629	0.793321	
0.98171	0.977585	0.000483209	0.00472	0.165641	0.810866	
0.96774	0.963646	0.000450259	0.0049467	0.17562	0.786723	
0.956556	0.952318	0.000448857	0.00491945	0.172242	0.778946	
0.971125	0.966846	0.00045341	0.00500655	0.175887	0.789778	
0.965254	0.9609	0.000449717	0.00501637	0.175012	0.784777	
0.998763	0.994111	0.000489508	0.00489413	0.166089	0.82729	
0.980624	0.976154	0.000461498	0.00509266	0.176452	0.798617	
0.964267	0.959774	0.000451603	0.00506963	0.175384	0.783362	
0.969444	0.964734	0.000476908	0.00486168	0.164344	0.799761	
0.965526	0.960929	0.000452931	0.00510478	0.174833	0.785136	
0.959071	0.954395	0.000455362	0.0050774	0.172054	0.781484	
0.958724	0.95407	0.000449777	0.00511666	0.174346	0.778811	
0.968092	0.963398	0.000456269	0.00515169	0.174902	0.787581	
0.968627	0.963798	0.000465908	0.00517507	0.172477	0.790509	
0.965953	0.96105	0.000473498	0.0049206	0.1639	0.796659	
0.981108	0.976165	0.000488158	0.00497418	0.164963	0.810683	
0.971749	0.966933	0.000461646	0.00521379	0.175037	0.791037	
0.9691	0.964266	0.000460377	0.00521101	0.174776	0.788653	
0.960986	0.956074	0.000461846	0.00519906	0.17207	0.783255	
0.960833	0.955901	0.000462105	0.00520617	0.172065	0.783099	
0.977153	0.972245	0.000468146	0.00527462	0.175468	0.795942	
0.931944	0.927026	0.000440625	0.00518804	0.171855	0.754461	
0.961901	0.956886	0.000464831	0.00525428	0.17182	0.784362	
0.968262	0.963303	0.000464271	0.00528662	0.174988	0.787523	
0.983512	0.978363	0.000494324	0.00507639	0.164832	0.813109	
0.959904	0.954886	0.000460132	0.00529801	0.174029	0.780117	
0.961031	0.955985	0.000461176	0.00531612	0.173847	0.781407	
1.0035	0.998205	0.000508505	0.00516668	0.165415	0.832408	
0.978621	0.973383	0.000493389	0.00510957	0.16428	0.808738	
0.961616	0.956441	0.000469415	0.00533517	0.171658	0.784153	
0.96509	0.959952	0.000466178	0.00537045	0.173872	0.785382	
0.975369	0.970066	0.000493554	0.00513821	0.163826	0.805912	
0.974314	0.968971	0.000493349	0.00515794	0.163667	0.804996	
0.964273	0.959065	0.000467217	0.00540737	0.173771	0.784627	
0.959035	0.953702	0.000472598	0.00541152	0.170917	0.782234	
0.952818	0.94758	0.000461946	0.00539644	0.172678	0.774282	
0.9897	0.984246	0.000503803	0.00523056	0.164376	0.81959	
0.958857	0.953564	0.000465285	0.00542982	0.172835	0.780127	
0.951432	0.946125	0.000462838	0.00544624	0.172799	0.772723	
0.96799	0.962664	0.000473924	0.00549285	0.174023	0.788001	
0.967603	0.96225	0.000474157	0.00550656	0.173804	0.787818	
0.958398	0.952911	0.000477051	0.00550023	0.17051	0.781911	
0.958248	0.952866	0.000469343	0.00550541	0.173259	0.779014	
0.971377	0.965816	0.000497357	0.00527829	0.163165	0.802436	
0.969909	0.96432	0.000497421	0.00528749	0.16294	0.801184	
0.993863	0.988193	0.000511857	0.00535198	0.164122	0.823878	
0.96034	0.954791	0.000478895	0.00555429	0.170979	0.783327	
0.95572	0.950193	0.000470827	0.00558091	0.172494	0.777174	
0.917709	0.912301	0.000456905	0.00537685	0.169278	0.742598	
0.970248	0.964686	0.000481804	0.00563771	0.173696	0.790432	
0.993909	0.98814	0.000516526	0.00541916	0.164057	0.823916	
0.963607	0.957846	0.000494483	0.00537518	0.162389	0.795349	
0.955198	0.949444	0.000481545	0.00564994	0.170071	0.778996	
0.948778	0.94306	0.000476037	0.00562552	0.169692	0.772985	
0.994042	0.988159	0.000518849	0.00547051	0.163648	0.824404	
0.994479	0.988544	0.000520328	0.00549714	0.163512	0.824949	
0.966287	0.960532	0.000484521	0.00574046	0.173125	0.786937	
0.957024	0.951249	0.000478347	0.00573014	0.172226	0.778589	
0.951695	0.945846	0.000482002	0.00571276	0.169755	0.775745	
0.961198	0.955263	0.00049057	0.00577737	0.170226	0.784704	
0.951296	0.945397	0.000483097	0.00573939	0.169707	0.775367	
0.953828	0.947845	0.000487226	0.00578095	0.169412	0.778148	
0.957033	0.951147	0.000482527	0.0057968	0.172424	0.778329	
0.994561	0.988478	0.000524171	0.00559926	0.163735	0.824703	
0.952485	0.946475	0.000486433	0.00580688	0.169586	0.776606	
0.94929	0.94327	0.000483774	0.00579518	0.169259	0.773752	
0.949907	0.943856	0.000484798	0.0058247	0.169306	0.774291	
1.00003	0.99381	0.00052766	0.00568078	0.163825	0.829995	
0.967556	0.961404	0.000509345	0.00559801	0.162063	0.799386	
0.951924	0.945797	0.000488244	0.0058626	0.169255	0.776318	
0.952796	0.94671	0.000484098	0.00590241	0.171667	0.774742	
0.986308	0.980015	0.000519952	0.00568655	0.162924	0.817178	
0.952201	0.94601	0.000491074	0.00590386	0.169432	0.776374	
0.955719	0.949446	0.000495778	0.00594693	0.1693	0.779976	
0.952917	0.946682	0.000492573	0.00593128	0.169318	0.777175	
0.955087	0.948835	0.00049422	0.00594387	0.169499	0.77915	
0.9918	0.985442	0.000528679	0.00573484	0.163084	0.822453	
0.956628	0.950377	0.000490228	0.0059924	0.1716	0.778545	
0.9567	0.950383	0.000497135	0.00598541	0.16966	0.780558	
0.948207	0.941866	0.000492042	0.00597704	0.168847	0.772891	
0.947431	0.940987	0.000494354	0.00601783	0.168218	0.7727	
0.998148	0.991657	0.000533555	0.00581836	0.163523	0.828273	
0.96006	0.953574	0.000503594	0.00607072	0.169342	0.784144	
0.953022	0.946578	0.000497048	0.00603974	0.169083	0.777402	
0.953704	0.947176	0.000500315	0.00607817	0.168751	0.778374	
0.994461	0.987922	0.000534654	0.00583215	0.163207	0.824887	
0.990778	0.984188	0.000532245	0.0058489	0.162779	0.821617	
0.955586	0.948981	0.000502912	0.00611814	0.168825	0.780141	
0.944219	0.93767	0.000493555	0.00608455	0.168507	0.769133	
0.997467	0.990798	0.000537023	0.00590297	0.16322	0.827806	
0.953466	0.946867	0.000500616	0.0061261	0.169142	0.777698	
0.959847	0.953159	0.000507713	0.00617736	0.169214	0.783948	
0.940939	0.934299	0.00049279	0.00610476	0.167766	0.766576	
0.951269	0.94464	0.000494866	0.00617094	0.170422	0.774182	
0.948358	0.941651	0.000499116	0.00616812	0.168319	0.773372	
0.98472	0.977964	0.000532702	0.00592296	0.162205	0.816059	
0.9873	0.980493	0.000534721	0.00594658	0.162164	0.818655	
0.963199	0.956345	0.000513374	0.00627016	0.169245	0.78717	
0.951139	0.944258	0.000505275	0.0062524	0.168159	0.776222	
0.940296	0.93347	0.000496016	0.00619767	0.1675	0.766103	
0.927094	0.920266	0.000487419	0.00616104	0.166539	0.753906	
0.955471	0.948592	0.000507672	0.00626969	0.168915	0.779779	
0.948423	0.941513	0.000503341	0.00626734	0.168255	0.773398	
0.942643	0.935725	0.000498218	0.00624019	0.167564	0.76834	
0.952565	0.945532	0.000509051	0.00632973	0.168121	0.777605	
0.947533	0.940555	0.000503791	0.00629735	0.168203	0.772529	
0.99299	0.985949	0.000540075	0.00607093	0.162479	0.8239	
0.951658	0.944656	0.000502295	0.00636755	0.170486	0.774303	
0.95096	0.943798	0.00051016	0.00639106	0.167865	0.776194	
0.962901	0.95572	0.000518546	0.00643101	0.168962	0.78699	
1.00173	0.994571	0.000548899	0.00616136	0.163245	0.831778	
0.955039	0.94778	0.000514636	0.00645021	0.168055	0.78002	
0.982835	0.975607	0.000537655	0.00614025	0.161517	0.81464	
0.997454	0.990185	0.000546961	0.00618588	0.162502	0.828219	
0.997269	0.989966	0.000547928	0.00621052	0.162641	0.827869	
0.968284	0.961013	0.000528703	0.00615425	0.161065	0.800536	
0.949098	0.94176	0.000510599	0.00647143	0.167845	0.774271	
1.02926	1.02172	0.000573882	0.00636326	0.16369	0.858631	
1.00974	1.00226	0.000557763	0.00632291	0.163126	0.839737	
0.95057	0.943154	0.000516779	0.0061789	0.159581	0.784293	
0.956815	0.949389	0.000524135	0.00619898	0.159967	0.790125	
0.984327	0.976808	0.000542941	0.00627712	0.161365	0.816141	
0.953107	0.945554	0.000517135	0.00658631	0.168156	0.777848	
1.01005	1.00237	0.000560167	0.00641702	0.162852	0.84022	
0.962456	0.954918	0.000528358	0.00626071	0.160406	0.795261	
0.958176	0.950427	0.000524065	0.00668213	0.168029	0.782941	
0.994764	0.987033	0.000548846	0.00639094	0.161929	0.825895	
0.953865	0.946144	0.000514507	0.00671673	0.17005	0.776583	
0.95394	0.946062	0.000523111	0.00673617	0.167567	0.779114	
0.958212	0.950302	0.00052624	0.00675649	0.167929	0.783001	
0.94774	0.939767	0.000520217	0.00676927	0.167145	0.773305	
0.980144	0.972251	0.00054495	0.00644301	0.160864	0.812292	
1.0125	1.00449	0.000563035	0.00657914	0.163449	0.841906	
0.985874	0.977856	0.000544801	0.0064967	0.161219	0.817613	
1.00237	0.994268	0.00055821	0.0065823	0.162266	0.832963	
1.01457	1.00642	0.000567784	0.00663361	0.163344	0.844026	
1.00704	0.998824	0.000564275	0.00664501	0.162465	0.837368	
0.950605	0.942405	0.00052229	0.00686518	0.167832	0.775386	
0.990624	0.982418	0.000553516	0.0065941	0.161653	0.821823	
0.956493	0.948133	0.000528442	0.00695167	0.16793	0.781083	
0.962477	0.954095	0.000527272	0.00701718	0.170319	0.784613	
0.94875	0.940261	0.000524443	0.00698468	0.167091	0.774151	
0.955137	0.946503	0.000531754	0.00705596	0.167206	0.780343	
0.944342	0.935771	0.000517198	0.00705896	0.169025	0.767742	
0.960116	0.951335	0.000536336	0.00712685	0.167597	0.784857	
0.960409	0.951598	0.000533813	0.00714693	0.167827	0.784901	
0.945217	0.936369	0.000524156	0.00711468	0.166764	0.770814	
0.950111	0.94119	0.000523216	0.00721468	0.16926	0.773113	
0.995686	0.986767	0.000561417	0.00688991	0.161651	0.826583	
0.950437	0.941215	0.000532138	0.00726827	0.166536	0.776101	
0.983698	0.974604	0.000555534	0.00693233	0.160762	0.815447	
1.00012	0.99091	0.000565067	0.00700289	0.161891	0.830656	
0.996154	0.986819	0.000563767	0.00703908	0.161378	0.827174	
0.996784	0.987407	0.000563155	0.00705356	0.161831	0.827336	
0.992599	0.983088	0.000559725	0.00708584	0.161184	0.823769	
0.982192	0.972518	0.000554872	0.00713072	0.160216	0.81429	
0.980656	0.970904	0.000555369	0.00713675	0.16011	0.812854	
0.999555	0.98968	0.000565517	0.00721714	0.161749	0.830023	
0.989489	0.979453	0.000560113	0.0072513	0.16082	0.820858	
0.954062	0.943657	0.000537202	0.00766934	0.167052	0.778803	
1.0084	0.998012	0.000573542	0.00740326	0.162198	0.838227	
0.986831	0.976316	0.000559709	0.00738516	0.16056	0.818326	
0.95148	0.940506	0.000537388	0.00783779	0.166692	0.776413	
0.992196	0.981319	0.000562257	0.00750971	0.161006	0.823118	
0.988259	0.977162	0.000563186	0.00758416	0.160486	0.819625	
0.999643	0.98844	0.000570089	0.00761954	0.161445	0.830008	
0.965183	0.953953	0.000546697	0.00756304	0.15964	0.797434	
0.984703	0.973222	0.000563026	0.00767325	0.160331	0.816136	
