744 27
0 8
0 1950 
1950 1 
1 1951 
1951 3 
3 1952 
1952 2 
2 1953 
1953 4 

1 32
6 1954 
1954 0 
11 1955 
1955 6 
16 1956 
1956 11 
21 1957 
1957 16 
27 1958 
1958 21 
33 1959 
1959 27 
40 1960 
1960 33 
48 1961 
1961 40 
49 1962 
1962 48 
50 1963 
1963 49 
51 1964 
1964 50 
60 1965 
1965 51 
61 1966 
1966 60 
78 1967 
1967 61 
80 1968 
1968 78 
102 1969 
1969 80 

2 32
4 1970 
1970 10 
10 1971 
1971 15 
15 1972 
1972 20 
20 1973 
1973 26 
26 1974 
1974 32 
32 1975 
1975 36 
36 1976 
1976 42 
42 1977 
1977 53 
53 1978 
1978 59 
59 1979 
1979 62 
64 1980 
1980 63 
62 1981 
1981 65 
65 1982 
1982 64 
63 1983 
1983 81 
81 1984 
1984 82 
82 1985 
1985 83 

3 8
259 1986 
1986 260 
260 1987 
1987 261 
273 1988 
1988 259 
289 1989 
1989 273 

4 4
304 1990 
1990 289 
319 1991 
1991 304 

5 4
261 1992 
1992 278 
278 1993 
1993 294 

6 10
294 1994 
1994 293 
293 1995 
1995 305 
305 1996 
1996 307 
307 1997 
1997 306 
306 1998 
1998 319 

7 14
333 1999 
1999 319 
334 2000 
2000 335 
335 2001 
2001 333 
350 2002 
2002 334 
368 2003 
2003 350 
369 2004 
2004 368 
389 2005 
2005 369 

8 100
294 2006 
2006 310 
310 2007 
2007 325 
325 2008 
2008 342 
342 2009 
2009 360 
360 2010 
2010 379 
379 2011 
2011 400 
400 2012 
2012 421 
421 2013 
2013 442 
442 2014 
2014 464 
464 2015 
2015 497 
497 2016 
2016 538 
538 2017 
2017 580 
580 2018 
2018 621 
621 2019 
2019 660 
660 2020 
2020 697 
697 2021 
2021 731 
731 2022 
2022 760 
760 2023 
2023 788 
788 2024 
2024 815 
815 2025 
2025 840 
840 2026 
2026 864 
864 2027 
2027 890 
890 2028 
2028 916 
916 2029 
2029 944 
944 2030 
2030 971 
971 2031 
2031 1000 
1000 2032 
2032 1027 
1027 2033 
2033 1053 
1053 2034 
2034 1080 
1080 2035 
2035 1106 
1106 2036 
2036 1133 
1133 2037 
2037 1159 
1159 2038 
2038 1186 
1186 2039 
2039 1212 
1212 2040 
2040 1238 
1238 2041 
2041 1264 
1264 2042 
2042 1291 
1291 2043 
2043 1317 
1317 2044 
2044 1337 
1337 2045 
2045 1364 
1364 2046 
2046 1391 
1391 2047 
2047 1398 
1398 2048 
2048 1425 
1425 2049 
2049 1452 
1452 2050 
2050 1455 
1455 2051 
2051 1482 
1482 2052 
2052 1484 
1484 2053 
2053 1514 
1514 2054 
2054 1515 
1515 2055 
2055 1545 

9 34
410 2056 
2056 389 
431 2057 
2057 410 
453 2058 
2058 431 
486 2059 
2059 453 
527 2060 
2060 486 
569 2061 
2061 527 
610 2062 
2062 569 
649 2063 
2063 610 
686 2064 
2064 649 
720 2065 
2065 686 
749 2066 
2066 720 
777 2067 
2067 749 
804 2068 
2068 777 
829 2069 
2069 804 
853 2070 
2070 829 
877 2071 
2071 853 
901 2072 
2072 877 

10 20
302 2073 
2073 287 
318 2074 
2074 302 
332 2075 
2075 318 
349 2076 
2076 332 
366 2077 
2077 349 
385 2078 
2078 366 
406 2079 
2079 385 
426 2080 
2080 406 
447 2081 
2081 426 
474 2082 
2082 447 

11 20
281 2083 
2083 297 
297 2084 
2084 313 
313 2085 
2085 328 
328 2086 
2086 343 
343 2087 
2087 361 
361 2088 
2088 380 
380 2089 
2089 401 
401 2090 
2090 422 
422 2091 
2091 443 
443 2092 
2092 450 

12 140
662 2093 
2093 623 
699 2094 
2094 662 
733 2095 
2095 699 
762 2096 
2096 733 
790 2097 
2097 762 
817 2098 
2098 790 
842 2099 
2099 817 
866 2100 
2100 842 
892 2101 
2101 866 
918 2102 
2102 892 
946 2103 
2103 918 
973 2104 
2104 946 
1002 2105 
2105 973 
1029 2106 
2106 1002 
1055 2107 
2107 1029 
1082 2108 
2108 1055 
1108 2109 
2109 1082 
1135 2110 
2110 1108 
1161 2111 
2111 1135 
1188 2112 
2112 1161 
1214 2113 
2113 1188 
1240 2114 
2114 1214 
1266 2115 
2115 1240 
1293 2116 
2116 1266 
1319 2117 
2117 1293 
1345 2118 
2118 1319 
1372 2119 
2119 1345 
1400 2120 
2120 1372 
1428 2121 
2121 1400 
1457 2122 
2122 1428 
1486 2123 
2123 1457 
1517 2124 
2124 1486 
1547 2125 
2125 1517 
1575 2126 
2126 1547 
1601 2127 
2127 1575 
1626 2128 
2128 1601 
1649 2129 
2129 1626 
1670 2130 
2130 1649 
1688 2131 
2131 1670 
1705 2132 
2132 1688 
1719 2133 
2133 1705 
1733 2134 
2134 1719 
1744 2135 
2135 1733 
1754 2136 
2136 1744 
1761 2137 
2137 1754 
1769 2138 
2138 1761 
1776 2139 
2139 1769 
1784 2140 
2140 1776 
1791 2141 
2141 1784 
1799 2142 
2142 1791 
1806 2143 
2143 1799 
1814 2144 
2144 1806 
1821 2145 
2145 1814 
1829 2146 
2146 1821 
1836 2147 
2147 1829 
1844 2148 
2148 1836 
1851 2149 
2149 1844 
1858 2150 
2150 1851 
1865 2151 
2151 1858 
1872 2152 
2152 1865 
1878 2153 
2153 1872 
1885 2154 
2154 1878 
1891 2155 
2155 1885 
1897 2156 
2156 1891 
1903 2157 
2157 1897 
1907 2158 
2158 1903 
1914 2159 
2159 1907 
1913 2160 
2160 1915 
1915 2161 
2161 1914 
1922 2162 
2162 1913 

13 32
540 2163 
2163 584 
584 2164 
2164 626 
626 2165 
2165 665 
665 2166 
2166 702 
702 2167 
2167 736 
736 2168 
2168 765 
765 2169 
2169 791 
791 2170 
2170 818 
818 2171 
2171 843 
843 2172 
2172 867 
867 2173 
2173 893 
893 2174 
2174 919 
919 2175 
2175 947 
947 2176 
2176 953 
953 2177 
2177 979 
979 2178 
2178 1007 

14 94
1010 2179 
2179 1007 
1034 2180 
2180 1010 
1058 2181 
2181 1034 
1062 2182 
2182 1058 
1088 2183 
2183 1062 
1113 2184 
2184 1088 
1117 2185 
2185 1113 
1141 2186 
2186 1117 
1165 2187 
2187 1141 
1170 2188 
2188 1165 
1194 2189 
2189 1170 
1218 2190 
2190 1194 
1221 2191 
2191 1218 
1246 2192 
2192 1221 
1272 2193 
2193 1246 
1275 2194 
2194 1272 
1299 2195 
2195 1275 
1324 2196 
2196 1299 
1327 2197 
2197 1324 
1354 2198 
2198 1327 
1381 2199 
2199 1354 
1382 2200 
2200 1381 
1410 2201 
2201 1382 
1437 2202 
2202 1410 
1439 2203 
2203 1437 
1464 2204 
2204 1439 
1489 2205 
2205 1464 
1495 2206 
2206 1489 
1523 2207 
2207 1495 
1549 2208 
2208 1523 
1555 2209 
2209 1549 
1582 2210 
2210 1555 
1604 2211 
2211 1582 
1610 2212 
2212 1604 
1632 2213 
2213 1610 
1651 2214 
2214 1632 
1657 2215 
2215 1651 
1676 2216 
2216 1657 
1690 2217 
2217 1676 
1696 2218 
2218 1690 
1710 2219 
2219 1696 
1721 2220 
2220 1710 
1727 2221 
2221 1721 
1738 2222 
2222 1727 
1745 2223 
2223 1738 
1752 2224 
2224 1745 
1758 2225 
2225 1752 

15 24
1545 2226 
2226 1573 
1573 2227 
2227 1599 
1599 2228 
2228 1624 
1624 2229 
2229 1647 
1647 2230 
2230 1668 
1668 2231 
2231 1686 
1686 2232 
2232 1703 
1703 2233 
2233 1717 
1717 2234 
2234 1730 
1730 2235 
2235 1741 
1741 2236 
2236 1751 
1751 2237 
2237 1758 

16 70
1758 2238 
2238 1762 
1762 2239 
2239 1767 
1767 2240 
2240 1773 
1773 2241 
2241 1777 
1777 2242 
2242 1782 
1782 2243 
2243 1789 
1789 2244 
2244 1796 
1796 2245 
2245 1797 
1797 2246 
2246 1804 
1804 2247 
2247 1811 
1811 2248 
2248 1812 
1812 2249 
2249 1819 
1819 2250 
2250 1826 
1826 2251 
2251 1827 
1827 2252 
2252 1833 
1833 2253 
2253 1839 
1839 2254 
2254 1842 
1842 2255 
2255 1848 
1848 2256 
2256 1854 
1854 2257 
2257 1859 
1859 2258 
2258 1866 
1866 2259 
2259 1873 
1873 2260 
2260 1880 
1880 2261 
2261 1887 
1887 2262 
2262 1893 
1893 2263 
2263 1900 
1900 2264 
2264 1906 
1906 2265 
2265 1912 
1912 2266 
2266 1920 
1920 2267 
2267 1928 
1928 2268 
2268 1935 
1935 2269 
2269 1941 
1941 2270 
2270 1945 
1945 2271 
2271 1948 
1948 2272 
2272 1949 

17 10
1930 2273 
2273 1922 
1937 2274 
2274 1930 
1943 2275 
2275 1937 
1947 2276 
2276 1943 
1949 2277 
2277 1947 

18 8
126 2278 
2278 102 
151 2279 
2279 126 
174 2280 
2280 151 
198 2281 
2281 174 

19 8
83 2282 
2282 106 
106 2283 
2283 130 
130 2284 
2284 155 
155 2285 
2285 179 

20 12
216 2286 
2286 198 
232 2287 
2287 216 
246 2288 
2288 232 
258 2289 
2289 246 
271 2290 
2290 258 
287 2291 
2291 271 

21 12
179 2292 
2292 202 
202 2293 
2293 220 
220 2294 
2294 236 
236 2295 
2295 250 
250 2296 
2296 264 
264 2297 
2297 281 

22 12
483 2298 
2298 482 
504 2299 
2299 474 
519 2300 
2300 504 
482 2301 
2301 520 
520 2302 
2302 521 
521 2303 
2303 519 

23 12
468 2304 
2304 467 
477 2305 
2305 468 
450 2306 
2306 478 
478 2307 
2307 479 
479 2308 
2308 480 
480 2309 
2309 477 

24 8
518 2310 
2310 483 
558 2311 
2311 518 
581 2312 
2312 558 
623 2313 
2313 581 

25 8
465 2314 
2314 466 
467 2315 
2315 465 
466 2316 
2316 498 
498 2317 
2317 540 

26 8
926 2318 
2318 901 
952 2319 
2319 926 
978 2320 
2320 952 
1007 2321 
2321 978 

