884 32
0 8
0 2068 
2068 1 
1 2069 
2069 3 
3 2070 
2070 2 
2 2071 
2071 4 

1 32
6 2072 
2072 0 
11 2073 
2073 6 
16 2074 
2074 11 
21 2075 
2075 16 
27 2076 
2076 21 
33 2077 
2077 27 
40 2078 
2078 33 
41 2079 
2079 40 
42 2080 
2080 41 
43 2081 
2081 42 
52 2082 
2082 43 
53 2083 
2083 52 
54 2084 
2084 53 
72 2085 
2085 54 
74 2086 
2086 72 
97 2087 
2087 74 

2 32
4 2088 
2088 10 
10 2089 
2089 15 
15 2090 
2090 20 
20 2091 
2091 26 
26 2092 
2092 32 
32 2093 
2093 36 
36 2094 
2094 45 
45 2095 
2095 51 
51 2096 
2096 55 
55 2097 
2097 56 
58 2098 
2098 57 
56 2099 
2099 59 
59 2100 
2100 58 
57 2101 
2101 75 
75 2102 
2102 76 
76 2103 
2103 77 

3 8
277 2104 
2104 276 
278 2105 
2105 277 
276 2106 
2106 279 
292 2107 
2107 278 

4 4
307 2108 
2108 292 
320 2109 
2109 307 

5 4
279 2110 
2110 293 
293 2111 
2111 308 

6 10
316 2112 
2112 317 
317 2113 
2113 308 
318 2114 
2114 316 
319 2115 
2115 318 
320 2116 
2116 319 

7 14
322 2117 
2117 320 
321 2118 
2118 323 
323 2119 
2119 324 
324 2120 
2120 322 
334 2121 
2121 321 
335 2122 
2122 334 
336 2123 
2123 335 

8 56
341 2124 
2124 320 
363 2125 
2125 341 
385 2126 
2126 363 
407 2127 
2127 385 
429 2128 
2128 407 
452 2129 
2129 429 
484 2130 
2130 452 
525 2131 
2131 484 
565 2132 
2132 525 
604 2133 
2133 565 
642 2134 
2134 604 
687 2135 
2135 642 
731 2136 
2136 687 
770 2137 
2137 731 
774 2138 
2138 770 
775 2139 
2139 774 
776 2140 
2140 775 
778 2141 
2141 776 
777 2142 
2142 779 
780 2143 
2143 778 
779 2144 
2144 781 
781 2145 
2145 782 
782 2146 
2146 780 
805 2147 
2147 777 
844 2148 
2148 805 
881 2149 
2149 844 
922 2150 
2150 881 
961 2151 
2151 922 

9 22
308 2152 
2152 326 
326 2153 
2153 347 
347 2154 
2154 369 
369 2155 
2155 389 
389 2156 
2156 410 
410 2157 
2157 431 
431 2158 
2158 454 
454 2159 
2159 487 
487 2160 
2160 528 
528 2161 
2161 569 
569 2162 
2162 608 

10 48
356 2163 
2163 336 
377 2164 
2164 356 
398 2165 
2165 377 
420 2166 
2166 398 
442 2167 
2167 420 
477 2168 
2168 442 
519 2169 
2169 477 
560 2170 
2170 519 
600 2171 
2171 560 
639 2172 
2172 600 
646 2173 
2173 639 
647 2174 
2174 646 
648 2175 
2175 647 
649 2176 
2176 648 
650 2177 
2177 649 
651 2178 
2178 652 
652 2179 
2179 653 
680 2180 
2180 651 
653 2181 
2181 696 
696 2182 
2182 650 
725 2183 
2183 680 
766 2184 
2184 725 
807 2185 
2185 766 
845 2186 
2186 807 

11 20
287 2187 
2187 275 
301 2188 
2188 287 
315 2189 
2189 301 
333 2190 
2190 315 
353 2191 
2191 333 
375 2192 
2192 353 
396 2193 
2193 375 
416 2194 
2194 396 
438 2195 
2195 416 
468 2196 
2196 438 

12 20
269 2197 
2197 282 
282 2198 
2198 296 
296 2199 
2199 311 
311 2200 
2200 327 
327 2201 
2201 348 
348 2202 
2202 370 
370 2203 
2203 390 
390 2204 
2204 391 
391 2205 
2205 412 
412 2206 
2206 432 

13 54
608 2207 
2207 655 
655 2208 
2208 703 
703 2209 
2209 746 
746 2210 
2210 785 
785 2211 
2211 826 
826 2212 
2212 864 
864 2213 
2213 903 
903 2214 
2214 943 
943 2215 
2215 980 
980 2216 
2216 1013 
1013 2217 
2217 1043 
1043 2218 
2218 1072 
1072 2219 
2219 1100 
1100 2220 
2220 1125 
1125 2221 
2221 1150 
1150 2222 
2222 1175 
1175 2223 
2223 1201 
1201 2224 
2224 1227 
1227 2225 
2225 1251 
1251 2226 
2226 1277 
1277 2227 
2227 1302 
1302 2228 
2228 1327 
1327 2229 
2229 1351 
1351 2230 
2230 1376 
1376 2231 
2231 1406 
1406 2232 
2232 1436 
1436 2233 
2233 1465 

14 82
608 2234 
2234 609 
609 2235 
2235 657 
657 2236 
2236 705 
705 2237 
2237 747 
747 2238 
2238 749 
749 2239 
2239 788 
788 2240 
2240 828 
828 2241 
2241 866 
866 2242 
2242 905 
905 2243 
2243 909 
909 2244 
2244 949 
949 2245 
2245 987 
987 2246 
2246 1020 
1020 2247 
2247 1051 
1051 2248 
2248 1080 
1080 2249 
2249 1108 
1108 2250 
2250 1134 
1134 2251 
2251 1159 
1159 2252 
2252 1186 
1186 2253 
2253 1212 
1212 2254 
2254 1238 
1238 2255 
2255 1263 
1263 2256 
2256 1287 
1287 2257 
2257 1313 
1313 2258 
2258 1338 
1338 2259 
2259 1364 
1364 2260 
2260 1385 
1385 2261 
2261 1395 
1395 2262 
2262 1424 
1424 2263 
2263 1452 
1452 2264 
2264 1479 
1479 2265 
2265 1506 
1506 2266 
2266 1511 
1511 2267 
2267 1538 
1538 2268 
2268 1566 
1566 2269 
2269 1569 
1569 2270 
2270 1597 
1597 2271 
2271 1599 
1599 2272 
2272 1628 
1628 2273 
2273 1629 
1629 2274 
2274 1660 

15 140
659 2275 
2275 611 
707 2276 
2276 659 
751 2277 
2277 707 
791 2278 
2278 751 
832 2279 
2279 791 
870 2280 
2280 832 
911 2281 
2281 870 
951 2282 
2282 911 
989 2283 
2283 951 
1022 2284 
2284 989 
1053 2285 
2285 1022 
1082 2286 
2286 1053 
1110 2287 
2287 1082 
1136 2288 
2288 1110 
1161 2289 
2289 1136 
1188 2290 
2290 1161 
1214 2291 
2291 1188 
1240 2292 
2292 1214 
1265 2293 
2293 1240 
1291 2294 
2294 1265 
1317 2295 
2295 1291 
1342 2296 
2296 1317 
1368 2297 
2297 1342 
1397 2298 
2298 1368 
1427 2299 
2299 1397 
1456 2300 
2300 1427 
1484 2301 
2301 1456 
1513 2302 
2302 1484 
1541 2303 
2303 1513 
1571 2304 
2304 1541 
1601 2305 
2305 1571 
1631 2306 
2306 1601 
1662 2307 
2307 1631 
1691 2308 
2308 1662 
1717 2309 
2309 1691 
1741 2310 
2310 1717 
1764 2311 
2311 1741 
1784 2312 
2312 1764 
1803 2313 
2313 1784 
1820 2314 
2314 1803 
1835 2315 
2315 1820 
1849 2316 
2316 1835 
1861 2317 
2317 1849 
1871 2318 
2318 1861 
1879 2319 
2319 1871 
1887 2320 
2320 1879 
1894 2321 
2321 1887 
1902 2322 
2322 1894 
1909 2323 
2323 1902 
1917 2324 
2324 1909 
1924 2325 
2325 1917 
1932 2326 
2326 1924 
1939 2327 
2327 1932 
1947 2328 
2328 1939 
1954 2329 
2329 1947 
1962 2330 
2330 1954 
1969 2331 
2331 1962 
1977 2332 
2332 1969 
1984 2333 
2333 1977 
1991 2334 
2334 1984 
1998 2335 
2335 1991 
2005 2336 
2336 1998 
2011 2337 
2337 2005 
2018 2338 
2338 2011 
2024 2339 
2339 2018 
2030 2340 
2340 2024 
2036 2341 
2341 2030 
2037 2342 
2342 2036 
2038 2343 
2343 2037 
2046 2344 
2344 2038 

16 32
530 2345 
2345 573 
573 2346 
2346 614 
614 2347 
2347 662 
662 2348 
2348 710 
710 2349 
2349 754 
754 2350 
2350 794 
794 2351 
2351 833 
833 2352 
2352 871 
871 2353 
2353 912 
912 2354 
2354 952 
952 2355 
2355 990 
990 2356 
2356 1023 
1023 2357 
2357 1054 
1054 2358 
2358 1060 
1060 2359 
2359 1088 
1088 2360 
2360 1115 

17 42
1118 2361 
2361 1115 
1141 2362 
2362 1118 
1164 2363 
2363 1141 
1168 2364 
2364 1164 
1194 2365 
2365 1168 
1218 2366 
2366 1194 
1222 2367 
2367 1218 
1245 2368 
2368 1222 
1268 2369 
2369 1245 
1272 2370 
2370 1268 
1295 2371 
2371 1272 
1298 2372 
2372 1295 
1324 2373 
2373 1298 
1347 2374 
2374 1324 
1350 2375 
2375 1347 
1373 2376 
2376 1350 
1401 2377 
2377 1373 
1405 2378 
2378 1401 
1434 2379 
2379 1405 
1437 2380 
2380 1434 
1465 2381 
2381 1437 

18 56
1492 2382 
2382 1465 
1494 2383 
2383 1492 
1519 2384 
2384 1494 
1521 2385 
2385 1519 
1550 2386 
2386 1521 
1579 2387 
2387 1550 
1581 2388 
2388 1579 
1609 2389 
2389 1581 
1635 2390 
2390 1609 
1641 2391 
2391 1635 
1669 2392 
2392 1641 
1694 2393 
2393 1669 
1700 2394 
2394 1694 
1724 2395 
2395 1700 
1744 2396 
2396 1724 
1750 2397 
2397 1744 
1770 2398 
2398 1750 
1786 2399 
2399 1770 
1792 2400 
2400 1786 
1809 2401 
2401 1792 
1822 2402 
2402 1809 
1828 2403 
2403 1822 
1840 2404 
2404 1828 
1850 2405 
2405 1840 
1856 2406 
2406 1850 
1865 2407 
2407 1856 
1869 2408 
2408 1865 
1876 2409 
2409 1869 

19 24
1660 2410 
2410 1689 
1689 2411 
2411 1715 
1715 2412 
2412 1739 
1739 2413 
2413 1762 
1762 2414 
2414 1782 
1782 2415 
2415 1801 
1801 2416 
2416 1818 
1818 2417 
2417 1833 
1833 2418 
2418 1846 
1846 2419 
2419 1858 
1858 2420 
2420 1868 
1868 2421 
2421 1876 

20 70
1876 2422 
2422 1880 
1880 2423 
2423 1885 
1885 2424 
2424 1891 
1891 2425 
2425 1895 
1895 2426 
2426 1900 
1900 2427 
2427 1907 
1907 2428 
2428 1914 
1914 2429 
2429 1915 
1915 2430 
2430 1922 
1922 2431 
2431 1929 
1929 2432 
2432 1930 
1930 2433 
2433 1937 
1937 2434 
2434 1944 
1944 2435 
2435 1945 
1945 2436 
2436 1951 
1951 2437 
2437 1957 
1957 2438 
2438 1960 
1960 2439 
2439 1966 
1966 2440 
2440 1972 
1972 2441 
2441 1975 
1975 2442 
2442 1981 
1981 2443 
2443 1985 
1985 2444 
2444 1992 
1992 2445 
2445 1999 
1999 2446 
2446 2006 
2006 2447 
2447 2013 
2013 2448 
2448 2020 
2020 2449 
2449 2026 
2026 2450 
2450 2033 
2033 2451 
2451 2041 
2041 2452 
2452 2049 
2049 2453 
2453 2056 
2056 2454 
2454 2061 
2061 2455 
2455 2065 
2065 2456 
2456 2067 

21 10
2053 2457 
2457 2046 
2059 2458 
2458 2053 
2063 2459 
2459 2059 
2066 2460 
2460 2063 
2067 2461 
2461 2066 

22 8
122 2462 
2462 97 
147 2463 
2463 122 
169 2464 
2464 147 
192 2465 
2465 169 

23 8
77 2466 
2466 101 
101 2467 
2467 126 
126 2468 
2468 151 
151 2469 
2469 174 

24 12
211 2470 
2470 192 
227 2471 
2471 211 
242 2472 
2472 227 
255 2473 
2473 242 
265 2474 
2474 255 
275 2475 
2475 265 

25 12
174 2476 
2476 198 
198 2477 
2477 217 
217 2478 
2478 233 
233 2479 
2479 247 
247 2480 
2480 258 
258 2481 
2481 269 

26 12
472 2482 
2482 471 
473 2483 
2483 472 
474 2484 
2484 473 
471 2485 
2485 505 
505 2486 
2486 506 
506 2487 
2487 468 

27 12
458 2488 
2488 455 
460 2489 
2489 458 
432 2490 
2490 461 
461 2491 
2491 462 
462 2492 
2492 463 
463 2493 
2493 460 

28 8
510 2494 
2494 474 
548 2495 
2495 510 
570 2496 
2496 548 
611 2497 
2497 570 

29 8
455 2498 
2498 456 
456 2499 
2499 457 
457 2500 
2500 488 
488 2501 
2501 530 

30 6
882 2502 
2502 845 
923 2503 
2503 882 
961 2504 
2504 923 

31 10
997 2505 
2505 961 
1030 2506 
2506 997 
1059 2507 
2507 1030 
1087 2508 
2508 1059 
1115 2509 
2509 1087 

