916 32
0 9
0
1
3
2
4
2068
2069
2070
2071

1 33
6
0
11
16
21
27
33
40
41
42
43
52
53
54
72
74
97
2072
2073
2074
2075
2076
2077
2078
2079
2080
2081
2082
2083
2084
2085
2086
2087

2 33
4
10
15
20
26
32
36
45
51
55
56
58
57
59
75
76
77
2088
2089
2090
2091
2092
2093
2094
2095
2096
2097
2098
2099
2100
2101
2102
2103

3 9
277
276
278
279
292
2104
2105
2106
2107

4 5
307
292
320
2108
2109

5 5
279
293
308
2110
2111

6 11
316
317
308
318
319
320
2112
2113
2114
2115
2116

7 15
322
320
321
323
324
334
335
336
2117
2118
2119
2120
2121
2122
2123

8 57
341
320
363
385
407
429
452
484
525
565
604
642
687
731
770
774
775
776
778
777
779
780
781
782
805
844
881
922
961
2124
2125
2126
2127
2128
2129
2130
2131
2132
2133
2134
2135
2136
2137
2138
2139
2140
2141
2142
2143
2144
2145
2146
2147
2148
2149
2150
2151

9 23
308
326
347
369
389
410
431
454
487
528
569
608
2152
2153
2154
2155
2156
2157
2158
2159
2160
2161
2162

10 49
356
336
377
398
420
442
477
519
560
600
639
646
647
648
649
650
651
652
653
680
696
725
766
807
845
2163
2164
2165
2166
2167
2168
2169
2170
2171
2172
2173
2174
2175
2176
2177
2178
2179
2180
2181
2182
2183
2184
2185
2186

11 21
287
275
301
315
333
353
375
396
416
438
468
2187
2188
2189
2190
2191
2192
2193
2194
2195
2196

12 21
269
282
296
311
327
348
370
390
391
412
432
2197
2198
2199
2200
2201
2202
2203
2204
2205
2206

13 55
608
655
703
746
785
826
864
903
943
980
1013
1043
1072
1100
1125
1150
1175
1201
1227
1251
1277
1302
1327
1351
1376
1406
1436
1465
2207
2208
2209
2210
2211
2212
2213
2214
2215
2216
2217
2218
2219
2220
2221
2222
2223
2224
2225
2226
2227
2228
2229
2230
2231
2232
2233

14 83
608
609
657
705
747
749
788
828
866
905
909
949
987
1020
1051
1080
1108
1134
1159
1186
1212
1238
1263
1287
1313
1338
1364
1385
1395
1424
1452
1479
1506
1511
1538
1566
1569
1597
1599
1628
1629
1660
2234
2235
2236
2237
2238
2239
2240
2241
2242
2243
2244
2245
2246
2247
2248
2249
2250
2251
2252
2253
2254
2255
2256
2257
2258
2259
2260
2261
2262
2263
2264
2265
2266
2267
2268
2269
2270
2271
2272
2273
2274

15 141
659
611
707
751
791
832
870
911
951
989
1022
1053
1082
1110
1136
1161
1188
1214
1240
1265
1291
1317
1342
1368
1397
1427
1456
1484
1513
1541
1571
1601
1631
1662
1691
1717
1741
1764
1784
1803
1820
1835
1849
1861
1871
1879
1887
1894
1902
1909
1917
1924
1932
1939
1947
1954
1962
1969
1977
1984
1991
1998
2005
2011
2018
2024
2030
2036
2037
2038
2046
2275
2276
2277
2278
2279
2280
2281
2282
2283
2284
2285
2286
2287
2288
2289
2290
2291
2292
2293
2294
2295
2296
2297
2298
2299
2300
2301
2302
2303
2304
2305
2306
2307
2308
2309
2310
2311
2312
2313
2314
2315
2316
2317
2318
2319
2320
2321
2322
2323
2324
2325
2326
2327
2328
2329
2330
2331
2332
2333
2334
2335
2336
2337
2338
2339
2340
2341
2342
2343
2344

16 33
530
573
614
662
710
754
794
833
871
912
952
990
1023
1054
1060
1088
1115
2345
2346
2347
2348
2349
2350
2351
2352
2353
2354
2355
2356
2357
2358
2359
2360

17 43
1118
1115
1141
1164
1168
1194
1218
1222
1245
1268
1272
1295
1298
1324
1347
1350
1373
1401
1405
1434
1437
1465
2361
2362
2363
2364
2365
2366
2367
2368
2369
2370
2371
2372
2373
2374
2375
2376
2377
2378
2379
2380
2381

18 57
1492
1465
1494
1519
1521
1550
1579
1581
1609
1635
1641
1669
1694
1700
1724
1744
1750
1770
1786
1792
1809
1822
1828
1840
1850
1856
1865
1869
1876
2382
2383
2384
2385
2386
2387
2388
2389
2390
2391
2392
2393
2394
2395
2396
2397
2398
2399
2400
2401
2402
2403
2404
2405
2406
2407
2408
2409

19 25
1660
1689
1715
1739
1762
1782
1801
1818
1833
1846
1858
1868
1876
2410
2411
2412
2413
2414
2415
2416
2417
2418
2419
2420
2421

20 71
1876
1880
1885
1891
1895
1900
1907
1914
1915
1922
1929
1930
1937
1944
1945
1951
1957
1960
1966
1972
1975
1981
1985
1992
1999
2006
2013
2020
2026
2033
2041
2049
2056
2061
2065
2067
2422
2423
2424
2425
2426
2427
2428
2429
2430
2431
2432
2433
2434
2435
2436
2437
2438
2439
2440
2441
2442
2443
2444
2445
2446
2447
2448
2449
2450
2451
2452
2453
2454
2455
2456

21 11
2053
2046
2059
2063
2066
2067
2457
2458
2459
2460
2461

22 9
122
97
147
169
192
2462
2463
2464
2465

23 9
77
101
126
151
174
2466
2467
2468
2469

24 13
211
192
227
242
255
265
275
2470
2471
2472
2473
2474
2475

25 13
174
198
217
233
247
258
269
2476
2477
2478
2479
2480
2481

26 13
472
471
473
474
505
506
468
2482
2483
2484
2485
2486
2487

27 13
458
455
460
432
461
462
463
2488
2489
2490
2491
2492
2493

28 9
510
474
548
570
611
2494
2495
2496
2497

29 9
455
456
457
488
530
2498
2499
2500
2501

30 7
882
845
923
961
2502
2503
2504

31 11
997
961
1030
1059
1087
1115
2505
2506
2507
2508
2509

