442 32
0 4
0 1 
1 3 
3 2 
2 4 

1 16
6 0 
11 6 
16 11 
21 16 
27 21 
33 27 
40 33 
41 40 
42 41 
43 42 
52 43 
53 52 
54 53 
72 54 
74 72 
97 74 

2 16
4 10 
10 15 
15 20 
20 26 
26 32 
32 36 
36 45 
45 51 
51 55 
55 56 
58 57 
56 59 
59 58 
57 75 
75 76 
76 77 

3 4
277 276 
278 277 
276 279 
292 278 

4 2
307 292 
320 307 

5 2
279 293 
293 308 

6 5
316 317 
317 308 
318 316 
319 318 
320 319 

7 7
322 320 
321 323 
323 324 
324 322 
334 321 
335 334 
336 335 

8 28
341 320 
363 341 
385 363 
407 385 
429 407 
452 429 
484 452 
525 484 
565 525 
604 565 
642 604 
687 642 
731 687 
770 731 
774 770 
775 774 
776 775 
778 776 
777 779 
780 778 
779 781 
781 782 
782 780 
805 777 
844 805 
881 844 
922 881 
961 922 

9 11
308 326 
326 347 
347 369 
369 389 
389 410 
410 431 
431 454 
454 487 
487 528 
528 569 
569 608 

10 24
356 336 
377 356 
398 377 
420 398 
442 420 
477 442 
519 477 
560 519 
600 560 
639 600 
646 639 
647 646 
648 647 
649 648 
650 649 
651 652 
652 653 
680 651 
653 696 
696 650 
725 680 
766 725 
807 766 
845 807 

11 10
287 275 
301 287 
315 301 
333 315 
353 333 
375 353 
396 375 
416 396 
438 416 
468 438 

12 10
269 282 
282 296 
296 311 
311 327 
327 348 
348 370 
370 390 
390 391 
391 412 
412 432 

13 27
608 655 
655 703 
703 746 
746 785 
785 826 
826 864 
864 903 
903 943 
943 980 
980 1013 
1013 1043 
1043 1072 
1072 1100 
1100 1125 
1125 1150 
1150 1175 
1175 1201 
1201 1227 
1227 1251 
1251 1277 
1277 1302 
1302 1327 
1327 1351 
1351 1376 
1376 1406 
1406 1436 
1436 1465 

14 41
608 609 
609 657 
657 705 
705 747 
747 749 
749 788 
788 828 
828 866 
866 905 
905 909 
909 949 
949 987 
987 1020 
1020 1051 
1051 1080 
1080 1108 
1108 1134 
1134 1159 
1159 1186 
1186 1212 
1212 1238 
1238 1263 
1263 1287 
1287 1313 
1313 1338 
1338 1364 
1364 1385 
1385 1395 
1395 1424 
1424 1452 
1452 1479 
1479 1506 
1506 1511 
1511 1538 
1538 1566 
1566 1569 
1569 1597 
1597 1599 
1599 1628 
1628 1629 
1629 1660 

15 70
659 611 
707 659 
751 707 
791 751 
832 791 
870 832 
911 870 
951 911 
989 951 
1022 989 
1053 1022 
1082 1053 
1110 1082 
1136 1110 
1161 1136 
1188 1161 
1214 1188 
1240 1214 
1265 1240 
1291 1265 
1317 1291 
1342 1317 
1368 1342 
1397 1368 
1427 1397 
1456 1427 
1484 1456 
1513 1484 
1541 1513 
1571 1541 
1601 1571 
1631 1601 
1662 1631 
1691 1662 
1717 1691 
1741 1717 
1764 1741 
1784 1764 
1803 1784 
1820 1803 
1835 1820 
1849 1835 
1861 1849 
1871 1861 
1879 1871 
1887 1879 
1894 1887 
1902 1894 
1909 1902 
1917 1909 
1924 1917 
1932 1924 
1939 1932 
1947 1939 
1954 1947 
1962 1954 
1969 1962 
1977 1969 
1984 1977 
1991 1984 
1998 1991 
2005 1998 
2011 2005 
2018 2011 
2024 2018 
2030 2024 
2036 2030 
2037 2036 
2038 2037 
2046 2038 

16 16
530 573 
573 614 
614 662 
662 710 
710 754 
754 794 
794 833 
833 871 
871 912 
912 952 
952 990 
990 1023 
1023 1054 
1054 1060 
1060 1088 
1088 1115 

17 21
1118 1115 
1141 1118 
1164 1141 
1168 1164 
1194 1168 
1218 1194 
1222 1218 
1245 1222 
1268 1245 
1272 1268 
1295 1272 
1298 1295 
1324 1298 
1347 1324 
1350 1347 
1373 1350 
1401 1373 
1405 1401 
1434 1405 
1437 1434 
1465 1437 

18 28
1492 1465 
1494 1492 
1519 1494 
1521 1519 
1550 1521 
1579 1550 
1581 1579 
1609 1581 
1635 1609 
1641 1635 
1669 1641 
1694 1669 
1700 1694 
1724 1700 
1744 1724 
1750 1744 
1770 1750 
1786 1770 
1792 1786 
1809 1792 
1822 1809 
1828 1822 
1840 1828 
1850 1840 
1856 1850 
1865 1856 
1869 1865 
1876 1869 

19 12
1660 1689 
1689 1715 
1715 1739 
1739 1762 
1762 1782 
1782 1801 
1801 1818 
1818 1833 
1833 1846 
1846 1858 
1858 1868 
1868 1876 

20 35
1876 1880 
1880 1885 
1885 1891 
1891 1895 
1895 1900 
1900 1907 
1907 1914 
1914 1915 
1915 1922 
1922 1929 
1929 1930 
1930 1937 
1937 1944 
1944 1945 
1945 1951 
1951 1957 
1957 1960 
1960 1966 
1966 1972 
1972 1975 
1975 1981 
1981 1985 
1985 1992 
1992 1999 
1999 2006 
2006 2013 
2013 2020 
2020 2026 
2026 2033 
2033 2041 
2041 2049 
2049 2056 
2056 2061 
2061 2065 
2065 2067 

21 5
2053 2046 
2059 2053 
2063 2059 
2066 2063 
2067 2066 

22 4
122 97 
147 122 
169 147 
192 169 

23 4
77 101 
101 126 
126 151 
151 174 

24 6
211 192 
227 211 
242 227 
255 242 
265 255 
275 265 

25 6
174 198 
198 217 
217 233 
233 247 
247 258 
258 269 

26 6
472 471 
473 472 
474 473 
471 505 
505 506 
506 468 

27 6
458 455 
460 458 
432 461 
461 462 
462 463 
463 460 

28 4
510 474 
548 510 
570 548 
611 570 

29 4
455 456 
456 457 
457 488 
488 530 

30 3
882 845 
923 882 
961 923 

31 5
997 961 
1030 997 
1059 1030 
1087 1059 
1115 1087 

