904 8
0 154
0 6752 
6752 1 
1 6753 
6753 2 
2 6754 
6754 5 
5 6755 
6755 6 
6 6756 
6756 7 
7 6757 
6757 12 
12 6758 
6758 13 
13 6759 
6759 14 
14 6760 
6760 15 
15 6761 
6761 19 
19 6762 
6762 20 
20 6763 
6763 33 
33 6764 
6764 34 
34 6765 
6765 35 
35 6766 
6766 36 
36 6767 
6767 39 
39 6768 
6768 40 
40 6769 
6769 41 
41 6770 
6770 61 
61 6771 
6771 62 
62 6772 
6772 84 
84 6773 
6773 85 
85 6774 
6774 86 
86 6775 
6775 111 
111 6776 
6776 139 
139 6777 
6777 140 
140 6778 
6778 168 
168 6779 
6779 169 
169 6780 
6780 178 
178 6781 
6781 179 
179 6782 
6782 180 
180 6783 
6783 181 
181 6784 
6784 182 
182 6785 
6785 183 
183 6786 
6786 184 
184 6787 
6787 219 
219 6788 
6788 257 
257 6789 
6789 258 
258 6790 
6790 294 
294 6791 
6791 295 
295 6792 
6792 301 
301 6793 
6793 302 
302 6794 
6794 341 
341 6795 
6795 342 
342 6796 
6796 382 
382 6797 
6797 383 
383 6798 
6798 388 
388 6799 
6799 389 
389 6800 
6800 390 
390 6801 
6801 391 
391 6802 
6802 392 
392 6803 
6803 437 
437 6804 
6804 438 
438 6805 
6805 441 
441 6806 
6806 489 
489 6807 
6807 536 
536 6808 
6808 537 
537 6809 
6809 540 
540 6810 
6810 541 
541 6811 
6811 542 
542 6812 
6812 594 
594 6813 
6813 649 
649 6814 
6814 652 
652 6815 
6815 653 
653 6816 
6816 654 
654 6817 
6817 655 
655 6818 
6818 656 
656 6819 
6819 711 
711 6820 
6820 713 
713 6821 
6821 714 
714 6822 
6822 715 
715 6823 
6823 775 
775 6824 
6824 777 
777 6825 
6825 778 
778 6826 
6826 839 
839 6827 
6827 841 
841 6828 
6828 906 

1 228
4 6829 
6829 0 
10 6830 
6830 4 
23 6831 
6831 10 
42 6832 
6832 23 
65 6833 
6833 42 
91 6834 
6834 65 
119 6835 
6835 91 
149 6836 
6836 119 
187 6837 
6837 149 
222 6838 
6838 187 
262 6839 
6839 222 
303 6840 
6840 262 
345 6841 
6841 303 
393 6842 
6842 345 
442 6843 
6843 393 
492 6844 
6844 442 
545 6845 
6845 492 
599 6846 
6846 545 
661 6847 
6847 599 
721 6848 
6848 661 
785 6849 
6849 721 
849 6850 
6850 785 
914 6851 
6851 849 
975 6852 
6852 914 
1035 6853 
6853 975 
1093 6854 
6854 1035 
1149 6855 
6855 1093 
1206 6856 
6856 1149 
1253 6857 
6857 1206 
1305 6858 
6858 1253 
1357 6859 
6859 1305 
1410 6860 
6860 1357 
1466 6861 
6861 1410 
1537 6862 
6862 1466 
1618 6863 
6863 1537 
1699 6864 
6864 1618 
1778 6865 
6865 1699 
1854 6866 
6866 1778 
1927 6867 
6867 1854 
1994 6868 
6868 1927 
2054 6869 
6869 1994 
2118 6870 
6870 2054 
2181 6871 
6871 2118 
2243 6872 
6872 2181 
2304 6873 
6873 2243 
2363 6874 
6874 2304 
2424 6875 
6875 2363 
2486 6876 
6876 2424 
2549 6877 
6877 2486 
2614 6878 
6878 2549 
2680 6879 
6879 2614 
2746 6880 
6880 2680 
2810 6881 
6881 2746 
2875 6882 
6882 2810 
2942 6883 
6883 2875 
3009 6884 
6884 2942 
3074 6885 
6885 3009 
3138 6886 
6886 3074 
3202 6887 
6887 3138 
3263 6888 
6888 3202 
3323 6889 
6889 3263 
3380 6890 
6890 3323 
3434 6891 
6891 3380 
3487 6892 
6892 3434 
3539 6893 
6893 3487 
3588 6894 
6894 3539 
3638 6895 
6895 3588 
3688 6896 
6896 3638 
3736 6897 
6897 3688 
3783 6898 
6898 3736 
3832 6899 
6899 3783 
3879 6900 
6900 3832 
3924 6901 
6901 3879 
3969 6902 
6902 3924 
4014 6903 
6903 3969 
4059 6904 
6904 4014 
4104 6905 
6905 4059 
4149 6906 
6906 4104 
4196 6907 
6907 4149 
4195 6908 
6908 4244 
4245 6909 
6909 4196 
4244 6910 
6910 4297 
4300 6911 
6911 4245 
4297 6912 
6912 4353 
4356 6913 
6913 4300 
4357 6914 
6914 4356 
4353 6915 
6915 4408 
4415 6916 
6916 4357 
4416 6917 
6917 4415 
4417 6918 
6918 4416 
4418 6919 
6919 4417 
4408 6920 
6920 4472 
4478 6921 
6921 4418 
4472 6922 
6922 4532 
4544 6923 
6923 4478 
4546 6924 
6924 4544 
4532 6925 
6925 4547 
4548 6926 
6926 4546 
4549 6927 
6927 4548 
4547 6928 
6928 4550 
4550 6929 
6929 4551 
4552 6930 
6930 4549 
4551 6931 
6931 4553 
4553 6932 
6932 4554 
4554 6933 
6933 4555 
4556 6934 
6934 4552 
4557 6935 
6935 4556 
4555 6936 
6936 4558 
4559 6937 
6937 4557 
4558 6938 
6938 4560 
4561 6939 
6939 4559 
4562 6940 
6940 4561 
4560 6941 
6941 4563 
4563 6942 
6942 4562 

2 228
906 6943 
6943 967 
967 6944 
6944 1026 
1026 6945 
6945 1084 
1084 6946 
6946 1139 
1139 6947 
6947 1196 
1196 6948 
6948 1249 
1249 6949 
6949 1301 
1301 6950 
6950 1352 
1352 6951 
6951 1405 
1405 6952 
6952 1457 
1457 6953 
6953 1518 
1518 6954 
6954 1598 
1598 6955 
6955 1679 
1679 6956 
6956 1760 
1760 6957 
6957 1838 
1838 6958 
6958 1914 
1914 6959 
6959 1984 
1984 6960 
6960 2050 
2050 6961 
6961 2114 
2114 6962 
6962 2176 
2176 6963 
6963 2238 
2238 6964 
6964 2301 
2301 6965 
6965 2362 
2362 6966 
6966 2423 
2423 6967 
6967 2485 
2485 6968 
6968 2548 
2548 6969 
6969 2613 
2613 6970 
6970 2679 
2679 6971 
6971 2745 
2745 6972 
6972 2809 
2809 6973 
6973 2874 
2874 6974 
6974 2941 
2941 6975 
6975 3008 
3008 6976 
6976 3073 
3073 6977 
6977 3137 
3137 6978 
6978 3201 
3201 6979 
6979 3262 
3262 6980 
6980 3322 
3322 6981 
6981 3379 
3379 6982 
6982 3433 
3433 6983 
6983 3486 
3486 6984 
6984 3538 
3538 6985 
6985 3587 
3587 6986 
6986 3637 
3637 6987 
6987 3687 
3687 6988 
6988 3735 
3735 6989 
6989 3782 
3782 6990 
6990 3831 
3831 6991 
6991 3878 
3878 6992 
6992 3923 
3923 6993 
6993 3968 
3968 6994 
6994 4013 
4013 6995 
6995 4058 
4058 6996 
6996 4103 
4103 6997 
6997 4148 
4148 6998 
6998 4193 
4193 6999 
6999 4240 
4240 7000 
7000 4289 
4289 7001 
7001 4344 
4344 7002 
7002 4401 
4401 7003 
7003 4463 
4463 7004 
7004 4526 
4526 7005 
7005 4610 
4610 7006 
7006 4692 
4692 7007 
7007 4771 
4771 7008 
7008 4849 
4849 7009 
7009 4925 
4925 7010 
7010 4999 
4999 7011 
7011 5070 
5070 7012 
7012 5139 
5139 7013 
7013 5207 
5207 7014 
7014 5275 
5275 7015 
7015 5344 
5344 7016 
7016 5412 
5412 7017 
7017 5480 
5480 7018 
7018 5545 
5545 7019 
7019 5609 
5609 7020 
7020 5671 
5671 7021 
7021 5730 
5730 7022 
7022 5789 
5789 7023 
7023 5847 
5847 7024 
7024 5905 
5905 7025 
7025 5962 
5962 7026 
7026 6016 
6016 7027 
7027 6069 
6069 7028 
7028 6120 
6120 7029 
7029 6167 
6167 7030 
7030 6214 
6214 7031 
7031 6257 
6257 7032 
7032 6296 
6296 7033 
7033 6334 
6334 7034 
7034 6371 
6371 7035 
7035 6405 
6405 7036 
7036 6437 
6437 7037 
7037 6467 
6467 7038 
7038 6496 
6496 7039 
7039 6524 
6524 7040 
7040 6550 
6550 7041 
7041 6574 
6574 7042 
7042 6595 
6595 7043 
7043 6616 
6616 7044 
7044 6635 
6635 7045 
7045 6653 
6653 7046 
7046 6669 
6669 7047 
7047 6683 
6683 7048 
7048 6695 
6695 7049 
7049 6706 
6706 7050 
7050 6716 
6716 7051 
7051 6725 
6725 7052 
7052 6733 
6733 7053 
7053 6740 
6740 7054 
7054 6745 
6745 7055 
7055 6749 
6749 7056 
7056 6751 

3 8
1915 7057 
7057 1985 
1985 7058 
7058 2051 
2051 7059 
7059 2115 
2115 7060 
7060 2177 

4 62
1423 7061 
7061 1421 
1421 7062 
7062 1460 
1484 7063 
7063 1423 
1460 7064 
7064 1527 
1564 7065 
7065 1484 
1527 7066 
7066 1606 
1645 7067 
7067 1564 
1606 7068 
7068 1686 
1708 7069 
7069 1645 
1686 7070 
7070 1765 
1787 7071 
7071 1708 
1765 7072 
7072 1841 
1864 7073 
7073 1787 
1841 7074 
7074 1915 
1937 7075 
7075 1864 
2005 7076 
7076 1937 
2070 7077 
7077 2005 
2134 7078 
7078 2070 
2199 7079 
7079 2134 
2263 7080 
7080 2199 
2327 7081 
7081 2263 
2389 7082 
7082 2327 
2453 7083 
7083 2389 
2517 7084 
7084 2453 
2584 7085 
7085 2517 
2651 7086 
7086 2584 
2717 7087 
7087 2651 
2784 7088 
7088 2717 
2850 7089 
7089 2784 
2917 7090 
7090 2850 
2983 7091 
7091 2917 

5 62
2177 7092 
7092 2195 
2195 7093 
7093 2196 
2196 7094 
7094 2197 
2197 7095 
7095 2259 
2259 7096 
7096 2260 
2260 7097 
7097 2321 
2321 7098 
7098 2322 
2322 7099 
7099 2383 
2383 7100 
7100 2440 
2440 7101 
7101 2441 
2441 7102 
7102 2450 
2450 7103 
7103 2451 
2451 7104 
7104 2512 
2512 7105 
7105 2513 
2513 7106 
7106 2575 
2575 7107 
7107 2576 
2576 7108 
7108 2581 
2581 7109 
7109 2582 
2582 7110 
7110 2646 
2646 7111 
7111 2648 
2648 7112 
7112 2712 
2712 7113 
7113 2714 
2714 7114 
7114 2779 
2779 7115 
7115 2781 
2781 7116 
7116 2845 
2845 7117 
7117 2847 
2847 7118 
7118 2910 
2910 7119 
7119 2914 
2914 7120 
7120 2981 
2981 7121 
7121 3048 
3048 7122 
7122 3115 

6 8
2984 7123 
7123 2983 
3047 7124 
7124 2984 
3113 7125 
7125 3047 
3115 7126 
7126 3113 

7 154
4194 7127 
7127 4195 
4241 7128 
7128 4194 
4290 7129 
7129 4241 
4291 7130 
7130 4290 
4292 7131 
7131 4293 
4293 7132 
7132 4291 
4298 7133 
7133 4292 
4299 7134 
7134 4298 
4345 7135 
7135 4299 
4402 7136 
7136 4345 
4464 7137 
7137 4402 
4527 7138 
7138 4464 
4529 7139 
7139 4527 
4611 7140 
7140 4529 
4693 7141 
7141 4611 
4694 7142 
7142 4693 
4772 7143 
7143 4694 
4781 7144 
7144 4772 
4859 7145 
7145 4781 
4935 7146 
7146 4859 
4938 7147 
7147 4935 
5011 7148 
7148 4938 
5081 7149 
7149 5011 
5140 7150 
7150 5081 
5208 7151 
7151 5140 
5210 7152 
7152 5208 
5222 7153 
7153 5210 
5289 7154 
7154 5222 
5291 7155 
7155 5289 
5292 7156 
7156 5291 
5359 7157 
7157 5292 
5361 7158 
7158 5359 
5429 7159 
7159 5361 
5431 7160 
7160 5429 
5497 7161 
7161 5431 
5562 7162 
7162 5497 
5624 7163 
7163 5562 
5683 7164 
7164 5624 
5740 7165 
7165 5683 
5742 7166 
7166 5740 
5747 7167 
7167 5742 
5804 7168 
7168 5747 
5859 7169 
7169 5804 
5860 7170 
7170 5859 
5906 7171 
7171 5860 
5963 7172 
7172 5906 
6018 7173 
7173 5963 
6072 7174 
7174 6018 
6123 7175 
7175 6072 
6170 7176 
7176 6123 
6217 7177 
7177 6170 
6260 7178 
7178 6217 
6299 7179 
7179 6260 
6337 7180 
7180 6299 
6374 7181 
7181 6337 
6408 7182 
7182 6374 
6440 7183 
7183 6408 
6471 7184 
7184 6440 
6500 7185 
7185 6471 
6528 7186 
7186 6500 
6554 7187 
7187 6528 
6578 7188 
7188 6554 
6600 7189 
7189 6578 
6621 7190 
7190 6600 
6640 7191 
7191 6621 
6658 7192 
7192 6640 
6674 7193 
7193 6658 
6688 7194 
7194 6674 
6700 7195 
7195 6688 
6711 7196 
7196 6700 
6721 7197 
7197 6711 
6730 7198 
7198 6721 
6737 7199 
7199 6730 
6743 7200 
7200 6737 
6747 7201 
7201 6743 
6750 7202 
7202 6747 
6751 7203 
7203 6750 

