912 8
0 155
0
1
2
5
6
7
12
13
14
15
19
20
33
34
35
36
39
40
41
61
62
84
85
86
111
139
140
168
169
178
179
180
181
182
183
184
219
257
258
294
295
301
302
341
342
382
383
388
389
390
391
392
437
438
441
489
536
537
540
541
542
594
649
652
653
654
655
656
711
713
714
715
775
777
778
839
841
906
6752
6753
6754
6755
6756
6757
6758
6759
6760
6761
6762
6763
6764
6765
6766
6767
6768
6769
6770
6771
6772
6773
6774
6775
6776
6777
6778
6779
6780
6781
6782
6783
6784
6785
6786
6787
6788
6789
6790
6791
6792
6793
6794
6795
6796
6797
6798
6799
6800
6801
6802
6803
6804
6805
6806
6807
6808
6809
6810
6811
6812
6813
6814
6815
6816
6817
6818
6819
6820
6821
6822
6823
6824
6825
6826
6827
6828

1 229
4
0
10
23
42
65
91
119
149
187
222
262
303
345
393
442
492
545
599
661
721
785
849
914
975
1035
1093
1149
1206
1253
1305
1357
1410
1466
1537
1618
1699
1778
1854
1927
1994
2054
2118
2181
2243
2304
2363
2424
2486
2549
2614
2680
2746
2810
2875
2942
3009
3074
3138
3202
3263
3323
3380
3434
3487
3539
3588
3638
3688
3736
3783
3832
3879
3924
3969
4014
4059
4104
4149
4196
4195
4244
4245
4297
4300
4353
4356
4357
4408
4415
4416
4417
4418
4472
4478
4532
4544
4546
4547
4548
4549
4550
4551
4552
4553
4554
4555
4556
4557
4558
4559
4560
4561
4562
4563
6829
6830
6831
6832
6833
6834
6835
6836
6837
6838
6839
6840
6841
6842
6843
6844
6845
6846
6847
6848
6849
6850
6851
6852
6853
6854
6855
6856
6857
6858
6859
6860
6861
6862
6863
6864
6865
6866
6867
6868
6869
6870
6871
6872
6873
6874
6875
6876
6877
6878
6879
6880
6881
6882
6883
6884
6885
6886
6887
6888
6889
6890
6891
6892
6893
6894
6895
6896
6897
6898
6899
6900
6901
6902
6903
6904
6905
6906
6907
6908
6909
6910
6911
6912
6913
6914
6915
6916
6917
6918
6919
6920
6921
6922
6923
6924
6925
6926
6927
6928
6929
6930
6931
6932
6933
6934
6935
6936
6937
6938
6939
6940
6941
6942

2 229
906
967
1026
1084
1139
1196
1249
1301
1352
1405
1457
1518
1598
1679
1760
1838
1914
1984
2050
2114
2176
2238
2301
2362
2423
2485
2548
2613
2679
2745
2809
2874
2941
3008
3073
3137
3201
3262
3322
3379
3433
3486
3538
3587
3637
3687
3735
3782
3831
3878
3923
3968
4013
4058
4103
4148
4193
4240
4289
4344
4401
4463
4526
4610
4692
4771
4849
4925
4999
5070
5139
5207
5275
5344
5412
5480
5545
5609
5671
5730
5789
5847
5905
5962
6016
6069
6120
6167
6214
6257
6296
6334
6371
6405
6437
6467
6496
6524
6550
6574
6595
6616
6635
6653
6669
6683
6695
6706
6716
6725
6733
6740
6745
6749
6751
6943
6944
6945
6946
6947
6948
6949
6950
6951
6952
6953
6954
6955
6956
6957
6958
6959
6960
6961
6962
6963
6964
6965
6966
6967
6968
6969
6970
6971
6972
6973
6974
6975
6976
6977
6978
6979
6980
6981
6982
6983
6984
6985
6986
6987
6988
6989
6990
6991
6992
6993
6994
6995
6996
6997
6998
6999
7000
7001
7002
7003
7004
7005
7006
7007
7008
7009
7010
7011
7012
7013
7014
7015
7016
7017
7018
7019
7020
7021
7022
7023
7024
7025
7026
7027
7028
7029
7030
7031
7032
7033
7034
7035
7036
7037
7038
7039
7040
7041
7042
7043
7044
7045
7046
7047
7048
7049
7050
7051
7052
7053
7054
7055
7056

3 9
1915
1985
2051
2115
2177
7057
7058
7059
7060

4 63
1423
1421
1460
1484
1527
1564
1606
1645
1686
1708
1765
1787
1841
1864
1915
1937
2005
2070
2134
2199
2263
2327
2389
2453
2517
2584
2651
2717
2784
2850
2917
2983
7061
7062
7063
7064
7065
7066
7067
7068
7069
7070
7071
7072
7073
7074
7075
7076
7077
7078
7079
7080
7081
7082
7083
7084
7085
7086
7087
7088
7089
7090
7091

5 63
2177
2195
2196
2197
2259
2260
2321
2322
2383
2440
2441
2450
2451
2512
2513
2575
2576
2581
2582
2646
2648
2712
2714
2779
2781
2845
2847
2910
2914
2981
3048
3115
7092
7093
7094
7095
7096
7097
7098
7099
7100
7101
7102
7103
7104
7105
7106
7107
7108
7109
7110
7111
7112
7113
7114
7115
7116
7117
7118
7119
7120
7121
7122

6 9
2984
2983
3047
3113
3115
7123
7124
7125
7126

7 155
4194
4195
4241
4290
4291
4292
4293
4298
4299
4345
4402
4464
4527
4529
4611
4693
4694
4772
4781
4859
4935
4938
5011
5081
5140
5208
5210
5222
5289
5291
5292
5359
5361
5429
5431
5497
5562
5624
5683
5740
5742
5747
5804
5859
5860
5906
5963
6018
6072
6123
6170
6217
6260
6299
6337
6374
6408
6440
6471
6500
6528
6554
6578
6600
6621
6640
6658
6674
6688
6700
6711
6721
6730
6737
6743
6747
6750
6751
7127
7128
7129
7130
7131
7132
7133
7134
7135
7136
7137
7138
7139
7140
7141
7142
7143
7144
7145
7146
7147
7148
7149
7150
7151
7152
7153
7154
7155
7156
7157
7158
7159
7160
7161
7162
7163
7164
7165
7166
7167
7168
7169
7170
7171
7172
7173
7174
7175
7176
7177
7178
7179
7180
7181
7182
7183
7184
7185
7186
7187
7188
7189
7190
7191
7192
7193
7194
7195
7196
7197
7198
7199
7200
7201
7202
7203

