201	6
21.0276	21.0076	0	0.00784984	21.0198	0	
1	0.999048	1.0699e-06	0.00037331	0.999627	0	
1.00099	1.00001	4.0192e-05	0.000374254	1.00058	0	
0.996181	0.994226	0.00142727	0.000369367	0.994384	0	
0.920474	0.910037	0.00863214	0.000318597	0.911524	0	
0.869869	0.841188	0.0163812	0.000250664	0.853238	0	
1.04329	0.997838	0.0115865	0.000294373	1.03141	0	
1.28538	1.24234	0.00185519	0.000394767	1.28313	0	
1.28848	1.23733	0.000998326	0.000417948	1.28706	0	
1.23776	1.1837	0.000835528	0.00040344	1.23652	0	
1.17813	1.12382	0.000812961	0.000378372	1.17694	0	
1.15064	1.09482	0.000708878	0.00036598	1.14957	0	
1.12971	1.07253	0.000640279	0.000355937	1.12871	0	
1.1114	1.05304	0.000582419	0.000348579	1.11046	0	
1.0972	1.03787	0.000542898	0.000341182	1.09632	0	
1.08406	1.02387	0.000505035	0.000334911	1.08322	0	
1.07574	1.01451	0.000474884	0.000332877	1.07493	0	
1.06667	1.00493	0.000464249	0.000325957	1.06588	0	
1.05805	0.995691	0.000445428	0.000320599	1.05728	0	
1.05135	0.988257	0.00042813	0.000316947	1.05061	0	
1.04613	0.982312	0.000413369	0.000314495	1.0454	0	
1.03974	0.975372	0.000398319	0.000311419	1.03903	0	
1.03556	0.970424	0.000377799	0.000310391	1.03488	0	
1.03042	0.965061	0.000374433	0.000306662	1.02973	0	
1.02662	0.960851	0.000365299	0.000304112	1.02595	0	
1.02307	0.95662	0.00034891	0.000303235	1.02242	0	
1.0185	0.951803	0.000346591	0.000300088	1.01785	0	
1.0159	0.948588	0.000335213	0.000299476	1.01526	0	
1.01111	0.943557	0.000328739	0.000297031	1.01048	0	
1.00799	0.940377	0.000330446	0.000293635	1.00737	0	
1.00417	0.936107	0.000320947	0.000291896	1.00356	0	
1.00204	0.933799	0.000325355	0.000288405	1.00143	0	
0.999038	0.930348	0.000318971	0.000286302	0.998432	0	
0.997485	0.928003	0.000307485	0.000287379	0.996891	0	
0.994919	0.925262	0.000309951	0.000286085	0.994323	0	
0.994639	0.924443	0.000303178	0.000286428	0.99405	0	
0.991754	0.921556	0.000306239	0.000283819	0.991164	0	
0.988619	0.918159	0.000302991	0.000282027	0.988034	0	
0.98717	0.916086	0.00029369	0.000281892	0.986595	0	
0.985238	0.913719	0.000290274	0.000281158	0.984666	0	
0.983288	0.911594	0.00029157	0.000279457	0.982717	0	
0.981065	0.908791	0.00028074	0.000279654	0.980505	0	
0.980933	0.908293	0.000279531	0.000279714	0.980374	0	
0.979261	0.906429	0.000275408	0.000279185	0.978706	0	
0.977238	0.904498	0.000278632	0.000277627	0.976682	0	
0.977476	0.904219	0.000271269	0.000277986	0.976927	0	
0.974266	0.900839	0.000268733	0.000276778	0.973721	0	
0.973504	0.899813	0.000266147	0.000276027	0.972962	0	
0.972874	0.898879	0.000264701	0.000275328	0.972334	0	
0.971722	0.897403	0.0002619	0.000274579	0.971186	0	
0.968922	0.894601	0.000263754	0.00027309	0.968385	0	
0.969027	0.894048	0.000256133	0.000273968	0.968497	0	
0.966315	0.891125	0.000253373	0.000273447	0.965788	0	
0.965131	0.890009	0.000254825	0.000272252	0.964604	0	
0.963254	0.887976	0.00025114	0.000271624	0.962731	0	
0.962074	0.886573	0.000247842	0.000271282	0.961555	0	
0.960892	0.884948	0.000239236	0.000271681	0.960382	0	
0.959456	0.883606	0.000240393	0.000270851	0.958945	0	
0.958626	0.882391	0.000232535	0.000271382	0.958122	0	
0.956641	0.880586	0.000234484	0.000270393	0.956136	0	
0.955837	0.879681	0.000233195	0.000270078	0.955333	0	
0.954344	0.87811	0.00023129	0.000269349	0.953843	0	
0.954289	0.877875	0.000230561	0.000268935	0.953789	0	
0.954531	0.87764	0.000225714	0.000269123	0.954036	0	
0.95175	0.875082	0.000227577	0.000267747	0.951254	0	
0.951951	0.874795	0.000221619	0.000268172	0.951461	0	
0.950537	0.873557	0.000225248	0.000267339	0.950044	0	
0.94932	0.872225	0.000223099	0.000267137	0.948829	0	
0.949179	0.871969	0.000222941	0.000267099	0.948689	0	
0.948357	0.871068	0.000221563	0.000266909	0.947869	0	
0.947333	0.869998	0.000220526	0.000266515	0.946846	0	
0.946975	0.869528	0.000219556	0.000266451	0.946489	0	
0.946719	0.868894	0.000215222	0.000266731	0.946237	0	
0.946402	0.868807	0.000219321	0.000266087	0.945917	0	
0.946112	0.868459	0.000219454	0.000265833	0.945627	0	
0.94547	0.867502	0.000213834	0.000265896	0.94499	0	
0.945445	0.867394	0.000213885	0.000265719	0.944965	0	
0.944887	0.867063	0.000218028	0.000264962	0.944404	0	
0.944132	0.866277	0.00021699	0.000264542	0.94365	0	
0.943661	0.865414	0.000212441	0.00026462	0.943184	0	
0.943576	0.865495	0.000216429	0.000264034	0.943096	0	
0.942675	0.864479	0.000215851	0.000263681	0.942195	0	
0.942261	0.863968	0.00021542	0.000263485	0.941782	0	
0.942167	0.863432	0.000210793	0.000263953	0.941692	0	
0.942074	0.863175	0.000210745	0.000264212	0.941599	0	
0.942699	0.863641	0.000211581	0.000264543	0.942223	0	
0.941472	0.862643	0.00021507	0.000263772	0.940993	0	
0.9414	0.862153	0.000209856	0.000264037	0.940926	0	
0.941066	0.862004	0.000213897	0.000263444	0.940589	0	
0.94121	0.861704	0.000208606	0.000263904	0.940738	0	
0.939931	0.860351	0.000208408	0.000263687	0.939459	0	
0.940744	0.861365	0.000212618	0.000263497	0.940268	0	
0.940479	0.861049	0.000212579	0.000263445	0.940003	0	
0.939271	0.85977	0.000211316	0.000263288	0.938796	0	
0.939567	0.86	0.000211122	0.000263289	0.939093	0	
0.93906	0.859452	0.000211041	0.000263027	0.938586	0	
0.939176	0.859431	0.000210912	0.000263012	0.938702	0	
0.938585	0.858467	0.000205749	0.000263203	0.938116	0	
0.937878	0.857979	0.000209156	0.000262514	0.937406	0	
0.937536	0.857531	0.000208349	0.000262387	0.937066	0	
0.937	0.856922	0.00020809	0.000262169	0.93653	0	
0.935755	0.855601	0.000207354	0.000261737	0.935286	0	
0.935968	0.855696	0.000207016	0.000261677	0.935499	0	
0.935095	0.854755	0.000206364	0.000261357	0.934627	0	
0.936114	0.855322	0.000201715	0.000261882	0.935651	0	
0.93507	0.854238	0.000201937	0.000261543	0.934607	0	
0.934772	0.854191	0.000205808	0.000260866	0.934305	0	
0.934081	0.853505	0.000205727	0.000260444	0.933614	0	
0.934517	0.853504	0.000201076	0.0002607	0.934055	0	
0.933588	0.852861	0.000205734	0.000259796	0.933122	0	
0.932863	0.852104	0.000205208	0.000259259	0.932399	0	
0.932895	0.852029	0.000205092	0.000259003	0.932431	0	
0.932207	0.851248	0.000204853	0.000258638	0.931744	0	
0.931569	0.850561	0.000204626	0.000258267	0.931106	0	
0.931215	0.850156	0.000204716	0.000257953	0.930752	0	
0.93086	0.849361	0.000200225	0.000258041	0.930402	0	
0.930274	0.849049	0.000203996	0.00025728	0.929813	0	
0.929958	0.848633	0.000202812	0.000257007	0.929498	0	
0.929766	0.848332	0.000202485	0.00025683	0.929307	0	
0.929271	0.847457	0.000198135	0.000256855	0.928816	0	
0.929356	0.847464	0.000197756	0.000256709	0.928902	0	
0.928184	0.846256	0.000197147	0.000256264	0.92773	0	
0.927184	0.845202	0.00019665	0.000255899	0.926731	0	
0.926505	0.844499	0.000196107	0.000255443	0.926053	0	
0.92562	0.843589	0.000196045	0.000254984	0.925169	0	
0.926025	0.844235	0.000200126	0.000254452	0.925571	0	
0.924596	0.842447	0.000194901	0.000254158	0.924147	0	
0.923352	0.841494	0.000199202	0.000253374	0.922899	0	
0.922606	0.840751	0.00019825	0.000252963	0.922155	0	
0.922187	0.840245	0.000198169	0.000252748	0.921736	0	
0.921595	0.839632	0.000197572	0.000252463	0.921145	0	
0.921206	0.839216	0.000197088	0.000252241	0.920756	0	
0.920906	0.83855	0.000192479	0.000252372	0.920461	0	
0.921159	0.839043	0.000197893	0.000252112	0.920709	0	
0.919218	0.837177	0.000196335	0.000251513	0.91877	0	
0.919544	0.837069	0.000192111	0.000251784	0.9191	0	
0.919096	0.836591	0.000192203	0.000251645	0.918653	0	
0.919573	0.837049	0.000192783	0.000251548	0.919129	0	
0.919213	0.836601	0.000192321	0.000251452	0.91877	0	
0.918316	0.836045	0.000196	0.000250884	0.917869	0	
0.919352	0.836972	0.000195855	0.000251076	0.918905	0	
0.918806	0.836376	0.00019573	0.000250835	0.91836	0	
0.918356	0.835543	0.000191638	0.000250949	0.917914	0	
0.917726	0.835194	0.000195143	0.000250528	0.91728	0	
0.917886	0.834916	0.000190762	0.000250825	0.917444	0	
0.917587	0.834924	0.000195071	0.000250534	0.917141	0	
0.917783	0.834719	0.000190986	0.000250761	0.917342	0	
0.916309	0.833581	0.000194298	0.000250265	0.915865	0	
0.916944	0.833766	0.000189975	0.000250641	0.916503	0	
0.916439	0.833573	0.000195013	0.000250288	0.915994	0	
0.915358	0.832528	0.000193469	0.00025002	0.914915	0	
0.914912	0.832021	0.000193921	0.000249996	0.914468	0	
0.915998	0.832639	0.000189576	0.000250693	0.915557	0	
0.915858	0.832406	0.000189429	0.00025094	0.915417	0	
0.916132	0.832601	0.000189023	0.000251147	0.915692	0	
0.913929	0.830532	0.000188219	0.000250687	0.91349	0	
0.915087	0.831479	0.000188036	0.000251078	0.914648	0	
0.912382	0.828934	0.000187446	0.000250534	0.911944	0	
0.912938	0.829366	0.000186871	0.000250783	0.9125	0	
0.914869	0.83099	0.000187083	0.000251501	0.914431	0	
0.910744	0.827047	0.000186122	0.000250692	0.910307	0	
0.913374	0.829453	0.000185709	0.00025154	0.912936	0	
0.913979	0.829999	0.000185184	0.000251786	0.913542	0	
0.913791	0.829756	0.000184644	0.000251876	0.913354	0	
0.914003	0.82988	0.000184643	0.00025207	0.913566	0	
0.913193	0.829441	0.000188195	0.000251759	0.912753	0	
0.912751	0.82861	0.000183076	0.000251919	0.912316	0	
0.912202	0.827994	0.000183285	0.000251881	0.911767	0	
0.912957	0.828621	0.000182772	0.000252208	0.912522	0	
0.913632	0.829198	0.000182796	0.000252424	0.913197	0	
0.911432	0.827104	0.000181761	0.000251981	0.910998	0	
0.912207	0.82775	0.000181491	0.000252347	0.911773	0	
0.912674	0.828099	0.000181495	0.000252601	0.91224	0	
0.913206	0.828592	0.000181775	0.000252782	0.912772	0	
0.913012	0.82844	0.000181352	0.000252688	0.912578	0	
0.911878	0.827707	0.000184627	0.000252249	0.911441	0	
0.911747	0.827186	0.000180264	0.000252414	0.911315	0	
0.911344	0.826746	0.000180381	0.000252411	0.910912	0	
0.910694	0.826216	0.000179792	0.000252162	0.910263	0	
0.912952	0.828202	0.000180516	0.000252819	0.912518	0	
0.911084	0.826429	0.000180121	0.000252383	0.910651	0	
0.912276	0.827517	0.000179807	0.000252689	0.911843	0	
0.911031	0.826316	0.000180365	0.000252353	0.910598	0	
0.911941	0.827156	0.000179786	0.000252568	0.911509	0	
0.908983	0.824381	0.000179454	0.000251812	0.908552	0	
0.911777	0.826953	0.000179434	0.000252489	0.911345	0	
0.909555	0.824833	0.000179467	0.000251964	0.909124	0	
0.910914	0.82604	0.000179334	0.000252298	0.910482	0	
0.910612	0.825766	0.000179565	0.000252145	0.91018	0	
0.910723	0.825824	0.000179153	0.000252196	0.910291	0	
0.911205	0.82629	0.000180071	0.000252242	0.910773	0	
0.910169	0.82528	0.000178756	0.000251988	0.909738	0	
0.910797	0.825801	0.000179026	0.000252167	0.910366	0	
0.910653	0.825682	0.000179123	0.000252059	0.910222	0	
0.909119	0.824209	0.000178428	0.000251689	0.908688	0	
0.910632	0.825591	0.000178814	0.000252031	0.910201	0	
0.907739	0.822849	0.000178487	0.0002513	0.907309	0	
0.910753	0.825651	0.00017965	0.000251959	0.910321	0	
0.908735	0.823681	0.000179012	0.000251441	0.908305	0	
0.910049	0.824876	0.000178668	0.000251661	0.909619	0	
0.909768	0.824583	0.000178952	0.00025153	0.909338	0	
