432 20
0 6
0 1091 
1091 3 
3 1092 
1092 4 
4 1093 
1093 9 

1 12
1 1094 
1094 0 
5 1095 
1095 1 
10 1096 
1096 5 
15 1097 
1097 10 
20 1098 
1098 15 
27 1099 
1099 20 

2 12
9 1100 
1100 14 
14 1101 
1101 19 
19 1102 
1102 24 
24 1103 
1103 31 
31 1104 
1104 41 
41 1105 
1105 59 

3 44
26 1106 
1106 25 
25 1107 
1107 33 
36 1108 
1108 26 
37 1109 
1109 27 
33 1110 
1110 46 
55 1111 
1111 37 
46 1112 
1112 64 
78 1113 
1113 55 
79 1114 
1114 78 
64 1115 
1115 90 
90 1116 
1116 93 
111 1117 
1117 79 
93 1118 
1118 127 
127 1119 
1119 129 
129 1120 
1120 128 
154 1121 
1121 111 
165 1122 
1122 154 
166 1123 
1123 165 
170 1124 
1124 166 
171 1125 
1125 170 
128 1126 
1126 172 
172 1127 
1127 171 

4 28
76 1128 
1128 54 
77 1129 
1129 76 
59 1130 
1130 84 
102 1131 
1131 103 
103 1132 
1132 104 
104 1133 
1133 105 
105 1134 
1134 106 
106 1135 
1135 77 
114 1136 
1136 102 
84 1137 
1137 115 
116 1138 
1138 114 
117 1139 
1139 116 
115 1140 
1140 118 
118 1141 
1141 117 

5 38
59 1142 
1142 82 
82 1143 
1143 120 
120 1144 
1144 161 
161 1145 
1145 200 
200 1146 
1146 242 
258 1147 
1147 259 
259 1148 
1148 262 
242 1149 
1149 278 
284 1150 
1150 258 
278 1151 
1151 285 
286 1152 
1152 284 
287 1153 
1153 286 
288 1154 
1154 287 
285 1155 
1155 289 
289 1156 
1156 290 
290 1157 
1157 291 
291 1158 
1158 292 
292 1159 
1159 288 
262 1160 
1160 296 

6 52
54 1161 
1161 74 
74 1162 
1162 107 
107 1163 
1163 144 
144 1164 
1164 188 
188 1165 
1165 231 
231 1166 
1166 269 
269 1167 
1167 304 
304 1168 
1168 340 
340 1169 
1169 372 
372 1170 
1170 406 
406 1171 
1171 441 
441 1172 
1172 477 
477 1173 
1173 515 
515 1174 
1174 552 
552 1175 
1175 588 
588 1176 
1176 629 
629 1177 
1177 632 
632 1178 
1178 674 
674 1179 
1179 676 
676 1180 
1180 715 
715 1181 
1181 716 
716 1182 
1182 736 
736 1183 
1183 737 
737 1184 
1184 773 
773 1185 
1185 774 
774 1186 
1186 809 

7 6
51 1187 
1187 36 
70 1188 
1188 51 
97 1189 
1189 70 

8 26
139 1190 
1190 97 
184 1191 
1191 139 
226 1192 
1192 184 
264 1193 
1193 226 
299 1194 
1194 264 
335 1195 
1195 299 
369 1196 
1196 335 
403 1197 
1197 369 
437 1198 
1198 403 
473 1199 
1199 437 
509 1200 
1200 473 
544 1201 
1201 509 
579 1202 
1202 544 

9 6
223 1203 
1203 179 
261 1204 
1204 223 
296 1205 
1205 261 

10 26
179 1206 
1206 138 
138 1207 
1207 183 
183 1208 
1208 225 
225 1209 
1209 263 
263 1210 
1210 298 
298 1211 
1211 334 
334 1212 
1212 368 
368 1213 
1213 402 
402 1214 
1214 436 
436 1215 
1215 472 
472 1216 
1216 508 
508 1217 
1217 542 
542 1218 
1218 577 

11 26
330 1219 
1219 296 
364 1220 
1220 330 
398 1221 
1221 364 
431 1222 
1222 398 
465 1223 
1223 431 
470 1224 
1224 465 
471 1225 
1225 470 
504 1226 
1226 471 
505 1227 
1227 504 
514 1228 
1228 505 
550 1229 
1229 514 
584 1230 
1230 550 
626 1231 
1231 584 

12 6
617 1232 
1232 579 
618 1233 
1233 617 
625 1234 
1234 618 

13 42
667 1235 
1235 625 
706 1236 
1236 667 
745 1237 
1237 706 
782 1238 
1238 745 
819 1239 
1239 782 
853 1240 
1240 819 
883 1241 
1241 853 
910 1242 
1242 883 
934 1243 
1243 910 
955 1244 
1244 934 
973 1245 
1245 955 
982 1246 
1246 973 
997 1247 
1247 982 
1010 1248 
1248 997 
1021 1249 
1249 1010 
1032 1250 
1250 1021 
1040 1251 
1251 1032 
1047 1252 
1252 1040 
1053 1253 
1253 1047 
1057 1254 
1254 1053 
1062 1255 
1255 1057 

14 6
577 1256 
1256 612 
612 1257 
1257 613 
613 1258 
1258 626 

15 38
626 1259 
1259 668 
668 1260 
1260 707 
707 1261 
1261 746 
746 1262 
1262 783 
783 1263 
1263 820 
820 1264 
1264 854 
854 1265 
1265 884 
884 1266 
1266 911 
911 1267 
1267 935 
935 1268 
1268 956 
956 1269 
1269 974 
974 1270 
1270 991 
991 1271 
1271 1005 
1005 1272 
1272 1017 
1017 1273 
1273 1028 
1028 1274 
1274 1037 
1037 1275 
1275 1045 
1045 1276 
1276 1050 
1050 1277 
1277 1054 

16 12
1067 1278 
1278 1062 
1072 1279 
1279 1067 
1078 1280 
1280 1072 
1084 1281 
1281 1078 
1088 1282 
1282 1084 
1090 1283 
1283 1088 

17 28
809 1284 
1284 844 
844 1285 
1285 875 
875 1286 
1286 903 
903 1287 
1287 927 
927 1288 
1288 948 
948 1289 
1289 966 
966 1290 
1290 984 
984 1291 
1291 999 
999 1292 
1292 1012 
1012 1293 
1293 1023 
1023 1294 
1294 1034 
1034 1295 
1295 1042 
1042 1296 
1296 1049 
1049 1297 
1297 1054 

18 12
1054 1298 
1298 1058 
1058 1299 
1299 1063 
1063 1300 
1300 1068 
1068 1301 
1301 1073 
1073 1302 
1302 1076 
1076 1303 
1303 1082 

19 6
1082 1304 
1304 1086 
1086 1305 
1305 1089 
1089 1306 
1306 1090 

