2004 
0 1 2 
 3 0 2 
 1 5 6 
 1 6 2 
 4 3 7 
 7 3 2 
 7 2 6 
 4 7 8 
 9 4 8 
 5 10 11 
 6 5 11 
 6 11 12 
 7 6 12 
 13 8 7 
 12 13 7 
 14 9 8 
 13 14 8 
 10 15 16 
 11 10 16 
 11 16 17 
 17 12 11 
 18 13 12 
 17 18 12 
 19 14 13 
 18 19 13 
 15 20 21 
 16 15 21 
 16 21 22 
 16 22 17 
 23 18 17 
 23 17 22 
 24 19 18 
 23 24 18 
 20 27 28 
 21 20 28 
 21 28 29 
 22 21 29 
 29 30 22 
 30 23 22 
 31 24 23 
 30 31 23 
 33 25 32 
 25 26 34 
 32 25 34 
 34 26 35 
 26 36 35 
 27 37 38 
 28 27 38 
 28 38 39 
 29 28 39 
 40 30 29 
 39 40 29 
 41 31 30 
 40 41 30 
 32 34 42 
 44 32 42 
 45 33 32 
 45 32 44 
 46 33 45 
 42 34 47 
 42 47 49 
 49 48 43 
 49 43 42 
 34 35 50 
 50 47 34 
 36 51 35 
 51 50 35 
 37 55 56 
 38 37 56 
 38 56 57 
 39 38 57 
 58 40 39 
 57 58 39 
 59 41 40 
 58 59 40 
 48 52 60 
 52 53 60 
 43 48 61 
 61 48 60 
 44 42 62 
 62 42 43 
 62 43 61 
 63 44 62 
 65 45 44 
 65 44 63 
 64 46 66 
 66 46 45 
 66 45 65 
 53 67 60 
 50 68 47 
 47 68 49 
 68 69 49 
 49 69 48 
 48 69 52 
 51 70 50 
 50 70 68 
 69 71 52 
 52 71 53 
 71 72 53 
 53 72 73 
 53 73 67 
 74 54 75 
 54 76 75 
 55 78 80 
 56 55 80 
 56 80 81 
 81 58 57 
 81 57 56 
 82 59 58 
 81 82 58 
 59 82 83 
 84 59 83 
 61 60 86 
 86 60 67 
 67 85 86 
 63 62 87 
 87 62 61 
 87 61 86 
 88 63 87 
 65 63 89 
 89 63 88 
 90 64 91 
 91 64 66 
 91 66 92 
 92 66 65 
 92 65 89 
 67 73 94 
 94 85 67 
 95 94 73 
 94 96 85 
 70 97 68 
 68 97 69 
 69 97 71 
 97 98 71 
 71 98 72 
 72 98 99 
 72 99 73 
 100 95 73 
 101 100 73 
 101 73 99 
 107 74 108 
 108 74 75 
 76 77 109 
 76 109 75 
 108 75 109 
 77 106 110 
 109 77 110 
 78 79 112 
 80 78 112 
 79 111 113 
 112 79 113 
 119 81 80 
 80 112 119 
 120 82 81 
 119 120 81 
 82 120 121 
 82 121 83 
 115 84 122 
 122 84 83 
 122 83 121 
 96 123 85 
 123 124 85 
 85 124 86 
 88 87 125 
 124 125 86 
 87 86 125 
 89 88 126 
 125 126 88 
 130 92 89 
 130 89 126 
 93 90 131 
 131 90 91 
 131 91 132 
 132 91 92 
 132 92 130 
 127 93 133 
 133 93 131 
 95 134 94 
 94 134 96 
 135 134 95 
 100 135 95 
 134 136 96 
 96 136 123 
 136 137 123 
 97 139 98 
 98 139 140 
 98 140 99 
 141 138 135 
 141 135 100 
 99 140 142 
 99 142 101 
 143 141 100 
 143 100 101 
 142 143 101 
 102 114 145 
 103 102 146 
 146 102 145 
 104 103 147 
 147 103 146 
 105 104 148 
 148 104 147 
 106 105 149 
 110 106 149 
 149 105 148 
 144 107 150 
 150 107 108 
 150 108 151 
 151 108 109 
 109 110 152 
 109 152 151 
 110 149 153 
 152 110 153 
 111 154 155 
 113 111 155 
 112 113 156 
 155 156 113 
 156 119 112 
 114 116 157 
 145 114 157 
 118 115 158 
 158 115 122 
 116 117 159 
 157 116 159 
 117 118 160 
 159 117 160 
 160 118 158 
 161 120 119 
 156 161 119 
 120 161 162 
 121 120 162 
 158 122 163 
 121 162 163 
 163 122 121 
 123 137 164 
 123 164 124 
 124 164 167 
 124 167 125 
 167 168 125 
 125 168 126 
 168 169 126 
 126 169 130 
 172 128 173 
 129 127 174 
 174 127 133 
 128 129 175 
 173 128 175 
 175 129 174 
 132 130 176 
 169 176 130 
 133 131 177 
 177 131 132 
 177 132 176 
 174 133 178 
 178 133 177 
 138 179 135 
 135 179 134 
 134 179 136 
 179 180 136 
 136 180 137 
 164 137 181 
 137 180 182 
 137 182 181 
 183 138 141 
 139 184 140 
 140 184 185 
 140 185 142 
 186 183 141 
 186 141 143 
 142 185 187 
 187 186 143 
 142 187 143 
 188 144 189 
 189 144 150 
 145 157 190 
 146 145 191 
 191 145 190 
 147 146 192 
 192 146 191 
 148 147 193 
 193 147 192 
 149 148 194 
 153 149 194 
 194 148 193 
 189 150 195 
 195 150 151 
 195 151 196 
 152 153 196 
 196 151 152 
 153 194 197 
 153 197 196 
 154 165 198 
 155 154 198 
 199 156 155 
 155 198 199 
 200 161 156 
 199 200 156 
 157 159 201 
 190 157 201 
 160 158 202 
 202 158 163 
 159 160 203 
 201 159 203 
 203 160 202 
 161 200 204 
 162 161 204 
 162 204 205 
 162 205 163 
 202 163 206 
 206 163 205 
 181 207 164 
 207 167 164 
 165 166 208 
 198 165 208 
 166 170 209 
 208 166 209 
 207 210 167 
 167 210 168 
 210 211 168 
 168 211 169 
 211 212 169 
 169 212 176 
 170 171 213 
 209 170 213 
 171 172 214 
 213 171 214 
 214 172 173 
 173 175 215 
 214 173 216 
 173 215 216 
 175 174 217 
 174 178 217 
 215 175 218 
 175 217 218 
 212 219 176 
 176 219 177 
 178 177 219 
 219 220 178 
 217 178 220 
 181 221 207 
 180 222 182 
 179 223 180 
 180 223 222 
 224 221 181 
 182 222 224 
 224 181 182 
 225 183 186 
 184 226 185 
 185 226 227 
 185 227 187 
 228 225 186 
 228 186 187 
 187 227 229 
 229 228 187 
 190 201 230 
 231 188 232 
 232 188 189 
 232 189 233 
 233 189 195 
 191 190 234 
 234 190 230 
 192 191 235 
 235 191 234 
 193 192 236 
 236 192 235 
 194 193 237 
 197 194 237 
 237 193 236 
 233 195 238 
 238 195 196 
 238 196 239 
 239 196 197 
 197 237 240 
 197 240 239 
 198 208 241 
 198 241 199 
 242 200 199 
 241 242 199 
 200 242 243 
 204 200 243 
 201 203 244 
 230 201 244 
 203 202 245 
 244 203 245 
 245 202 206 
 204 243 246 
 205 204 246 
 205 246 247 
 205 247 206 
 245 206 247 
 221 248 207 
 207 248 210 
 249 241 208 
 208 209 249 
 209 213 249 
 248 250 210 
 210 250 211 
 250 251 211 
 211 251 212 
 251 252 212 
 212 252 219 
 213 214 253 
 213 253 249 
 254 253 214 
 216 254 214 
 255 254 216 
 218 255 215 
 255 216 215 
 256 255 218 
 220 256 217 
 217 256 218 
 252 257 219 
 257 256 220 
 219 257 220 
 221 258 248 
 259 258 221 
 224 259 221 
 222 260 224 
 223 261 222 
 222 261 260 
 262 259 224 
 262 224 260 
 263 225 228 
 226 264 227 
 227 264 265 
 227 265 229 
 266 263 228 
 266 228 229 
 266 229 265 
 230 244 267 
 234 230 268 
 268 230 267 
 269 231 270 
 270 231 232 
 270 232 271 
 271 232 233 
 271 233 272 
 272 233 238 
 235 234 273 
 273 234 268 
 236 235 274 
 274 235 273 
 237 236 275 
 240 237 275 
 275 236 274 
 272 238 276 
 276 238 239 
 276 239 240 
 240 275 277 
 240 277 276 
 278 242 241 
 249 278 241 
 242 278 279 
 243 242 279 
 243 279 280 
 246 243 280 
 244 245 281 
 267 244 281 
 281 245 247 
 246 280 282 
 247 246 282 
 247 282 281 
 267 281 283 
 258 284 248 
 248 284 250 
 285 278 249 
 253 285 249 
 284 286 250 
 250 286 251 
 286 287 251 
 251 287 252 
 287 288 252 
 252 288 257 
 289 285 253 
 254 289 253 
 290 289 254 
 255 290 254 
 291 290 255 
 256 291 255 
 288 292 257 
 292 291 256 
 257 292 256 
 284 258 293 
 258 259 294 
 293 258 294 
 259 262 295 
 294 259 295 
 261 296 260 
 296 262 260 
 262 296 297 
 295 262 297 
 298 263 266 
 264 299 265 
 265 299 300 
 265 300 266 
 301 298 266 
 300 301 266 
 268 267 302 
 302 267 283 
 273 268 303 
 303 268 302 
 304 269 305 
 305 269 270 
 305 270 306 
 306 270 271 
 306 271 307 
 307 271 272 
 307 272 308 
 308 272 276 
 274 273 309 
 309 273 303 
 275 274 310 
 277 275 310 
 310 274 309 
 308 276 311 
 311 276 277 
 311 277 312 
 277 310 312 
 278 285 313 
 279 278 313 
 279 313 315 
 280 279 315 
 280 315 316 
 282 280 316 
 282 316 317 
 317 283 281 
 281 282 317 
 317 318 283 
 302 283 318 
 302 318 314 
 286 284 319 
 319 284 293 
 285 289 320 
 313 285 320 
 287 286 321 
 321 286 319 
 288 287 322 
 322 287 321 
 292 288 323 
 323 288 322 
 289 290 324 
 320 289 324 
 290 291 325 
 324 290 325 
 291 292 326 
 325 291 326 
 326 292 323 
 319 293 327 
 293 294 328 
 327 293 328 
 294 295 329 
 328 294 329 
 295 297 331 
 329 295 331 
 296 330 332 
 297 296 332 
 297 332 333 
 331 297 333 
 334 298 301 
 299 335 300 
 300 335 336 
 300 336 301 
 337 334 301 
 337 301 336 
 303 302 338 
 338 302 314 
 309 303 339 
 339 303 338 
 340 304 341 
 341 304 305 
 341 305 342 
 342 305 306 
 342 306 343 
 343 306 307 
 343 307 344 
 344 307 308 
 344 308 345 
 345 308 311 
 310 309 346 
 310 346 312 
 346 309 339 
 345 311 347 
 347 311 312 
 347 312 346 
 313 320 348 
 315 313 348 
 318 349 314 
 338 314 349 
 315 348 350 
 316 315 350 
 316 350 351 
 317 316 351 
 317 351 318 
 318 351 352 
 318 352 349 
 321 319 353 
 353 319 327 
 320 324 354 
 348 320 354 
 322 321 355 
 355 321 353 
 323 322 356 
 356 322 355 
 326 323 357 
 357 323 356 
 324 325 358 
 354 324 358 
 325 326 359 
 358 325 359 
 359 326 357 
 353 327 360 
 327 328 361 
 360 327 361 
 328 329 362 
 361 328 362 
 329 331 363 
 362 329 363 
 330 364 365 
 332 330 365 
 331 333 366 
 363 331 366 
 332 365 367 
 333 332 367 
 333 367 366 
 368 334 337 
 335 369 336 
 370 368 337 
 336 369 371 
 336 371 337 
 371 370 337 
 346 339 373 
 339 338 374 
 373 339 374 
 374 338 349 
 372 340 375 
 375 340 341 
 375 341 376 
 376 341 342 
 376 342 377 
 377 342 343 
 377 343 378 
 378 343 344 
 378 344 379 
 379 344 345 
 379 345 380 
 380 345 347 
 380 347 381 
 381 347 346 
 346 373 381 
 348 354 382 
 350 348 382 
 349 383 374 
 349 352 384 
 349 384 383 
 350 382 385 
 351 350 385 
 351 385 352 
 352 385 386 
 352 386 384 
 355 353 387 
 387 353 360 
 354 358 388 
 382 354 388 
 356 355 389 
 389 355 387 
 357 356 390 
 390 356 389 
 359 357 391 
 391 357 390 
 358 359 392 
 388 358 392 
 392 359 391 
 387 360 393 
 360 361 394 
 393 360 394 
 361 362 395 
 394 361 395 
 362 363 396 
 395 362 396 
 363 366 397 
 396 363 397 
 364 398 399 
 365 364 399 
 365 399 400 
 367 365 400 
 367 400 401 
 367 401 366 
 397 366 401 
 402 368 370 
 369 403 371 
 404 402 370 
 371 403 405 
 404 370 405 
 371 405 370 
 406 372 407 
 407 372 375 
 373 374 408 
 408 381 373 
 374 383 409 
 374 409 408 
 407 375 410 
 410 375 376 
 410 376 411 
 411 376 377 
 411 377 412 
 412 377 378 
 412 378 413 
 413 378 379 
 413 379 414 
 414 379 380 
 414 380 415 
 415 380 381 
 415 381 408 
 382 388 416 
 385 382 416 
 383 384 417 
 383 417 409 
 384 386 418 
 384 418 417 
 385 416 419 
 385 419 386 
 386 419 420 
 418 386 420 
 387 393 421 
 389 387 422 
 422 387 421 
 388 392 423 
 416 388 423 
 390 389 424 
 424 389 422 
 391 390 425 
 425 390 424 
 392 391 426 
 423 392 426 
 426 391 425 
 393 394 427 
 421 393 427 
 394 395 428 
 395 396 428 
 427 394 428 
 396 397 429 
 396 429 428 
 401 430 397 
 429 397 430 
 398 431 432 
 399 398 432 
 399 432 433 
 400 399 433 
 400 433 434 
 401 400 434 
 401 434 430 
 430 434 435 
 436 402 404 
 403 437 405 
 438 436 404 
 438 404 439 
 439 404 405 
 405 437 440 
 405 440 439 
 441 406 442 
 442 406 407 
 442 407 443 
 443 407 410 
 444 415 408 
 444 408 409 
 409 417 445 
 409 445 444 
 443 410 446 
 446 410 411 
 446 411 447 
 447 411 412 
 447 412 448 
 448 412 413 
 448 413 449 
 449 413 414 
 449 414 450 
 450 414 415 
 450 415 444 
 416 423 451 
 419 416 451 
 417 418 452 
 417 452 445 
 418 420 453 
 452 418 453 
 419 451 454 
 419 454 420 
 420 454 453 
 455 421 427 
 422 421 456 
 456 421 455 
 424 422 457 
 457 422 456 
 423 426 458 
 451 423 458 
 425 424 459 
 459 424 457 
 426 425 460 
 458 426 460 
 460 425 459 
 427 428 461 
 455 427 461 
 461 428 429 
 461 429 462 
 463 455 461 
 430 435 464 
 430 464 429 
 429 464 462 
 431 465 466 
 432 431 466 
 432 466 467 
 433 432 467 
 433 467 468 
 434 433 468 
 434 468 435 
 435 468 469 
 435 469 464 
 472 436 438 
 437 473 440 
 474 472 438 
 474 438 475 
 475 438 439 
 475 439 440 
 440 473 476 
 440 476 475 
 477 441 478 
 478 441 442 
 478 442 479 
 479 442 443 
 479 443 480 
 480 443 446 
 481 450 444 
 445 481 444 
 445 452 482 
 445 482 481 
 480 446 483 
 483 446 447 
 483 447 484 
 484 447 448 
 484 448 485 
 485 448 449 
 485 449 486 
 486 449 450 
 486 450 481 
 451 458 487 
 454 451 487 
 452 453 488 
 482 452 488 
 454 487 489 
 454 489 453 
 488 453 489 
 489 487 490 
 459 457 491 
 456 455 492 
 492 455 463 
 457 456 493 
 491 457 493 
 493 456 492 
 458 460 494 
 460 459 494 
 487 458 494 
 494 459 491 
 491 495 494 
 492 463 496 
 462 464 497 
 463 461 497 
 462 497 461 
 496 463 498 
 498 463 497 
 469 499 464 
 464 499 497 
 465 470 500 
 466 465 500 
 466 500 501 
 467 466 501 
 467 501 502 
 468 467 502 
 468 502 469 
 469 502 503 
 469 503 499 
 470 471 506 
 500 470 506 
 471 504 507 
 506 471 507 
 508 472 474 
 473 509 476 
 510 508 474 
 510 474 511 
 511 474 475 
 476 512 475 
 475 512 511 
 476 509 513 
 476 513 512 
 515 477 516 
 516 477 478 
 516 478 517 
 517 478 479 
 517 479 518 
 518 479 480 
 482 488 519 
 518 480 520 
 520 480 483 
 521 486 481 
 521 481 482 
 521 482 519 
 520 483 522 
 522 483 484 
 522 484 523 
 523 484 485 
 523 485 524 
 524 485 486 
 524 486 521 
 487 494 525 
 487 525 490 
 489 490 526 
 489 526 488 
 488 526 519 
 490 525 527 
 526 490 527 
 491 493 528 
 493 492 528 
 495 491 528 
 492 496 528 
 525 494 529 
 529 494 495 
 495 528 530 
 529 495 530 
 496 498 531 
 496 531 528 
 499 532 497 
 497 532 498 
 532 531 498 
 499 503 533 
 499 533 532 
 500 506 534 
 501 500 534 
 501 534 535 
 502 501 535 
 502 535 503 
 503 535 536 
 503 536 533 
 504 505 537 
 507 504 537 
 505 514 538 
 537 505 538 
 506 507 539 
 534 506 539 
 507 537 540 
 539 507 540 
 538 514 541 
 542 508 510 
 543 542 510 
 509 544 513 
 543 510 545 
 545 510 511 
 545 511 546 
 512 546 511 
 547 543 545 
 513 548 512 
 512 548 546 
 513 544 549 
 513 549 548 
 514 550 541 
 551 515 516 
 552 515 551 
 551 516 553 
 553 516 517 
 553 517 554 
 554 517 518 
 554 518 555 
 555 518 520 
 556 521 519 
 556 519 526 
 555 520 557 
 557 520 522 
 558 524 521 
 558 521 556 
 557 522 559 
 559 522 523 
 559 523 560 
 560 523 524 
 560 524 558 
 525 529 561 
 525 561 527 
 526 527 562 
 526 562 556 
 527 561 563 
 562 527 563 
 530 528 564 
 531 564 528 
 561 529 565 
 565 529 530 
 565 530 564 
 532 566 531 
 531 566 564 
 532 533 567 
 532 567 566 
 533 536 568 
 533 568 567 
 534 539 569 
 535 534 569 
 535 569 570 
 535 570 536 
 536 570 568 
 541 550 571 
 537 538 572 
 540 537 572 
 538 541 573 
 572 538 573 
 539 540 574 
 569 539 574 
 540 572 575 
 574 540 575 
 541 571 576 
 573 541 576 
 577 542 543 
 577 543 578 
 578 543 547 
 544 579 549 
 578 547 580 
 580 547 581 
 547 545 581 
 545 546 581 
 546 548 581 
 548 549 582 
 548 582 581 
 549 579 583 
 549 583 582 
 550 584 571 
 571 584 585 
 586 551 553 
 587 552 551 
 587 551 586 
 588 552 587 
 586 553 589 
 589 553 554 
 589 554 590 
 590 554 555 
 590 555 591 
 591 555 557 
 592 558 556 
 592 556 562 
 591 557 593 
 593 557 559 
 594 560 558 
 594 558 592 
 593 559 595 
 595 559 560 
 595 560 594 
 561 565 596 
 561 596 563 
 562 563 597 
 563 596 597 
 597 592 562 
 564 566 598 
 564 598 565 
 596 565 599 
 598 599 565 
 569 574 600 
 567 601 566 
 566 601 598 
 567 568 602 
 567 602 601 
 570 603 568 
 602 568 603 
 570 569 604 
 569 600 604 
 570 604 603 
 571 585 605 
 576 571 605 
 605 585 606 
 572 573 607 
 575 572 607 
 573 576 608 
 607 573 608 
 574 575 609 
 600 574 609 
 575 607 610 
 609 575 610 
 576 605 611 
 608 576 611 
 614 578 580 
 612 577 615 
 615 577 616 
 616 577 578 
 616 578 614 
 583 579 619 
 579 617 620 
 579 620 619 
 614 580 621 
 580 581 622 
 580 622 621 
 582 583 623 
 582 623 581 
 622 581 623 
 583 619 624 
 623 583 624 
 584 626 585 
 585 626 627 
 585 627 606 
 628 586 589 
 630 587 586 
 630 586 628 
 629 588 631 
 631 588 587 
 631 587 630 
 628 589 633 
 633 589 590 
 634 591 593 
 633 590 635 
 635 590 591 
 635 591 634 
 636 594 592 
 636 592 597 
 634 593 637 
 637 593 595 
 637 595 638 
 638 595 594 
 638 594 636 
 596 599 639 
 596 639 597 
 639 636 597 
 598 601 640 
 598 640 599 
 599 640 641 
 599 641 639 
 604 600 642 
 600 609 643 
 600 643 642 
 601 602 644 
 601 644 640 
 603 645 602 
 602 645 644 
 603 604 646 
 603 646 645 
 646 604 642 
 605 606 647 
 611 605 647 
 606 627 648 
 606 648 647 
 607 608 649 
 610 607 649 
 608 611 650 
 649 608 650 
 609 610 651 
 643 609 651 
 610 649 652 
 651 610 652 
 611 647 653 
 650 611 653 
 613 612 654 
 654 612 615 
 626 613 655 
 613 654 655 
 654 615 656 
 616 614 657 
 657 614 621 
 615 616 658 
 656 615 658 
 658 616 657 
 617 618 659 
 620 617 659 
 618 625 660 
 659 618 660 
 619 620 661 
 619 661 624 
 620 659 662 
 661 620 662 
 657 621 663 
 663 621 664 
 621 622 664 
 623 624 665 
 623 665 622 
 622 665 664 
 624 661 666 
 665 624 666 
 625 667 660 
 668 626 655 
 626 668 627 
 627 668 669 
 627 669 648 
 670 628 633 
 671 630 628 
 671 628 670 
 632 629 672 
 672 629 631 
 672 631 673 
 673 631 630 
 673 630 671 
 674 632 675 
 675 632 672 
 670 633 677 
 677 633 635 
 678 634 637 
 677 635 679 
 679 635 634 
 679 634 678 
 680 638 636 
 680 636 639 
 678 637 681 
 681 637 638 
 681 638 680 
 641 682 639 
 682 680 639 
 640 644 683 
 640 683 641 
 641 683 684 
 641 684 682 
 646 642 685 
 642 643 685 
 643 651 686 
 643 686 685 
 645 687 644 
 683 644 687 
 645 646 688 
 645 688 687 
 688 646 685 
 648 689 647 
 653 647 689 
 648 669 690 
 648 690 689 
 649 650 691 
 652 649 691 
 650 653 692 
 691 650 692 
 651 652 693 
 686 651 693 
 652 691 694 
 693 652 694 
 686 693 695 
 692 653 696 
 697 696 653 
 653 689 697 
 698 668 655 
 698 655 654 
 654 656 698 
 699 698 656 
 699 656 658 
 658 657 700 
 700 699 658 
 700 657 663 
 667 701 660 
 659 660 701 
 701 662 659 
 701 702 662 
 661 662 702 
 666 661 702 
 700 663 703 
 703 663 664 
 665 666 704 
 665 704 664 
 704 703 664 
 705 704 666 
 702 705 666 
 667 706 701 
 707 668 698 
 668 707 669 
 669 707 708 
 669 708 690 
 709 670 677 
 710 671 670 
 710 670 709 
 711 673 671 
 711 671 710 
 675 672 712 
 712 672 673 
 712 673 711 
 676 674 713 
 713 674 675 
 713 675 714 
 714 675 712 
 715 676 717 
 717 676 713 
 709 677 718 
 718 677 679 
 719 678 681 
 718 679 720 
 720 679 678 
 720 678 719 
 719 681 721 
 721 681 680 
 721 680 682 
 682 684 721 
 687 722 683 
 683 722 684 
 722 723 684 
 723 721 684 
 688 685 724 
 724 685 686 
 724 686 695 
 687 688 725 
 687 725 722 
 725 688 724 
 689 690 726 
 689 726 697 
 690 708 727 
 690 727 726 
 691 692 728 
 692 696 728 
 694 691 728 
 693 694 729 
 695 693 729 
 694 728 730 
 729 694 730 
 695 731 724 
 695 729 732 
 731 695 732 
 696 697 733 
 696 733 728 
 697 726 734 
 697 734 733 
 726 735 734 
 738 707 698 
 738 698 699 
 739 738 699 
 739 699 700 
 739 700 740 
 740 700 703 
 701 706 741 
 701 741 702 
 741 742 702 
 702 742 705 
 740 703 743 
 704 743 703 
 705 742 744 
 705 744 704 
 704 744 743 
 706 745 741 
 746 707 738 
 707 746 708 
 708 746 747 
 708 747 727 
 748 709 718 
 749 710 709 
 749 709 748 
 750 711 710 
 750 710 749 
 714 712 751 
 751 712 711 
 751 711 750 
 717 713 752 
 752 713 714 
 752 714 753 
 753 714 751 
 716 715 754 
 754 715 717 
 736 716 755 
 755 716 754 
 754 717 756 
 756 717 752 
 748 718 757 
 757 718 720 
 758 719 721 
 757 720 759 
 759 720 719 
 759 719 758 
 758 721 760 
 723 760 721 
 722 725 761 
 722 761 723 
 723 761 760 
 762 758 760 
 725 724 763 
 761 725 763 
 763 724 731 
 731 764 763 
 726 727 765 
 726 765 735 
 727 747 766 
 727 766 765 
 733 767 728 
 730 728 767 
 767 768 730 
 768 732 729 
 768 729 730 
 768 769 732 
 732 769 731 
 731 769 764 
 733 734 770 
 735 770 734 
 733 770 767 
 735 765 771 
 735 771 770 
 737 736 772 
 772 736 755 
 773 737 775 
 775 737 772 
 776 746 738 
 776 738 739 
 777 776 739 
 777 739 778 
 739 740 778 
 778 740 743 
 741 745 779 
 741 779 742 
 742 779 780 
 742 780 744 
 744 780 781 
 744 781 743 
 781 778 743 
 745 782 779 
 783 746 776 
 746 783 747 
 747 783 784 
 747 784 766 
 785 748 757 
 786 749 748 
 786 748 785 
 787 750 749 
 787 749 786 
 753 751 788 
 788 751 750 
 788 750 787 
 756 752 789 
 789 752 753 
 789 753 790 
 790 753 788 
 755 754 791 
 791 754 756 
 772 755 792 
 792 755 791 
 791 756 793 
 793 756 789 
 785 757 794 
 794 757 759 
 794 759 795 
 795 759 758 
 795 758 762 
 761 763 796 
 760 761 796 
 760 796 762 
 797 762 796 
 798 795 762 
 797 798 762 
 764 799 763 
 799 796 763 
 769 800 764 
 764 800 799 
 765 766 801 
 765 801 771 
 766 784 802 
 766 802 801 
 769 803 800 
 767 770 804 
 767 804 768 
 804 805 768 
 768 805 769 
 769 805 803 
 771 801 806 
 806 807 771 
 770 771 807 
 770 807 804 
 809 774 808 
 775 772 810 
 810 772 792 
 774 773 811 
 774 811 808 
 811 773 775 
 811 775 812 
 812 775 810 
 813 783 776 
 813 776 777 
 814 813 777 
 814 777 778 
 815 814 778 
 815 778 781 
 779 782 816 
 779 816 780 
 780 816 817 
 780 817 781 
 781 817 818 
 781 818 815 
 782 819 816 
 820 783 813 
 783 820 784 
 784 820 821 
 784 821 802 
 822 785 794 
 823 786 785 
 823 785 822 
 824 787 786 
 824 786 823 
 790 788 825 
 825 788 787 
 825 787 824 
 826 790 825 
 793 789 827 
 827 789 790 
 827 790 826 
 810 792 828 
 792 791 829 
 828 792 829 
 829 791 793 
 829 793 830 
 830 793 827 
 822 794 831 
 831 794 795 
 831 795 798 
 822 831 832 
 799 833 796 
 796 833 797 
 833 834 797 
 797 834 798 
 834 835 798 
 798 835 831 
 800 803 836 
 836 833 799 
 836 799 800 
 802 821 837 
 802 837 801 
 801 837 806 
 805 838 803 
 838 836 803 
 807 839 804 
 804 839 805 
 805 839 840 
 840 838 805 
 837 841 806 
 806 841 807 
 807 841 842 
 807 842 839 
 843 808 811 
 844 809 808 
 843 844 808 
 812 810 846 
 810 828 846 
 845 846 828 
 847 843 811 
 811 812 847 
 846 847 812 
 848 820 813 
 848 813 814 
 849 848 814 
 849 814 815 
 850 849 815 
 818 850 815 
 816 819 851 
 816 851 817 
 817 851 852 
 817 852 818 
 818 852 850 
 819 853 851 
 854 820 848 
 820 854 821 
 821 854 855 
 821 855 837 
 856 823 822 
 856 822 832 
 857 824 823 
 857 823 856 
 826 825 858 
 858 825 824 
 858 824 857 
 859 826 858 
 830 827 860 
 860 827 826 
 860 826 859 
 828 829 861 
 828 861 845 
 861 829 830 
 861 830 862 
 862 830 860 
 864 863 856 
 864 856 832 
 865 864 832 
 865 832 831 
 865 831 835 
 836 866 833 
 833 866 834 
 866 867 834 
 834 867 835 
 867 868 835 
 868 865 835 
 838 869 836 
 836 869 866 
 837 855 870 
 837 870 841 
 840 871 838 
 838 871 869 
 842 872 839 
 872 871 840 
 839 872 840 
 841 870 873 
 841 873 842 
 842 873 872 
 874 843 847 
 875 844 843 
 874 875 843 
 876 845 861 
 877 846 845 
 876 877 845 
 878 874 847 
 878 847 846 
 877 878 846 
 879 854 848 
 879 848 849 
 880 879 849 
 880 849 850 
 880 850 852 
 851 853 881 
 851 881 852 
 852 881 882 
 852 882 880 
 853 883 881 
 884 854 879 
 854 884 855 
 855 884 885 
 855 885 870 
 886 857 856 
 886 856 863 
 863 887 886 
 859 858 888 
 888 858 857 
 888 857 886 
 889 859 888 
 860 859 890 
 890 859 889 
 862 860 891 
 860 890 891 
 891 892 862 
 892 876 861 
 861 862 892 
 864 894 863 
 894 893 887 
 863 894 887 
 868 895 865 
 895 894 864 
 865 895 864 
 869 896 866 
 866 896 867 
 896 868 867 
 896 897 868 
 868 897 895 
 871 898 869 
 869 898 896 
 870 885 899 
 870 899 873 
 872 900 871 
 871 900 898 
 873 899 901 
 873 901 872 
 872 901 900 
 902 874 878 
 903 875 874 
 902 903 874 
 904 876 892 
 905 877 876 
 904 905 876 
 906 902 878 
 906 878 877 
 905 906 877 
 907 884 879 
 907 879 880 
 908 907 880 
 908 880 882 
 881 883 909 
 881 909 882 
 908 882 909 
 883 910 909 
 911 884 907 
 884 911 885 
 885 911 912 
 885 912 899 
 893 913 887 
 887 913 886 
 888 886 913 
 914 889 888 
 913 914 888 
 915 891 890 
 914 915 889 
 890 889 915 
 916 904 892 
 916 892 891 
 915 916 891 
 893 917 913 
 893 918 917 
 919 918 893 
 919 893 894 
 897 920 895 
 895 920 894 
 894 920 919 
 898 921 896 
 896 921 897 
 921 922 897 
 897 922 920 
 900 923 898 
 898 923 921 
 899 912 924 
 899 924 901 
 901 924 925 
 901 925 900 
 900 925 923 
 926 902 906 
 927 903 902 
 926 927 902 
 928 904 916 
 929 905 904 
 928 929 904 
 930 926 906 
 930 906 905 
 929 930 905 
 931 911 907 
 931 907 908 
 932 931 908 
 909 932 908 
 909 910 933 
 909 933 932 
 910 934 933 
 935 911 931 
 911 935 912 
 912 935 936 
 912 936 924 
 937 914 913 
 937 913 917 
 938 915 914 
 937 938 914 
 939 928 916 
 939 916 915 
 938 939 915 
 917 918 940 
 917 940 937 
 918 941 940 
 919 942 918 
 918 942 941 
 943 942 919 
 922 943 920 
 943 919 920 
 923 944 921 
 921 944 922 
 944 943 922 
 925 945 923 
 923 945 944 
 924 936 946 
 924 946 925 
 925 946 945 
 947 926 930 
 948 927 926 
 947 948 926 
 949 928 939 
 950 929 928 
 949 950 928 
 951 947 930 
 951 930 929 
 950 951 929 
 952 935 931 
 952 931 932 
 953 952 932 
 953 932 933 
 933 934 954 
 933 954 953 
 934 955 954 
 956 935 952 
 935 956 936 
 936 956 957 
 936 957 946 
 958 938 937 
 958 937 940 
 959 949 939 
 959 939 938 
 959 938 958 
 941 960 940 
 960 958 940 
 942 961 941 
 961 960 941 
 944 962 943 
 943 962 942 
 962 961 942 
 945 963 944 
 944 963 962 
 946 957 964 
 946 964 945 
 945 964 963 
 965 947 951 
 966 948 947 
 965 966 947 
 967 949 959 
 968 950 949 
 967 968 949 
 969 965 951 
 969 951 950 
 968 969 950 
 970 956 952 
 970 952 953 
 954 971 953 
 970 953 971 
 954 955 972 
 954 972 971 
 955 973 972 
 974 956 970 
 956 974 957 
 957 974 975 
 957 975 964 
 960 976 958 
 959 958 976 
 967 959 977 
 977 959 976 
 961 978 960 
 960 978 976 
 962 979 961 
 961 979 978 
 963 980 962 
 962 980 979 
 964 975 981 
 964 981 963 
 963 981 980 
 983 965 969 
 984 966 965 
 983 984 965 
 985 967 977 
 986 968 967 
 985 986 967 
 987 983 969 
 987 969 968 
 986 987 968 
 988 974 970 
 971 972 988 
 988 970 971 
 973 982 989 
 972 973 989 
 989 988 972 
 989 982 990 
 991 974 988 
 974 991 975 
 975 991 992 
 975 992 981 
 993 985 977 
 978 993 976 
 993 977 976 
 979 994 978 
 978 994 993 
 980 995 979 
 979 995 994 
 981 992 996 
 981 996 980 
 980 996 995 
 982 997 990 
 998 983 987 
 999 984 983 
 998 999 983 
 1000 985 993 
 1001 986 985 
 1000 1001 985 
 1002 998 987 
 1002 987 986 
 1001 1002 986 
 1003 991 988 
 1003 988 989 
 989 990 1003 
 990 997 1004 
 990 1004 1003 
 1005 991 1003 
 991 1005 992 
 992 1005 1006 
 992 1006 996 
 994 1007 993 
 1000 993 1007 
 995 1008 994 
 994 1008 1007 
 996 1006 1009 
 996 1009 995 
 995 1009 1008 
 997 1010 1004 
 1011 998 1002 
 1012 999 998 
 1011 1012 998 
 1013 1001 1000 
 1013 1000 1007 
 1014 1011 1002 
 1014 1002 1001 
 1014 1001 1013 
 1015 1005 1003 
 1004 1015 1003 
 1004 1010 1016 
 1004 1016 1015 
 1017 1005 1015 
 1005 1017 1006 
 1006 1017 1018 
 1006 1018 1009 
 1008 1019 1007 
 1007 1019 1013 
 1009 1018 1020 
 1009 1020 1008 
 1008 1020 1019 
 1010 1021 1016 
 1022 1011 1014 
 1023 1012 1011 
 1022 1023 1011 
 1019 1024 1013 
 1014 1013 1024 
 1025 1022 1014 
 1025 1014 1024 
 1016 1021 1026 
 1027 1017 1015 
 1027 1015 1016 
 1016 1026 1027 
 1028 1017 1027 
 1017 1028 1018 
 1018 1028 1029 
 1018 1029 1020 
 1020 1029 1030 
 1020 1030 1019 
 1019 1030 1024 
 1021 1032 1026 
 1026 1032 1031 
 1033 1022 1025 
 1034 1023 1022 
 1033 1034 1022 
 1035 1033 1025 
 1030 1035 1024 
 1035 1025 1024 
 1036 1028 1027 
 1026 1031 1036 
 1036 1027 1026 
 1037 1028 1036 
 1028 1037 1029 
 1029 1037 1038 
 1029 1038 1030 
 1030 1038 1035 
 1039 1036 1031 
 1032 1040 1031 
 1031 1040 1039 
 1041 1033 1035 
 1042 1034 1033 
 1041 1042 1033 
 1038 1043 1035 
 1041 1035 1043 
 1044 1037 1036 
 1044 1036 1039 
 1045 1037 1044 
 1037 1045 1038 
 1038 1045 1043 
 1039 1046 1044 
 1040 1047 1039 
 1039 1047 1046 
 1043 1048 1041 
 1049 1042 1041 
 1048 1049 1041 
 1045 1050 1043 
 1043 1050 1048 
 1050 1045 1051 
 1051 1045 1044 
 1051 1044 1046 
 1046 1052 1051 
 1047 1053 1046 
 1046 1053 1052 
 1054 1049 1048 
 1050 1054 1048 
 1054 1050 1055 
 1055 1050 1051 
 1055 1051 1056 
 1056 1051 1052 
 1053 1057 1052 
 1052 1057 1056 
 1058 1054 1059 
 1059 1054 1055 
 1059 1055 1060 
 1055 1056 1060 
 1056 1061 1060 
 1057 1062 1056 
 1056 1062 1061 
 1063 1058 1064 
 1058 1059 1064 
 1064 1059 1065 
 1065 1059 1060 
 1060 1061 1065 
 1061 1066 1065 
 1062 1067 1061 
 1061 1067 1066 
 1068 1063 1069 
 1069 1063 1064 
 1069 1064 1070 
 1070 1064 1065 
 1065 1066 1070 
 1066 1071 1070 
 1067 1072 1066 
 1066 1072 1071 
 1073 1068 1074 
 1074 1068 1069 
 1074 1069 1075 
 1075 1069 1070 
 1070 1071 1075 
 1071 1077 1075 
 1072 1078 1071 
 1071 1078 1077 
 1076 1073 1079 
 1079 1073 1074 
 1079 1074 1080 
 1074 1075 1080 
 1077 1080 1075 
 1076 1079 1081 
 1082 1076 1081 
 1077 1083 1080 
 1078 1084 1077 
 1077 1084 1083 
 1085 1081 1079 
 1080 1083 1085 
 1085 1079 1080 
 1086 1082 1081 
 1085 1086 1081 
 1083 1087 1085 
 1084 1088 1083 
 1083 1088 1087 
 1089 1086 1085 
 1089 1085 1087 
 1088 1090 1087 
 1090 1089 1087 
 