4186
-0.007	-0.0035	
-0.00583333	-0.0035	
-0.00621373	-0.00272481	
-0.007	-0.00232462	
-0.007	-0.00117538	
-0.00466667	-0.0035	
-0.00525362	-0.00263102	
-0.00603142	-0.0017643	
-0.00621395	-0.000777593	
-0.007	0	
-0.0035	-0.0035	
-0.004096	-0.0026594	
-0.00480286	-0.00175402	
-0.00526231	-0.00087704	
-0.00583333	0	
-0.00233333	-0.0035	
-0.00293313	-0.00263381	
-0.00355305	-0.00176237	
-0.00411907	-0.000877852	
-0.00466667	0	
-0.00116667	-0.0035	
-0.00176715	-0.00262678	
-0.00234868	-0.00175427	
-0.00292952	-0.000873685	
-0.0035	0	
0.020232	-0.0035	
0.0206319	-0.0035	
0	-0.0035	
-0.000604448	-0.00262018	
-0.0011648	-0.00174701	
-0.00172501	-0.000881165	
-0.00233333	0	
0.0200117	-0.00313589	
0.0197911	-0.0035	
0.0204515	-0.00315392	
0.0207806	-0.00327083	
0.021	-0.0035	
0.00125529	-0.0035	
0.000548406	-0.00263205	
-2.59849e-05	-0.00174134	
-0.000517511	-0.000858307	
-0.00116667	0	
0.020217	-0.00278703	
0.0202915	-0.00245899	
0.0198045	-0.00276321	
0.019574	-0.00311119	
0.0193452	-0.0035	
0.0205524	-0.0028497	
0.0204656	-0.00233685	
0.0204949	-0.00261087	
0.0207558	-0.0030182	
0.021	-0.00318266	
0.0206539	-0.0022466	
0.0207604	-0.00203251	
0	0.0245	
0.00251057	-0.0035	
0.00169591	-0.00252856	
0.00095775	-0.00180262	
0.000722546	-0.000872279	
0	0	
0.0204881	-0.00206383	
0.02022	-0.00220089	
0.0200003	-0.00246464	
0.0196493	-0.00238597	
0.0188596	-0.0035	
0.019387	-0.00269954	
0.019113	-0.00306917	
0.0206142	-0.00176318	
0.0207504	-0.00274853	
0.0206916	-0.00248554	
0.021	-0.00290357	
0.0208839	-0.00230202	
0.0210192	-0.00209059	
0.0210149	-0.00175405	
0.00188462	0.0245	
0.00127489	0.0232967	
0	0.0226697	
0	0.0208395	
0.00376586	-0.0035	
0.00502115	-0.0035	
0.00304237	-0.00243438	
0.00192644	-0.00122867	
0.00131179	0	
0.000879328	0.000865994	
0	0.00129527	
0.020459	-0.00147279	
0.0202145	-0.00180294	
0.0198958	-0.00207326	
0.0195517	-0.00205303	
0.0192599	-0.00227248	
0.0182958	-0.0035	
0.01859	-0.00300815	
0.0189225	-0.00259613	
0.0176412	-0.0035	
0.0207708	-0.001479	
0.0210266	-0.00140361	
0.020647	-0.00126671	
0.021	-0.002625	
0.0211784	-0.00233188	
0.0212872	-0.00203071	
0.0213023	-0.00148136	
0.0213829	-0.0017632	
0	0.0116882	
0	0.0135185	
0	0.0153487	
0	0.017179	
0	0.0190092	
0.00376923	0.0245	
0.00282552	0.0231045	
0.00166432	0.0217091	
0.00148872	0.0197513	
0.00627644	-0.0035	
0.00443742	-0.00245235	
0.00556901	-0.00269555	
0	0.00985796	
0	0.00276221	
0	0.0080277	
0	0.00619787	
0	0.00441607	
0.00378854	-0.00121514	
0.00282843	0	
0.0020627	0.00101902	
0.00102215	0.00201567	
0.0204238	-0.00116105	
0.0201202	-0.00137574	
0.0197042	-0.00167087	
0.01924	-0.00182221	
0.0168811	-0.0035	
0.0149734	-0.0035	
0.0159983	-0.0035	
0.0188097	-0.00207853	
0.0179747	-0.00293445	
0.0183786	-0.00244509	
0.0172889	-0.0028518	
0.020888	-0.00120334	
0.0211823	-0.00117433	
0.020691	-0.00101595	
0.0204739	-0.000850264	
0.0213431	-0.000875	
0.0213423	-0.002625	
0.0215386	-0.0023181	
0.0215334	-0.00120755	
0.0216514	-0.00197443	
0.0216589	-0.00157546	
0.00565385	0.0245	
0.00148092	0.0107561	
0.00148298	0.0125855	
0.00148375	0.0144097	
0.00148682	0.0162297	
0.0014907	0.0180319	
0.00467087	0.0230342	
0.00368013	0.0215804	
0.00288275	0.0203002	
0.00297251	0.0188278	
0.00753172	-0.0035	
0.00667045	-0.00238933	
0.00553152	-0.00145826	
0.00147262	0.00892501	
0.00133175	0.0035909	
0.0014527	0.00710358	
0.0014125	0.00531505	
0.00450573	0	
0.00363363	0.00133764	
0.00276239	0.00270591	
0.0201553	-0.00098113	
0.00878701	-0.0035	
0.0100423	-0.0035	
0.0197645	-0.00116565	
0.0193117	-0.0013311	
0.018803	-0.00152723	
0.0112976	-0.0035	
0.0125529	-0.0035	
0.0138022	-0.0035	
0.0144124	-0.00267117	
0.0164841	-0.00274577	
0.0154961	-0.00257694	
0.0182541	-0.00180793	
0.0177212	-0.00224492	
0.0170253	-0.00211373	
0.021	-0.000875	
0.020752	-0.000731253	
0.0202632	-0.000612525	
0.0205522	-0.000593557	
0.0217423	-0.000875	
0.0217408	-0.002625	
0.0219647	-0.00225393	
0.0219691	-0.00126194	
0.0221146	-0.00176424	
0.00753846	0.0245	
0.00655024	0.0229797	
0.00296519	0.00982151	
0.00296332	0.0116583	
0.00296385	0.0134817	
0.00296299	0.0152928	
0.00296124	0.0170851	
0.00558236	0.0214628	
0.00458642	0.0198376	
0.0044176	0.0179573	
0.00810438	-0.00242261	
0.00712038	-0.00125725	
0.00623143	0	
0.00292478	0.00799113	
0.00275086	0.00448939	
0.00285911	0.00620407	
0.00534844	0.00135282	
0.0045416	0.00264721	
0.00394748	0.00385066	
0.0198863	-0.000721557	
0.0094861	-0.00240735	
0.0106325	-0.0026817	
0.0194405	-0.000834555	
0.0189177	-0.000965983	
0.0182941	-0.00112145	
0.0117404	-0.00236689	
0.0132434	-0.00232028	
0.0149076	-0.0019699	
0.0142136	-0.00182336	
0.0162147	-0.00193213	
0.0154995	-0.00170416	
0.017518	-0.00143008	
0.0167907	-0.00145931	
0.0200621	-0.000342659	
0.0207689	-0.000459406	
0.021	-0.000581154	
0.0204755	-0.00029999	
0.0222067	-0.000875	
0.0222048	-0.002625	
0.0224675	-0.00219234	
0.0224778	-0.00131341	
0.0226125	-0.00177817	
0.00443928	0.00890837	
0.00942308	0.0245	
0.00846052	0.022968	
0.0075107	0.0214279	
0.00444114	0.0107392	
0.0044456	0.0125658	
0.00443198	0.0143757	
0.00442576	0.0161648	
0.00660177	0.0198996	
0.00579553	0.0185408	
0.00589278	0.0170055	
0.00892288	-0.00121731	
0.00795809	0	
0.00709419	0.00140023	
0.00442189	0.00705555	
0.00419193	0.00526976	
0.00624173	0.00276701	
0.00535269	0.00406447	
0.0196325	-0.00039282	
0.0105824	-0.00140977	
0.0191301	-0.000453556	
0.0185267	-0.000527935	
0.017788	-0.00062345	
0.0121931	-0.00121236	
0.0136314	-0.00107759	
0.0148716	-0.00107724	
0.0160004	-0.000959232	
0.016963	-0.000725312	
0.0198737	0	
0.0202929	0	
0.0207924	-0.00021752	
0.021	-0.000293846	
0.0206721	0	
0.022747	-0.000875	
0.022745	-0.002625	
0.0230203	-0.00210576	
0.0231066	-0.00144465	
0.00598366	0.0079726	
0.00589899	0.00981796	
0.0113077	0.0245	
0.0103613	0.0229651	
0.00941463	0.0214197	
0.00849396	0.01982	
0.00593448	0.0116633	
0.00590646	0.0134766	
0.00588702	0.0152694	
0.0075067	0.0180775	
0.00730742	0.0160052	
0.00968475	0	
0.00884491	0.00140255	
0.00799076	0.00283825	
0.00609053	0.005995	
0.00712271	0.00429909	
0.00736283	0.00725544	
0.0194107	0	
0.0113875	0	
0.0188526	0	
0.0181906	0	
0.017424	0	
0.0129584	0	
0.0143281	0	
0.0155129	0	
0.0165376	0	
0.0196555	0.000420423	
0.0201014	0.000369996	
0.0204881	0.000323293	
0.021	0	
0.0208343	0.000291714	
0.0233756	-0.000875	
0.0233739	-0.002625	
0.0236383	-0.00201668	
0.0238702	-0.00144136	
0.00768788	0.00880706	
0.00744135	0.0107941	
0.0131923	0.0245	
0.0122515	0.0229688	
0.0113131	0.0214311	
0.0104049	0.0198561	
0.00952663	0.0182388	
0.00738646	0.0126339	
0.00735322	0.0143514	
0.00887147	0.0165818	
0.00846275	0.0151961	
0.0105584	0.00135409	
0.00902091	0.00883372	
0.00977868	0.00281004	
0.00896306	0.00432973	
0.00806316	0.00589674	
0.00905318	0.00756596	
0.0191303	0.000489695	
0.0121668	0.0012323	
0.0184968	0.000569509	
0.0177905	0.000654937	
0.0169719	0.000757967	
0.0136107	0.00113035	
0.0148879	0.00100655	
0.0160076	0.000880039	
0.0194699	0.000884063	
0.0199473	0.000778785	
0.020351	0.000697478	
0.0213431	0	
0.0207169	0.000615299	
0.021171	0.000294941	
0.0210013	0.000525806	
0.0241068	-0.000875	
0.0241061	-0.002625	
0.0243779	-0.00203243	
0.0246249	-0.00144872	
0.00898572	0.0100097	
0.00876844	0.0118416	
0.0150769	0.0245	
0.0141366	0.022973	
0.0131999	0.0214414	
0.0122853	0.0198943	
0.0113964	0.0183329	
0.0105838	0.0167594	
0.00892246	0.0136671	
0.00984152	0.0152141	
0.0114873	0.00267601	
0.0102763	0.00886926	
0.0108269	0.00425749	
0.0100188	0.005889	
0.011042	0.00741323	
0.0189017	0.00106694	
0.0130351	0.00243907	
0.0182616	0.00131023	
0.0174995	0.00148675	
0.0166051	0.001697	
0.0143612	0.0021878	
0.0155609	0.00193326	
0.0194397	0.00141713	
0.0198414	0.0012224	
0.0202646	0.00107835	
0.0206464	0.000990714	
0.0217423	0	
0.0215431	0.000342514	
0.0209998	0.000839858	
0.0213026	0.000621456	
0.0248932	-0.000875	
0.0248939	-0.002625	
0.025365	-0.00144318	
0.025134	-0.00203782	
0.0169615	0.0245	
0.0100191	0.0125596	
0.0103872	0.0109253	
0.0160198	0.0229762	
0.0150816	0.0214494	
0.0141551	0.0199185	
0.0132477	0.0183843	
0.0123636	0.0168551	
0.0115085	0.0153324	
0.0106386	0.0138509	
0.0125572	0.00396945	
0.0116079	0.00995231	
0.0119992	0.00871097	
0.0121645	0.00587083	
0.0127399	0.00757338	
0.0189124	0.00184332	
0.0140234	0.00356009	
0.0181125	0.00212616	
0.0172925	0.00242506	
0.0163392	0.00276306	
0.0152475	0.00314491	
0.0195568	0.0018998	
0.0199335	0.00169024	
0.0201954	0.00142337	
0.0205971	0.00138424	
0.0210342	0.0012256	
0.0222067	0	
0.0219839	0.000402708	
0.0217156	0.000736201	
0.0214018	0.00100645	
0.0256244	-0.000875	
0.0256261	-0.002625	
0.0260064	-0.00137607	
0.0259062	-0.00201975	
0.0188462	0.0245	
0.0179036	0.0229776	
0.0114274	0.0124536	
0.012147	0.0112166	
0.0169621	0.0214548	
0.0160259	0.0199311	
0.0151007	0.0184092	
0.014187	0.0168957	
0.0132815	0.0154029	
0.0123625	0.0139339	
0.0138215	0.00508695	
0.0129043	0.00997213	
0.0134476	0.00885303	
0.0138885	0.00662839	
0.0140064	0.00782908	
0.019383	0.00241169	
0.0187314	0.00267128	
0.015118	0.00453233	
0.0180351	0.00305145	
0.0171871	0.0034503	
0.0161427	0.0039284	
0.0200143	0.00221988	
0.0204141	0.00179903	
0.021029	0.00180247	
0.0215029	0.00149963	
0.022747	0	
0.0224993	0.000470182	
0.0221964	0.000867456	
0.0218655	0.00117662	
0.0219791	0.00162841	
0.026253	-0.000875	
0.026255	-0.002625	
0.026557	-0.00130232	
0.0263879	-0.00170642	
0.0265311	-0.00217239	
0.0207308	0.0245	
0.0197879	0.0229778	
0.0188453	0.0214567	
0.0131681	0.0125717	
0.0138568	0.0112444	
0.0179036	0.0199364	
0.0169654	0.0184189	
0.0160283	0.0169062	
0.0151003	0.0154168	
0.0141672	0.0139833	
0.0151937	0.00597608	
0.0143908	0.00994207	
0.0148089	0.00868806	
0.0151567	0.0073824	
0.0200733	0.00283607	
0.0194326	0.00314609	
0.0187721	0.00356576	
0.0164313	0.00537387	
0.0181152	0.00407017	
0.0171979	0.00446383	
0.0207465	0.0025139	
0.0212285	0.00233445	
0.0207493	0.00319779	
0.0217075	0.00215824	
0.0233756	0	
0.0231083	0.00053465	
0.0227521	0.00102565	
0.0223623	0.0013936	
0.022341	0.00197953	
0.0241068	0	
0.0248932	0	
0.0267933	-0.000875	
0.0267952	-0.002625	
0.02703	-0.00124461	
0.026886	-0.00173121	
0.0270251	-0.00223181	
0.0226154	0.0245	
0.0216722	0.0229776	
0.0207292	0.0214566	
0.0197862	0.0199377	
0.0150469	0.0125973	
0.0154836	0.0111671	
0.0188416	0.0184219	
0.0178973	0.0169113	
0.0169503	0.0154026	
0.0160066	0.0139172	
0.016746	0.00685254	
0.0159264	0.00970383	
0.0163013	0.00841789	
0.01761	0.00814366	
0.0190384	0.0044726	
0.0201283	0.00355808	
0.0195079	0.00383367	
0.0181089	0.00550361	
0.01951	0.00531632	
0.0207235	0.0038493	
0.021434	0.00288861	
0.0212332	0.00359323	
0.0222267	0.00270331	
0.023796	0.000585155	
0.0234184	0.00120424	
0.0229062	0.00169018	
0.0229033	0.00243276	
0.0256244	0	
0.026253	0	
0.0245338	0.000623885	
0.0252563	0.00057606	
0.0272577	-0.000875	
0.0272592	-0.002625	
0.0274566	-0.00118748	
0.0273442	-0.00153546	
0.0273269	-0.00192544	
0.0274589	-0.00229285	
0.0267933	0	
0.0245	0.0245	
0.0235567	0.0229772	
0.0226132	0.0214557	
0.0216692	0.0199362	
0.016808	0.0107011	
0.0207247	0.0184213	
0.0168927	0.0122174	
0.019777	0.0169129	
0.0188215	0.0154061	
0.0178577	0.0138831	
0.0184106	0.0071807	
0.0175585	0.00948417	
0.0187606	0.00853943	
0.0202165	0.00454606	
0.0194139	0.00641537	
0.0202453	0.00568168	
0.0212895	0.00435199	
0.0220621	0.00367654	
0.0228568	0.00324542	
0.0241555	0.00135041	
0.0236602	0.00210533	
0.0234286	0.00287277	
0.0259272	0.000522618	
0.0265168	0.000464644	
0.024973	0.00131835	
0.0256895	0.00118208	
0.0270259	0.000405565	
0.0276569	-0.000875	
0.0278186	-0.00117022	
0.0276577	-0.002625	
0.0276951	-0.00146386	
0.0276048	-0.00173789	
0.0279724	-0.00140843	
0.0276836	-0.00202104	
0.0278009	-0.00232883	
0.0272577	0	
0.0254415	0.0229769	
0.0263846	0.0245	
0.0244977	0.0214546	
0.023553	0.0199335	
0.0226079	0.0184165	
0.0182412	0.0110108	
0.0216624	0.016908	
0.0187429	0.0124404	
0.020715	0.0154123	
0.0197319	0.0139147	
0.0197696	0.00769202	
0.0192367	0.00984991	
0.019878	0.00883593	
0.0212329	0.00539392	
0.0208527	0.00674068	
0.0221066	0.00485086	
0.0228987	0.0042376	
0.0236076	0.00363505	
0.0246851	0.00226336	
0.0241149	0.00290964	
0.0274606	0.000347279	
0.0263028	0.00103389	
0.0268414	0.000900371	
0.0255158	0.00194269	
0.0261672	0.00170897	
0.0273082	0.000772355	
0.028	-0.000875	
0.0281155	-0.0012061	
0.028	-0.002625	
0.0282299	-0.00146942	
0.0279742	-0.00174367	
0.0279624	-0.00209765	
0.0281054	-0.00232176	
0.0276569	0	
0.0278241	0.00029968	
0.0263831	0.0214541	
0.0273265	0.0229769	
0.0282692	0.0245	
0.0254384	0.0199315	
0.0244916	0.0184095	
0.0235447	0.0168928	
0.019855	0.0110746	
0.0226051	0.0153953	
0.0206083	0.0124305	
0.0216487	0.0139578	
0.0209525	0.00835268	
0.0206587	0.00974788	
0.0221039	0.00612372	
0.022177	0.00765035	
0.0254823	0.00273679	
0.0230047	0.0053892	
0.0237543	0.00462852	
0.0243554	0.00388438	
0.024892	0.00329146	
0.0277097	0.000651849	
0.0280067	0.0005431	
0.0267271	0.00149268	
0.0272136	0.0012933	
0.0261004	0.00245331	
0.0266731	0.00215949	
0.0276466	0.00110377	
0.028	-0.000581154	
0.028	-0.000293846	
0.0283448	-0.00127904	
0.0282621	-0.000749219	
0.0283272	-0.00103447	
0.028	-0.00290357	
0.028	-0.00318266	
0.0282509	-0.00251946	
0.0282367	-0.00275259	
0.0284757	-0.00146499	
0.0283583	-0.00173759	
0.0282427	-0.0020169	
0.0284028	-0.00231526	
0.028	-0.0035	
0.028	0	
0.0281716	0.000300629	
0.0273254	0.0199311	
0.0301538	0.0245	
0.0282689	0.0214544	
0.0292115	0.0229772	
0.0320385	0.0245	
0.0263799	0.0184064	
0.0244849	0.0153548	
0.0254317	0.0168801	
0.0216054	0.0109479	
0.0235746	0.0138464	
0.0226591	0.0124146	
0.0223549	0.00944001	
0.0232077	0.00670741	
0.023456	0.00816843	
0.0255112	0.00348041	
0.0260879	0.00326296	
0.0240139	0.00579961	
0.0246698	0.00488767	
0.0251575	0.00407082	
0.0280231	0.000887728	
0.0283108	0.000629808	
0.0271697	0.00186901	
0.0275896	0.0016236	
0.0266779	0.00291222	
0.0271974	0.0025238	
0.0280722	0.00142087	
0.0282202	-0.000478326	
0.0281971	-0.000224059	
0.0284575	-0.000624398	
0.0285457	-0.00120217	
0.0285446	-0.000898006	
0.0282468	-0.00302187	
0.0282354	-0.00327452	
0.0284627	-0.00258452	
0.0284601	-0.0028611	
0.0287027	-0.00141327	
0.0286726	-0.00168843	
0.0285523	-0.00201511	
0.0286901	-0.00234799	
0.0283698	-0.0035	
0.0283379	0	
0.0285505	0.000332447	
0.0282697	0.0184076	
0.0292123	0.0199325	
0.0310962	0.0229775	
0.0301543	0.0214553	
0.0339231	0.0245	
0.0329807	0.0229777	
0.0358077	0.0245	
0.0273226	0.016879	
0.0254503	0.0137809	
0.0263722	0.0153425	
0.0235218	0.0108849	
0.0245996	0.0121749	
0.0238993	0.00946504	
0.0243371	0.00712444	
0.0247465	0.00860245	
0.025976	0.00408055	
0.0267184	0.00376509	
0.0250694	0.00607325	
0.0256439	0.00502082	
0.0284398	0.00107994	
0.0287301	0.000740757	
0.0276358	0.00215843	
0.0279493	0.00186072	
0.0272943	0.00323788	
0.0277338	0.00280664	
0.0274694	0.00405704	
0.0282966	0.00183405	
0.0285607	0.00155639	
0.0285448	-0.000324445	
0.0287988	-0.000657557	
0.0288762	-0.00112022	
0.028582	-0.00317427	
0.0287766	-0.00277558	
0.0289963	-0.00151336	
0.0289419	-0.00198526	
0.0290045	-0.00241236	
0.0287709	-0.0035	
0.0287301	0	
0.0289544	0.000361729	
0.0292135	0.0168888	
0.0301575	0.0184117	
0.0310982	0.0199351	
0.0320394	0.0214563	
0.0348643	0.0229774	
0.0339244	0.0214566	
0.0376923	0.0245	
0.0395769	0.0245	
0.0367468	0.0229766	
0.0282504	0.01536	
0.0263743	0.0121652	
0.0272963	0.0138018	
0.0254172	0.0102293	
0.0255291	0.00739547	
0.0259468	0.00860497	
0.0267386	0.00488282	
0.0262093	0.00621409	
0.0289422	0.00124444	
0.0291814	0.000799562	
0.028184	0.00230318	
0.0279676	0.00343965	
0.0282658	0.00293342	
0.0277991	0.00485044	
0.0281195	0.00405944	
0.028694	0.0020478	
0.0289195	0.00171122	
0.0292665	0.00159021	
0.0414615	0.0245	
0.0433462	0.0245	
0.0290265	-0.000367809	
0.029237	-0.00082187	
0.029204	-0.00128889	
0.0290115	-0.00311809	
0.0292435	-0.0026871	
0.0293355	-0.00168367	
0.0293417	-0.00223585	
0.0292188	-0.0035	
0.0291626	0	
0.0294019	0.000383614	
0.0301315	0.0153864	
0.0310957	0.0168998	
0.0320418	0.0184182	
0.0329838	0.019937	
0.0358088	0.0214562	
0.0348706	0.019937	
0.0386188	0.0229699	
0.0404947	0.022972	
0.0376898	0.0214564	
0.029166	0.0138617	
0.0272811	0.0106975	
0.028205	0.0123071	
0.0270089	0.00927171	
0.0267765	0.00768187	
0.0283946	0.0094437	
0.0275146	0.00615067	
0.0284701	0.00547919	
0.0294664	0.00123534	
0.0296231	0.00080796	
0.0287999	0.00273085	
0.0287558	0.00353189	
0.0288244	0.00461492	
0.0292629	0.00213103	
0.0296991	0.00169984	
0.0423475	0.0229739	
0.0452308	0.0245	
0.0471154	0.0245	
0.0441682	0.0229834	
0.0294306	-0.00037678	
0.0296574	-0.000706978	
0.0296546	-0.00123691	
0.0295024	-0.00306085	
0.0297455	-0.00255748	
0.0298699	-0.00192201	
0.0297363	-0.0035	
0.0296064	0	
0.0298594	0.00039413	
0.0310375	0.0139141	
0.0320083	0.0153987	
0.0329733	0.0169037	
0.0339285	0.018419	
0.0367579	0.0199343	
0.0358208	0.0184197	
0.039561	0.0214497	
0.0414097	0.0214592	
0.0386428	0.0199342	
0.0300752	0.012401	
0.0291295	0.0109095	
0.0281928	0.00782946	
0.0292832	0.00853842	
0.0298331	0.00954508	
0.02884	0.00636531	
0.029157	0.00546648	
0.0299121	0.00120887	
0.0300277	0.000776312	
0.0296593	0.00493446	
0.0295026	0.00297637	
0.0298097	0.00398255	
0.0301685	0.00161945	
0.0300519	0.00226037	
0.0477687	0.023238	
0.049	0.0245	
0.0432151	0.0214907	
0.0461154	0.0228221	
0.0447541	0.0216136	
0.0298789	-0.000418645	
0.0300587	-0.000858443	
0.0302197	-0.00143151	
0.0300508	-0.0029902	
0.0302824	-0.00242748	
0.0303917	-0.00192787	
0.0303377	-0.0035	
0.0300748	0	
0.0303971	0.000488675	
0.0319103	0.0125159	
0.032882	0.0139	
0.0338971	0.0153909	
0.0348605	0.0168891	
0.0367691	0.0168831	
0.0377288	0.0183858	
0.0423279	0.0199685	
0.0405124	0.0199104	
0.0396073	0.0184207	
0.0310006	0.0108978	
0.0325551	0.011252	
0.0295507	0.00736151	
0.0303317	0.00830704	
0.0312367	0.00924557	
0.0299913	0.00593851	
0.030488	0.00111451	
0.0305011	0.00487316	
0.0303636	0.00312158	
0.0306868	0.00385808	
0.0307021	0.00181979	
0.0307666	0.00246511	
0.0476127	0.0216982	
0.049	0.0226697	
0.0431279	0.0186342	
0.0443071	0.0199732	
0.0460522	0.0208383	
0.0303596	-0.000489376	
0.0306175	-0.00105382	
0.0306741	-0.00161563	
0.0307004	-0.00289539	
0.0309142	-0.00216912	
0.0310363	-0.0035	
0.0306422	0	
0.0309757	0.000583865	
0.0337209	0.0122445	
0.0348182	0.0138482	
0.0357731	0.0153171	
0.0375069	0.0152937	
0.0387602	0.0166891	
0.0415219	0.0182266	
0.0403697	0.0170641	
0.0347081	0.0112216	
0.0336735	0.0106418	
0.0324132	0.00994178	
0.0307442	0.00705523	
0.0313441	0.00809685	
0.032407	0.00848977	
0.031236	0.0057314	
0.0312533	0.0013193	
0.0314552	0.00435775	
0.031364	0.00318703	
0.0314849	0.00214016	
0.0475274	0.0199144	
0.049	0.0208395	
0.0430058	0.017179	
0.0445343	0.0180387	
0.0459968	0.0190083	
0.0310626	-0.000614041	
0.031273	-0.001414	
0.0314232	-0.00279033	
0.0316356	-0.00208922	
0.0318482	-0.0035	
0.0313345	0	
0.0317628	0.000698731	
0.0354728	0.0122881	
0.0356972	0.0110351	
0.0367869	0.0135978	
0.0382757	0.0140769	
0.0389279	0.0150833	
0.040257	0.0155754	
0.0417022	0.016409	
0.0363912	0.0101495	
0.0349763	0.00989868	
0.0336063	0.00912373	
0.0322624	0.00698066	
0.033453	0.00754819	
0.0324598	0.00520696	
0.0321234	0.00156338	
0.0324341	0.00386841	
0.0323181	0.0025799	
0.0475028	0.0180931	
0.049	0.0190092	
0.0430997	0.0154641	
0.0445347	0.0162778	
0.0460159	0.0171726	
0.0317772	-0.000708244	
0.0321898	-0.00157829	
0.0323561	-0.00254125	
0.0327915	-0.0035	
0.0321778	0	
0.0326948	0.000820297	
0.0369447	0.0115871	
0.0383509	0.0126522	
0.039806	0.0137575	
0.0415551	0.0145525	
0.0375043	0.0103127	
0.0371978	0.00914335	
0.036021	0.00871173	
0.0347273	0.00820299	
0.03356	0.00604195	
0.034526	0.00687742	
0.0335732	0.00451917	
0.0331131	0.00185829	
0.0334253	0.00310069	
0.0475084	0.0162637	
0.049	0.017179	
0.0430264	0.0135419	
0.0445339	0.0144587	
0.0460185	0.015354	
0.0327043	-0.000800284	
0.0331118	-0.00172055	
0.0334926	-0.00261038	
0.0338876	-0.0035	
0.0331823	0	
0.0337922	0.000954124	
0.0384096	0.0110745	
0.0398389	0.0117927	
0.0414348	0.0125688	
0.0383771	0.00973218	
0.0380441	0.00852502	
0.0370572	0.00782502	
0.0357811	0.00705815	
0.0351238	0.00548865	
0.0348018	0.00365144	
0.0343351	0.00215778	
0.0475071	0.0144344	
0.049	0.0153487	
0.0429758	0.0116484	
0.0445099	0.0126039	
0.0460124	0.0135211	
0.0338035	-0.000821136	
0.0341737	-0.00172614	
0.0346346	-0.00267433	
0.0351304	-0.0035	
0.034354	0	
0.0350715	0.00109631	
0.0396203	0.0100947	
0.0413299	0.0105376	
0.0391699	0.00857103	
0.0384184	0.0073535	
0.0371324	0.00598512	
0.0363664	0.00408892	
0.035726	0.00248154	
0.0475038	0.0126038	
0.049	0.0135185	
0.043053	0.00987441	
0.0445034	0.0107866	
0.046003	0.0116924	
0.034996	-0.000887678	
0.0351065	-0.00187346	
0.0358118	-0.00255132	
0.0363912	-0.0035	
0.0357142	0	
0.0365242	0.00121996	
0.0405963	0.00886003	
0.0419779	0.00897736	
0.0399937	0.00733982	
0.0390455	0.00583893	
0.0381341	0.00424266	
0.0372804	0.00268412	
0.0376521	-0.0035	
0.0475003	0.0107723	
0.049	0.0116882	
0.043124	0.00823947	
0.0445156	0.00902151	
0.0460039	0.00987057	
0.0363094	-0.0013283	
0.0370844	-0.00252475	
0.0382232	-0.00271733	
0.037289	0	
0.0381336	0.00137745	
0.0416058	0.00735877	
0.0407329	0.00580997	
0.0398688	0.00431411	
0.0389856	0.00283318	
0.038913	-0.0035	
0.0474929	0.00892237	
0.049	0.00985796	
0.043124	0.0068776	
0.0444559	0.00732452	
0.0460084	0.00802827	
0.0381637	-0.00146086	
0.0393521	-0.00242678	
0.0390231	0	
0.0398888	0.00142273	
0.0423388	0.00571535	
0.0415632	0.00429716	
0.0407517	0.00286275	
0.0401739	-0.0035	
0.0475575	0.00709736	
0.049	0.0080277	
0.0440405	0.00573754	
0.0459435	0.00601658	
0.0398445	-0.0012721	
0.0408087	-0.00249102	
0.0407984	0	
0.0416785	0.00143672	
0.0432977	0.00429987	
0.0425068	0.00285891	
0.0414347	-0.0035	
0.0476214	0.00530177	
0.049	0.00619787	
0.0450553	0.00434938	
0.0465481	0.00440683	
0.042222	-0.00238494	
0.0417529	-0.00120118	
0.0425738	0	
0.0434559	0.0014289	
0.0442816	0.00284086	
0.0433465	-0.00271133	
0.0426956	-0.0035	
0.0477016	0.00363044	
0.049	0.00441607	
0.0462114	0.00280911	
0.043419	-0.00143947	
0.044349	0	
0.0452084	0.00136257	
0.0445047	-0.00248554	
0.0439565	-0.0035	
0.0478916	0.00203964	
0.049	0.00276221	
0.0467934	0.00103404	
0.0451878	-0.00127906	
0.0460795	0	
0.0459013	-0.00248338	
0.0452174	-0.0035	
0.0480593	0.000887083	
0.049	0.00129527	
0.0476485	0	
0.0470113	-0.0014092	
0.0470711	-0.0027117	
0.0464782	-0.0035	
0.049	0	
0.0484663	-0.00108373	
0.0483056	-0.00237956	
0.0477391	-0.0035	
0.0501667	0	
0.0495817	-0.000947545	
0.049249	-0.00175981	
0.0495633	-0.00265549	
0.049	-0.0035	
0.0513333	0	
0.0507402	-0.000898249	
0.050203	-0.00177945	
0.0507482	-0.00264529	
0.0501667	-0.0035	
0.0525	0	
0.0519268	-0.000879469	
0.0513493	-0.00176682	
0.05193	-0.00263324	
0.0513333	-0.0035	
0.0536667	0	
0.0531059	-0.000867845	
0.052536	-0.00175418	
0.0548333	0	
0.0531139	-0.00263164	
0.0525	-0.0035	
0.0542731	-0.000857187	
0.0537921	-0.00175129	
0.0552095	-0.000778687	
0.056	0	
0.054275	-0.00264181	
0.0536667	-0.0035	
0.0550313	-0.0017453	
0.056	-0.00117538	
0.0552128	-0.00272261	
0.0548333	-0.0035	
0.056	-0.00232462	
0.056	-0.0035	
-0.007	-0.00291231	
-0.007	-0.00175	
-0.007	-0.000587692	
-0.00641667	-0.0035	
-0.00525	-0.0035	
-0.00408333	-0.0035	
-0.00291667	-0.0035	
-0.00175	-0.0035	
-0.000583333	-0.0035	
-0.00641667	0	
-0.00525	0	
-0.00408333	0	
-0.00291667	0	
-0.00175	0	
-0.000583333	0	
0.020432	-0.0035	
0.0200116	-0.0035	
0.020816	-0.0035	
0.000627644	-0.0035	
0.0195681	-0.0035	
0.00188293	-0.0035	
0.0191024	-0.0035	
0.00313822	-0.0035	
0.0043935	-0.0035	
0.0185777	-0.0035	
0.0179685	-0.0035	
0.00564879	-0.0035	
0.0172611	-0.0035	
0.0164397	-0.0035	
0.0154859	-0.0035	
0.00690408	-0.0035	
0.00815937	-0.0035	
0.00941465	-0.0035	
0.0106699	-0.0035	
0.0119252	-0.0035	
0.0143878	-0.0035	
0.0131775	-0.0035	
0	0.0235849	
0	0.0217546	
0	0.000647637	
0	0.0126033	
0	0.0144336	
0	0.0162639	
0	0.0180941	
0	0.0199244	
0	0.0107731	
0	0.00202874	
0	0.00894283	
0	0.00711279	
0	0.00358914	
0	0.00530697	
0.000655895	0	
0.00207011	0	
0.00366708	0	
0.00536858	0	
0.00709476	0	
0.0200833	0	
0.0204825	0	
0.00882142	0	
0.0196422	0	
0.0105361	0	
0.0191316	0	
0.0185216	0	
0.0178073	0	
0.012173	0	
0.0136433	0	
0.0149205	0	
0.0160253	0	
0.0169808	0	
0.020836	0	
0.000942308	0.0245	
0.00282692	0.0245	
0.00471154	0.0245	
0.00659615	0.0245	
0.00848077	0.0245	
0.0103654	0.0245	
0.01225	0.0245	
0.0141346	0.0245	
0.0160192	0.0245	
0.0179038	0.0245	
0.0197885	0.0245	
0.0216731	0.0245	
0.0235577	0.0245	
0.0254423	0.0245	
0.0273269	0.0245	
0.0292115	0.0245	
0.0310962	0.0245	
0.0329808	0.0245	
0.0348654	0.0245	
0.03675	0.0245	
0.0386346	0.0245	
0.0405192	0.0245	
0.0424038	0.0245	
0.0442885	0.0245	
0.0461731	0.0245	
0.0480577	0.0245	
0.021	-0.00334133	
0.021	-0.00304312	
0.021	-0.00276429	
0.0211712	-0.002625	
0.0215416	-0.002625	
0.0219728	-0.002625	
0.0224749	-0.002625	
0.0230595	-0.002625	
0.02374	-0.002625	
0.0245	-0.002625	
0.02526	-0.002625	
0.0259405	-0.002625	
0.0265251	-0.002625	
0.0270272	-0.002625	
0.0274584	-0.002625	
0.0278288	-0.002625	
0.021	-0.000728077	
0.021	-0.0004375	
0.021	-0.000146923	
0.0211716	-0.000875	
0.0215427	-0.000875	
0.0219745	-0.000875	
0.0224769	-0.000875	
0.0230613	-0.000875	
0.0237412	-0.000875	
0.0245	-0.000875	
0.0252588	-0.000875	
0.0259387	-0.000875	
0.0265231	-0.000875	
0.0270255	-0.000875	
0.0274573	-0.000875	
0.0278284	-0.000875	
0.0211716	0	
0.0215427	0	
0.0219745	0	
0.0224769	0	
0.0230613	0	
0.0237412	0	
0.0245	0	
0.0252588	0	
0.0259387	0	
0.0265231	0	
0.0270255	0	
0.0274573	0	
0.0278284	0	
0.028	-0.00276429	
0.028	-0.00304312	
0.028	-0.00334133	
0.0281849	-0.0035	
0.0285703	-0.0035	
0.0289949	-0.0035	
0.0294776	-0.0035	
0.030037	-0.0035	
0.030687	-0.0035	
0.0314423	-0.0035	
0.0323198	-0.0035	
0.0333395	-0.0035	
0.034509	-0.0035	
0.0357608	-0.0035	
0.0370217	-0.0035	
0.0382825	-0.0035	
0.0395434	-0.0035	
0.0408043	-0.0035	
0.0420652	-0.0035	
0.043326	-0.0035	
0.0445869	-0.0035	
0.0458478	-0.0035	
0.0471087	-0.0035	
0.0483696	-0.0035	
0.028	-0.000728077	
0.028	-0.0004375	
0.028	-0.000146923	
0.0281689	0	
0.028534	0	
0.0289464	0	
0.0293845	0	
0.0298406	0	
0.0303585	0	
0.0309883	0	
0.0317561	0	
0.0326801	0	
0.0337681	0	
0.0350341	0	
0.0365016	0	
0.038156	0	
0.0399107	0	
0.0416861	0	
0.0434614	0	
0.0452143	0	
0.046864	0	
0.0483242	0	
0.0495833	-0.0035	
0.05075	-0.0035	
0.0519167	-0.0035	
0.0530833	-0.0035	
0.05425	-0.0035	
0.0554167	-0.0035	
0.049	0.0235849	
0.049	0.0217546	
0.049	0.0199244	
0.049	0.0180941	
0.049	0.0162639	
0.049	0.0144336	
0.049	0.0126033	
0.049	0.0107731	
0.049	0.00894283	
0.049	0.00711279	
0.049	0.00530697	
0.049	0.00358914	
0.049	0.00202874	
0.049	0.000647637	
0.0495833	0	
0.05075	0	
0.0519167	0	
0.0530833	0	
0.05425	0	
0.0554167	0	
0.056	-0.000587692	
0.056	-0.00175	
0.056	-0.00291231	
-0.00602353	-0.00311241	
-0.00660687	-0.00311241	
-0.00660687	-0.00252471	
-0.00496014	-0.00306551	
-0.00554348	-0.00306551	
-0.00573368	-0.00267792	
-0.00651571	-0.00204446	
-0.00651571	-0.00146984	
-0.00612258	-0.00224456	
-0.00564252	-0.00219766	
-0.00612269	-0.00127095	
-0.00660698	-0.000976489	
-0.00660698	-0.000388797	
-0.003798	-0.0030797	
-0.00438134	-0.0030797	
-0.00467481	-0.00264521	
-0.00444943	-0.00220671	
-0.00502824	-0.00219252	
-0.00541714	-0.00175916	
-0.00573813	-0.000827316	
-0.00564687	-0.00132067	
-0.00503258	-0.00131553	
-0.00602364	-0.000388797	
-0.00554782	-0.00043852	
-0.00263323	-0.00306691	
-0.00321657	-0.00306691	
-0.00351457	-0.00264661	
-0.00324309	-0.00219809	
-0.00382453	-0.00221088	
-0.00417796	-0.0017582	
-0.00469069	-0.000877446	
-0.00446096	-0.00131594	
-0.00383606	-0.00132011	
-0.00496449	-0.00043852	
-0.00439287	-0.000438926	
-0.00146691	-0.00306339	
-0.00205024	-0.00306339	
-0.00235014	-0.0026303	
-0.00205792	-0.00219053	
-0.00264091	-0.00219404	
-0.00295087	-0.00175832	
-0.00352429	-0.000875769	
-0.00324129	-0.00131803	
-0.0026391	-0.00131398	
-0.00380953	-0.000438926	
-0.00321476	-0.000436842	
-0.000302224	-0.00306009	
-0.000885557	-0.00306009	
-0.0011858	-0.00262348	
-0.000884623	-0.00218359	
-0.00146598	-0.00218689	
-0.00175674	-0.00175064	
-0.00144491	-0.00131409	
-0.00203685	-0.00131772	
-0.00232726	-0.000877425	
-0.00263142	-0.000436842	
-0.00202917	-0.000440583	
0.0201218	-0.00331795	
0.0199014	-0.00331795	
0.0205417	-0.00332696	
0.0203418	-0.00332696	
0.0202316	-0.0031449	
0.0207062	-0.00338541	
0.020616	-0.00321237	
0.0208903	-0.00338541	
0.000901847	-0.00306602	
0.000274203	-0.00306602	
-2.80206e-05	-0.00262611	
0.000261211	-0.00218669	
-0.000315216	-0.00218076	
-0.000595391	-0.00174417	
-0.00112126	-0.000869736	
-0.000841154	-0.00130266	
-0.000271748	-0.00129982	
-0.00144584	-0.000440583	
-0.000842089	-0.000429154	
0.0203342	-0.00297047	
0.0201143	-0.00296146	
0.0199081	-0.00294955	
0.0200107	-0.00277512	
0.0196825	-0.00330559	
0.0197928	-0.00312354	
0.0196892	-0.0029372	
0.0194596	-0.00330559	
0.020502	-0.00300181	
0.0203847	-0.00281837	
0.0205237	-0.00273029	
0.0203559	-0.00269895	
0.0204802	-0.00247386	
0.0203785	-0.00239792	
0.0203932	-0.00253493	
0.0202542	-0.00262301	
0.0207682	-0.00314451	
0.0206037	-0.00308606	
0.0206541	-0.00293395	
0.0208903	-0.00322675	
0.0208779	-0.00310043	
0.00210324	-0.00301428	
0.0014756	-0.00301428	
0.00112216	-0.0025803	
0.00132683	-0.00216559	
0.000753078	-0.00221734	
0.000465883	-0.00177198	
0.000102518	-0.000865293	
0.000348281	-0.00130681	
0.000840148	-0.00133745	
-0.000258756	-0.000429154	
0.000361273	-0.00043614	
0.0205597	-0.00229173	
0.020571	-0.00215521	
0.0204768	-0.00220034	
0.0207072	-0.00213955	
0.0206243	-0.00204817	
0.0203428	-0.00226887	
0.0202557	-0.00232994	
0.0203541	-0.00213236	
0.0201086	-0.00262583	
0.0199024	-0.00261392	
0.0201459	-0.00246181	
0.0201101	-0.00233276	
0.0197269	-0.00257459	
0.0198248	-0.0024253	
0.0194805	-0.00290537	
0.0195957	-0.00273138	
0.0195181	-0.00254276	
0.0192291	-0.00328458	
0.0189863	-0.00328458	
0.0193435	-0.00309018	
0.01925	-0.00288436	
0.0206873	-0.00189784	
0.0205511	-0.0019135	
0.0207531	-0.00288337	
0.0206514	-0.00279912	
0.0206226	-0.0026797	
0.020721	-0.00261703	
0.0205932	-0.0025482	
0.0205786	-0.0024112	
0.0206727	-0.00236607	
0.0208779	-0.00296089	
0.0208752	-0.00282605	
0.0207877	-0.00239378	
0.0207689	-0.00227431	
0.0208222	-0.00216726	
0.0209516	-0.0021963	
0.0208898	-0.00206155	
0.0210171	-0.00192232	
0.0208876	-0.00189328	
0.0208145	-0.00175862	
0.000637445	0.0238983	
0.00157975	0.0238983	
0.000637445	0.0229832	
0.00340411	-0.00296719	
0.00277647	-0.00296719	
0.00236914	-0.00248147	
0.00248441	-0.00183153	
0.00181118	-0.00187861	
0.00132449	-0.00105048	
0.0014421	-0.00151565	
0.00101717	-0.00043614	
0.00161912	-0.000614336	
0.00109556	0.000432997	
0.000439664	0.000432997	
0.000439664	0.00108063	
0.0203513	-0.00193338	
0.0202173	-0.00200191	
0.0204143	-0.00178306	
0.0205366	-0.00161798	
0.0203367	-0.00163786	
0.0199481	-0.00226895	
0.0197726	-0.00222962	
0.0200579	-0.00213708	
0.0200552	-0.0019381	
0.0196005	-0.0022195	
0.0197238	-0.00206314	
0.0194546	-0.00232923	
0.0193234	-0.00248601	
0.0194058	-0.00216275	
0.0187248	-0.00325407	
0.0184429	-0.00325407	
0.0188515	-0.00303866	
0.0190178	-0.00283265	
0.0187562	-0.00280214	
0.0191547	-0.00264784	
0.0190912	-0.00243431	
0.0208929	-0.00161653	
0.0206925	-0.00162109	
0.0206149	-0.0014759	
0.0208987	-0.00144131	
0.0210208	-0.00157883	
0.0207089	-0.00137286	
0.020553	-0.00136975	
0.0208752	-0.00268676	
0.0208458	-0.00255527	
0.020942	-0.00246351	
0.0210892	-0.00247844	
0.0210312	-0.00231695	
0.0210988	-0.00221123	
0.0212328	-0.0021813	
0.0211532	-0.00206065	
0.021151	-0.00189238	
0.0211645	-0.00144248	
0.0211586	-0.0016177	
0.0213426	-0.00162228	
0.0211989	-0.00175863	
0.0213351	-0.00189696	
0.00235507	0.0238023	
0.00329738	0.0238023	
0.00205021	0.0232006	
0.000832159	0.0212743	
0.000832159	0.0221894	
0.0014696	0.0225029	
0.00224492	0.0224068	
0.000744361	0.0193803	
0.000744361	0.0202954	
0.00157652	0.0207302	
0.00472928	-0.00297618	
0.00410164	-0.00297618	
0.00373989	-0.00244337	
0.00592272	-0.00309778	
0.00529508	-0.00309778	
0.00500321	-0.00257395	
0.00285749	-0.00122191	
0.00341545	-0.00182476	
0.00411298	-0.00183375	
0.00237744	-0.000614336	
0.00330849	-0.00060757	
0.00244556	0.000509512	
0.00168725	0.000509512	
0.00147101	0.000942509	
0.000511076	0.00165547	
0.000511076	0.00238894	
0.00095074	0.00144083	
0.00154243	0.00151735	
0.0205354	-0.00121388	
0.0204414	-0.00131692	
0.020272	-0.00126839	
0.0202896	-0.00142426	
0.0201674	-0.00158934	
0.0198	-0.00187206	
0.019628	-0.00186195	
0.0199122	-0.0015233	
0.0199593	-0.0017369	
0.0193959	-0.00193762	
0.01925	-0.00204734	
0.0194721	-0.00174654	
0.0188661	-0.00233733	
0.0190348	-0.00217551	
0.0190249	-0.00195037	
0.0181353	-0.00321723	
0.017808	-0.00321723	
0.0182823	-0.0029713	
0.0184843	-0.00272662	
0.0181767	-0.00268977	
0.0186506	-0.00252061	
0.0185942	-0.00226181	
0.017465	-0.0031759	
0.017085	-0.0031759	
0.0176318	-0.00289313	
0.0209573	-0.00130348	
0.0208294	-0.00134117	
0.0207675	-0.00123503	
0.0210351	-0.00118884	
0.0211045	-0.00128897	
0.0212423	-0.00132784	
0.0207895	-0.00110965	
0.020669	-0.00114133	
0.0205574	-0.0010885	
0.0205825	-0.000933105	
0.0204489	-0.00100566	
0.0212604	-0.00247844	
0.0214404	-0.00247155	
0.0213585	-0.00232499	
0.0214129	-0.00217441	
0.0214383	-0.00104128	
0.0212627	-0.00102467	
0.0213578	-0.00119094	
0.0214178	-0.00134446	
0.021595	-0.00214627	
0.0214693	-0.00200257	
0.0215172	-0.00186882	
0.0215962	-0.0013915	
0.0214806	-0.00152841	
0.0215209	-0.00166933	
0.0216552	-0.00177494	
0.00074046	0.010307	
0.00074046	0.0112222	
0.00074149	0.0121368	
0.00074149	0.013052	
0.00148195	0.0116708	
0.000741874	0.0139641	
0.000741874	0.0148792	
0.00148336	0.0134976	
0.000743409	0.0157892	
0.000743409	0.0167043	
0.00148528	0.0153197	
0.000745352	0.0176054	
0.000745352	0.0185206	
0.00148971	0.0188916	
0.00148876	0.0171308	
0.00422005	0.0237671	
0.00516236	0.0237671	
0.0037482	0.0230693	
0.00325282	0.0223424	
0.0041755	0.0223073	
0.00267222	0.0216447	
0.00218573	0.0200258	
0.00227353	0.0210047	
0.00328144	0.0209403	
0.00223161	0.0184298	
0.00223062	0.0192896	
0.00292763	0.019564	
0.00710108	-0.00294467	
0.00647344	-0.00294467	
0.00611973	-0.00254244	
0.00555026	-0.0020769	
0.00498447	-0.0019553	
0.00610098	-0.00192379	
0.00466003	-0.0013367	
0.000736308	0.00847636	
0.000736308	0.00939148	
0.00147677	0.00984056	
0.000665877	0.00317655	
0.000665877	0.00400349	
0.00117695	0.00280329	
0.000726348	0.00665072	
0.000726348	0.00756564	
0.00146266	0.00801429	
0.000706249	0.00486556	
0.000706249	0.00575646	
0.0014326	0.00620931	
0.00137213	0.00445297	
0.00414713	-0.00060757	
0.00501862	-0.000729129	
0.00406968	0.000668822	
0.00323103	0.000668822	
0.00284816	0.00117833	
0.00189227	0.00236079	
0.00204707	0.00314841	
0.00319801	0.00202178	
0.00241255	0.00186247	
0.0203146	-0.000915697	
0.0202896	-0.00107109	
0.0201378	-0.00117843	
0.0199599	-0.00107339	
0.0199424	-0.00127069	
0.0197344	-0.00141826	
0.0195381	-0.00124838	
0.0195079	-0.00150099	
0.0192758	-0.00157666	
0.0190573	-0.00142917	
0.0190215	-0.00167472	
0.0188064	-0.00180288	
0.0146929	-0.00308559	
0.0141073	-0.00308559	
0.0166826	-0.00312288	
0.0162412	-0.00312288	
0.0168865	-0.00279878	
0.0157472	-0.00303847	
0.0152347	-0.00303847	
0.0149543	-0.00262406	
0.0159901	-0.00266136	
0.0185319	-0.00194323	
0.0183164	-0.00212651	
0.0185286	-0.00166758	
0.0178479	-0.00258969	
0.017505	-0.00254836	
0.0180499	-0.00234501	
0.0179876	-0.00202642	
0.0171571	-0.00248277	
0.0167547	-0.00242975	
0.0173733	-0.00217933	
0.0210911	-0.00102467	
0.020944	-0.00103917	
0.0208455	-0.000945473	
0.020876	-0.000803127	
0.0207215	-0.000873599	
0.0206129	-0.000790759	
0.0203685	-0.000731394	
0.0202092	-0.000796828	
0.0206521	-0.000662405	
0.0205131	-0.000721911	
0.0204077	-0.000603041	
0.0216378	-0.00104128	
0.0216397	-0.00247155	
0.0218528	-0.00243947	
0.0217516	-0.00228602	
0.021808	-0.00211418	
0.0218557	-0.00106847	
0.0217512	-0.00123475	
0.021814	-0.0014187	
0.0220396	-0.00200909	
0.021883	-0.00186934	
0.0220418	-0.00151309	
0.0218867	-0.00166985	
0.00610204	0.0237399	
0.00704435	0.0237399	
0.00561055	0.0230069	
0.0022189	0.00937326	
0.00222306	0.0102888	
0.00222212	0.0112072	
0.00222315	0.0121219	
0.00296426	0.0107399	
0.00222342	0.0130336	
0.0022238	0.0139457	
0.00296359	0.01257	
0.00222337	0.0148512	
0.00222491	0.0157612	
0.00296342	0.0143872	
0.00222403	0.0166574	
0.00222597	0.0175585	
0.00296687	0.0179565	
0.00296212	0.0161889	
0.00512662	0.0222485	
0.0060663	0.0222213	
0.00463125	0.0215216	
0.00413328	0.020709	
0.00508439	0.0206502	
0.00377947	0.0193327	
0.00373459	0.0200689	
0.00368942	0.0175212	
0.00369505	0.0183925	
0.00450201	0.0188974	
0.0084457	-0.00296131	
0.00781805	-0.00296131	
0.00738741	-0.00240597	
0.00632595	-0.00135775	
0.00689541	-0.00182329	
0.00761238	-0.00183993	
0.00588148	-0.000729129	
0.00667591	-0.000628624	
0.00218874	0.00754735	
0.0021987	0.00845807	
0.00294498	0.00890632	
0.00204131	0.00404015	
0.00208168	0.00490222	
0.00275663	0.00359765	
0.00213581	0.00575956	
0.0021559	0.00665382	
0.00289195	0.0070976	
0.00280499	0.00534673	
0.00578994	0.000676411	
0.00492708	0.000676411	
0.00449103	0.00134523	
0.00494502	0.00200002	
0.00408761	0.00199243	
0.003652	0.00267656	
0.00335493	0.00327829	
0.00334917	0.00417003	
0.00424454	0.00324894	
0.0200747	-0.000667041	
0.0200208	-0.000851343	
0.0198254	-0.000943604	
0.0097642	-0.00295367	
0.00913656	-0.00295367	
0.00879524	-0.00241498	
0.010965	-0.00309085	
0.0103374	-0.00309085	
0.0100593	-0.00254452	
0.0196634	-0.000778056	
0.0196025	-0.0010001	
0.0193761	-0.00108283	
0.0191791	-0.000900269	
0.0191147	-0.00114854	
0.0188603	-0.0012466	
0.0186059	-0.00104372	
0.0185485	-0.00132434	
0.0182741	-0.00146469	
0.0121466	-0.00293345	
0.011519	-0.00293345	
0.0111864	-0.0025243	
0.0135228	-0.00291014	
0.0128982	-0.00291014	
0.0124919	-0.00234359	
0.0138279	-0.00249573	
0.0152019	-0.00227342	
0.01466	-0.00232053	
0.014313	-0.00224726	
0.0137285	-0.00207182	
0.0145606	-0.00189663	
0.0163494	-0.00233895	
0.0158554	-0.00225454	
0.01662	-0.00202293	
0.0154978	-0.00214055	
0.0152036	-0.00183703	
0.0158571	-0.00181815	
0.0179061	-0.00127577	
0.0178861	-0.001619	
0.0176196	-0.0018375	
0.0172717	-0.00177191	
0.0171544	-0.0014447	
0.016908	-0.00178652	
0.0165027	-0.00169572	
0.0201626	-0.000477592	
0.0199742	-0.000532108	
0.0207604	-0.000595329	
0.0206606	-0.000526481	
0.020876	-0.000656204	
0.0208844	-0.00052028	
0.0202688	-0.000321324	
0.0203693	-0.000456257	
0.0206222	-0.000379698	
0.0205139	-0.000446773	
0.0220879	-0.00106847	
0.0220848	-0.00243947	
0.0223362	-0.00240867	
0.0222161	-0.00222314	
0.022291	-0.00197829	
0.0223423	-0.0010942	
0.0222234	-0.00128768	
0.0222962	-0.00153883	
0.02254	-0.00198526	
0.0223635	-0.00177121	
0.0225451	-0.00154579	
0.00368203	0.00844975	
0.00370224	0.00936494	
0.00799949	0.023734	
0.0089418	0.023734	
0.00750538	0.0229739	
0.00703047	0.0222038	
0.00798561	0.0221979	
0.00654653	0.0214453	
0.00370317	0.0102804	
0.00370223	0.0111988	
0.00444021	0.00982379	
0.00370446	0.0121121	
0.00370473	0.0130238	
0.00444337	0.0116525	
0.00369792	0.0139287	
0.00369749	0.0148342	
0.00443879	0.0134708	
0.00369438	0.0157288	
0.0036935	0.016625	
0.00442168	0.0170611	
0.00442887	0.0152703	
0.00609207	0.0206812	
0.00705623	0.0206637	
0.0055941	0.0198686	
0.00519098	0.0191892	
0.00619865	0.0192202	
0.00510656	0.018249	
0.00515927	0.0165852	
0.00515519	0.0174814	
0.00584415	0.0177731	
0.00920449	-0.00181233	
0.00851363	-0.00181996	
0.00802163	-0.00123728	
0.00753924	-0.000628624	
0.00844049	-0.000608654	
0.00752614	0.000700117	
0.00666281	0.000700117	
0.00622132	0.00137653	
0.0036405	0.00662981	
0.00367333	0.00752334	
0.00443059	0.00798196	
0.0034714	0.00487958	
0.00352552	0.00573692	
0.00430691	0.00616266	
0.0040697	0.00456021	
0.00666796	0.00208362	
0.00579509	0.00205992	
0.00539167	0.00270711	
0.00579721	0.00341574	
0.00494715	0.00335584	
0.00465008	0.00395757	
0.00477231	0.00466712	
0.0198473	-0.00036774	
0.0197594	-0.000557188	
0.0195365	-0.000613687	
0.00975266	-0.00131354	
0.0100343	-0.00190856	
0.0106075	-0.00204574	
0.0111614	-0.00188833	
0.0193813	-0.000423188	
0.0192853	-0.000644056	
0.0190239	-0.00070977	
0.0188284	-0.000490745	
0.0187222	-0.000746959	
0.0184104	-0.000824694	
0.0181574	-0.000575692	
0.018041	-0.000872451	
0.017653	-0.00102677	
0.0127183	-0.00176632	
0.0119667	-0.00178963	
0.0113878	-0.00131107	
0.0129122	-0.00114498	
0.0134374	-0.00169894	
0.0139225	-0.00145048	
0.0142515	-0.00107742	
0.0145426	-0.0014503	
0.0151856	-0.0013907	
0.0148896	-0.00152357	
0.015436	-0.00101824	
0.01575	-0.0013317	
0.0163956	-0.00120927	
0.0161075	-0.00144568	
0.0173755	-0.000674381	
0.0172405	-0.0010777	
0.0164817	-0.000842272	
0.0168769	-0.00109231	
0.0199679	-0.00017133	
0.0197531	-0.00019641	
0.0201775	-0.00017133	
0.0203842	-0.000149995	
0.0207806	-0.000338463	
0.0206339	-0.000258755	
0.0208844	-0.000376626	
0.0208962	-0.000255683	
0.0205738	-0.000149995	
0.0207322	-0.00010876	
0.0226124	-0.0010942	
0.0226063	-0.00240867	
0.0228827	-0.00236538	
0.0227439	-0.00214905	
0.0228164	-0.00194196	
0.0229268	-0.00115983	
0.0227922	-0.00137903	
0.0228595	-0.00161141	
0.0230634	-0.00177521	
0.00520277	0.00751408	
0.00521147	0.00844049	
0.00516913	0.00936317	
0.00517006	0.0102786	
0.00594132	0.00889528	
0.00989219	0.0237325	
0.0108345	0.0237325	
0.00941092	0.0229665	
0.00893757	0.0221938	
0.00988797	0.0221924	
0.00846266	0.0214238	
0.00800233	0.020624	
0.00895429	0.0206198	
0.00754787	0.0198598	
0.00518781	0.0112012	
0.00519004	0.0121146	
0.00591673	0.0107406	
0.00517603	0.0130212	
0.00516922	0.0139262	
0.00592047	0.0125699	
0.0051595	0.0148226	
0.00515639	0.0157171	
0.0058899	0.0161375	
0.00589674	0.014373	
0.00705423	0.0189885	
0.00800033	0.0189487	
0.00665111	0.0183091	
0.00669974	0.0175415	
0.00659722	0.0156373	
0.0066001	0.0165054	
0.00740706	0.0170413	
0.00930381	-0.000608654	
0.0101336	-0.000704887	
0.00926483	0.000701276	
0.0084015	0.000701276	
0.00796955	0.00140139	
0.00841783	0.0021204	
0.00754247	0.00211924	
0.00711625	0.00280263	
0.00514123	0.00563238	
0.00525621	0.00652528	
0.00603709	0.0069838	
0.00572161	0.00502974	
0.00755674	0.00356867	
0.00668222	0.00353305	
0.0062377	0.00418178	
0.00660662	0.00514705	
0.00672668	0.00662522	
0.00667324	0.00761402	
0.0195216	-0.00019641	
0.0192704	-0.000226778	
0.010985	-0.000704887	
0.0117903	-0.000606181	
0.0189913	-0.000226778	
0.0186896	-0.000263967	
0.0183587	-0.000263967	
0.0179893	-0.000311725	
0.017606	-0.000311725	
0.0171935	-0.000362656	
0.0125757	-0.000606181	
0.0132949	-0.000538797	
0.0139798	-0.000538797	
0.0145999	-0.000538622	
0.0151923	-0.000538622	
0.0157567	-0.000479616	
0.0167503	-0.000362656	
0.016269	-0.000479616	
0.0197646	0.000210211	
0.0195331	0.000210211	
0.0201972	0.000184998	
0.0199875	0.000184998	
0.0198785	0.000395209	
0.0205801	0.000161646	
0.0203905	0.000161646	
0.0202948	0.000346645	
0.0208962	-0.00010876	
0.0209171	0.000145857	
0.0207532	0.000145857	
0.0206612	0.000307503	
0.0232411	-0.00115983	
0.0231971	-0.00236538	
0.0235061	-0.00232084	
0.0233293	-0.00206122	
0.0233725	-0.00173066	
0.0236229	-0.00115818	
0.0234884	-0.00144301	
0.0237543	-0.00172902	
0.00683577	0.00838983	
0.00679343	0.00931251	
0.00752535	0.00803125	
0.00667017	0.010306	
0.00668792	0.0112287	
0.00756462	0.00980059	
0.0117796	0.0237344	
0.0127219	0.0237344	
0.0113064	0.0229669	
0.0108372	0.0221981	
0.0117823	0.0221999	
0.0103639	0.0214254	
0.00990979	0.0206379	
0.010859	0.0206436	
0.00944945	0.0198381	
0.0090103	0.0190294	
0.00996579	0.0190475	
0.00851666	0.0181581	
0.00666047	0.0121486	
0.00664646	0.0130553	
0.00741391	0.011714	
0.00662984	0.013914	
0.00662012	0.0148104	
0.00733032	0.0151783	
0.00736984	0.0134927	
0.00818908	0.0173296	
0.00919905	0.0174103	
0.00808945	0.0162935	
0.00788509	0.0156007	
0.00866711	0.015889	
0.00790799	0.0147738	
0.010973	0.000677045	
0.0101216	0.000677045	
0.00970165	0.00137832	
0.0101685	0.00208207	
0.00931179	0.0021063	
0.00888472	0.00282415	
0.00937087	0.00356989	
0.00847691	0.00358399	
0.00804289	0.00431441	
0.00851311	0.00511324	
0.00759294	0.00509791	
0.007713	0.00657609	
0.00707685	0.00594587	
0.00855817	0.00673135	
0.00820801	0.0074107	
0.00837053	0.00818651	
0.00903705	0.00819984	
0.0083544	0.00882039	
0.0192705	0.000244847	
0.0189914	0.000244847	
0.0193929	0.000455059	
0.0125626	0.000616151	
0.0117771	0.000616151	
0.0113626	0.0012932	
0.0186747	0.000284754	
0.0183437	0.000284754	
0.0188136	0.000529602	
0.0179905	0.000327468	
0.0176072	0.000327468	
0.0181437	0.000612223	
0.0171979	0.000378983	
0.0167548	0.000378983	
0.0173812	0.000706452	
0.0139694	0.000565173	
0.0132846	0.000565173	
0.0128887	0.00118132	
0.0152004	0.000503277	
0.014608	0.000503277	
0.0142493	0.00106845	
0.0162726	0.000440019	
0.0157602	0.000440019	
0.0154477	0.000943296	
0.0164897	0.000819003	
0.0195627	0.000652243	
0.0193001	0.000686879	
0.0200243	0.000574391	
0.0198014	0.000599604	
0.0197086	0.000831424	
0.0204195	0.000510385	
0.0202262	0.000533737	
0.0201491	0.000738132	
0.0207756	0.000453506	
0.0206025	0.000469296	
0.0205339	0.000656388	
0.0212571	0.00014747	
0.0210855	0.00014747	
0.0210027	0.000293327	
0.0210862	0.000410374	
0.0209178	0.00040876	
0.0208591	0.000570553	
0.0239885	-0.00115818	
0.0238722	-0.00232084	
0.024242	-0.00232872	
0.0240081	-0.00202455	
0.024124	-0.0017369	
0.0243659	-0.00116186	
0.0242475	-0.00144504	
0.0245014	-0.00174057	
0.0083368	0.00940837	
0.00821354	0.0104019	
0.00900332	0.0094217	
0.0081049	0.0113179	
0.00807745	0.0122378	
0.00887708	0.0109256	
0.0136645	0.0237365	
0.0146068	0.0237365	
0.0131941	0.0229709	
0.0127257	0.0222051	
0.0136683	0.0222072	
0.0122565	0.0214362	
0.0117992	0.0206627	
0.0127426	0.0206678	
0.0113451	0.0198752	
0.0109007	0.0190945	
0.0118409	0.0191136	
0.0104615	0.0182858	
0.0100552	0.0174991	
0.0109901	0.0175461	
0.00972764	0.0166706	
0.00815446	0.0131505	
0.00813784	0.0140093	
0.00869261	0.0144316	
0.00884545	0.0127543	
0.0093565	0.015898	
0.0102127	0.0159867	
0.00915214	0.0152051	
0.00938199	0.0144406	
0.011827	0.00195416	
0.0110229	0.00201505	
0.010633	0.00274303	
0.00966473	0.00821761	
0.0096486	0.00885149	
0.009631	0.00943947	
0.0111571	0.00346675	
0.0103028	0.00353377	
0.00989496	0.00429361	
0.0104228	0.00507325	
0.00949093	0.00510936	
0.00904097	0.00589287	
0.00953599	0.00672748	
0.0105304	0.00665112	
0.0100476	0.0074896	
0.0106591	0.00814125	
0.019016	0.000778315	
0.0186993	0.000818222	
0.0191858	0.000975499	
0.0133229	0.00178471	
0.0126009	0.00183569	
0.0122612	0.00255754	
0.0183792	0.000939869	
0.018026	0.000982583	
0.0185816	0.00118858	
0.017645	0.00107084	
0.0172357	0.00112236	
0.0178805	0.00139849	
0.0167885	0.00122748	
0.0163064	0.00128852	
0.0170523	0.00159188	
0.0146246	0.00159718	
0.013986	0.00165907	
0.0136982	0.00231344	
0.0157843	0.00140665	
0.0152244	0.00146991	
0.0149611	0.00206053	
0.016083	0.00181513	
0.0194548	0.0011506	
0.0191707	0.00124203	
0.0198943	0.00100059	
0.0196556	0.00105323	
0.0196405	0.00131977	
0.0203078	0.000887914	
0.0201059	0.000928568	
0.020053	0.00115038	
0.0206816	0.000803006	
0.0204987	0.000844096	
0.0204555	0.00103453	
0.0216427	0.000171257	
0.0214431	0.000171257	
0.0213571	0.000318728	
0.0210005	0.000682832	
0.0208584	0.000727578	
0.0208231	0.000915286	
0.0214228	0.000481985	
0.0212368	0.000458199	
0.0211519	0.000573631	
0.0211512	0.000730657	
0.024759	-0.00116186	
0.0246359	-0.00232872	
0.0251291	-0.00115909	
0.024995	-0.00144595	
0.0250139	-0.00233141	
0.0247559	-0.00203513	
0.0248794	-0.00174327	
0.0252495	-0.0017405	
0.00939376	0.0122006	
0.00947077	0.0131133	
0.00968645	0.0104675	
0.00957781	0.0113835	
0.0102031	0.0117424	
0.0103317	0.00989728	
0.0155484	0.0237381	
0.0164907	0.0237381	
0.0150782	0.0229746	
0.0146091	0.0222112	
0.0155507	0.0222128	
0.0141408	0.0214454	
0.0136775	0.02068	
0.0146183	0.020684	
0.0132202	0.0199064	
0.0127665	0.0191393	
0.0137014	0.0191514	
0.0123221	0.0183586	
0.01188	0.017594	
0.0128056	0.0176197	
0.0114737	0.0168072	
0.0110461	0.0160459	
0.011936	0.0160937	
0.010675	0.0152732	
0.01024	0.0145325	
0.0110735	0.0145916	
0.00978051	0.013759	
0.0103288	0.0132052	
0.0127961	0.00320426	
0.0120222	0.00332273	
0.011692	0.00411347	
0.0109421	0.00941079	
0.0109976	0.0104388	
0.0115206	0.0080621	
0.0111378	0.00879012	
0.0118036	0.00933164	
0.0123608	0.00492014	
0.0114957	0.00506416	
0.0110916	0.00587992	
0.0116032	0.00664203	
0.0124522	0.0067221	
0.011891	0.00749331	
0.0123696	0.00814217	
0.018907	0.00145513	
0.018587	0.00157677	
0.019176	0.00163022	
0.0141923	0.00287394	
0.0135293	0.00299958	
0.0132903	0.00376477	
0.018187	0.00171819	
0.017806	0.00180645	
0.0185124	0.00198474	
0.017396	0.0019559	
0.0169488	0.00206103	
0.0177025	0.00227561	
0.0164722	0.00223003	
0.0159501	0.00234816	
0.0168159	0.00259406	
0.0154042	0.00253909	
0.0148044	0.00266636	
0.0146355	0.0033525	
0.0157934	0.00295398	
0.0194982	0.00165847	
0.0192346	0.00187156	
0.0198874	0.00145632	
0.0196866	0.00155368	
0.0197452	0.00179502	
0.02023	0.00125086	
0.0200184	0.00132289	
0.0200645	0.0015568	
0.0206217	0.00118748	
0.0204308	0.0012313	
0.0203962	0.00140381	
0.021017	0.00103273	
0.0208403	0.00110816	
0.0208156	0.00130492	
0.0220953	0.000201354	
0.0218631	0.000201354	
0.0217635	0.000372611	
0.0218497	0.000569454	
0.0216293	0.000539357	
0.0215091	0.000678828	
0.0215587	0.000871324	
0.0213522	0.000813952	
0.0212008	0.000923153	
0.021218	0.00111603	
0.0254947	-0.00115909	
0.02538	-0.00233141	
0.0258154	-0.00112553	
0.0256857	-0.00140962	
0.0257661	-0.00232237	
0.0255201	-0.00202879	
0.0256356	-0.00173146	
0.0259563	-0.00169791	
0.0174326	0.0237388	
0.0183749	0.0237388	
0.0169617	0.0229769	
0.0109073	0.0116895	
0.0107233	0.0125066	
0.011033	0.0131523	
0.0118774	0.0105845	
0.0112671	0.011071	
0.0117872	0.0118351	
0.0164909	0.0222155	
0.0174328	0.0222162	
0.0160218	0.0214521	
0.0155537	0.0206903	
0.016494	0.020693	
0.0150905	0.0199248	
0.0146279	0.0191639	
0.0155633	0.0191702	
0.0141742	0.0183968	
0.0137173	0.01764	
0.0146439	0.0176525	
0.0132753	0.0168754	
0.0128225	0.016129	
0.0137342	0.0161493	
0.012395	0.0153676	
0.0119355	0.0146331	
0.012822	0.0146684	
0.0115005	0.0138924	
0.011895	0.0131938	
0.0139225	0.00432352	
0.0131893	0.0045282	
0.012993	0.00547889	
0.0124518	0.00934155	
0.0122561	0.00996222	
0.0125256	0.0105944	
0.0130938	0.0082132	
0.0127234	0.008782	
0.0131759	0.00941258	
0.013855	0.00585767	
0.0130265	0.00624961	
0.0133142	0.00710088	
0.0139475	0.00722873	
0.0133732	0.00770123	
0.013727	0.00834105	
0.0194699	0.00215575	
0.0191477	0.0021275	
0.0188219	0.0022573	
0.0184219	0.00239872	
0.0190572	0.00254148	
0.0151828	0.00383862	
0.0145707	0.00404621	
0.0144698	0.00480964	
0.0180738	0.00258881	
0.0176638	0.00273826	
0.0183833	0.00286137	
0.0172398	0.00293768	
0.0167631	0.00310668	
0.0176111	0.00325088	
0.0162409	0.00334573	
0.0156951	0.00353665	
0.0156303	0.00423036	
0.0166649	0.00368935	
0.0199739	0.00195506	
0.0197855	0.00205984	
0.0196986	0.00231579	
0.0203047	0.0016112	
0.0201738	0.00174463	
0.0205056	0.00159164	
0.0202142	0.00200945	
0.0210316	0.00151404	
0.020813	0.00159336	
0.0207216	0.00180075	
0.0214523	0.00125304	
0.0212685	0.00136262	
0.0212659	0.00165105	
0.0226231	0.000235091	
0.022353	0.000235091	
0.0222416	0.000436445	
0.0223479	0.000668819	
0.0220902	0.000635082	
0.021956	0.000801828	
0.022031	0.00102204	
0.0217905	0.00095641	
0.0216336	0.00109153	
0.0216842	0.00133813	
0.0219223	0.00140252	
0.021741	0.00156402	
0.0261297	-0.00112553	
0.0260806	-0.00232237	
0.026405	-0.00108866	
0.0262817	-0.0013392	
0.0261971	-0.00154125	
0.0264725	-0.00150437	
0.0261471	-0.00186309	
0.026393	-0.0023987	
0.0262186	-0.00209607	
0.0264595	-0.00193941	
0.019317	0.0237389	
0.0202593	0.0237389	
0.0188457	0.0229777	
0.0183744	0.0222172	
0.0193166	0.0222173	
0.0179037	0.0214558	
0.0127653	0.0132528	
0.0122978	0.0125127	
0.0126575	0.0118942	
0.0133805	0.0106083	
0.0130019	0.0112305	
0.0135124	0.0119081	
0.0174328	0.0206956	
0.0183745	0.0206966	
0.0169647	0.0199337	
0.0164956	0.019175	
0.0174345	0.0191777	
0.0160331	0.0184141	
0.0155645	0.0176577	
0.0164968	0.0176626	
0.0151076	0.016901	
0.0146437	0.0161563	
0.0155643	0.0161615	
0.0141909	0.0154098	
0.0137243	0.0146931	
0.0146337	0.0147	
0.0132649	0.0139586	
0.0136677	0.0132775	
0.0151559	0.0052542	
0.0145076	0.00553151	
0.0145411	0.00630223	
0.0139192	0.00939755	
0.0136475	0.0099571	
0.0141238	0.0105932	
0.0144076	0.00825857	
0.0141282	0.00877055	
0.0145998	0.00931507	
0.0151752	0.00667924	
0.0145226	0.00700539	
0.0145816	0.00760574	
0.0149828	0.00803523	
0.0197281	0.00262388	
0.0200438	0.00252798	
0.0194078	0.00277889	
0.019082	0.00290868	
0.019753	0.00299108	
0.0187517	0.00311852	
0.0184036	0.00330861	
0.0191024	0.00335592	
0.016287	0.00465113	
0.0157747	0.0049531	
0.0158125	0.00567497	
0.0180752	0.00356081	
0.0176511	0.00376024	
0.0184436	0.00381796	
0.0171925	0.00395707	
0.0166703	0.00419611	
0.0168146	0.00491885	
0.0176566	0.004267	
0.0205803	0.00215646	
0.0203804	0.00236689	
0.0204099	0.00267498	
0.0208878	0.00215818	
0.0211288	0.00206846	
0.0209875	0.00242417	
0.0204113	0.00301693	
0.0207479	0.00285585	
0.0218433	0.00189333	
0.0216052	0.00182894	
0.0213683	0.00198035	
0.021468	0.00224634	
0.0232419	0.000267325	
0.0229277	0.000267325	
0.0228038	0.000502416	
0.0229302	0.000780148	
0.0226257	0.000747914	
0.0224743	0.000946551	
0.0225572	0.00120962	
0.0222794	0.00113053	
0.0221139	0.00128511	
0.0221707	0.00151101	
0.0223517	0.00168657	
0.0221601	0.00180397	
0.0220243	0.00206889	
0.0266751	-0.00108866	
0.0266631	-0.0023987	
0.0269117	-0.0010598	
0.0267935	-0.00127347	
0.0267215	-0.00151677	
0.026958	-0.00148791	
0.026637	-0.00171882	
0.0267086	-0.0019518	
0.0269102	-0.0024284	
0.0267781	-0.0022021	
0.0269556	-0.00198151	
0.0212015	0.0237388	
0.0221438	0.0237388	
0.0207301	0.0229777	
0.0202586	0.0222172	
0.0212007	0.0222171	
0.0197873	0.0214567	
0.0193158	0.0206972	
0.0202577	0.0206972	
0.0188449	0.019937	
0.014607	0.0132903	
0.0141075	0.0125845	
0.0144518	0.0119208	
0.0149372	0.0105546	
0.0146702	0.0112057	
0.0152652	0.0118822	
0.0183726	0.0191792	
0.0193139	0.0191798	
0.0179035	0.0184204	
0.0174314	0.0176651	
0.0183695	0.0176666	
0.0169628	0.0169087	
0.0164893	0.0161544	
0.0174238	0.016157	
0.0160253	0.0154097	
0.0155535	0.014667	
0.0164784	0.0146599	
0.0150869	0.0139503	
0.0155267	0.0132572	
0.0165887	0.0061132	
0.0159698	0.00641431	
0.0159513	0.00711747	
0.0153677	0.00919595	
0.0151586	0.00982295	
0.015705	0.0104355	
0.0165236	0.00763521	
0.015729	0.00790014	
0.0155551	0.00855298	
0.0161139	0.00906086	
0.017178	0.0074981	
0.0169557	0.00828077	
0.0189053	0.00401918	
0.0185768	0.00427138	
0.0201008	0.00319707	
0.0197805	0.00335208	
0.0204388	0.00337793	
0.0194703	0.00348988	
0.01914	0.00369971	
0.0192732	0.00415313	
0.0198181	0.00369587	
0.0176534	0.00498372	
0.0172701	0.00543874	
0.0181121	0.00478689	
0.0174274	0.00617807	
0.0185737	0.0049881	
0.0192742	0.00489446	
0.0188095	0.00540996	
0.0207364	0.00352354	
0.0204259	0.00370369	
0.0215708	0.00252342	
0.0213313	0.00261153	
0.0210903	0.00270126	
0.0210917	0.0030432	
0.0209912	0.00339551	
0.0209783	0.00372126	
0.0213336	0.00324092	
0.0222839	0.00234142	
0.0219671	0.00243078	
0.0218304	0.00279596	
0.0239514	0.000292577	
0.0235858	0.000292577	
0.0234522	0.000559903	
0.0236072	0.000894698	
0.0232634	0.000869446	
0.0230853	0.00111494	
0.0231623	0.00144721	
0.0228292	0.00135792	
0.0226343	0.00154189	
0.0226236	0.00183486	
0.0229048	0.00206147	
0.0226222	0.00220615	
0.022565	0.00256804	
0.0247135	0.000311943	
0.0243203	0.000311943	
0.0241649	0.00060452	
0.0254404	0.00028803	
0.0250747	0.00028803	
0.0248951	0.000599973	
0.0271439	-0.0010598	
0.0271422	-0.0024284	
0.0273572	-0.00103124	
0.0272433	-0.00121604	
0.0271871	-0.00139003	
0.0274004	-0.00136147	
0.0271151	-0.00163333	
0.027176	-0.00207863	
0.0271065	-0.00182832	
0.0273356	-0.00173045	
0.027359	-0.00245893	
0.027242	-0.00226233	
0.0273929	-0.00210915	
0.023086	0.0237386	
0.0240283	0.0237386	
0.0226145	0.0229774	
0.0221427	0.0222167	
0.0230849	0.0222165	
0.0216712	0.0214562	
0.0211992	0.0206964	
0.0221412	0.020696	
0.0207277	0.019937	
0.0163672	0.0102025	
0.0161458	0.0109341	
0.0202555	0.0191795	
0.021197	0.0191788	
0.0197832	0.0184216	
0.0164496	0.0130673	
0.0159698	0.0124073	
0.0161881	0.0116922	
0.0168504	0.0114593	
0.0193093	0.0176674	
0.0202509	0.0176671	
0.0188372	0.0169121	
0.0183594	0.0161587	
0.0192993	0.0161595	
0.0178859	0.0154044	
0.017404	0.0146429	
0.0183396	0.0146446	
0.0169321	0.0139001	
0.0173752	0.0130502	
0.0182598	0.00634215	
0.0175783	0.00701662	
0.0180103	0.00766218	
0.0175842	0.00881391	
0.0169299	0.00895103	
0.0167425	0.009594	
0.0171833	0.0100927	
0.0185856	0.00786006	
0.0181853	0.00834154	
0.0181596	0.0090118	
0.0198622	0.00418986	
0.0196275	0.00450933	
0.0201724	0.00405207	
0.0198633	0.00493119	
0.02047	0.00419768	
0.0187614	0.00595949	
0.0189123	0.00679803	
0.019462	0.00586584	
0.0202309	0.00511387	
0.0198777	0.005499	
0.0198296	0.00604852	
0.0212613	0.00397261	
0.0210065	0.00410064	
0.020753	0.00444903	
0.0221444	0.00318993	
0.021748	0.00328257	
0.0216476	0.00363488	
0.0216758	0.00401427	
0.02288	0.00283909	
0.0225418	0.00297437	
0.0224594	0.00346098	
0.0243447	0.000987148	
0.0239758	0.000967783	
0.023787	0.00127733	
0.0239079	0.00172787	
0.0235393	0.00165478	
0.0232832	0.00189776	
0.0232817	0.00226904	
0.0235444	0.00248905	
0.0231659	0.00265277	
0.0231427	0.0030591	
0.0260901	0.000261309	
0.0257758	0.000261309	
0.0255918	0.000549339	
0.026655	0.000232322	
0.0263849	0.000232322	
0.026222	0.000493631	
0.0251147	0.000947204	
0.0247534	0.000971117	
0.0245643	0.00133438	
0.0258083	0.000852348	
0.0254729	0.000879069	
0.0253313	0.00125021	
0.0269096	0.000202783	
0.0267713	0.000435104	
0.0275568	-0.00103124	
0.0277377	-0.00102261	
0.0276376	-0.00117885	
0.0275583	-0.00245893	
0.0275759	-0.00132567	
0.0277568	-0.00131704	
0.0275197	-0.00149966	
0.0274745	-0.00163668	
0.02765	-0.00160088	
0.0274659	-0.00183167	
0.0278955	-0.00128933	
0.0278338	-0.00143614	
0.0275713	-0.00215695	
0.0275053	-0.00197324	
0.0276442	-0.00187947	
0.0277293	-0.00247692	
0.0276299	-0.00231084	
0.0277422	-0.00217494	
0.0271418	0.000202783	
0.0249707	0.0237385	
0.0244991	0.0229771	
0.0259131	0.0237385	
0.0240272	0.0222159	
0.0249696	0.0222158	
0.0235554	0.0214552	
0.0230831	0.0206946	
0.0240253	0.0206941	
0.0226111	0.0199349	
0.0221386	0.0191764	
0.0230804	0.019175	
0.0216663	0.0184189	
0.0175669	0.0116141	
0.0175246	0.010856	
0.0178998	0.0102475	
0.0211936	0.0176646	
0.0221352	0.0176622	
0.0207197	0.0169104	
0.0183003	0.0131618	
0.0178178	0.0123289	
0.018492	0.0117256	
0.020246	0.0161626	
0.0211887	0.0161601	
0.0197683	0.0154092	
0.0192767	0.0146604	
0.0202234	0.0146635	
0.0187948	0.0138989	
0.0192374	0.0131776	
0.0195918	0.00705369	
0.0190901	0.00743636	
0.0192651	0.00811573	
0.0189987	0.00919467	
0.0183976	0.00966704	
0.0187389	0.0104303	
0.0198238	0.00826397	
0.0193193	0.00868768	
0.0195574	0.00934292	
0.0207247	0.00496999	
0.0207391	0.0055378	
0.0212612	0.00487295	
0.0201333	0.00657802	
0.0203112	0.00721635	
0.020549	0.00621118	
0.0210428	0.0060673	
0.0220843	0.0042637	
0.021698	0.00460143	
0.0216698	0.00512239	
0.0228777	0.00374151	
0.0224804	0.00395707	
0.0225026	0.00454423	
0.0235181	0.00325391	
0.0232322	0.00344023	
0.0232531	0.00393632	
0.024829	0.00179086	
0.0244203	0.00180689	
0.0241726	0.00218434	
0.0244	0.0025865	
0.0238876	0.00250748	
0.0237718	0.00289121	
0.0238613	0.00327234	
0.0273592	0.000173639	
0.0272432	0.000376422	
0.0264098	0.000749267	
0.026115	0.000778254	
0.0259962	0.00110798	
0.0269337	0.000652968	
0.0266791	0.000682508	
0.0265721	0.000967131	
0.0256026	0.00156238	
0.0252444	0.00163052	
0.0251004	0.00210302	
0.026235	0.00137143	
0.0259284	0.00144552	
0.0258415	0.00182583	
0.0273844	0.000559817	
0.027167	0.00058896	
0.0270748	0.000836363	
0.0279093	-0.00102261	
0.027967	-0.00118816	
0.0280577	-0.00104055	
0.0280439	-0.00130726	
0.0279004	-0.00247692	
0.0281011	-0.00143893	
0.0281727	-0.00133776	
0.0279733	-0.00157605	
0.028102	-0.00160655	
0.0278347	-0.00160377	
0.0277895	-0.00174078	
0.0278289	-0.00188236	
0.0278816	-0.00221324	
0.027823	-0.00205934	
0.0279683	-0.00192066	
0.0280527	-0.00247338	
0.0279531	-0.0023253	
0.0280339	-0.0022097	
0.0275587	0.000173639	
0.0277405	0.00014984	
0.0276423	0.000323479	
0.0259123	0.0222155	
0.0254404	0.0214544	
0.0268556	0.0237385	
0.026384	0.0229769	
0.0268548	0.0222155	
0.0277979	0.0237385	
0.024968	0.0206931	
0.0259107	0.0206928	
0.0244957	0.0199325	
0.0240223	0.0191715	
0.024965	0.0191705	
0.0235497	0.018413	
0.0230763	0.0176546	
0.0240182	0.0176511	
0.0226036	0.0169004	
0.0192989	0.0117575	
0.0190481	0.0110427	
0.0195458	0.0104623	
0.0221338	0.0161516	
0.0230749	0.016144	
0.02166	0.0154038	
0.0201701	0.0131726	
0.0196756	0.0124355	
0.0202316	0.0117526	
0.0211818	0.0146851	
0.0221269	0.0146766	
0.0206903	0.0139363	
0.0211285	0.0131942	
0.0209026	0.00754668	
0.020361	0.00802235	
0.0204152	0.00859431	
0.0202683	0.00929191	
0.0199477	0.0097989	
0.0208056	0.00905028	
0.0202568	0.0104112	
0.0221052	0.00548729	
0.0216684	0.00575882	
0.0214783	0.0064322	
0.0215149	0.00719552	
0.0215647	0.00800152	
0.0221404	0.00688704	
0.025499	0.00233974	
0.0250837	0.00250008	
0.0229517	0.0048134	
0.0225557	0.00512003	
0.0225543	0.00575646	
0.0236809	0.00413178	
0.0233265	0.00443306	
0.0233795	0.00500886	
0.0242352	0.00339701	
0.0239815	0.00375972	
0.0240548	0.00425645	
0.0247886	0.00277741	
0.0245035	0.00310055	
0.0251872	0.00301413	
0.0246237	0.00358792	
0.0277669	0.000475764	
0.0275852	0.000499564	
0.0275089	0.000712102	
0.0279154	0.00042139	
0.0278582	0.000597474	
0.0267843	0.00119652	
0.026515	0.00126328	
0.0264472	0.00160082	
0.0272609	0.00103283	
0.0270275	0.00109683	
0.0269704	0.00139299	
0.0261338	0.00208114	
0.0258081	0.002198	
0.0257914	0.00259505	
0.0267001	0.00182608	
0.0264201	0.00193423	
0.0263868	0.0023064	
0.0276781	0.000877809	
0.0274774	0.000938062	
0.0274301	0.00119853	
0.0282301	-0.00124257	
0.0282873	-0.00137423	
0.028131	-0.000812109	
0.028131	-0.000665186	
0.0281636	-0.000954735	
0.0282947	-0.000891844	
0.0282214	-0.00112028	
0.028336	-0.00115675	
0.0281254	-0.00257223	
0.0281781	-0.00242061	
0.0281184	-0.00282808	
0.0281184	-0.00268879	
0.0282438	-0.00263603	
0.0283528	-0.0014672	
0.0284102	-0.00137201	
0.0281662	-0.00174063	
0.0282941	-0.0016035	
0.028417	-0.00160129	
0.028174	-0.00216933	
0.0281025	-0.00205727	
0.0281084	-0.00188029	
0.0283005	-0.00187724	
0.0283268	-0.00241736	
0.0282541	-0.00231851	
0.0283227	-0.00216608	
0.027912	0.00014984	
0.0280858	0.000150315	
0.0279978	0.000300155	
0.0280891	0.000421864	
0.0268542	0.0206926	
0.0263819	0.0199313	
0.0277977	0.0222157	
0.027326	0.0214542	
0.0277971	0.0206927	
0.0287403	0.0237386	
0.0296827	0.0237386	
0.028269	0.0229771	
0.0287402	0.0222158	
0.0259092	0.019169	
0.0268526	0.0191688	
0.0254357	0.018408	
0.0240148	0.0161238	
0.023545	0.015375	
0.0249616	0.0176448	
0.0259058	0.0176433	
0.0244882	0.0168864	
0.0249583	0.0161174	
0.0211069	0.0116892	
0.0207302	0.0110113	
0.021132	0.0103479	
0.0230899	0.0146208	
0.0240298	0.0146006	
0.0226116	0.0139021	
0.0221539	0.0131862	
0.0231169	0.0131305	
0.0216337	0.0124225	
0.0221323	0.0116812	
0.022266	0.00854518	
0.0216537	0.00889635	
0.0215068	0.00959395	
0.0219802	0.010194	
0.0231062	0.00604831	
0.0226558	0.00641557	
0.0226923	0.00717888	
0.0233318	0.00743792	
0.0228165	0.00790939	
0.0229055	0.00880422	
0.0254968	0.0031086	
0.0252016	0.00338594	
0.0260942	0.00285814	
0.0257851	0.00299987	
0.0257996	0.00337169	
0.0238841	0.00521406	
0.0235093	0.00559441	
0.0236108	0.00625351	
0.0245126	0.00438603	
0.0242121	0.00475809	
0.0243419	0.00534364	
0.0250248	0.00368114	
0.0247565	0.0039776	
0.0249137	0.00447925	
0.0253344	0.00377562	
0.0280149	0.000715414	
0.0278664	0.000769788	
0.0278348	0.000995749	
0.0282412	0.000465219	
0.0281587	0.000586454	
0.0281669	0.000758768	
0.0271916	0.00158115	
0.0269484	0.00168085	
0.0269214	0.00201425	
0.0276181	0.00136369	
0.0274016	0.00145845	
0.0273796	0.00174631	
0.0266755	0.00253586	
0.0263892	0.00268276	
0.0263829	0.00308759	
0.0271836	0.00219641	
0.0269352	0.00234165	
0.0269377	0.00271801	
0.0280477	0.0011543	
0.0278594	0.00126232	
0.0278309	0.00152224	
0.0281101	-0.00052974	
0.0281101	-0.000386086	
0.0282411	-0.000613772	
0.0280986	-0.000258952	
0.0280986	-0.000112029	
0.0282087	-0.000351192	
0.0283598	-0.000686808	
0.0283388	-0.000551362	
0.0284452	-0.00124061	
0.0284365	-0.00111832	
0.0285107	-0.00133358	
0.0284359	-0.000966238	
0.0284033	-0.000823612	
0.028501	-0.000761202	
0.0285452	-0.00105009	
0.0281234	-0.00310226	
0.0281234	-0.00296272	
0.0282417	-0.00288723	
0.0281177	-0.00338726	
0.0281177	-0.00322859	
0.0282411	-0.00314819	
0.0283497	-0.00266855	
0.0283568	-0.00255199	
0.0284328	-0.00244989	
0.0283534	-0.00294148	
0.0283484	-0.00280684	
0.0284614	-0.00272281	
0.0285892	-0.00143913	
0.0286242	-0.00130772	
0.0285741	-0.00157671	
0.0286876	-0.00155085	
0.0285155	-0.00171301	
0.0284775	-0.00216519	
0.0283975	-0.00201601	
0.0284553	-0.00187635	
0.0286125	-0.00185177	
0.0285764	-0.00246626	
0.0285465	-0.00233163	
0.0286212	-0.00218155	
0.0283026	-0.00338726	
0.0282675	-0.000112029	
0.0282547	0.000150315	
0.0284442	0.000166223	
0.028361	0.000316538	
0.0284306	0.000481128	
0.0277976	0.0191693	
0.0273248	0.018407	
0.0287406	0.0206934	
0.0282689	0.0199318	
0.028741	0.01917	
0.030625	0.0237388	
0.0315673	0.0237388	
0.0301538	0.0229774	
0.0296829	0.0222163	
0.0306253	0.0222164	
0.0292116	0.0214549	
0.0296833	0.0206939	
0.0325096	0.0237389	
0.0334519	0.0237389	
0.0320384	0.0229776	
0.0268513	0.0176427	
0.0277962	0.0176433	
0.0263772	0.0168795	
0.0249676	0.0145678	
0.0245125	0.0138136	
0.0259019	0.0161113	
0.0268474	0.0161107	
0.0254286	0.0153486	
0.0259113	0.0145617	
0.0230905	0.0116497	
0.0225636	0.0109164	
0.0229384	0.0101625	
0.0240871	0.0130106	
0.025025	0.0129779	
0.0236294	0.0122947	
0.0240607	0.0115299	
0.0236776	0.00881673	
0.0231271	0.00945252	
0.0237106	0.010175	
0.0241755	0.00646202	
0.0237724	0.00691593	
0.0238966	0.00764644	
0.0245418	0.00786344	
0.0241013	0.00838544	
0.0243229	0.00903374	
0.0257436	0.00378048	
0.0255668	0.00407569	
0.026032	0.00367176	
0.0266981	0.00333866	
0.0264032	0.00351403	
0.0263472	0.00392282	
0.0248696	0.00548046	
0.0245417	0.00593643	
0.0247033	0.00659884	
0.0254007	0.00454582	
0.0251569	0.00495424	
0.0253567	0.00554703	
0.02581	0.00455069	
0.0283753	0.000854876	
0.0282315	0.000983836	
0.028256	0.00125041	
0.0286403	0.000536602	
0.0285204	0.000685283	
0.028585	0.00091035	
0.0276127	0.00189102	
0.0274028	0.00201372	
0.0274166	0.00234112	
0.0280108	0.00164079	
0.0277694	0.00174216	
0.0277926	0.00200958	
0.0272459	0.00288084	
0.0269861	0.00307505	
0.0270063	0.00350149	
0.0276848	0.00248254	
0.0274656	0.00266522	
0.027514	0.00302226	
0.0273818	0.00364746	
0.0270939	0.00391107	
0.0281844	0.00162746	
0.028123	0.00184738	
0.0284287	0.00169522	
0.0283165	0.00148863	
0.0285003	0.00131816	
0.0284413	-0.000162223	
0.028371	-0.000274252	
0.0283825	-0.000401386	
0.0285011	-0.000474422	
0.0286718	-0.000491001	
0.0286281	-0.000640977	
0.0286717	-0.000777781	
0.0287109	-0.0011612	
0.0287104	-0.00100911	
0.0288375	-0.000888887	
0.0287894	-0.00126674	
0.0284759	-0.00333714	
0.0284087	-0.0032244	
0.0284144	-0.00309807	
0.028521	-0.00301769	
0.0286793	-0.00297493	
0.0286183	-0.00281834	
0.0286196	-0.00268005	
0.0287333	-0.00256179	
0.0288495	-0.00146332	
0.0289362	-0.00131679	
0.0288345	-0.0016009	
0.028816	-0.00216662	
0.0287471	-0.00200018	
0.0288072	-0.00183684	
0.0289691	-0.00174931	
0.0289732	-0.00219881	
0.0288473	-0.00238018	
0.0288905	-0.00259397	
0.0286764	-0.00333714	
0.0286374	-0.000162223	
0.0286403	0.000166223	
0.0288423	0.000180864	
0.0287525	0.000347088	
0.0288423	0.000551243	
0.0287416	0.0176482	
0.0282681	0.0168839	
0.0296849	0.0191721	
0.0292136	0.0184096	
0.0296855	0.0176503	
0.0306263	0.0206952	
0.0301552	0.0199338	
0.0306278	0.0191734	
0.0315678	0.0222169	
0.03251	0.022217	
0.0310969	0.0214558	
0.0315688	0.0206957	
0.0343937	0.0237387	
0.035336	0.0237387	
0.0339225	0.0229775	
0.0334525	0.0222172	
0.0343943	0.022217	
0.0329819	0.0214565	
0.0362772	0.0237383	
0.0372195	0.0237383	
0.0358055	0.022977	
0.0277865	0.0161195	
0.0287319	0.0161244	
0.0273113	0.0153513	
0.0259123	0.0129731	
0.0254869	0.01217	
0.0268343	0.0145721	
0.0277733	0.0145809	
0.0263733	0.0137914	
0.0268353	0.0129835	
0.0250084	0.0112021	
0.0258957	0.0111973	
0.0244695	0.0105571	
0.0246582	0.00984717	
0.0250818	0.00941587	
0.0252993	0.00673436	
0.0249331	0.00725995	
0.0251378	0.00799896	
0.0257379	0.00800022	
0.0253467	0.00860371	
0.025682	0.00941713	
0.0263573	0.00448169	
0.0261913	0.00495182	
0.0267285	0.00432396	
0.027104	0.00446993	
0.0259266	0.00561745	
0.0256394	0.00614367	
0.0258692	0.00680478	
0.026474	0.00554845	
0.0288362	0.000992598	
0.028691	0.00116219	
0.0287515	0.00140041	
0.0290679	0.000580645	
0.0289557	0.000770159	
0.0290618	0.001022	
0.0280667	0.00208195	
0.0279099	0.00223081	
0.0282403	0.00206861	
0.0279589	0.00255491	
0.0278507	0.00312314	
0.027631	0.00333876	
0.0277185	0.00374834	
0.0282249	0.0026183	
0.0279998	0.00287003	
0.0281167	0.00318653	
0.0276342	0.00445374	
0.0272688	0.00486663	
0.0280436	0.00374954	
0.0277945	0.00405824	
0.0279593	0.00445494	
0.0286274	0.00180209	
0.0284953	0.00194092	
0.028439	0.00217549	
0.0289308	0.00147783	
0.0287401	0.0016338	
0.0288067	0.00187951	
0.0291044	0.00141733	
0.029093	0.00165072	
0.0288783	-0.000183905	
0.0287856	-0.000346127	
0.0289126	-0.000512683	
0.0291317	-0.000594839	
0.0290179	-0.000739713	
0.0290566	-0.000971044	
0.0290401	-0.00120455	
0.0292205	-0.00105538	
0.0291002	-0.00140113	
0.0288912	-0.00330904	
0.0287967	-0.00314618	
0.028894	-0.00294683	
0.0291275	-0.00290259	
0.0290101	-0.00273134	
0.029124	-0.00254973	
0.0291659	-0.00159852	
0.0292698	-0.00148628	
0.0291387	-0.00183447	
0.0292926	-0.00246148	
0.0291731	-0.00232411	
0.0291418	-0.00211055	
0.0293386	-0.00195976	
0.0291152	-0.00330904	
0.0290945	-0.000183905	
0.0290585	0.000180864	
0.0292823	0.000191807	
0.0291782	0.000372672	
0.0292916	0.000591588	
0.0296725	0.0161376	
0.029191	0.0153732	
0.0306266	0.0176558	
0.0301546	0.0168943	
0.0306136	0.0161431	
0.03157	0.0191767	
0.0310996	0.018415	
0.0315687	0.017659	
0.0325116	0.0206967	
0.0334541	0.0206968	
0.032041	0.0199361	
0.0325128	0.0191776	
0.0353366	0.0222168	
0.0362778	0.0222164	
0.0348666	0.0214564	
0.0343975	0.0206968	
0.0353397	0.0206966	
0.0339272	0.019937	
0.0381556	0.023735	
0.0390979	0.023735	
0.0376828	0.0229733	
0.0400358	0.023736	
0.0409781	0.023736	
0.0395568	0.0229709	
0.0372183	0.0222165	
0.0381543	0.0222132	
0.0367493	0.0214563	
0.0287082	0.0146109	
0.0296488	0.0146241	
0.0282312	0.0138318	
0.0268277	0.0114314	
0.0263491	0.0104634	
0.0277507	0.0130545	
0.0286855	0.0130844	
0.0272897	0.0122362	
0.027743	0.0115023	
0.026213	0.0097505	
0.027145	0.00998461	
0.0264778	0.00893834	
0.0264929	0.00694798	
0.0261528	0.00753867	
0.0263616	0.00814342	
0.0268927	0.00847679	
0.0278378	0.0100706	
0.0277017	0.0093577	
0.0271266	0.00551674	
0.026862	0.00618238	
0.0271456	0.00691627	
0.0276568	0.00550056	
0.0281346	0.00516482	
0.0279923	0.00581493	
0.0293239	0.00101745	
0.0292043	0.00123989	
0.0293664	0.00141278	
0.0295125	0.000595787	
0.0294022	0.000803761	
0.0295448	0.00102165	
0.028747	0.00238932	
0.028492	0.00251702	
0.0285329	0.00283214	
0.0287779	0.00313137	
0.0285108	0.00323265	
0.0284377	0.00379566	
0.0283617	0.00348577	
0.0287901	0.0040734	
0.0284719	0.00433718	
0.0283117	0.00473268	
0.0286472	0.00504706	
0.0290912	0.00192113	
0.0289785	0.00208941	
0.0292647	0.00186062	
0.0290314	0.00243094	
0.0295827	0.00146759	
0.0294828	0.00164502	
0.029481	0.00191543	
0.0419045	0.0237369	
0.0428468	0.0237369	
0.0414211	0.0229729	
0.0437572	0.0237417	
0.0446995	0.0237417	
0.0432579	0.0229786	
0.0292966	-0.00018839	
0.0292285	-0.000372294	
0.0293338	-0.000599325	
0.029544	-0.000541879	
0.0294472	-0.000764424	
0.0294458	-0.00102939	
0.029656	-0.000971942	
0.0294293	-0.0012629	
0.029495	-0.00146029	
0.0293606	-0.00328042	
0.0292569	-0.00308947	
0.029373	-0.00287397	
0.0296239	-0.00280916	
0.0294945	-0.00262229	
0.0295436	-0.00239667	
0.0298077	-0.00223975	
0.0296058	-0.00207893	
0.0296027	-0.00180284	
0.0297622	-0.00157946	
0.0296194	-0.00328042	
0.0295185	-0.00018839	
0.0295042	0.000191807	
0.0297329	0.000197065	
0.0296307	0.000388872	
0.0297413	0.000601045	
0.0305845	0.0146503	
0.0301017	0.0138879	
0.031552	0.0161493	
0.0310699	0.0153926	
0.0315229	0.0146564	
0.0325075	0.017661	
0.0320345	0.0169018	
0.0324908	0.0161512	
0.0334561	0.019178	
0.0343996	0.019178	
0.0329851	0.0184186	
0.0334509	0.0176614	
0.0362834	0.0206953	
0.0372238	0.0206953	
0.0358143	0.0199357	
0.0353457	0.0191784	
0.0362894	0.019177	
0.0348746	0.0184193	
0.0390899	0.0222098	
0.0400278	0.0222108	
0.0386254	0.0214531	
0.0409522	0.0222156	
0.0418786	0.0222166	
0.0404854	0.0214545	
0.0381663	0.0206953	
0.0391019	0.0206919	
0.0377004	0.0199342	
0.0296206	0.0131314	
0.0305564	0.0131576	
0.0291401	0.0123541	
0.0286673	0.0116083	
0.0296023	0.0116552	
0.0282053	0.0108035	
0.028762	0.0101766	
0.0278537	0.00699007	
0.0274847	0.00775567	
0.0276009	0.00855059	
0.0282937	0.00863658	
0.0288389	0.00899106	
0.028738	0.00818394	
0.0294813	0.0102273	
0.0291138	0.00949439	
0.0295582	0.00904175	
0.028655	0.00592225	
0.0281773	0.00625799	
0.0285164	0.00709738	
0.0289907	0.0050407	
0.0288135	0.00547284	
0.0289985	0.00591589	
0.0297676	0.00100842	
0.0296892	0.0012221	
0.0298056	0.00145435	
0.0299436	0.000585221	
0.0298254	0.000792136	
0.0299699	0.000992592	
0.0292418	0.00477469	
0.0294082	0.00520047	
0.0293828	0.0025537	
0.0291513	0.00285361	
0.0291292	0.00325413	
0.0296561	0.00347946	
0.0292828	0.00375722	
0.029317	0.00429873	
0.0297345	0.0044585	
0.0300403	0.00141416	
0.0299338	0.00165965	
0.0301102	0.00193991	
0.0298755	0.0019801	
0.0296574	0.0021957	
0.0297772	0.00261837	
0.047442	0.023869	
0.0483843	0.023869	
0.0427813	0.0222323	
0.0436916	0.022237	
0.0423124	0.021475	
0.0456731	0.023661	
0.0466154	0.023661	
0.046942	0.02303	
0.0451418	0.0229027	
0.0444611	0.0222985	
0.0454347	0.0222178	
0.0439846	0.0215522	
0.0297427	-0.000209322	
0.0296547	-0.000397712	
0.0297682	-0.000562812	
0.0299688	-0.000638544	
0.0298581	-0.000782711	
0.0298566	-0.00104767	
0.0301392	-0.00114498	
0.0299371	-0.00133421	
0.0300448	-0.00167676	
0.0298936	-0.0032451	
0.0297766	-0.00302552	
0.0298982	-0.00277384	
0.0301666	-0.00270884	
0.030014	-0.00249248	
0.0300762	-0.00217475	
0.0303371	-0.00217767	
0.0301308	-0.00192494	
0.0303057	-0.00167969	
0.0301942	-0.0032451	
0.0299769	-0.000209322	
0.0299671	0.000197065	
0.0302359	0.000244337	
0.0301283	0.000441402	
0.0302124	0.000632494	
0.0314739	0.013215	
0.0309928	0.0124584	
0.0324452	0.0146493	
0.0319598	0.013907	
0.0323962	0.0132079	
0.0334352	0.0161473	
0.0329527	0.0153948	
0.0333896	0.0146454	
0.0343945	0.0176541	
0.0353406	0.0176544	
0.0339169	0.0168964	
0.0343788	0.01614	
0.036295	0.0176514	
0.0358148	0.0168861	
0.0372433	0.0191601	
0.0381858	0.01916	
0.0367748	0.0184027	
0.0372489	0.0176345	
0.0418688	0.0207139	
0.0427715	0.0207296	
0.0400367	0.02068	
0.0409611	0.0206848	
0.0414202	0.0199394	
0.0395776	0.0199223	
0.0391251	0.0191774	
0.0400599	0.0191655	
0.038668	0.0184033	
0.0305379	0.0116494	
0.0314555	0.0117068	
0.030065	0.0109036	
0.0304169	0.0102214	
0.0317778	0.0110749	
0.0322327	0.0118839	
0.0291954	0.00686341	
0.0288718	0.00759549	
0.029417	0.00794996	
0.0299412	0.00783428	
0.0298074	0.00842273	
0.0300824	0.00892606	
0.0307842	0.00877631	
0.0305349	0.00939532	
0.0311186	0.0100717	
0.0298253	0.00543648	
0.0295741	0.00570249	
0.029771	0.00665001	
0.0294156	0.00615191	
0.0304426	0.000801592	
0.0302579	0.00094541	
0.0302001	0.00116169	
0.0303282	0.00136698	
0.0301554	0.00442785	
0.0300802	0.00490381	
0.0302462	0.00540583	
0.0302077	0.00269098	
0.0299331	0.00304898	
0.0300867	0.00355207	
0.0305252	0.00348983	
0.0302483	0.00392032	
0.0305939	0.00436562	
0.0305951	0.00146715	
0.0304353	0.00171962	
0.030377	0.00204008	
0.0307344	0.00214245	
0.0304092	0.00236274	
0.0305651	0.00279335	
0.0476907	0.0224681	
0.046864	0.0222601	
0.0483843	0.0229539	
0.0483064	0.022184	
0.0437611	0.0207319	
0.0445306	0.0207934	
0.0433175	0.0199708	
0.0437175	0.0193037	
0.0427279	0.0193014	
0.0468325	0.0212683	
0.0460838	0.0218302	
0.0454032	0.021226	
0.0451797	0.0204058	
0.0302172	-0.000244688	
0.0301192	-0.00045401	
0.0302091	-0.00067391	
0.0304885	-0.000771597	
0.0303381	-0.000956131	
0.0304186	-0.00124266	
0.0306458	-0.00133472	
0.0304469	-0.00152357	
0.0305329	-0.00177175	
0.030519	-0.0031977	
0.0303756	-0.0029428	
0.0304914	-0.00266144	
0.0308073	-0.00253225	
0.0305983	-0.0022983	
0.0306529	-0.00204849	
0.0307941	-0.00189237	
0.0308684	-0.0031977	
0.0305009	-0.000244688	
0.0305197	0.000244337	
0.0308089	0.000291932	
0.0306864	0.00053627	
0.0307319	0.000849186	
0.0333015	0.0130722	
0.0328156	0.0123802	
0.033138	0.0117482	
0.0343577	0.0146195	
0.0338501	0.0138741	
0.0342695	0.0130463	
0.0353168	0.0161031	
0.0362711	0.0161001	
0.0348351	0.015354	
0.0352957	0.0145826	
0.037138	0.0160884	
0.03664	0.0153054	
0.0382445	0.0175375	
0.0391838	0.0175549	
0.0377647	0.0167861	
0.0381336	0.0159914	
0.0410172	0.0190685	
0.0419249	0.0190975	
0.0423249	0.0184304	
0.0405646	0.0183236	
0.0399885	0.0177424	
0.0409458	0.0176454	
0.039565	0.0168766	
0.0341908	0.0109317	
0.0342145	0.011733	
0.0336972	0.0114431	
0.0331143	0.0109469	
0.0330434	0.0102918	
0.0324842	0.0105969	
0.0317069	0.0104198	
0.031825	0.00959367	
0.0303678	0.00649687	
0.0301475	0.00720837	
0.030538	0.00768114	
0.0310442	0.00757604	
0.0308379	0.00820195	
0.0312904	0.00867121	
0.0318756	0.00829331	
0.0318219	0.00886767	
0.0324101	0.00921577	
0.0308685	0.00530228	
0.0306136	0.00583496	
0.0309901	0.00639332	
0.0311145	0.000951585	
0.0308707	0.00121691	
0.0309777	0.00156955	
0.031071	0.00410792	
0.0309781	0.00461546	
0.0313456	0.00504458	
0.0310653	0.00282607	
0.0308638	0.00315431	
0.0314096	0.00377239	
0.0310254	0.00352256	
0.0313691	0.00172973	
0.0310935	0.00197998	
0.0311258	0.00230264	
0.0314245	0.0026636	
0.0475701	0.0208063	
0.0467898	0.0203764	
0.0483064	0.0212689	
0.0482637	0.020377	
0.0430669	0.0179066	
0.0422639	0.0177028	
0.0444207	0.019006	
0.0438311	0.0183365	
0.0437701	0.0176089	
0.0467621	0.0194614	
0.0460245	0.0199233	
0.0451519	0.0194907	
0.0452655	0.0185235	
0.0308524	-0.00030702	
0.0307111	-0.000551708	
0.03084	-0.000833929	
0.0311678	-0.00101402	
0.0309452	-0.00123391	
0.0309735	-0.00151481	
0.0310936	-0.00179156	
0.0312298	-0.00314517	
0.0310618	-0.00284286	
0.0311687	-0.00247973	
0.0315294	-0.00243978	
0.0312749	-0.00212917	
0.0314543	-0.00175161	
0.0316357	-0.00314517	
0.0311985	-0.00030702	
0.0311551	0.000291932	
0.0315486	0.000349366	
0.0313693	0.000641298	
0.0315081	0.00100902	
0.0351455	0.0130681	
0.0345969	0.0122663	
0.0350905	0.0117548	
0.0352027	0.0111283	
0.035585	0.0116616	
0.03628	0.0144575	
0.0371469	0.0144458	
0.0358025	0.013723	
0.0361298	0.0129429	
0.0378913	0.0146853	
0.0375313	0.0138373	
0.0382174	0.0151885	
0.0388441	0.0158862	
0.0386018	0.0145801	
0.0395086	0.0161323	
0.0403133	0.0163198	
0.0395924	0.0153293	
0.0409796	0.0159922	
0.041036	0.0167366	
0.042354	0.016794	
0.041612	0.0173178	
0.0343249	0.0102702	
0.0348422	0.0105601	
0.0356838	0.0100241	
0.0360442	0.0105923	
0.0353367	0.0104669	
0.0330067	0.00880675	
0.0330098	0.00953276	
0.0342913	0.00951121	
0.0336399	0.00988276	
0.0317492	0.00635603	
0.0315033	0.00701794	
0.0318033	0.00753876	
0.0323347	0.00773522	
0.0328577	0.00726443	
0.03293	0.00801898	
0.0335297	0.00833596	
0.0319575	0.00478235	
0.0318479	0.00546918	
0.0323611	0.00609381	
0.0319431	0.00113106	
0.0316884	0.00144134	
0.0318042	0.00185177	
0.0318991	0.00352772	
0.0319446	0.00411308	
0.0324469	0.00453768	
0.0322208	0.00207164	
0.0319015	0.00236003	
0.0318411	0.00288346	
0.0323761	0.00322415	
0.0475151	0.0190038	
0.0467498	0.0185507	
0.0482637	0.0194618	
0.0482514	0.0185512	
0.0430528	0.0163215	
0.0424009	0.0159365	
0.0445345	0.0171583	
0.0437703	0.0167284	
0.0438172	0.015871	
0.0467594	0.0176329	
0.0460063	0.0180904	
0.0452751	0.0176057	
0.0452753	0.0167252	
0.0315558	-0.000354122	
0.0314199	-0.000661142	
0.0315251	-0.00106112	
0.0319835	-0.00114327	
0.0317314	-0.00149615	
0.0319127	-0.00183376	
0.0321021	-0.00302063	
0.0318897	-0.00266579	
0.0319959	-0.00231524	
0.032273	-0.00205977	
0.0325738	-0.00302063	
0.0319775	-0.000354122	
0.0319703	0.000349366	
0.0324363	0.000410148	
0.0322288	0.000759514	
0.0324091	0.00119184	
0.036668	0.0108683	
0.0363209	0.0113111	
0.0362087	0.0119376	
0.0368658	0.0125924	
0.0383133	0.0133646	
0.0375689	0.013125	
0.0376478	0.0121197	
0.0400315	0.0146665	
0.0393669	0.0144204	
0.0390784	0.0132049	
0.0390408	0.0139172	
0.0423274	0.0150083	
0.0416286	0.0154807	
0.040906	0.0150639	
0.0406805	0.014155	
0.0369477	0.0102311	
0.0372245	0.0109499	
0.0367945	0.0096464	
0.037351	0.00972802	
0.0366094	0.00892754	
0.0362061	0.00943059	
0.0354986	0.0093052	
0.0340902	0.00787559	
0.0341668	0.00866336	
0.0348518	0.00905083	
0.0353742	0.00845736	
0.0330099	0.00562445	
0.0329112	0.0065113	
0.0335065	0.00679507	
0.034043	0.00645969	
0.0339895	0.00721281	
0.0346267	0.00754021	
0.0330037	0.00419379	
0.0330165	0.00486307	
0.0335666	0.00528056	
0.032904	0.00133929	
0.0326183	0.00171084	
0.0327156	0.00221909	
0.0332692	0.00247949	
0.0328717	0.00284029	
0.0329297	0.00348455	
0.0334993	0.00380993	
0.0475056	0.0171784	
0.0467622	0.0167182	
0.0482514	0.0176361	
0.0482542	0.0167213	
0.0430631	0.014503	
0.0422907	0.0140472	
0.0445343	0.0153683	
0.0438168	0.0149614	
0.0437802	0.0140003	
0.0467635	0.0158089	
0.0460172	0.0162633	
0.0452766	0.0158159	
0.0452762	0.0149063	
0.032441	-0.000400142	
0.0322407	-0.000754264	
0.0324471	-0.00118929	
0.032908	-0.00126042	
0.0326508	-0.00164942	
0.032734	-0.0021309	
0.033142	-0.00305519	
0.0329243	-0.00257582	
0.0333022	-0.00216546	
0.0336901	-0.00305519	
0.0329433	-0.000400142	
0.0329386	0.000410148	
0.0334872	0.000477062	
0.0332435	0.00088721	
0.0334526	0.00140621	
0.0383802	0.0118634	
0.0376771	0.0113308	
0.0379569	0.0106936	
0.0398224	0.0127751	
0.0390949	0.0122224	
0.0391242	0.0114336	
0.0422306	0.0130554	
0.041495	0.0135607	
0.0406204	0.0131632	
0.0406369	0.0121808	
0.0377875	0.00943777	
0.0379407	0.0100224	
0.0383933	0.0104034	
0.0376209	0.00883418	
0.0382106	0.0091286	
0.0365391	0.00826837	
0.0371275	0.00848418	
0.0375507	0.00817502	
0.0364192	0.00744159	
0.0359011	0.00788494	
0.0351536	0.00696779	
0.0352542	0.00763057	
0.0343485	0.00500391	
0.0343419	0.0057653	
0.0348249	0.00618304	
0.0354525	0.0062734	
0.0341135	0.00337606	
0.0341875	0.00408531	
0.0349628	0.00457005	
0.0340636	0.00155595	
0.0337241	0.00200804	
0.0338802	0.00262924	
0.0345684	0.00290461	
0.0475078	0.0153491	
0.0467628	0.0148942	
0.0482542	0.0158062	
0.0482536	0.0148916	
0.0430011	0.0125951	
0.0422053	0.0121086	
0.0445219	0.0135313	
0.0437682	0.0130729	
0.0437428	0.0121262	
0.0467598	0.0139778	
0.0460155	0.0144376	
0.0452732	0.0139899	
0.0452612	0.0130625	
0.0334929	-0.000410568	
0.0332539	-0.00081071	
0.0334576	-0.00127084	
0.0339886	-0.00127364	
0.0336427	-0.00172335	
0.0338331	-0.00216826	
0.0342611	-0.00308716	
0.0340636	-0.00264235	
0.0344042	-0.00220024	
0.0348825	-0.00308716	
0.0340787	-0.000410568	
0.0340731	0.000477062	
0.0347127	0.000548157	
0.0344318	0.00102522	
0.0347033	0.00162705	
0.0397296	0.0109437	
0.0390149	0.0105846	
0.0389987	0.00991342	
0.0421529	0.011093	
0.0413824	0.0115532	
0.0405844	0.0111651	
0.0404751	0.0103161	
0.038607	0.00854802	
0.0387735	0.0091516	
0.0393951	0.00933285	
0.0377378	0.00758926	
0.0382312	0.00793926	
0.0387941	0.00796227	
0.0361281	0.00573689	
0.0364568	0.00652164	
0.0370948	0.00690507	
0.0377754	0.00666931	
0.0355841	0.00387018	
0.0357451	0.00478879	
0.0367494	0.00503702	
0.0353988	0.00178893	
0.0350305	0.00231966	
0.0352639	0.00306649	
0.0360462	0.00328523	
0.0475054	0.0135191	
0.0467581	0.0130625	
0.0482536	0.0139764	
0.0482519	0.0130611	
0.0430144	0.0107614	
0.0421915	0.010206	
0.0445067	0.0116953	
0.0437396	0.0112175	
0.0437782	0.0103305	
0.0467534	0.0121481	
0.0460077	0.0126067	
0.0452565	0.0121481	
0.0452532	0.0112395	
0.034675	-0.000443839	
0.0343997	-0.000854407	
0.0345848	-0.00130691	
0.0348706	-0.0022739	
0.0346401	-0.0017998	
0.0350513	-0.00138057	
0.0354711	-0.00302566	
0.0352232	-0.00261283	
0.0354591	-0.00221239	
0.0361015	-0.00302566	
0.0353551	-0.000443839	
0.0353928	0.000548157	
0.0361192	0.000609982	
0.0357979	0.00115814	
0.0361251	0.00185075	
0.0398831	0.00871553	
0.0401083	0.00947735	
0.0409631	0.00969879	
0.0416539	0.00975746	
0.0425154	0.00942589	
0.0412871	0.0089187	
0.0392061	0.00734666	
0.0395818	0.00795543	
0.040295	0.00809993	
0.038089	0.00591203	
0.038732	0.00659622	
0.0395196	0.00658938	
0.0372502	0.00416579	
0.0376332	0.00511389	
0.0385898	0.0050408	
0.0369023	0.00195204	
0.0365032	0.00258283	
0.0368234	0.00338652	
0.0377072	0.00346339	
0.0475021	0.0116881	
0.0467517	0.0112323	
0.0482519	0.012146	
0.0482502	0.0112303	
0.0430885	0.00905694	
0.042551	0.00860842	
0.0445095	0.00990405	
0.0437843	0.00944796	
0.0438198	0.00863049	
0.0467521	0.0103214	
0.0460035	0.0107815	
0.0452537	0.0103286	
0.0452597	0.00944604	
0.0360118	-0.000664148	
0.0356527	-0.00110799	
0.0360606	-0.00193981	
0.0357079	-0.00160088	
0.0373683	-0.00301238	
0.0367378	-0.00301238	
0.0364481	-0.00253804	
0.0366969	-0.00192652	
0.0379376	-0.00310867	
0.0376538	-0.00262104	
0.0367992	-0.000664148	
0.0369066	0.000609982	
0.0377113	0.000688723	
0.0373289	0.00129871	
0.037707	0.00203078	
0.0423649	0.00779912	
0.0417919	0.00816807	
0.0407998	0.0073493	
0.0411011	0.0081094	
0.0398892	0.00582445	
0.0403633	0.0065749	
0.0411694	0.00658437	
0.0390015	0.00427839	
0.0394572	0.00507652	
0.0403009	0.00506204	
0.0385596	0.00210531	
0.038133	0.00275865	
0.0385598	0.00353792	
0.0394272	0.00357364	
0.0385681	-0.00310867	
0.0474966	0.00984734	
0.0467484	0.00939647	
0.0482502	0.0103151	
0.0482464	0.00939016	
0.043124	0.00755853	
0.0423649	0.00711819	
0.0444857	0.00817302	
0.0437899	0.007782	
0.0437899	0.00710106	
0.0467506	0.00847532	
0.0460062	0.00894942	
0.045262	0.00852489	
0.0452321	0.0076764	
0.0377263	-0.000730431	
0.0372365	-0.00139458	
0.037624	-0.00199281	
0.0381934	-0.0020891	
0.0391325	-0.00296339	
0.0387876	-0.00257205	
0.0387579	-0.00194382	
0.0385934	-0.000730431	
0.0385783	0.000688723	
0.0394559	0.000711367	
0.0390112	0.00140009	
0.0394372	0.00212795	
0.0415359	0.00576266	
0.0419723	0.00653706	
0.0427314	0.00629648	
0.040716	0.00430564	
0.0411481	0.00505357	
0.041951	0.00500626	
0.0403202	0.00214274	
0.0398686	0.00284796	
0.0403102	0.00358843	
0.0411574	0.00357995	
0.039763	-0.00296339	
0.0475252	0.00800987	
0.0467829	0.00756282	
0.0482464	0.00847503	
0.0482787	0.00756253	
0.0442482	0.00653103	
0.0435823	0.00630757	
0.0431896	0.00572644	
0.0467505	0.00655697	
0.0459759	0.00702243	
0.0451997	0.00667055	
0.044992	0.00587706	
0.0394338	-0.000636051	
0.0390041	-0.00136648	
0.0395983	-0.00184944	
0.0404913	-0.00299551	
0.0400804	-0.0024589	
0.0403266	-0.00188156	
0.0403214	-0.000636051	
0.0403436	0.000711367	
0.0412384	0.000718359	
0.0407836	0.00142973	
0.0412151	0.00214973	
0.0424305	0.00429851	
0.0428182	0.00500761	
0.0436691	0.0050187	
0.0420926	0.00214781	
0.0416292	0.00286083	
0.042035	0.00357804	
0.0429022	0.00357939	
0.0411217	-0.00299551	
0.0475894	0.00619957	
0.0467824	0.00565917	
0.0482787	0.00664762	
0.0483107	0.00574982	
0.0441765	0.00432463	
0.0445479	0.00504346	
0.0454994	0.00518298	
0.0470847	0.0048543	
0.0462458	0.00521171	
0.0458017	0.00437811	
0.0418284	-0.00294247	
0.0415153	-0.00243798	
0.0412757	-0.000600592	
0.0407987	-0.00123664	
0.0412808	-0.0018461	
0.0419875	-0.00179306	
0.0421634	-0.000600592	
0.0421261	0.000718359	
0.0430148	0.000714448	
0.0425672	0.00143281	
0.0429813	0.0021439	
0.0438688	0.00213488	
0.0433942	0.00284988	
0.0437897	0.00357036	
0.0446685	0.00359512	
0.0424588	-0.00294247	
0.043021	-0.00310567	
0.0427842	-0.00254814	
0.0476615	0.0044661	
0.0471249	0.00401863	
0.0483107	0.00485892	
0.0483508	0.00402326	
0.0469565	0.00321977	
0.0463798	0.00360797	
0.0452465	0.00282498	
0.0456334	0.00357925	
0.0429964	-0.000719733	
0.042586	-0.00132032	
0.0433827	-0.0020754	
0.0428205	-0.0019122	
0.043884	-0.000719733	
0.0439025	0.000714448	
0.0447787	0.000681284	
0.0443322	0.00139573	
0.044745	0.00210171	
0.0457099	0.00208584	
0.0439619	-0.0019625	
0.0439256	-0.00259844	
0.0436515	-0.00310567	
0.0442306	-0.00299277	
0.0477966	0.00283504	
0.0470515	0.00242437	
0.0483508	0.00319632	
0.0484458	0.00240093	
0.0460009	0.0011983	
0.0465024	0.00192157	
0.0473425	0.00153684	
0.0447684	-0.000639529	
0.0443034	-0.00135926	
0.0448463	-0.0018823	
0.0456337	-0.000639529	
0.045644	0.000681284	
0.0464365	0.000517019	
0.045203	-0.00248446	
0.0455446	-0.00188122	
0.0448611	-0.00299277	
0.0455593	-0.00299169	
0.0474263	0.00096056	
0.0479754	0.00146336	
0.0484458	0.00166746	
0.0485296	0.00109118	
0.047221	0.000517019	
0.0478539	0.000443542	
0.0465454	-0.000704598	
0.0473299	-0.000704598	
0.0460996	-0.00134413	
0.0464563	-0.00194629	
0.0464862	-0.00259754	
0.0470412	-0.00206045	
0.0461898	-0.00299169	
0.0467747	-0.00310585	
0.0485296	0.000443542	
0.0480574	-0.000541865	
0.0487332	-0.000541865	
0.0477388	-0.00124646	
0.0476584	-0.00189438	
0.0483859	-0.00173165	
0.0476884	-0.00254563	
0.0474051	-0.00310585	
0.0480223	-0.00293978	
0.0492909	-0.000473773	
0.0498742	-0.000473773	
0.049024	-0.00101564	
0.0488577	-0.00142177	
0.0494154	-0.00135368	
0.0487773	-0.00206969	
0.0489345	-0.00251753	
0.0494062	-0.00220765	
0.0486528	-0.00293978	
0.0492817	-0.00307774	
0.0504534	-0.000449125	
0.0510368	-0.000449125	
0.050161	-0.000922897	
0.0498924	-0.0013635	
0.0504716	-0.00133885	
0.049726	-0.00176963	
0.0498832	-0.00221747	
0.0501558	-0.00265039	
0.0504756	-0.00221237	
0.049865	-0.00307774	
0.0504574	-0.00307265	
0.05163	-0.000439734	
0.0522134	-0.000439734	
0.0513335	-0.000888859	
0.0510448	-0.00133253	
0.051638	-0.00132314	
0.0507761	-0.00177313	
0.0510488	-0.00220605	
0.0513391	-0.00263926	
0.0516396	-0.00220003	
0.0510408	-0.00307265	
0.0516316	-0.00306662	
0.052803	-0.000433923	
0.0533863	-0.000433923	
0.0525163	-0.000873657	
0.0522314	-0.00131683	
0.052821	-0.00131101	
0.0519427	-0.0017605	
0.052233	-0.00219371	
0.0525219	-0.00263244	
0.052825	-0.00219291	
0.052215	-0.00306662	
0.0528069	-0.00306582	
0.0539699	-0.000428594	
0.0545532	-0.000428594	
0.0536895	-0.000862516	
0.053449	-0.00130957	
0.0540326	-0.00130424	
0.0531641	-0.00175274	
0.053453	-0.00219147	
0.0547413	-0.000817937	
0.0550214	-0.000389344	
0.0556048	-0.000389344	
0.0536944	-0.00263672	
0.0540336	-0.00219655	
0.0533903	-0.00306582	
0.0539708	-0.0030709	
0.0551204	-0.00126199	
0.0546522	-0.00130124	
0.0546531	-0.00219355	
0.0544117	-0.0017483	
0.0556048	-0.000977036	
0.0555156	-0.00146034	
0.0547439	-0.00268221	
0.055122	-0.00223396	
0.0545542	-0.0030709	
0.0550231	-0.00311131	
0.0555156	-0.00203496	
0.0556064	-0.00252361	
0.0556064	-0.00311131	
