  0.00000381999
  0.00064573784
  0.00387676125
  0.00426946291
  0.00415121719
  0.00397022231
  0.00379586786
  0.00363890112
  0.00349630531
  0.00336768621
  0.00325104142
  0.00314501049
  0.00304640322
  0.00295708266
  0.00287197177
  0.00279564258
  0.00272351178
  0.00265697416
  0.00259334290
  0.00253300357
  0.00247696600
  0.00242311538
  0.00237137388
  0.00232254925
  0.00227579541
  0.00223072301
  0.00218760231
  0.00214595515
  0.00210614510
  0.00206782621
  0.00203152681
  0.00199577737
  0.00195800194
  0.00192456349
  0.00189269242
  0.00186149445
  0.00183036719
  0.00180152749
  0.00177383095
  0.00174641178
  0.00171842446
  0.00169246786
  0.00166761516
  0.00164278832
  0.00161772785
  0.00159493978
  0.00157242815
  0.00155135201
  0.00152846292
  0.00150660993
