  0.02093211548
  0.02093189041
  0.02089292961
  0.02084778381
  0.02084375131
  0.02079023345
  0.02078846051
  0.02079013556
  0.02079255986
  0.02079556302
  0.02080366439
  0.02080472628
  0.02079452279
  0.02073338919
  0.02073100656
  0.02072781256
  0.02072943424
  0.02072819868
  0.02072415663
  0.02072112278
  0.02072107584
  0.02071804695
  0.02071768860
  0.02071688479
  0.02071539474
  0.02071333868
  0.02071199951
  0.02071249276
  0.02071133038
  0.02071108401
  0.02070779903
  0.02070675970
  0.02061760293
  0.02061598804
  0.02061599706
  0.02061519486
  0.02061241169
  0.02061242267
  0.02061350365
  0.02061355103
  0.02060993162
  0.02060971204
  0.02060888703
  0.02060827574
  0.02060488646
  0.02060453518
  0.02060450883
  0.02060425621
  0.02060149187
  0.02060004997
