  0.23191256364
  0.26721451192
  0.03699900470
  0.03869274321
  0.03925979050
  0.03855556897
  0.03716852252
  0.03523126943
  0.03235050074
  0.02825959842
  0.02355041219
  0.02193065704
  0.02111448059
  0.01989274526
  0.01843212964
  0.01759535859
  0.01598138914
  0.01526365466
  0.01391466529
  0.01279998781
  0.01225433462
  0.01131028350
  0.01132753882
  0.01124905070
  0.01074499039
  0.01039888352
  0.01002768886
  0.00954277937
  0.00935300920
  0.00913682084
  0.00855731940
  0.00771707427
  0.00710222510
  0.00623943358
  0.00552930483
  0.00535666140
  0.00476337743
  0.00429432812
  0.00424960768
  0.00392208526
  0.00356375588
  0.00333978351
  0.00316635080
  0.00299618784
  0.00280298400
  0.00258190358
  0.00235798748
  0.00216806920
  0.00204048572
  0.00197369850
  0.00195055683
  0.00257591499
  0.00208349308
  0.00183603526
  0.00170048915
  0.00162624838
  0.00159361968
  0.00160889593
  0.00168738535
  0.00183978352
  0.00205263411
  0.00228240065
  0.00245976793
  0.00253436799
  0.00251834431
  0.00248862152
  0.00249720418
  0.00249702891
  0.00241223153
  0.00221212079
  0.00193752734
  0.00164924614
  0.00140519908
  0.00124428918
  0.00116709711
  0.00114428138
  0.00115268718
  0.00117753644
  0.00121224344
  0.00125463175
  0.00130359624
  0.00135473768
  0.00140492845
  0.00144425858
  0.00145845021
  0.00143735150
  0.00137890383
  0.00129055820
  0.00118886399
  0.00109034354
  0.00100886009
  0.00095356342
  0.00092167986
  0.00090518728
  0.00089331085
  0.00087619752
  0.00084530921
  0.00080011600
  0.00075818692
  0.00073903375
  0.00073844504
  0.00074626420
  0.00075876610
  0.00077506737
  0.00079637215
  0.00082354878
  0.00085544830
  0.00089065056
  0.00092687390
  0.00095990767
  0.00098600157
  0.00100170708
  0.00100404596
  0.00099466544
  0.00097644839
  0.00095464508
  0.00092679538
  0.00089885772
  0.00087335309
  0.00084717567
  0.00081714803
  0.00078213851
  0.00074330724
  0.00070110865
  0.00065727154
  0.00061457525
  0.00057563126
  0.00054041200
  0.00051034494
  0.00048566603
  0.00046627797
  0.00045254772
  0.00044309200
  0.00043857270
  0.00043787144
  0.00044028615
  0.00044499668
  0.00045124262
  0.00045808630
  0.00046491770
  0.00047169735
