  0.00822927058
  0.00584733224
  0.00760982519
  0.00743804352
  0.00725683130
  0.00705559871
  0.00669138909
  0.00646140234
  0.00622818426
  0.00601044087
  0.00583410521
  0.00574967894
  0.00579998005
  0.00609037532
  0.00641183222
  0.00657507228
  0.00672939835
  0.00689927999
  0.00711351006
  0.00732498041
  0.00752718819
  0.00785369745
  0.00809100047
  0.00828462910
  0.00855456827
  0.00878555809
  0.00897694825
  0.00914853133
  0.00922866997
  0.00925357815
  0.00926496925
  0.00929728009
  0.00931872382
  0.00935325721
  0.00935629166
  0.00935961663
  0.00936110811
  0.00937347703
  0.00937548275
  0.00937810245
  0.00939735110
  0.00939611317
  0.00939306448
  0.00938882299
  0.00938360414
  0.00937733809
  0.00937089580
  0.00936462864
  0.00935891440
  0.00935383943
  0.00934985351
  0.00960211988
  0.00960018605
  0.00959934457
  0.00959761503
  0.00959541449
  0.00959263054
  0.00958943453
  0.00958548966
  0.00958063596
  0.00957486612
  0.00956807197
  0.00956006387
  0.00955055699
  0.00954013693
  0.00952843715
  0.00951613762
  0.00948581061
  0.00947157034
  0.00945711929
  0.00944364941
  0.00943200630
  0.00942077037
  0.00941199168
  0.00940430539
  0.00939820173
  0.00939264794
  0.00938816642
  0.00938337989
  0.00937956687
  0.00937619974
  0.00937218166
  0.00936874586
  0.00936589039
  0.00936332541
  0.00936052600
  0.00935816177
  0.00935594568
  0.00935410957
  0.00935218708
  0.00935020357
  0.00934861388
  0.00934689660
  0.00934530151
  0.00934364306
  0.00934200113
  0.00934067512
  0.00933927408
  0.00933773516
  0.00933622812
  0.00933456055
  0.00933307824
  0.00933150465
  0.00932979350
  0.00932821657
  0.00932669820
  0.00932475985
  0.00932244240
  0.00932038360
  0.00931806206
  0.00931554636
  0.00931292357
  0.00931031147
  0.00930748230
  0.00930477645
  0.00930112800
  0.00929808651
  0.00929626224
  0.00929348274
  0.00928969780
  0.00928675925
  0.00928434714
  0.00928182377
  0.00927946538
  0.00927721990
  0.00927487595
  0.00927281095
  0.00927079584
  0.00926884883
  0.00926696694
  0.00926526160
  0.00926357892
  0.00926206762
  0.00926073075
  0.00925952713
  0.00925841762
  0.00925742250
  0.00925650851
  0.00925590777
  0.00925528187
  0.00925459156
