  0.15379218161
  0.17018910553
  0.18642313637
  0.03490293292
  0.00867730500
  0.00811216491
  0.00827271912
  0.00843222242
  0.00842633679
  0.00882226603
  0.00915582780
  0.00924043295
  0.00948717841
  0.00948428346
  0.00958328369
  0.00979125663
  0.00997176108
  0.01013161442
  0.01023630970
  0.01038511113
  0.01058205679
  0.01075633072
  0.01086857947
  0.01092583847
  0.01089987368
  0.01079880472
  0.01055342640
  0.01038532495
  0.01011393301
  0.00978037000
  0.00943175439
  0.00904354273
  0.00874672491
  0.00852796924
  0.00824793516
  0.00793358649
  0.00764354789
  0.00735358196
  0.00707355366
  0.00685748230
  0.00659139316
  0.00636104422
  0.00605218719
  0.00578458879
  0.00551569626
  0.00527302405
