  0.00553934677
  0.00293821661
  0.00316920383
  0.00336972197
  0.00375377813
  0.00388298115
  0.00384335443
  0.00379593615
  0.00394534449
  0.00388345619
  0.00399074854
  0.00393216612
  0.00402675262
  0.00394650139
  0.00391449794
  0.00400462717
  0.00387375446
  0.00392312195
  0.00390085672
  0.00398286497
  0.00390627454
  0.00392771880
  0.00390467839
  0.00390627832
  0.00390898901
  0.00390720767
  0.00392135334
  0.00391684430
  0.00397024364
  0.00390020171
  0.00389513053
  0.00391328916
  0.00390444457
  0.00390363346
  0.00389903080
  0.00389703323
