  0.01552648113
  0.00750760703
  0.00687787044
  0.00749150337
  0.00781307771
  0.00771323836
  0.00769844997
  0.00769689822
  0.00766789163
  0.00766912436
  0.00762932061
  0.00761278634
  0.00761442613
  0.00762400696
  0.00764331553
  0.00770735916
  0.00780130882
  0.00791741221
  0.00808158157
  0.00820864544
  0.00834412215
  0.00845650453
  0.00857953443
  0.00868395857
  0.00879055163
  0.00888424534
  0.00894793088
  0.00900887965
  0.00908309072
  0.00911535172
  0.00916602031
  0.00921311416
  0.00925492757
  0.00927592764
  0.00930903344
  0.00934974403
  0.00936747808
  0.00940008995
  0.00941518342
  0.00942607521
  0.00945516298
  0.00945818800
  0.00945473857
  0.00949466436
  0.00949573977
  0.00950307109
  0.00952164624
  0.00953103606
  0.00953245392
  0.00953858814
  0.00954048919
  0.00955090160
  0.00953985051
  0.00953970650
  0.00954523670
  0.00954873661
  0.00955575629
  0.00955710774
  0.00954839745
  0.00956108919
  0.00954419086
  0.00956129683
  0.00941155171
  0.00958728548
  0.00955992378
  0.00957408248
  0.00956659041
  0.00957496164
  0.00955402777
  0.00955926411
  0.00957236217
  0.00940036670
  0.00957147845
  0.00957670229
  0.00956260350
  0.00957582190
  0.00957947904
  0.00958208485
  0.00959148944
  0.00955146997
  0.00958170052
  0.00957939668
  0.00958146339
  0.00939201397
  0.00958608485
  0.00956769756
  0.00954914977
  0.00958466422
  0.00959274992
  0.00959442627
  0.00958918831
  0.00941232996
  0.00957956206
  0.00958330945
  0.00957873817
  0.00957603855
  0.00958800569
  0.00958384603
  0.00958569593
  0.00942136073
  0.00956676480
  0.00958338346
  0.00959318695
  0.00959000901
  0.00959728984
  0.00941228694
  0.00959137457
  0.00942460661
  0.00942569296
  0.00957689834
  0.00959471488
  0.00956391189
  0.00942542860
  0.00956912132
  0.00957316269
  0.00955721882
  0.00957345697
  0.00958907137
  0.00956783881
  0.00955568431
  0.00955513063
  0.00956261854
  0.00957762994
  0.00938688952
  0.00940671283
  0.00955359279
  0.00954884505
  0.00954616243
  0.00953817814
  0.00955371158
  0.00938337507
  0.00955046968
  0.00953021600
  0.00938506817
  0.00938066622
  0.00954070961
  0.00953436771
  0.00951164137
  0.00953510413
  0.00936707930
  0.00951920510
  0.00952188570
  0.00933790427
  0.00947158134
  0.00949484947
  0.00950780890
  0.00951610668
  0.00934753168
  0.00934441532
  0.00934872538
  0.00949355316
  0.00949919030
  0.00950386287
  0.00949706109
  0.00948384361
  0.00932431370
  0.00949035284
  0.00949017638
  0.00947749691
  0.00949002158
  0.00948109656
  0.00947063138
  0.00931291658
  0.00948188961
  0.00946792762
  0.00946815394
  0.00946941123
  0.00930490208
  0.00931123611
  0.00929786093
  0.00929667981
  0.00946274085
  0.00928731150
  0.00945332621
  0.00927279218
  0.00928247991
  0.00928860674
  0.00928068960
  0.00927511393
  0.00944147328
  0.00945012771
  0.00927703451
  0.00928101116
  0.00928422320
  0.00926543114
  0.00925588775
  0.00926083166
  0.00942911085
  0.00926659264
  0.00925887652
  0.00942172128
  0.00925865553
  0.00941243380
  0.00926264986
  0.00941677289
  0.00925803219
  0.00923752383
  0.00924511144
  0.00924253434
  0.00939888008
  0.00941086926
  0.00923920985
  0.00923358696
  0.00939188041
  0.00937780970
  0.00938414347
  0.00922960561
  0.00923407219
  0.00939200254
  0.00922356243
  0.00921994465
  0.00921562644
  0.00922388525
  0.00920748470
  0.00920586800
  0.00920824486
  0.00937656827
  0.00936780636
  0.00919682255
  0.00921086597
  0.00918357447
  0.00920862447
  0.00917262342
  0.00920484865
  0.00918920812
  0.00918126336
  0.00935095483
  0.00934477363
  0.00918386584
  0.00916651426
  0.00918158204
  0.00918075788
  0.00933647263
  0.00916917775
  0.00917175353
  0.00918628592
  0.00917303904
  0.00917405370
  0.00916524620
  0.00916168044
  0.00916399517
  0.00932274537
  0.00915345958
  0.00913515969
  0.00915776136
  0.00913835698
  0.00913499610
  0.00914056008
  0.00913398807
  0.00916762587
  0.00913825455
  0.00912467981
  0.00913416179
  0.00912803539
  0.00913286735
  0.00911868039
  0.00912187602
  0.00929754337
  0.00912956100
  0.00913383194
  0.00912544667
  0.00912030671
  0.00912516871
  0.00912140334
  0.00912146316
  0.00927585516
  0.00911509530
  0.00910645319
  0.00910977072
  0.00909460139
  0.00928702378
  0.00928521560
  0.00925732054
  0.00909446176
  0.00910297993
  0.00908684198
  0.00925680126
  0.00923945972
  0.00908870521
  0.00908539681
  0.00908333248
  0.00908563266
  0.00908316796
  0.00907664857
  0.00924094554
  0.00907162700
  0.00923393693
  0.00907175008
  0.00923465353
  0.00906124233
  0.00908010970
  0.00905914308
  0.00922444760
  0.00906917688
  0.00907634533
  0.00905973325
  0.00905896212
  0.00906156501
  0.00921738122
  0.00922338326
