488 27
0 4
0 862 
862 1 
1 863 
863 2 

1 24
4 864 
864 0 
7 865 
865 4 
11 866 
866 7 
16 867 
867 11 
21 868 
868 16 
27 869 
869 21 
36 870 
870 27 
37 871 
871 36 
39 872 
872 37 
40 873 
873 39 
56 874 
874 40 
74 875 
875 56 

2 24
2 876 
876 6 
6 877 
877 10 
10 878 
878 15 
15 879 
879 18 
18 880 
880 24 
24 881 
881 29 
29 882 
882 34 
34 883 
883 35 
35 884 
884 41 
41 885 
885 42 
42 886 
886 43 
43 887 
887 59 

3 6
195 888 
888 196 
206 889 
889 195 
208 890 
890 206 

4 4
232 891 
891 208 
259 892 
892 232 

5 4
196 893 
893 212 
212 894 
894 235 

6 8
233 895 
895 234 
234 896 
896 235 
258 897 
897 233 
259 898 
898 258 

7 10
260 899 
899 259 
284 900 
900 285 
285 901 
901 286 
286 902 
902 287 
287 903 
903 260 

8 54
235 904 
904 263 
263 905 
905 293 
293 906 
906 319 
319 907 
907 341 
341 908 
908 360 
360 909 
909 376 
376 910 
910 392 
392 911 
911 408 
408 912 
912 424 
424 913 
913 437 
437 914 
914 455 
455 915 
915 473 
473 916 
916 490 
490 917 
917 505 
505 918 
918 519 
519 919 
919 535 
535 920 
920 544 
544 921 
921 563 
563 922 
922 581 
581 923 
923 598 
598 924 
924 615 
615 925 
925 632 
632 926 
926 649 
649 927 
927 650 
650 928 
928 669 
669 929 
929 670 
670 930 
930 689 

9 18
311 931 
931 284 
334 932 
932 311 
353 933 
933 334 
371 934 
934 353 
387 935 
935 371 
403 936 
936 387 
418 937 
937 403 
421 938 
938 418 
436 939 
939 421 

10 14
168 940 
940 162 
173 941 
941 168 
178 942 
942 173 
182 943 
943 178 
188 944 
944 182 
194 945 
945 188 
204 946 
946 194 

11 14
157 947 
947 164 
164 948 
948 170 
170 949 
949 175 
175 950 
950 179 
179 951 
951 183 
183 952 
952 189 
189 953 
953 198 

12 90
333 954 
954 309 
352 955 
955 333 
370 956 
956 352 
386 957 
957 370 
402 958 
958 386 
417 959 
959 402 
432 960 
960 417 
448 961 
961 432 
466 962 
962 448 
485 963 
963 466 
501 964 
964 485 
518 965 
965 501 
533 966 
966 518 
550 967 
967 533 
566 968 
968 550 
583 969 
969 566 
599 970 
970 583 
616 971 
971 599 
633 972 
972 616 
651 973 
973 633 
671 974 
974 651 
690 975 
975 671 
707 976 
976 690 
722 977 
977 707 
736 978 
978 722 
748 979 
979 736 
758 980 
980 748 
766 981 
981 758 
772 982 
982 766 
777 983 
983 772 
782 984 
984 777 
787 985 
985 782 
792 986 
986 787 
798 987 
987 792 
803 988 
988 798 
809 989 
989 803 
814 990 
990 809 
819 991 
991 814 
824 992 
992 819 
828 993 
993 824 
832 994 
994 828 
836 995 
995 832 
841 996 
996 836 
845 997 
997 841 
847 998 
998 845 

13 22
237 999 
999 266 
266 1000 
1000 296 
296 1001 
1001 320 
320 1002 
1002 342 
342 1003 
1003 361 
361 1004 
1004 379 
379 1005 
1005 395 
395 1006 
1006 411 
411 1007 
1007 427 
427 1008 
1008 443 
443 1009 
1009 462 

14 64
481 1010 
1010 462 
497 1011 
1011 481 
498 1012 
1012 497 
513 1013 
1013 498 
514 1014 
1014 513 
529 1015 
1015 514 
545 1016 
1016 546 
546 1017 
1017 529 
558 1018 
1018 545 
574 1019 
1019 558 
590 1020 
1020 574 
606 1021 
1021 590 
608 1022 
1022 606 
622 1023 
1023 608 
624 1024 
1024 622 
636 1025 
1025 624 
653 1026 
1026 636 
658 1027 
1027 653 
675 1028 
1028 658 
678 1029 
1029 675 
695 1030 
1030 678 
698 1031 
1031 695 
713 1032 
1032 698 
725 1033 
1033 713 
728 1034 
1034 725 
731 1035 
1035 728 
743 1036 
1036 731 
753 1037 
1037 743 
759 1038 
1038 753 
763 1039 
1039 759 
769 1040 
1040 763 
771 1041 
1041 769 

15 14
689 1042 
1042 706 
706 1043 
1043 721 
721 1044 
1044 735 
735 1045 
1045 747 
747 1046 
1046 757 
757 1047 
1047 765 
765 1048 
1048 771 

16 46
771 1049 
1049 776 
776 1050 
1050 778 
778 1051 
1051 781 
781 1052 
1052 786 
786 1053 
1053 790 
790 1054 
1054 791 
791 1055 
1055 796 
796 1056 
1056 797 
797 1057 
1057 799 
799 1058 
1058 805 
805 1059 
1059 808 
808 1060 
1060 813 
813 1061 
1061 815 
815 1062 
1062 820 
820 1063 
1063 825 
825 1064 
1064 830 
830 1065 
1065 835 
835 1066 
1066 840 
840 1067 
1067 844 
844 1068 
1068 849 
849 1069 
1069 855 
855 1070 
1070 859 
859 1071 
1071 861 

17 8
853 1072 
1072 847 
857 1073 
1073 853 
860 1074 
1074 857 
861 1075 
1075 860 

18 6
93 1076 
1076 74 
111 1077 
1077 93 
125 1078 
1078 111 

19 6
59 1079 
1079 79 
79 1080 
1080 99 
99 1081 
1081 116 

20 8
136 1082 
1082 125 
146 1083 
1083 136 
155 1084 
1084 146 
162 1085 
1085 155 

21 8
116 1086 
1086 130 
130 1087 
1087 140 
140 1088 
1088 150 
150 1089 
1089 157 

22 8
221 1090 
1090 204 
205 1091 
1091 226 
226 1092 
1092 221 
229 1093 
1093 205 

23 8
198 1094 
1094 218 
219 1095 
1095 199 
218 1096 
1096 220 
220 1097 
1097 219 

24 6
257 1098 
1098 229 
283 1099 
1099 257 
309 1100 
1100 283 

25 6
199 1101 
1101 197 
197 1102 
1102 213 
213 1103 
1103 237 

26 4
442 1104 
1104 436 
462 1105 
1105 442 

