1514 
3 1 0 
 3 0 4 
 1 5 2 
 3 5 1 
 6 2 5 
 4 7 8 
 3 4 8 
 3 8 5 
 9 6 5 
 9 5 8 
 9 10 6 
 12 7 11 
 12 8 7 
 13 8 12 
 13 9 8 
 14 10 9 
 13 14 9 
 14 15 10 
 17 11 16 
 17 12 11 
 17 19 12 
 13 19 14 
 13 12 19 
 20 18 15 
 20 15 14 
 20 14 19 
 21 22 16 
 22 17 16 
 23 17 22 
 23 19 17 
 25 24 18 
 25 18 20 
 26 25 20 
 26 20 19 
 23 26 19 
 21 27 28 
 28 22 21 
 28 30 22 
 30 23 22 
 31 23 30 
 31 26 23 
 32 29 24 
 32 24 25 
 33 32 25 
 33 25 26 
 31 33 26 
 27 36 38 
 38 28 27 
 38 44 28 
 44 30 28 
 29 45 34 
 45 29 32 
 31 46 33 
 31 30 46 
 30 44 46 
 45 32 47 
 47 32 33 
 47 33 46 
 34 48 35 
 48 34 45 
 35 49 41 
 49 35 48 
 36 37 50 
 50 38 36 
 39 51 37 
 51 50 37 
 38 50 52 
 52 44 38 
 39 40 53 
 53 51 39 
 54 53 40 
 40 56 54 
 55 54 56 
 57 59 43 
 57 58 59 
 41 60 42 
 60 41 49 
 61 43 42 
 57 43 61 
 61 42 60 
 52 62 44 
 62 46 44 
 48 45 63 
 63 45 47 
 47 64 63 
 64 47 46 
 64 46 62 
 48 65 49 
 65 48 63 
 49 66 60 
 66 49 65 
 51 53 67 
 51 68 50 
 68 52 50 
 67 68 51 
 68 69 52 
 69 62 52 
 53 54 70 
 70 67 53 
 55 71 54 
 71 70 54 
 72 71 55 
 72 55 73 
 56 74 55 
 73 55 74 
 57 75 58 
 57 61 75 
 77 58 75 
 76 77 75 
 78 58 77 
 59 58 79 
 78 79 58 
 60 80 61 
 75 61 80 
 80 60 66 
 81 62 69 
 82 64 62 
 81 82 62 
 65 63 83 
 83 63 64 
 82 83 64 
 66 65 84 
 84 65 83 
 85 80 66 
 85 66 84 
 67 70 86 
 68 67 87 
 87 69 68 
 86 87 67 
 87 88 69 
 81 69 88 
 71 89 70 
 89 86 70 
 72 90 71 
 90 89 71 
 72 73 91 
 72 91 90 
 92 91 73 
 73 74 93 
 92 73 93 
 94 86 89 
 95 75 80 
 76 75 95 
 96 76 95 
 76 97 77 
 76 96 97 
 78 77 98 
 77 97 98 
 78 99 79 
 78 98 99 
 85 100 80 
 95 80 100 
 81 88 101 
 81 101 82 
 84 83 102 
 102 83 82 
 101 102 82 
 85 103 100 
 103 84 102 
 85 84 103 
 87 86 104 
 88 87 104 
 94 104 86 
 105 88 104 
 105 101 88 
 106 104 94 
 107 89 90 
 107 94 89 
 108 90 91 
 108 109 90 
 109 107 90 
 92 110 91 
 108 91 110 
 92 93 111 
 92 111 110 
 112 94 107 
 112 106 94 
 96 95 113 
 95 100 113 
 96 114 97 
 96 113 114 
 115 98 97 
 97 114 115 
 116 99 98 
 98 115 116 
 114 113 117 
 100 103 118 
 100 118 113 
 103 119 118 
 103 102 119 
 101 119 102 
 101 105 119 
 105 104 120 
 106 120 104 
 105 120 119 
 106 112 121 
 106 121 120 
 122 107 109 
 122 112 107 
 123 108 110 
 108 123 109 
 124 109 123 
 109 124 122 
 110 111 125 
 110 125 123 
 112 126 121 
 126 112 122 
 127 121 126 
 117 113 128 
 128 113 118 
 129 115 114 
 117 129 114 
 130 116 115 
 115 129 130 
 117 131 129 
 117 128 131 
 128 118 132 
 118 119 132 
 133 132 119 
 133 119 120 
 121 127 134 
 121 134 120 
 134 133 120 
 124 135 122 
 122 135 126 
 125 136 123 
 123 136 124 
 124 136 135 
 137 126 135 
 126 137 127 
 127 138 134 
 127 137 138 
 131 128 139 
 128 132 139 
 130 129 140 
 129 131 140 
 141 140 131 
 131 139 141 
 142 139 132 
 132 133 142 
 143 142 133 
 143 133 134 
 144 134 138 
 144 143 134 
 145 144 138 
 146 135 136 
 135 146 137 
 147 137 146 
 147 138 137 
 148 138 147 
 148 145 138 
 141 139 149 
 139 142 149 
 140 141 150 
 141 149 150 
 151 149 142 
 142 143 151 
 144 145 152 
 152 151 143 
 144 152 143 
 153 152 145 
 148 154 145 
 145 154 153 
 155 147 146 
 147 155 148 
 148 155 154 
 149 156 150 
 149 151 156 
 157 150 156 
 158 153 154 
 159 156 151 
 151 152 159 
 160 152 153 
 160 159 152 
 158 161 153 
 161 160 153 
 154 155 162 
 154 162 158 
 156 163 157 
 159 163 156 
 157 163 164 
 158 162 165 
 158 165 161 
 159 166 163 
 160 166 159 
 160 161 166 
 161 165 167 
 161 167 166 
 168 165 162 
 163 169 164 
 163 166 169 
 164 169 170 
 165 168 171 
 167 165 171 
 167 171 172 
 166 172 169 
 167 172 166 
 171 168 173 
 170 169 174 
 169 172 174 
 174 175 170 
 171 173 176 
 171 176 172 
 177 174 172 
 177 172 176 
 176 173 178 
 179 175 180 
 174 180 175 
 177 180 174 
 176 178 181 
 177 176 181 
 177 181 180 
 181 178 182 
 184 183 179 
 184 179 180 
 185 184 180 
 185 180 181 
 186 183 184 
 187 181 182 
 185 181 187 
 187 182 188 
 186 189 183 
 186 184 190 
 185 190 184 
 185 187 190 
 191 189 186 
 191 186 192 
 192 186 190 
 188 193 187 
 193 190 187 
 193 188 194 
 189 191 198 
 200 198 191 
 201 190 193 
 192 190 201 
 200 191 202 
 202 191 192 
 192 201 202 
 203 193 194 
 203 201 193 
 194 204 203 
 207 206 208 
 209 195 206 
 210 195 209 
 211 196 195 
 211 195 210 
 212 196 211 
 214 213 197 
 215 197 199 
 214 197 215 
 215 199 216 
 217 198 200 
 198 217 218 
 199 219 216 
 200 222 217 
 222 200 202 
 223 217 222 
 201 203 224 
 202 201 224 
 202 224 222 
 204 221 225 
 225 203 204 
 203 225 224 
 205 227 226 
 228 227 205 
 228 205 229 
 209 206 230 
 207 230 206 
 231 230 207 
 207 208 232 
 231 207 232 
 230 233 209 
 210 209 233 
 234 210 233 
 210 234 211 
 234 235 211 
 212 211 235 
 214 236 213 
 237 213 236 
 214 238 236 
 215 238 214 
 216 239 215 
 238 215 239 
 216 219 240 
 240 241 216 
 239 216 241 
 242 218 217 
 242 217 223 
 218 243 220 
 243 218 242 
 220 244 219 
 240 219 244 
 244 220 245 
 243 245 220 
 226 246 221 
 223 247 242 
 248 225 221 
 246 248 221 
 223 222 249 
 222 224 249 
 247 223 249 
 248 250 225 
 250 224 225 
 249 224 250 
 246 226 251 
 227 251 226 
 252 251 227 
 228 253 227 
 252 227 253 
 254 228 229 
 228 254 255 
 255 253 228 
 229 257 254 
 256 254 257 
 258 233 230 
 231 258 230 
 231 232 259 
 231 259 258 
 233 258 261 
 234 262 235 
 234 233 262 
 233 261 262 
 262 263 235 
 264 236 238 
 236 265 237 
 264 265 236 
 266 237 265 
 264 238 267 
 239 241 267 
 239 267 238 
 240 268 241 
 240 244 268 
 268 269 241 
 267 241 269 
 242 270 243 
 247 270 242 
 245 243 270 
 245 271 244 
 268 244 271 
 271 245 272 
 272 245 270 
 251 273 246 
 246 273 248 
 247 274 270 
 247 249 274 
 275 250 248 
 273 275 248 
 276 250 275 
 276 249 250 
 274 249 276 
 251 277 273 
 252 277 251 
 252 278 277 
 253 278 252 
 279 253 255 
 279 278 253 
 256 280 254 
 280 255 254 
 255 280 281 
 281 279 255 
 256 282 280 
 256 257 283 
 256 283 282 
 258 259 288 
 258 288 261 
 260 289 259 
 259 289 288 
 287 290 260 
 289 260 290 
 291 261 288 
 262 292 263 
 291 292 261 
 262 261 292 
 263 292 293 
 264 294 265 
 264 267 294 
 265 295 266 
 265 294 295 
 295 296 266 
 294 267 297 
 269 297 267 
 269 268 298 
 271 298 268 
 298 299 269 
 297 269 299 
 300 270 274 
 272 270 300 
 272 301 271 
 298 271 301 
 301 272 300 
 277 302 273 
 273 302 275 
 276 275 303 
 300 274 303 
 276 303 274 
 275 302 303 
 277 304 302 
 277 278 304 
 278 305 304 
 281 306 279 
 279 306 278 
 306 305 278 
 280 282 307 
 281 280 307 
 281 307 306 
 308 307 282 
 309 282 283 
 282 309 308 
 310 285 284 
 310 284 311 
 285 312 286 
 310 312 285 
 286 313 287 
 290 287 313 
 313 286 312 
 288 289 314 
 291 288 314 
 315 289 290 
 315 314 289 
 290 313 316 
 315 290 316 
 291 317 292 
 291 314 317 
 292 318 293 
 317 318 292 
 318 319 293 
 294 321 295 
 294 297 321 
 322 320 296 
 295 322 296 
 322 295 321 
 297 323 321 
 299 323 297 
 301 324 298 
 299 298 324 
 299 325 323 
 324 325 299 
 300 326 301 
 324 301 326 
 326 300 303 
 304 327 302 
 302 327 303 
 328 303 327 
 326 303 328 
 305 329 304 
 304 329 327 
 305 330 329 
 330 305 331 
 306 307 331 
 306 331 305 
 308 332 307 
 307 332 331 
 308 309 333 
 308 333 332 
 311 334 335 
 310 311 335 
 310 335 312 
 312 336 313 
 316 313 336 
 336 312 335 
 315 337 314 
 315 316 337 
 314 337 317 
 316 336 338 
 316 338 337 
 317 339 318 
 317 337 339 
 319 318 340 
 339 340 318 
 340 341 319 
 342 320 343 
 322 343 320 
 343 322 344 
 321 344 322 
 344 321 323 
 323 345 344 
 325 345 323 
 346 345 325 
 346 325 347 
 325 324 347 
 324 326 347 
 328 347 326 
 329 348 327 
 328 348 347 
 327 348 328 
 329 349 348 
 330 349 329 
 330 331 350 
 330 350 349 
 332 351 331 
 331 351 350 
 332 333 352 
 332 352 351 
 354 334 353 
 334 354 335 
 355 335 354 
 336 335 355 
 336 355 338 
 339 337 356 
 338 356 337 
 338 355 357 
 356 338 357 
 340 339 358 
 356 358 339 
 341 340 359 
 358 359 340 
 359 360 341 
 361 342 362 
 343 362 342 
 362 343 363 
 344 363 343 
 345 363 344 
 345 364 363 
 346 364 345 
 346 365 364 
 346 347 365 
 348 366 347 
 365 347 366 
 349 367 348 
 366 348 367 
 350 368 349 
 349 368 367 
 369 350 351 
 350 369 368 
 352 370 351 
 351 370 369 
 372 353 371 
 353 372 354 
 373 354 372 
 355 354 373 
 357 355 373 
 373 374 357 
 358 356 375 
 357 375 356 
 375 357 374 
 359 358 377 
 375 377 358 
 378 376 360 
 360 359 378 
 377 378 359 
 361 380 379 
 362 380 361 
 380 362 381 
 363 381 362 
 364 381 363 
 364 382 381 
 365 382 364 
 365 366 382 
 367 383 366 
 366 383 382 
 368 384 367 
 367 384 383 
 385 368 369 
 368 385 384 
 386 369 370 
 369 386 385 
 388 371 387 
 371 388 372 
 389 372 388 
 372 389 373 
 374 373 389 
 389 390 374 
 377 375 391 
 391 374 390 
 374 391 375 
 393 392 376 
 376 378 393 
 394 393 378 
 378 377 394 
 391 394 377 
 395 379 396 
 380 396 379 
 397 396 380 
 381 397 380 
 381 382 397 
 398 397 382 
 383 399 382 
 398 382 399 
 384 400 383 
 399 383 400 
 385 401 384 
 384 401 400 
 402 385 386 
 385 402 401 
 404 387 403 
 387 404 388 
 405 388 404 
 388 405 389 
 390 389 405 
 405 406 390 
 394 391 407 
 390 407 391 
 407 390 406 
 409 408 392 
 392 393 409 
 410 409 393 
 393 394 410 
 407 410 394 
 412 411 395 
 396 412 395 
 396 413 412 
 397 413 396 
 398 413 397 
 414 413 398 
 398 399 414 
 400 415 399 
 414 399 415 
 400 401 416 
 416 415 400 
 401 402 417 
 401 417 416 
 419 403 418 
 403 419 404 
 420 404 419 
 404 420 405 
 406 405 420 
 420 422 406 
 410 407 423 
 423 406 422 
 406 423 407 
 425 424 408 
 408 409 425 
 426 425 409 
 409 410 426 
 423 426 410 
 428 427 411 
 412 428 411 
 429 428 412 
 412 413 429 
 414 415 430 
 430 429 413 
 414 430 413 
 415 416 431 
 415 431 430 
 416 417 432 
 416 432 431 
 433 418 421 
 418 433 419 
 434 419 433 
 419 434 420 
 434 422 420 
 435 433 421 
 436 435 421 
 422 434 438 
 426 423 439 
 422 439 423 
 438 439 422 
 440 437 424 
 424 425 440 
 441 440 425 
 425 426 441 
 439 441 426 
 444 443 427 
 427 428 444 
 428 445 444 
 429 445 428 
 446 429 430 
 446 445 429 
 431 447 430 
 446 430 447 
 448 431 432 
 431 448 447 
 435 449 433 
 433 449 434 
 438 434 449 
 450 438 449 
 435 436 451 
 452 435 451 
 452 449 435 
 442 453 436 
 451 436 453 
 454 451 453 
 456 455 437 
 437 440 456 
 441 439 457 
 450 457 438 
 438 457 439 
 458 456 440 
 440 441 458 
 458 441 457 
 453 442 459 
 461 459 442 
 461 442 462 
 463 462 443 
 443 444 463 
 444 464 463 
 464 444 445 
 446 447 465 
 446 465 445 
 445 465 464 
 447 448 466 
 447 466 465 
 452 467 449 
 450 449 467 
 450 467 457 
 452 451 468 
 468 467 452 
 454 468 451 
 459 469 453 
 454 453 469 
 454 470 468 
 454 469 470 
 469 459 471 
 460 471 459 
 474 473 455 
 455 456 474 
 475 474 456 
 456 458 475 
 476 475 458 
 458 457 476 
 467 476 457 
 460 477 471 
 472 471 477 
 472 477 478 
 461 479 459 
 460 459 479 
 460 479 480 
 460 480 477 
 461 462 481 
 461 481 479 
 462 482 481 
 462 463 482 
 483 482 463 
 483 463 464 
 464 465 484 
 483 464 484 
 466 485 465 
 485 484 465 
 468 486 467 
 470 486 468 
 467 486 476 
 469 471 487 
 470 469 487 
 470 487 486 
 471 488 487 
 472 488 471 
 472 478 489 
 472 489 488 
 491 490 473 
 473 474 491 
 492 491 474 
 474 475 492 
 493 492 475 
 475 476 493 
 476 486 493 
 478 494 489 
 480 495 477 
 495 478 477 
 495 496 478 
 478 496 494 
 481 497 479 
 480 479 497 
 497 498 480 
 495 480 498 
 481 499 497 
 482 499 481 
 483 484 500 
 482 500 499 
 483 500 482 
 484 485 501 
 484 501 500 
 488 502 487 
 487 502 486 
 493 486 502 
 489 503 488 
 488 503 502 
 494 504 489 
 489 504 503 
 506 505 490 
 490 491 506 
 507 506 491 
 491 492 507 
 508 507 492 
 492 493 508 
 508 493 502 
 494 510 504 
 509 504 510 
 509 510 511 
 496 512 494 
 510 494 512 
 498 513 495 
 496 495 513 
 513 514 496 
 512 496 514 
 498 497 515 
 499 515 497 
 516 513 498 
 516 498 515 
 499 500 517 
 515 499 517 
 500 501 518 
 518 517 500 
 508 502 520 
 503 520 502 
 509 521 504 
 504 521 503 
 503 521 520 
 522 519 505 
 505 506 522 
 523 522 506 
 506 507 523 
 524 523 507 
 507 508 524 
 520 524 508 
 509 511 525 
 509 525 521 
 511 526 525 
 512 527 510 
 527 511 510 
 511 527 528 
 528 526 511 
 514 529 512 
 527 512 529 
 514 513 530 
 516 530 513 
 529 514 531 
 514 530 531 
 516 532 530 
 515 517 532 
 516 515 532 
 517 518 533 
 533 532 517 
 525 534 521 
 536 535 519 
 519 522 536 
 524 520 537 
 537 520 521 
 538 537 521 
 538 521 534 
 539 536 522 
 522 523 539 
 540 539 523 
 523 524 540 
 537 540 524 
 528 541 526 
 526 542 525 
 534 525 542 
 543 526 541 
 543 542 526 
 545 541 528 
 529 546 527 
 528 546 545 
 546 528 527 
 547 546 529 
 531 547 529 
 547 531 548 
 530 532 549 
 531 530 549 
 548 531 549 
 532 533 550 
 550 549 532 
 542 551 534 
 552 534 551 
 552 538 534 
 553 544 535 
 535 536 553 
 554 553 536 
 536 539 554 
 537 555 540 
 552 555 538 
 538 555 537 
 556 554 539 
 539 540 556 
 555 556 540 
 557 558 545 
 541 545 558 
 558 559 541 
 543 541 559 
 543 559 560 
 543 560 542 
 542 560 551 
 561 551 560 
 544 553 562 
 562 563 544 
 545 546 564 
 557 545 564 
 547 564 546 
 547 548 564 
 548 549 565 
 548 565 564 
 549 550 566 
 565 549 566 
 551 561 567 
 551 567 552 
 552 567 555 
 568 567 561 
 569 562 553 
 553 554 569 
 570 569 554 
 554 556 570 
 571 570 556 
 556 555 571 
 567 571 555 
 557 564 572 
 557 573 558 
 557 572 573 
 573 574 558 
 558 574 559 
 575 559 574 
 559 575 560 
 576 560 575 
 576 561 560 
 576 577 561 
 568 561 577 
 578 568 577 
 562 569 579 
 563 562 580 
 579 580 562 
 580 581 563 
 564 565 582 
 572 564 582 
 565 566 583 
 582 565 583 
 568 578 584 
 568 584 567 
 567 584 571 
 585 579 569 
 569 570 585 
 586 585 570 
 570 571 586 
 584 586 571 
 578 587 584 
 572 588 573 
 572 582 588 
 573 589 574 
 573 588 589 
 574 589 590 
 574 590 575 
 591 575 590 
 576 575 591 
 576 591 577 
 592 578 577 
 591 593 577 
 592 577 593 
 592 594 578 
 587 578 594 
 579 585 595 
 580 579 596 
 595 596 579 
 581 580 597 
 596 597 580 
 597 598 581 
 583 599 582 
 588 582 599 
 587 600 584 
 586 584 600 
 595 585 601 
 585 586 601 
 601 586 600 
 602 587 594 
 587 602 600 
 603 602 594 
 589 588 604 
 588 599 604 
 589 605 590 
 589 604 605 
 590 605 606 
 590 606 591 
 593 591 606 
 592 593 607 
 592 607 594 
 606 608 593 
 607 593 608 
 607 609 594 
 603 594 609 
 602 610 600 
 595 601 611 
 595 612 596 
 611 612 595 
 597 596 613 
 612 613 596 
 598 597 614 
 613 614 597 
 614 615 598 
 604 599 616 
 610 617 600 
 611 601 617 
 600 617 601 
 603 618 602 
 610 602 618 
 603 609 619 
 603 619 618 
 616 620 604 
 605 604 620 
 608 606 621 
 605 621 606 
 621 605 620 
 608 622 607 
 609 607 622 
 623 622 608 
 623 608 621 
 622 624 609 
 619 609 624 
 625 610 618 
 610 625 617 
 626 625 618 
 627 617 625 
 611 628 612 
 611 617 628 
 613 612 629 
 612 628 629 
 614 613 630 
 629 630 613 
 615 614 631 
 630 631 614 
 631 632 615 
 620 616 633 
 627 634 617 
 628 617 634 
 619 635 618 
 626 618 635 
 624 636 619 
 635 619 636 
 633 637 620 
 621 620 637 
 623 621 637 
 624 622 638 
 623 638 622 
 623 637 638 
 636 624 639 
 624 638 639 
 626 640 625 
 627 625 640 
 626 635 641 
 626 641 640 
 642 627 640 
 627 642 634 
 643 642 640 
 644 634 642 
 629 628 645 
 628 634 645 
 630 629 646 
 645 646 629 
 631 630 647 
 646 647 630 
 632 631 648 
 647 648 631 
 648 649 632 
 633 651 637 
 644 652 634 
 645 634 652 
 636 653 635 
 641 635 653 
 654 653 636 
 654 636 639 
 651 655 637 
 638 637 655 
 639 638 655 
 654 639 656 
 656 639 655 
 641 657 640 
 643 640 657 
 653 658 641 
 657 641 658 
 643 659 642 
 644 642 659 
 643 657 660 
 643 660 659 
 644 659 661 
 644 661 652 
 662 661 659 
 663 652 661 
 646 645 664 
 652 664 645 
 647 646 665 
 664 665 646 
 648 647 666 
 665 666 647 
 667 650 649 
 649 648 667 
 666 667 648 
 668 650 667 
 650 668 669 
 655 651 671 
 663 672 652 
 664 652 672 
 653 673 658 
 654 673 653 
 654 656 673 
 674 655 671 
 656 655 674 
 656 674 673 
 658 675 657 
 660 657 675 
 676 675 658 
 658 673 676 
 660 677 659 
 662 659 677 
 675 678 660 
 677 660 678 
 662 679 661 
 663 661 679 
 662 677 680 
 662 680 679 
 681 663 679 
 663 681 672 
 682 672 681 
 665 664 683 
 672 683 664 
 666 665 684 
 683 684 665 
 685 668 667 
 667 666 685 
 684 685 666 
 686 668 685 
 669 687 670 
 669 668 687 
 686 687 668 
 688 670 687 
 688 689 670 
 674 671 690 
 682 691 672 
 683 672 691 
 692 681 679 
 690 693 674 
 673 674 693 
 676 673 693 
 678 675 694 
 676 694 675 
 676 693 694 
 678 695 677 
 680 677 695 
 696 695 678 
 678 694 696 
 680 697 679 
 692 679 697 
 695 698 680 
 697 680 698 
 692 699 681 
 682 681 699 
 700 682 699 
 682 700 691 
 701 700 699 
 684 683 702 
 691 702 683 
 686 685 703 
 685 684 703 
 702 703 684 
 686 704 687 
 686 703 704 
 688 687 705 
 705 687 704 
 688 706 689 
 688 705 706 
 690 707 693 
 708 702 691 
 709 691 700 
 709 708 691 
 692 697 710 
 692 710 699 
 707 711 693 
 696 694 711 
 694 693 711 
 695 712 698 
 696 712 695 
 696 711 712 
 698 713 697 
 710 697 713 
 714 713 698 
 714 698 712 
 710 715 699 
 701 699 715 
 701 716 700 
 709 700 716 
 701 715 717 
 701 717 716 
 708 718 702 
 702 718 703 
 704 703 719 
 718 719 703 
 704 720 705 
 720 704 719 
 705 721 706 
 721 705 720 
 707 722 711 
 723 718 708 
 709 716 724 
 709 724 708 
 724 723 708 
 713 725 710 
 715 710 725 
 722 726 711 
 712 711 726 
 714 712 726 
 713 727 725 
 714 727 713 
 714 726 727 
 725 728 715 
 717 715 728 
 729 724 716 
 717 730 716 
 729 716 730 
 728 731 717 
 730 717 731 
 718 733 719 
 723 733 718 
 732 733 723 
 719 734 720 
 734 719 733 
 720 735 721 
 735 720 734 
 726 722 736 
 729 737 724 
 732 723 737 
 724 737 723 
 728 725 738 
 738 725 727 
 736 739 726 
 738 727 739 
 727 726 739 
 731 728 740 
 728 738 740 
 741 731 740 
 729 730 742 
 729 742 737 
 741 743 731 
 731 743 730 
 742 730 743 
 732 744 733 
 732 737 745 
 744 732 745 
 733 746 734 
 744 746 733 
 734 747 735 
 747 734 746 
 739 736 748 
 742 749 737 
 745 737 749 
 748 750 739 
 738 739 750 
 740 738 750 
 751 740 750 
 741 740 751 
 741 752 743 
 741 751 752 
 743 752 753 
 743 753 742 
 749 742 753 
 744 745 754 
 744 754 746 
 749 755 745 
 755 754 745 
 754 756 746 
 757 747 746 
 756 757 746 
 750 748 758 
 753 759 749 
 755 749 759 
 758 760 750 
 751 750 760 
 751 760 752 
 753 761 759 
 752 761 753 
 752 760 761 
 755 762 754 
 756 754 762 
 759 763 755 
 762 755 763 
 764 756 762 
 756 765 757 
 764 765 756 
 760 758 766 
 763 759 767 
 767 759 761 
 766 768 760 
 761 760 768 
 761 768 767 
 763 769 762 
 764 762 769 
 770 769 763 
 770 763 767 
 769 771 764 
 764 771 765 
 768 766 772 
 772 773 768 
 770 767 773 
 767 768 773 
 769 774 771 
 770 774 769 
 770 773 774 
 775 771 774 
 775 776 771 
 773 772 777 
 777 779 773 
 774 773 779 
 775 774 779 
 776 780 778 
 775 780 776 
 775 779 780 
 779 777 782 
 781 778 783 
 783 778 780 
 784 779 782 
 780 784 783 
 780 779 784 
 785 781 783 
 785 786 781 
 784 782 787 
 787 788 784 
 783 784 788 
 785 783 788 
 785 789 786 
 785 788 789 
 786 789 790 
 787 792 788 
 793 788 792 
 789 788 793 
 791 790 794 
 789 794 790 
 794 789 793 
 795 791 794 
 795 796 791 
 793 792 798 
 798 800 793 
 794 793 800 
 795 794 800 
 797 796 801 
 795 801 796 
 795 800 801 
 799 797 802 
 797 801 802 
 800 798 803 
 804 799 802 
 804 805 799 
 803 806 800 
 801 800 806 
 802 801 806 
 804 802 807 
 807 802 806 
 806 803 809 
 805 810 808 
 804 810 805 
 804 807 810 
 811 806 809 
 807 806 811 
 807 811 810 
 812 808 810 
 812 813 808 
 811 809 814 
 814 816 811 
 810 811 816 
 812 810 816 
 815 813 817 
 812 817 813 
 812 816 817 
 815 817 818 
 816 814 819 
 820 815 818 
 821 820 818 
 819 822 816 
 818 817 822 
 817 816 822 
 821 818 823 
 823 818 822 
 822 819 824 
 821 825 820 
 821 826 825 
 823 826 821 
 824 827 822 
 823 822 827 
 823 827 826 
 827 824 828 
 825 826 830 
 829 830 826 
 828 831 827 
 827 831 826 
 829 826 831 
 831 828 832 
 833 829 831 
 833 834 829 
 835 830 829 
 834 835 829 
 837 832 836 
 832 837 831 
 833 831 837 
 833 838 834 
 838 833 837 
 838 839 834 
 834 840 835 
 840 834 839 
 842 836 841 
 836 842 837 
 843 837 842 
 839 838 843 
 838 837 843 
 839 844 840 
 839 843 844 
 846 841 845 
 841 846 842 
 848 842 846 
 842 848 843 
 844 843 849 
 849 843 848 
 850 848 846 
 851 845 847 
 851 846 845 
 852 846 851 
 850 846 852 
 853 851 847 
 850 854 848 
 855 849 848 
 854 855 848 
 852 856 850 
 850 856 854 
 853 857 851 
 856 852 857 
 852 851 857 
 858 854 856 
 854 859 855 
 858 859 854 
 860 856 857 
 858 856 860 
 860 861 858 
 858 861 859 
 