862 
-0.002 -0.004 
-0.002 -0.002 
-0.002 0 
-0.000780466 -0.00280803 
-9.69317e-05 -0.004 
-0.000562903 -0.00144761 
-9.69212e-05 0 
0.00145287 -0.004 
0.000664263 -0.00262779 
0.000841341 -0.00119449 
0.00145289 0 
0.0027259 -0.004 
0.00206788 -0.00298583 
0.0017231 -0.00194845 
0.00210158 -0.00100083 
0.00272592 0 
0.00377157 -0.004 
0.0032207 -0.00311221 
0.0037716 0 
0.00287707 -0.00197847 
0.00323309 -0.000864336 
0.0046305 -0.004 
0.00420127 -0.00324979 
0.00389768 -0.00240647 
0.00463053 0 
0.00419897 -0.000715829 
0.00389543 -0.00153118 
0.00533604 -0.004 
0.00498001 -0.00336463 
0.00533606 0 
0.00470714 -0.00261541 
0.00448988 -0.00195066 
0.00496838 -0.000601561 
0.00469478 -0.0012979 
0.00591559 0 
0.00639162 0 
0.00591557 -0.004 
0.0063916 -0.004 
0.00561619 -0.00344866 
0.00678262 -0.004 
0.00710381 -0.004 
0.00678263 0 
0.0071038 0 
0.00736763 0 
0.0053962 -0.00278666 
0.00560831 -0.000509773 
0.0052056 -0.00194102 
0.00537356 -0.00114943 
0.00614997 -0.000426178 
0.00657806 -0.000349685 
0.00615112 -0.00354442 
0.00658984 -0.00363248 
0.00596041 -0.00298655 
0.00694005 -0.00370629 
0.00723293 -0.00376727 
0.00745362 -0.00380264 
0.00736763 -0.004 
0.00744421 -0.000152937 
0.0076187 -0.000206376 
0.00758579 0 
0.00694009 -0.000277653 
0.00723753 -0.00020796 
0.00594765 -0.002309 
0.00595571 -0.000950065 
0.00582716 -0.00161276 
0.00643247 -0.000778297 
0.00679032 -0.000684602 
0.00682828 -0.00333278 
0.00645268 -0.00318168 
0.00640317 -0.00269055 
0.00713731 -0.00347345 
0.00738963 -0.00358648 
0.00755777 -0.0036629 
0.00764487 -0.00381823 
0.00758579 -0.004 
0.0074344 -0.000395453 
0.00758599 -0.000525353 
0.00767042 -0.000381448 
0.00778022 -0.00024278 
0.00778425 -4.10768e-05 
0.00716567 -0.000575685 
0.00648669 -0.00226633 
0.00634816 -0.00182619 
0.00637881 -0.00128703 
0.006759 -0.00105735 
0.00701863 -0.000891614 
0.00706667 -0.00310054 
0.00678326 -0.00290144 
0.00679411 -0.00244986 
0.00737081 -0.00329783 
0.00759871 -0.00346794 
0.00770531 -0.00364596 
0.00779214 -0.00378326 
0.00778425 -0.00395892 
0.0073887 -0.00298091 
0.0074354 -0.000662799 
0.00763768 -0.000659596 
0.00775203 -0.000527469 
0.00787734 -0.000357014 
0.00795231 -0.000159908 
0.00730331 -0.000909716 
0.00681925 -0.00198658 
0.00679118 -0.00153885 
0.00710297 -0.00123197 
0.0071573 -0.00263876 
0.00710868 -0.00225158 
0.00750569 -0.00270169 
0.00760121 -0.0032055 
0.00777863 -0.00351825 
0.00778761 -0.00335868 
0.00787695 -0.00365565 
0.00795231 -0.00384009 
0.00766986 -0.00291461 
0.00761858 -0.000875514 
0.00779659 -0.000706854 
0.0079499 -0.000532504 
0.00805719 -0.000333333 
0.00786539 -0.000870915 
0.00749365 -0.00121916 
0.00730935 -0.00173627 
0.00752672 -0.0023099 
0.00777395 -0.00261629 
0.00782866 -0.00315962 
0.0079276 -0.0035018 
0.00794195 -0.00332882 
0.00805719 -0.00366667 
0.00791138 -0.0029035 
0.00803136 -0.0027067 
0.00782369 -0.00110139 
0.0080186 -0.000720558 
0.00815554 -0.000535623 
0.00807028 -0.000950148 
0.00780632 -0.00145965 
0.00782606 -0.00189246 
0.00800594 -0.00233192 
0.00807216 -0.00317715 
0.00815554 -0.00346438 
0.00816873 -0.00292928 
0.00828982 -0.00262273 
0.00808788 -0.00123294 
0.00833381 -0.000745779 
0.00829493 -0.0010285 
0.00814207 -0.00157367 
0.00818986 -0.0019438 
0.00833498 -0.00225706 
0.00856885 -0.00245511 
0.00833381 -0.00325422 
0.00838919 -0.00292054 
0.00852966 -0.00275848 
0.0084288 -0.00127159 
0.00861979 -0.000924899 
0.00851347 -0.00164158 
0.00861815 -0.00204296 
0.00885852 -0.00235246 
0.0087791 -0.00272274 
0.00861979 -0.0030751 
0.00877755 -0.00131687 
0.009 -0.001 
0.00903454 -0.00256464 
0.00890342 -0.00169171 
0.00897312 -0.00203791 
0.00917735 -0.00229142 
0.009 -0.003 
0.00920023 -0.00138398 
0.00944219 -0.001 
0.00933571 -0.00265313 
0.00934427 -0.00187421 
0.00951474 -0.00229237 
0.00944219 -0.003 
0.00970394 -0.00146761 
0.00998081 -0.001 
0.00977641 -0.00262124 
0.0099293 -0.00204346 
0.00998081 -0.003 
0.010325 -0.00151175 
0.0106386 -0.001 
0.0103145 -0.00251758 
0.0105175 -0.00201806 
0.0106386 -0.003 
0.0113614 -0.001 
0.0110067 -0.00162866 
0.0110049 -0.00238835 
0.0113614 -0.003 
0.0120192 -0.001 
0.0116907 -0.00147753 
0.0115092 -0.00200446 
0.0122129 -0.00138967 
0.011691 -0.0025309 
0.0120192 -0.003 
0.0125578 -0.001 
0.0120613 -0.00197545 
0.0126604 -0.00135919 
0.0124839 -0.00175309 
0.0122708 -0.00254509 
0.0125578 -0.003 
-0.002 0.0127077 
-0.002 0.014 
0.0140477 -0.000159908 
0.013 -0.001 
0.0139428 -0.000333333 
0.0129592 -0.00143468 
0.0125705 -0.00212744 
0.0128027 -0.00175844 
0.0127697 -0.00258098 
0.013 -0.003 
0.0138445 -0.00346438 
-0.002 0.0112923 
-0.00129671 0.0106158 
-0.002 0.01 
-0.00115725 0.0118918 
-0.000858741 0.012548 
-0.000979793 0.0132329 
-0.000973194 0.014 
0.0142157 -4.10768e-05 
0.0142107 -0.000216687 
0.0141317 -0.000337746 
0.0140715 -0.000502795 
0.0132108 -0.00132702 
0.0133802 -0.000924899 
0.0138445 -0.000535623 
0.0136662 -0.000745779 
0.0133802 -0.0030751 
0.013123 -0.00168832 
0.0133627 -0.00156817 
0.0130356 -0.00213441 
0.0131921 -0.00265528 
0.0136662 -0.00325422 
0.0139712 -0.00328433 
0.014054 -0.0034744 
0.0139428 -0.00366667 
-0.000845586 0.0112304 
-0.000619553 0.0105824 
-0.000973194 0.01 
0 0.012 
0 0.013 
0 0.014 
0.0143593 -0.000186856 
0.0144142 0 
0.0143037 -0.000366061 
0.0142252 -0.00048768 
0.0140681 -0.000680171 
0.0142168 -0.000642214 
0.0134725 -0.00132557 
0.0136245 -0.00109968 
0.0139454 -0.000834752 
0.0138591 -0.00108793 
0.0137054 -0.00297851 
0.0135729 -0.00160352 
0.0135729 -0.00272738 
0.0134462 -0.00189472 
0.013477 -0.00233407 
0.0139277 -0.00306368 
0.0141364 -0.00314328 
0.0141977 -0.00330666 
0.0141216 -0.00364606 
0.0142455 -0.00347894 
0.0142184 -0.00376085 
0.0140477 -0.00384009 
0 0.011 
0 0.01 
2.89704e-05 0.00884119 
0.000862483 0.0117266 
0.000790026 0.0129986 
0.00130864 0.014 
0.0144514 -0.000343017 
0.01456 -0.000198983 
0.0146372 0 
0.0144094 -0.00054108 
0.0141892 -0.000850769 
0.0144319 -0.000809678 
0.0137756 -0.0014112 
0.0141196 -0.00110964 
0.0140233 -0.00132651 
0.0139066 -0.00279292 
0.0137987 -0.00179741 
0.0138613 -0.00245547 
0.0137539 -0.00213717 
0.014179 -0.00292975 
0.0143753 -0.00314818 
0.0143616 -0.00334884 
0.0143204 -0.00362516 
0.0144148 -0.00347707 
0.0143815 -0.00379883 
0.0142157 -0.00395892 
0.0002 0.002 
0.000145023 0.00419908 
9.84427e-05 0.00606229 
6.08782e-05 0.00756487 
0.000939959 0.0105679 
0.000994885 0.00938307 
0.00119029 0.00808401 
0.00177303 0.0112163 
0.00208462 0.0125965 
0.00288638 0.014 
0.0146245 -0.000422108 
0.0147777 -0.000223852 
0.0149101 0 
0.0146643 -0.000699636 
0.0143896 -0.00110455 
0.0146794 -0.00102874 
0.0140841 -0.00163528 
0.0142783 -0.00138852 
0.0141926 -0.00260293 
0.0141711 -0.00210098 
0.0144747 -0.00285268 
0.0146975 -0.00312179 
0.0145623 -0.00334317 
0.0145594 -0.00360791 
0.0145511 -0.00384746 
0.0144142 -0.004 
0.00161225 0.00345062 
0.00247308 0.002 
0.00171412 0.00511533 
0.00138148 0.00682682 
0.00200936 0.0100817 
0.00195135 0.00889988 
0.00257809 0.00780949 
0.00299234 0.0111385 
0.00387308 0.0124905 
0.00473906 0.014 
0.0152441 0 
0.0148848 -0.000525601 
0.0150772 -0.000286033 
0.0149561 -0.000870607 
0.0146407 -0.00141393 
0.0149911 -0.00126224 
0.0144746 -0.00177438 
0.0145631 -0.00248576 
0.014665 -0.00211909 
0.0148288 -0.0028291 
0.0149539 -0.00313177 
0.0148224 -0.00343383 
0.0147516 -0.00378742 
0.0146297 -0.004 
0.00474615 0.002 
0.00351973 0.00393456 
0.00313777 0.00604542 
0.00340457 0.00928463 
0.00432793 0.00759527 
0.00471539 0.0108315 
0.00582067 0.0123767 
0.00686132 0.014 
0.0156529 0 
0.0154514 -0.000367343 
0.0152102 -0.000650646 
0.0153071 -0.00105629 
0.0153216 -0.00141406 
0.0150415 -0.00178985 
0.0150699 -0.00243564 
0.0152136 -0.00294684 
0.0151849 -0.00332502 
0.0150451 -0.00372058 
0.014889 -0.004 
0.00701923 0.002 
0.00584675 0.00379593 
0.00506045 0.00565248 
0.00556044 0.00911819 
0.00643179 0.00735914 
0.00679737 0.0107031 
0.00798294 0.0123064 
0.00917035 0.014 
0.0161534 0 
0.0159092 -0.000455456 
0.0156149 -0.000812194 
0.0156821 -0.00128707 
0.0155506 -0.00168589 
0.0155892 -0.00216687 
0.0155882 -0.00271201 
0.0155548 -0.00322577 
0.0153975 -0.00365052 
0.0152039 -0.004 
0.0092923 0.002 
0.00818655 0.00375 
0.00727491 0.00554014 
0.00864319 0.0072552 
0.00772943 0.00899985 
0.0114808 0.014 
0.00899196 0.0106369 
0.0102379 0.0123081 
0.0167659 0 
0.0164515 -0.000549681 
0.0161318 -0.00100422 
0.0161137 -0.00172462 
0.016079 -0.00249478 
0.0159962 -0.00308935 
0.0158196 -0.00358682 
0.0155863 -0.004 
0.0115654 0.002 
0.0105065 0.00372544 
0.00955855 0.00548962 
0.0109075 0.00721183 
0.00996102 0.00893638 
0.0137912 0.014 
0.012544 0.0123028 
0.0112599 0.0106156 
0.0175157 0 
0.0172015 -0.0006713 
0.0167339 -0.00116726 
0.0168527 -0.00177403 
0.0166449 -0.00232238 
0.0165418 -0.00295342 
0.0163293 -0.00351515 
0.0160505 -0.004 
0.0138385 0.002 
0.0128047 0.00372891 
0.0118453 0.00547073 
0.0131917 0.0072067 
0.0122469 0.00891564 
0.0161017 0.014 
0.0148916 0.0123244 
0.0135859 0.0106143 
0.0184334 0 
0.0180164 -0.000743101 
0.0175088 -0.00148722 
0.0172435 -0.00214145 
0.0172304 -0.00277952 
0.0169456 -0.00342409 
0.0166142 -0.004 
0.016111 0.002 
0.015046 0.00372672 
0.014109 0.00547098 
0.0182366 0.002 
0.0154566 0.00724545 
0.0145851 0.00892556 
0.0184121 0.014 
0.0171616 0.0122537 
0.0159929 0.0106198 
0.019551 0 
0.0190165 -0.000834401 
0.0185336 -0.00157422 
0.0179799 -0.0023392 
0.0177734 -0.00326641 
0.0172986 -0.004 
0.0172356 0.00369744 
0.0163178 0.00545942 
0.0191366 0.00358546 
0.02 0.002 
0.0207225 0.014 
0.0175982 0.00729005 
0.0170411 0.00896177 
0.0194706 0.0121519 
0.0182888 0.0104358 
0.0214877 0.00133672 
0.0207771 0 
0.0200993 -0.000904339 
0.0194686 -0.00179642 
0.0188548 -0.00232941 
0.0186097 -0.00315951 
0.0181297 -0.004 
0.0185653 0.00541306 
0.0189896 0.00689994 
0.0206983 0.00368201 
0.0200839 0.00472027 
0.021655 0.00278499 
0.0218659 0.00393266 
0.023033 0.014 
0.0218277 0.0121168 
0.0193923 0.00832365 
0.020593 0.0102032 
0.0229196 0.00224929 
0.0242239 0.00188921 
0.0226533 0.000924261 
0.022 0 
0.0212398 -0.000902107 
0.0205366 -0.00183749 
0.019732 -0.00285877 
0.0191387 -0.004 
0.020535 0.00646319 
0.0214485 0.00506869 
0.0229494 0.0035318 
0.0225984 0.00464205 
0.024359 0.0031436 
0.0258259 0.00295507 
0.0253434 0.014 
0.0241808 0.0121191 
0.0229883 0.0102255 
0.0217315 0.00828199 
0.0253122 0.00200545 
0.0265752 0.00205125 
0.0236717 0.0010353 
0.0248581 0.000975933 
0.0231875 0 
0.0224239 -0.00109757 
0.02156 -0.00177337 
0.021156 -0.00289543 
0.0203639 -0.004 
0.0228116 0.00626733 
0.0239991 0.00465559 
0.0256902 0.00418485 
0.027038 0.00334533 
0.0276539 0.014 
0.026536 0.0121297 
0.0253641 0.0102429 
0.0241706 0.00830273 
0.0278096 0.00216304 
0.0260536 0.00101323 
0.0272634 0.00104673 
0.024375 0 
0.0255625 0 
0.0237169 -0.0012808 
0.022698 -0.00253894 
0.0218515 -0.004 
0.0255863 0.0061639 
0.027553 0.00478658 
0.0284899 0.00339455 
0.0299643 0.014 
0.0288822 0.0121464 
0.0277959 0.0102718 
0.0267085 0.00833354 
0.0296924 0.0029109 
0.0290364 0.00208747 
0.030285 0.00202074 
0.0284546 0.00105289 
0.02675 0 
0.0279375 0 
0.0250576 -0.00136992 
0.0262553 -0.000891083 
0.0245592 -0.00267838 
0.0236264 -0.004 
0.0322747 0.014 
0.0281945 0.00655548 
0.0298325 0.00465997 
0.0312078 0.0121645 
0.0301476 0.0103148 
0.0291393 0.00846441 
0.0309134 0.00314958 
0.0314968 0.00195926 
0.0296791 0.00102999 
0.0308917 0.00098725 
0.029125 0 
0.0274618 -0.00117106 
0.0287762 -0.000963173 
0.0263842 -0.00248759 
0.0255871 -0.004 
0.0316903 0.00418401 
0.0345852 0.014 
0.0335304 0.012182 
0.030538 0.00679935 
0.0314964 0.00546106 
0.0324945 0.0103524 
0.0314523 0.00851189 
0.032051 0.000935701 
0.032309 0.00292009 
0.0325323 0.00177144 
0.0368956 0.014 
0.0315 0 
0.0303125 0 
0.0297838 -0.000788433 
0.0297305 -0.00169948 
0.0286517 -0.00260149 
0.027575 -0.004 
0.0332198 0.00376189 
0.0326191 0.0049699 
0.0358513 0.0121989 
0.0348284 0.0103886 
0.0327542 0.00660935 
0.0338117 0.00855496 
0.0321812 -0.000672914 
0.0326875 0 
0.0332024 0.00100166 
0.0335903 0.00224038 
0.03466 0.00319331 
0.0381556 0.0122109 
0.0392061 0.014 
0.0310539 -0.00126547 
0.0303125 -0.00273716 
0.0295638 -0.004 
0.03445 0.00506356 
0.0357966 0.00378947 
0.0371553 0.0104238 
0.0361842 0.00863032 
0.0351563 0.00683721 
0.0323496 -0.00151043 
0.0331481 -0.000896677 
0.033875 0 
0.0343092 0.00105368 
0.0348737 0.00194146 
0.036029 0.00236316 
0.0370687 0.00324482 
0.0394313 0.0104435 
0.0404348 0.012215 
0.0415165 0.014 
0.0319965 -0.00260032 
0.0315526 -0.004 
0.0367752 0.00508252 
0.0385159 0.00867753 
0.0376523 0.00690252 
0.0382355 0.00383613 
0.0333684 -0.00211676 
0.0343365 -0.00115387 
0.0350625 0 
0.0355327 0.00107089 
0.0372082 0.00202681 
0.0366718 0.00106702 
0.0383675 0.00237089 
0.0407179 0.00869845 
0.0416345 0.0104427 
0.0426925 0.0122071 
0.0438269 0.014 
0.0335413 -0.004 
0.0393129 0.00521861 
0.0399691 0.00696893 
0.0395007 0.00328264 
0.0395989 0.00203996 
0.0348253 -0.00255092 
0.0356537 -0.00128833 
0.03625 0 
0.0378959 0.00109022 
0.0374375 0 
0.0390543 0.0010795 
0.0407048 0.00385415 
0.041842 0.00729032 
0.0427353 0.00869073 
0.043806 0.0104068 
0.0449502 0.0121873 
0.0461374 0.014 
0.0355301 -0.004 
0.0418577 0.00525058 
0.0407846 0.00237608 
0.0402823 0.0010932 
0.0364605 -0.0026594 
0.036969 -0.00135018 
0.038625 0 
0.0381439 -0.000873245 
0.0398125 0 
0.0419511 0.00327829 
0.0420165 0.00201823 
0.0431491 0.00381945 
0.0435669 0.00682643 
0.0448272 0.0086164 
0.0460302 0.0103862 
0.0472322 0.0121779 
0.0484478 0.014 
0.0375188 -0.004 
0.0443397 0.00508537 
0.0414348 0.00106767 
0.041 0 
0.0383463 -0.00237027 
0.039342 -0.00111762 
0.0406494 -0.000980227 
0.0431935 0.00235259 
0.0426678 0.00108373 
0.0443685 0.00321804 
0.0444016 0.00198652 
0.045544 0.00374956 
0.0457646 0.00680926 
0.0470603 0.00857894 
0.0483013 0.0103525 
0.0495272 0.012158 
0.0507582 0.014 
0.0530687 0.014 
0.0395076 -0.004 
0.0467102 0.00499317 
0.0421875 0 
0.0416388 -0.000746861 
0.040475 -0.00248199 
0.0415971 -0.00159525 
0.0437992 0.00106479 
0.043375 0 
0.0455831 0.00231476 
0.0450442 0.00107172 
0.0467384 0.00317259 
0.0468086 0.0019341 
0.0479178 0.00374286 
0.0480754 0.00678661 
0.0493573 0.00852169 
0.0505971 0.0102974 
0.0518192 0.0121285 
0.05406 0.012097 
0.0553791 0.014 
0.0576896 0.014 
0.0414963 -0.004 
0.0491002 0.00506588 
0.0427512 -0.00117301 
0.0422063 -0.00270731 
0.0445625 0 
0.0440301 -0.000787545 
0.0461764 0.00107102 
0.04575 0 
0.0479537 0.00230393 
0.0474322 0.00105958 
0.0490864 0.00317874 
0.0502486 0.00371051 
0.050373 0.00669273 
0.0516977 0.00841656 
0.0528772 0.0102113 
0.0547618 0.0103596 
0.0564451 0.0118723 
0.0584865 0.0123962 
0.06 0.014 
0.0434851 -0.004 
0.0513319 0.00486378 
0.0491366 0.00198245 
0.0442216 -0.00230536 
0.0451907 -0.00104652 
0.0469375 0 
0.0463439 -0.000760746 
0.0485485 0.00105263 
0.048125 0 
0.0503072 0.00230865 
0.0514172 0.00313549 
0.0514839 0.00198181 
0.0526705 0.00649867 
0.0542587 0.00825976 
0.0564133 0.00938247 
0.0582628 0.0104814 
0.06 0.0116783 
0.0454739 -0.004 
0.0531483 0.00472997 
0.0525066 0.00362041 
0.0497873 0.00106828 
0.0463778 -0.00226253 
0.0474874 -0.00106527 
0.0493125 0 
0.0486065 -0.000877963 
0.0509192 0.00106597 
0.0526257 0.00232414 
0.0521461 0.00108362 
0.0547599 0.00587503 
0.0564218 0.00704945 
0.0582318 0.00820232 
0.06 0.00935669 
0.0474626 -0.004 
0.0549153 0.00404174 
0.0537401 0.00321205 
0.0505 0 
0.0484733 -0.00232123 
0.0496909 -0.00126037 
0.0516875 0 
0.0538376 0.00203011 
0.0532852 0.00112982 
0.052875 0 
0.0559518 0.00330449 
0.0565878 0.0046549 
0.0582795 0.00592222 
0.06 0.00703517 
0.0494514 -0.004 
0.0549037 0.00241335 
0.0511677 -0.00129902 
0.0504749 -0.00267927 
0.0525641 -0.00100398 
0.0535119 -0.000692699 
0.0545144 0.00111748 
0.0540625 0 
0.0569825 0.00320812 
0.0563698 0.00220435 
0.0583529 0.00373451 
0.06 0.00481942 
0.0514401 -0.004 
0.0557475 0.0011383 
0.0525817 -0.00257197 
0.0535607 -0.00146022 
0.0544973 -0.0010011 
0.05525 0 
0.0576672 0.00219649 
0.0570096 0.00109461 
0.0589444 0.0020654 
0.06 0.00289642 
0.0534289 -0.004 
0.0564375 0 
0.0544958 -0.00250447 
0.0557502 -0.00134728 
0.0582108 0.00102849 
0.057625 0 
0.0591605 0.000842208 
0.06 0.00131364 
0.0554176 -0.004 
0.0570807 -0.00125576 
0.0564145 -0.00270044 
0.0588125 0 
0.0582517 -0.000823087 
0.06 0 
0.0574064 -0.004 
0.058353 -0.00234332 
0.0594018 -0.00109718 
0.0605228 -0.000834213 
0.0612174 0 
0.0593952 -0.004 
0.0624348 0 
0.0604107 -0.00231676 
0.0616412 -0.00124689 
0.0636522 0 
0.0613839 -0.004 
0.0630878 -0.00114474 
0.062299 -0.00254212 
0.0642981 -0.000800322 
0.0648696 0 
0.0633727 -0.004 
0.0642813 -0.002299 
0.0654391 -0.00117803 
0.066087 0 
0.0673043 0 
0.0653614 -0.004 
0.0661919 -0.00268542 
0.0667978 -0.00130468 
0.0680148 -0.000842618 
0.0685217 0 
0.0697391 0 
0.0673502 -0.004 
0.0709565 0 
0.0681659 -0.00240533 
0.0692163 -0.0011165 
0.0705582 -0.000985822 
0.0693389 -0.004 
0.071566 -0.000748382 
0.0721739 0 
0.0703946 -0.0025173 
0.0714639 -0.00163822 
0.0733913 0 
0.0713277 -0.004 
0.0726914 -0.00125681 
0.0721073 -0.00269812 
0.0740453 -0.000878959 
0.0746087 0 
0.0733165 -0.004 
0.0758261 0 
0.0741631 -0.0023893 
0.075268 -0.00109696 
0.0766265 -0.000997416 
0.0753052 -0.004 
0.0770435 0 
0.077634 -0.000765164 
0.0764457 -0.00253297 
0.0775423 -0.00163836 
0.077294 -0.004 
0.0782609 0 
0.0787711 -0.00134263 
0.0782665 -0.00272786 
0.0792827 -0.004 
0.0802243 -0.0011107 
0.0794783 0 
0.0803086 -0.00280265 
0.0812715 -0.004 
0.0812154 -0.00167198 
0.0813667 -0.000802179 
0.0806957 0 
0.08326 -0.004 
0.0822213 -0.00256471 
0.0820911 -0.00141981 
0.0823521 -0.000693638 
0.081913 0 
0.0851142 -0.004 
0.0840997 -0.00270527 
0.0833185 -0.00134224 
0.0831304 0 
0.0866906 -0.004 
0.0859007 -0.00272094 
0.088 -0.004 
0.0850631 -0.00140596 
0.0843478 0 
0.0862337 -0.00171193 
0.0872397 -0.00299985 
0.0869061 -0.00215145 
0.088 -0.003 
0.0862052 -0.000874515 
0.0855652 0 
0.0870932 -0.00140681 
0.088 -0.002 
0.0872104 -0.000697406 
0.0867826 0 
0.088 -0.001 
0.088 0 
