  0.17645786297
  0.20141002509
  0.22775539007
  0.14581902096
  0.02379486026
  0.02171894157
  0.01892135076
  0.01736462559
  0.01903451613
  0.01949572939
  0.02040007998
  0.01898722530
  0.01795622044
  0.01748026998
  0.01668088902
  0.01467678030
  0.01311202065
  0.01159296887
  0.01062674512
  0.00991360878
  0.00921688500
  0.00829690813
  0.00779782344
  0.00766438581
  0.00764546541
  0.00776334854
  0.00698451048
  0.00709928904
  0.00697223299
  0.00678332021
  0.00668913300
  0.00650081042
  0.00641364167
  0.00609760105
  0.00615002821
  0.00589322503
  0.00543104468
  0.00446935730
  0.00416639236
  0.00393279582
  0.00390984002
