201 13
0 4
0
3
4
9

1 7
1
0
5
10
15
20
25

2 7
9
14
19
24
29
34
39

3 18
30
25
35
40
47
55
68
83
100
120
142
167
190
219
250
280
310
340

4 21
39
44
49
58
65
66
67
79
80
95
112
113
114
133
156
157
181
182
208
209
240

5 40
39
45
52
61
74
87
104
124
146
171
198
227
258
288
314
344
375
405
435
464
493
524
555
587
603
636
638
639
678
719
721
761
764
807
810
850
853
890
895
927

6 40
240
271
302
332
362
392
422
452
482
514
546
579
614
653
694
736
781
823
862
898
931
962
992
1019
1046
1070
1092
1114
1133
1151
1168
1183
1196
1208
1218
1227
1234
1239
1243
1245

7 7
370
340
371
400
430
460
479

8 18
508
479
510
511
542
573
576
608
610
644
646
684
686
726
733
770
772
773

9 7
611
647
687
728
769
771
773

10 21
959
927
989
1016
1043
1067
1089
1111
1130
1148
1165
1180
1193
1205
1215
1224
1231
1237
1241
1244
1245

11 7
732
691
777
819
858
894
927

12 4
649
611
650
691

