376 13
0 6
0 1246 
1246 3 
3 1247 
1247 4 
4 1248 
1248 9 

1 12
1 1249 
1249 0 
5 1250 
1250 1 
10 1251 
1251 5 
15 1252 
1252 10 
20 1253 
1253 15 
25 1254 
1254 20 

2 12
9 1255 
1255 14 
14 1256 
1256 19 
19 1257 
1257 24 
24 1258 
1258 29 
29 1259 
1259 34 
34 1260 
1260 39 

3 34
30 1261 
1261 25 
35 1262 
1262 30 
40 1263 
1263 35 
47 1264 
1264 40 
55 1265 
1265 47 
68 1266 
1266 55 
83 1267 
1267 68 
100 1268 
1268 83 
120 1269 
1269 100 
142 1270 
1270 120 
167 1271 
1271 142 
190 1272 
1272 167 
219 1273 
1273 190 
250 1274 
1274 219 
280 1275 
1275 250 
310 1276 
1276 280 
340 1277 
1277 310 

4 40
39 1278 
1278 44 
44 1279 
1279 49 
49 1280 
1280 58 
58 1281 
1281 65 
65 1282 
1282 66 
66 1283 
1283 67 
67 1284 
1284 79 
79 1285 
1285 80 
80 1286 
1286 95 
95 1287 
1287 112 
112 1288 
1288 113 
113 1289 
1289 114 
114 1290 
1290 133 
133 1291 
1291 156 
156 1292 
1292 157 
157 1293 
1293 181 
181 1294 
1294 182 
182 1295 
1295 208 
208 1296 
1296 209 
209 1297 
1297 240 

5 78
39 1298 
1298 45 
45 1299 
1299 52 
52 1300 
1300 61 
61 1301 
1301 74 
74 1302 
1302 87 
87 1303 
1303 104 
104 1304 
1304 124 
124 1305 
1305 146 
146 1306 
1306 171 
171 1307 
1307 198 
198 1308 
1308 227 
227 1309 
1309 258 
258 1310 
1310 288 
288 1311 
1311 314 
314 1312 
1312 344 
344 1313 
1313 375 
375 1314 
1314 405 
405 1315 
1315 435 
435 1316 
1316 464 
464 1317 
1317 493 
493 1318 
1318 524 
524 1319 
1319 555 
555 1320 
1320 587 
587 1321 
1321 603 
603 1322 
1322 636 
636 1323 
1323 638 
638 1324 
1324 639 
639 1325 
1325 678 
678 1326 
1326 719 
719 1327 
1327 721 
721 1328 
1328 761 
761 1329 
1329 764 
764 1330 
1330 807 
807 1331 
1331 810 
810 1332 
1332 850 
850 1333 
1333 853 
853 1334 
1334 890 
890 1335 
1335 895 
895 1336 
1336 927 

6 78
240 1337 
1337 271 
271 1338 
1338 302 
302 1339 
1339 332 
332 1340 
1340 362 
362 1341 
1341 392 
392 1342 
1342 422 
422 1343 
1343 452 
452 1344 
1344 482 
482 1345 
1345 514 
514 1346 
1346 546 
546 1347 
1347 579 
579 1348 
1348 614 
614 1349 
1349 653 
653 1350 
1350 694 
694 1351 
1351 736 
736 1352 
1352 781 
781 1353 
1353 823 
823 1354 
1354 862 
862 1355 
1355 898 
898 1356 
1356 931 
931 1357 
1357 962 
962 1358 
1358 992 
992 1359 
1359 1019 
1019 1360 
1360 1046 
1046 1361 
1361 1070 
1070 1362 
1362 1092 
1092 1363 
1363 1114 
1114 1364 
1364 1133 
1133 1365 
1365 1151 
1151 1366 
1366 1168 
1168 1367 
1367 1183 
1183 1368 
1368 1196 
1196 1369 
1369 1208 
1208 1370 
1370 1218 
1218 1371 
1371 1227 
1227 1372 
1372 1234 
1234 1373 
1373 1239 
1239 1374 
1374 1243 
1243 1375 
1375 1245 

7 12
370 1376 
1376 340 
371 1377 
1377 370 
400 1378 
1378 371 
430 1379 
1379 400 
460 1380 
1380 430 
479 1381 
1381 460 

8 34
508 1382 
1382 479 
510 1383 
1383 508 
511 1384 
1384 510 
542 1385 
1385 511 
573 1386 
1386 542 
576 1387 
1387 573 
608 1388 
1388 576 
610 1389 
1389 608 
644 1390 
1390 610 
646 1391 
1391 644 
684 1392 
1392 646 
686 1393 
1393 684 
726 1394 
1394 686 
733 1395 
1395 726 
770 1396 
1396 733 
772 1397 
1397 770 
773 1398 
1398 772 

9 12
611 1399 
1399 647 
647 1400 
1400 687 
687 1401 
1401 728 
728 1402 
1402 769 
769 1403 
1403 771 
771 1404 
1404 773 

10 40
959 1405 
1405 927 
989 1406 
1406 959 
1016 1407 
1407 989 
1043 1408 
1408 1016 
1067 1409 
1409 1043 
1089 1410 
1410 1067 
1111 1411 
1411 1089 
1130 1412 
1412 1111 
1148 1413 
1413 1130 
1165 1414 
1414 1148 
1180 1415 
1415 1165 
1193 1416 
1416 1180 
1205 1417 
1417 1193 
1215 1418 
1418 1205 
1224 1419 
1419 1215 
1231 1420 
1420 1224 
1237 1421 
1421 1231 
1241 1422 
1422 1237 
1244 1423 
1423 1241 
1245 1424 
1424 1244 

11 12
732 1425 
1425 691 
777 1426 
1426 732 
819 1427 
1427 777 
858 1428 
1428 819 
894 1429 
1429 858 
927 1430 
1430 894 

12 6
649 1431 
1431 611 
650 1432 
1432 649 
691 1433 
1433 650 

