389 13
0 7
0
3
4
9
1246
1247
1248

1 13
1
0
5
10
15
20
25
1249
1250
1251
1252
1253
1254

2 13
9
14
19
24
29
34
39
1255
1256
1257
1258
1259
1260

3 35
30
25
35
40
47
55
68
83
100
120
142
167
190
219
250
280
310
340
1261
1262
1263
1264
1265
1266
1267
1268
1269
1270
1271
1272
1273
1274
1275
1276
1277

4 41
39
44
49
58
65
66
67
79
80
95
112
113
114
133
156
157
181
182
208
209
240
1278
1279
1280
1281
1282
1283
1284
1285
1286
1287
1288
1289
1290
1291
1292
1293
1294
1295
1296
1297

5 79
39
45
52
61
74
87
104
124
146
171
198
227
258
288
314
344
375
405
435
464
493
524
555
587
603
636
638
639
678
719
721
761
764
807
810
850
853
890
895
927
1298
1299
1300
1301
1302
1303
1304
1305
1306
1307
1308
1309
1310
1311
1312
1313
1314
1315
1316
1317
1318
1319
1320
1321
1322
1323
1324
1325
1326
1327
1328
1329
1330
1331
1332
1333
1334
1335
1336

6 79
240
271
302
332
362
392
422
452
482
514
546
579
614
653
694
736
781
823
862
898
931
962
992
1019
1046
1070
1092
1114
1133
1151
1168
1183
1196
1208
1218
1227
1234
1239
1243
1245
1337
1338
1339
1340
1341
1342
1343
1344
1345
1346
1347
1348
1349
1350
1351
1352
1353
1354
1355
1356
1357
1358
1359
1360
1361
1362
1363
1364
1365
1366
1367
1368
1369
1370
1371
1372
1373
1374
1375

7 13
370
340
371
400
430
460
479
1376
1377
1378
1379
1380
1381

8 35
508
479
510
511
542
573
576
608
610
644
646
684
686
726
733
770
772
773
1382
1383
1384
1385
1386
1387
1388
1389
1390
1391
1392
1393
1394
1395
1396
1397
1398

9 13
611
647
687
728
769
771
773
1399
1400
1401
1402
1403
1404

10 41
959
927
989
1016
1043
1067
1089
1111
1130
1148
1165
1180
1193
1205
1215
1224
1231
1237
1241
1244
1245
1405
1406
1407
1408
1409
1410
1411
1412
1413
1414
1415
1416
1417
1418
1419
1420
1421
1422
1423
1424

11 13
732
691
777
819
858
894
927
1425
1426
1427
1428
1429
1430

12 7
649
611
650
691
1431
1432
1433

