2341 
0 1 2 
 3 0 2 
 1 5 6 
 1 6 2 
 4 3 7 
 7 3 2 
 7 2 6 
 4 7 8 
 9 4 8 
 5 10 11 
 6 5 11 
 6 11 12 
 7 6 12 
 13 8 7 
 12 13 7 
 14 9 8 
 13 14 8 
 10 15 16 
 11 10 16 
 11 16 17 
 17 12 11 
 18 13 12 
 17 18 12 
 19 14 13 
 18 19 13 
 15 20 21 
 16 15 21 
 16 21 22 
 22 17 16 
 23 18 17 
 22 23 17 
 24 19 18 
 23 24 18 
 20 25 26 
 21 20 26 
 21 26 27 
 27 22 21 
 28 23 22 
 27 28 22 
 29 24 23 
 28 29 23 
 25 30 31 
 26 25 31 
 26 31 32 
 32 27 26 
 33 28 27 
 32 33 27 
 34 29 28 
 33 34 28 
 30 35 36 
 31 30 36 
 31 36 37 
 37 32 31 
 38 33 32 
 37 38 32 
 39 34 33 
 38 39 33 
 35 40 41 
 36 35 41 
 36 41 42 
 42 37 36 
 43 38 37 
 42 43 37 
 45 39 38 
 43 45 38 
 44 39 46 
 39 45 46 
 40 47 48 
 41 40 48 
 41 48 50 
 50 42 41 
 51 43 42 
 50 51 42 
 52 45 43 
 51 52 43 
 49 44 53 
 53 44 46 
 45 52 54 
 45 54 46 
 53 46 54 
 47 55 56 
 48 47 56 
 48 56 57 
 57 50 48 
 58 49 59 
 59 49 53 
 60 51 50 
 57 60 50 
 61 52 51 
 60 61 51 
 52 61 62 
 54 52 62 
 59 53 63 
 63 53 54 
 54 62 64 
 54 64 63 
 55 68 69 
 56 55 69 
 56 69 70 
 70 57 56 
 71 60 57 
 70 71 57 
 65 58 72 
 72 58 59 
 72 59 73 
 73 59 63 
 74 61 60 
 71 74 60 
 61 74 75 
 62 61 75 
 62 75 76 
 64 62 76 
 73 63 77 
 64 76 77 
 77 63 64 
 66 65 78 
 78 65 72 
 67 66 81 
 81 66 78 
 79 67 82 
 82 67 81 
 68 83 84 
 69 68 84 
 69 84 85 
 85 70 69 
 86 71 70 
 85 86 70 
 87 74 71 
 86 87 71 
 78 72 88 
 88 72 73 
 88 73 89 
 89 73 77 
 74 87 90 
 75 74 90 
 75 90 91 
 76 75 91 
 76 91 92 
 76 92 77 
 89 77 93 
 93 77 92 
 81 78 94 
 94 78 88 
 80 79 96 
 96 79 82 
 95 80 97 
 97 80 96 
 82 81 98 
 98 81 94 
 96 82 99 
 99 82 98 
 83 100 101 
 84 83 101 
 84 101 102 
 102 85 84 
 103 86 85 
 102 103 85 
 104 87 86 
 103 104 86 
 87 104 105 
 90 87 105 
 94 88 106 
 106 88 89 
 106 89 107 
 107 89 93 
 90 105 108 
 91 90 108 
 91 108 109 
 92 91 109 
 92 109 110 
 92 110 93 
 107 93 110 
 98 94 111 
 111 94 106 
 112 95 115 
 115 95 97 
 97 96 116 
 116 96 99 
 115 97 117 
 117 97 116 
 99 98 118 
 118 98 111 
 116 99 119 
 119 99 118 
 100 120 121 
 101 100 121 
 101 121 122 
 122 102 101 
 123 103 102 
 122 123 102 
 124 104 103 
 123 124 103 
 104 124 125 
 105 104 125 
 105 125 126 
 108 105 126 
 111 106 127 
 127 106 107 
 127 107 128 
 128 107 110 
 108 126 129 
 109 108 129 
 109 129 130 
 110 109 130 
 110 130 131 
 110 131 128 
 118 111 132 
 132 111 127 
 113 112 134 
 134 112 115 
 114 113 135 
 135 113 134 
 133 114 136 
 136 114 135 
 134 115 137 
 137 115 117 
 117 116 138 
 138 116 119 
 137 117 139 
 139 117 138 
 119 118 140 
 140 118 132 
 138 119 141 
 141 119 140 
 120 142 143 
 121 120 143 
 121 143 144 
 144 122 121 
 145 123 122 
 144 145 122 
 146 124 123 
 145 146 123 
 124 146 147 
 125 124 147 
 125 147 148 
 126 125 148 
 126 148 149 
 129 126 149 
 132 127 150 
 150 127 128 
 150 128 151 
 151 128 131 
 129 149 152 
 130 129 152 
 130 152 153 
 131 130 153 
 131 153 151 
 153 154 151 
 140 132 155 
 155 132 150 
 156 133 158 
 158 133 136 
 135 134 159 
 159 134 137 
 136 135 160 
 160 135 159 
 158 136 161 
 161 136 160 
 159 137 162 
 162 137 139 
 139 138 163 
 163 138 141 
 162 139 164 
 164 139 163 
 141 140 165 
 165 140 155 
 163 141 166 
 166 141 165 
 142 167 168 
 143 142 168 
 143 168 169 
 169 144 143 
 170 145 144 
 169 170 144 
 171 146 145 
 170 171 145 
 146 171 172 
 147 146 172 
 147 172 173 
 148 147 173 
 148 173 174 
 149 148 174 
 149 174 175 
 152 149 175 
 155 150 176 
 176 150 151 
 176 151 154 
 152 175 177 
 153 152 177 
 153 177 178 
 153 178 154 
 154 178 179 
 154 179 176 
 165 155 180 
 180 155 176 
 157 156 183 
 183 156 158 
 181 157 184 
 184 157 183 
 183 158 185 
 185 158 161 
 160 159 186 
 186 159 162 
 161 160 187 
 187 160 186 
 185 161 188 
 188 161 187 
 186 162 189 
 189 162 164 
 164 163 191 
 191 163 166 
 189 164 192 
 192 164 191 
 166 165 193 
 193 165 180 
 191 166 194 
 194 166 193 
 167 190 195 
 168 167 195 
 168 195 196 
 196 169 168 
 197 170 169 
 196 197 169 
 198 171 170 
 197 198 170 
 171 198 199 
 172 171 199 
 172 199 200 
 173 172 200 
 173 200 201 
 174 173 201 
 174 201 202 
 175 174 202 
 175 202 203 
 177 175 203 
 180 176 204 
 204 176 179 
 177 203 205 
 178 177 205 
 178 205 206 
 179 178 206 
 204 179 206 
 193 180 207 
 207 180 204 
 182 181 210 
 210 181 184 
 208 182 211 
 211 182 210 
 184 183 212 
 212 183 185 
 210 184 213 
 213 184 212 
 212 185 214 
 214 185 188 
 187 186 215 
 215 186 189 
 188 187 216 
 216 187 215 
 214 188 217 
 217 188 216 
 215 189 218 
 218 189 192 
 190 219 220 
 195 190 220 
 192 191 221 
 221 191 194 
 218 192 222 
 222 192 221 
 194 193 223 
 223 193 207 
 221 194 224 
 224 194 223 
 195 220 225 
 225 196 195 
 226 197 196 
 225 226 196 
 227 198 197 
 226 227 197 
 198 227 228 
 199 198 228 
 199 228 229 
 200 199 229 
 200 229 230 
 201 200 230 
 201 230 231 
 202 201 231 
 202 231 232 
 203 202 232 
 203 232 233 
 205 203 233 
 207 204 234 
 234 204 206 
 205 233 235 
 206 205 235 
 206 235 236 
 206 236 234 
 223 207 237 
 237 207 234 
 209 208 238 
 238 208 211 
 239 209 238 
 240 209 239 
 211 210 241 
 241 210 213 
 238 211 242 
 242 211 241 
 213 212 243 
 243 212 214 
 241 213 244 
 213 243 244 
 243 214 245 
 245 214 217 
 216 215 246 
 246 215 218 
 217 216 247 
 247 216 246 
 245 217 248 
 248 217 247 
 246 218 249 
 249 218 222 
 219 250 251 
 220 219 251 
 220 251 252 
 252 225 220 
 222 221 253 
 253 221 224 
 249 222 254 
 254 222 253 
 224 223 255 
 255 223 237 
 253 224 256 
 256 224 255 
 257 226 225 
 252 257 225 
 258 227 226 
 257 258 226 
 227 258 259 
 228 227 259 
 228 259 260 
 229 228 260 
 229 260 261 
 230 229 261 
 230 261 262 
 231 230 262 
 231 262 263 
 232 231 263 
 232 263 264 
 233 232 264 
 233 264 265 
 235 233 265 
 237 234 266 
 266 234 236 
 235 265 267 
 236 235 267 
 236 267 266 
 255 237 268 
 268 237 266 
 238 242 269 
 270 239 238 
 269 270 238 
 271 240 239 
 270 271 239 
 242 241 272 
 272 241 244 
 242 272 269 
 243 245 273 
 243 273 244 
 272 244 274 
 274 244 273 
 273 245 275 
 275 245 248 
 275 248 276 
 247 246 277 
 277 246 249 
 248 247 278 
 248 278 276 
 278 247 277 
 277 249 279 
 279 249 254 
 250 280 281 
 251 250 281 
 251 281 282 
 282 252 251 
 283 257 252 
 282 283 252 
 254 253 284 
 284 253 256 
 279 254 285 
 285 254 284 
 284 256 286 
 256 255 287 
 286 256 287 
 287 255 268 
 288 258 257 
 283 288 257 
 258 288 289 
 259 258 289 
 259 289 290 
 260 259 290 
 260 290 291 
 261 260 291 
 261 291 292 
 262 261 292 
 262 292 293 
 263 262 293 
 263 293 294 
 264 263 294 
 264 294 295 
 265 264 295 
 265 295 296 
 267 265 296 
 268 266 297 
 297 266 267 
 267 296 298 
 267 298 297 
 287 268 299 
 299 268 297 
 300 269 272 
 301 270 269 
 301 269 300 
 302 271 270 
 301 302 270 
 303 300 272 
 303 272 274 
 304 303 274 
 304 274 273 
 273 275 304 
 305 304 275 
 305 275 276 
 306 305 276 
 306 276 278 
 278 277 307 
 307 277 279 
 306 278 308 
 278 307 308 
 307 279 309 
 309 279 285 
 280 310 311 
 281 280 311 
 281 311 312 
 312 282 281 
 313 283 282 
 312 313 282 
 314 288 283 
 313 314 283 
 285 284 315 
 315 284 286 
 309 285 316 
 316 285 315 
 315 286 317 
 286 287 318 
 286 318 317 
 318 287 299 
 288 314 319 
 289 288 319 
 289 319 320 
 290 289 320 
 290 320 321 
 291 290 321 
 291 321 322 
 292 291 322 
 292 322 323 
 293 292 323 
 293 323 324 
 294 293 324 
 294 324 325 
 295 294 325 
 295 325 326 
 296 295 326 
 296 326 327 
 298 296 327 
 298 327 328 
 298 328 297 
 299 297 328 
 318 299 329 
 328 329 299 
 330 300 303 
 331 301 300 
 330 331 300 
 332 302 301 
 331 332 301 
 333 330 303 
 333 303 304 
 334 333 304 
 334 304 305 
 335 334 305 
 335 305 306 
 336 335 306 
 336 306 308 
 337 336 308 
 337 308 307 
 307 309 337 
 338 337 309 
 338 309 339 
 309 316 339 
 310 340 341 
 311 310 341 
 311 341 342 
 342 312 311 
 343 313 312 
 342 343 312 
 344 314 313 
 343 344 313 
 314 344 345 
 319 314 345 
 316 315 346 
 346 315 317 
 316 346 339 
 346 317 347 
 347 317 318 
 318 329 348 
 318 348 347 
 348 329 349 
 319 345 350 
 320 319 350 
 320 350 351 
 321 320 351 
 321 351 352 
 322 321 352 
 322 352 353 
 323 322 353 
 323 353 354 
 324 323 354 
 324 354 355 
 325 324 355 
 325 355 356 
 326 325 356 
 326 356 357 
 327 326 357 
 327 357 358 
 328 327 358 
 328 358 359 
 328 359 329 
 329 359 349 
 360 330 333 
 361 331 330 
 360 361 330 
 362 332 331 
 361 362 331 
 363 360 333 
 363 333 334 
 364 363 334 
 364 334 335 
 365 364 335 
 365 335 336 
 366 365 336 
 366 336 337 
 367 366 337 
 367 337 338 
 367 338 368 
 368 338 339 
 369 368 339 
 369 339 346 
 340 370 372 
 341 340 372 
 341 372 373 
 373 342 341 
 374 343 342 
 373 374 342 
 375 344 343 
 374 375 343 
 344 375 376 
 345 344 376 
 345 376 377 
 350 345 377 
 378 369 346 
 378 346 347 
 379 378 347 
 379 347 348 
 379 348 349 
 359 380 349 
 380 379 349 
 350 377 381 
 351 350 381 
 351 381 382 
 352 351 382 
 352 382 383 
 353 352 383 
 353 383 384 
 354 353 384 
 354 384 385 
 355 354 385 
 355 385 386 
 356 355 386 
 356 386 387 
 357 356 387 
 357 387 388 
 358 357 388 
 358 388 389 
 358 389 359 
 359 389 380 
 390 360 363 
 391 361 360 
 390 391 360 
 392 362 361 
 391 392 361 
 393 390 363 
 393 363 364 
 394 393 364 
 394 364 365 
 395 394 365 
 395 365 366 
 396 395 366 
 396 366 367 
 397 396 367 
 397 367 368 
 398 397 368 
 398 368 369 
 399 398 369 
 399 369 378 
 370 371 401 
 372 370 401 
 371 400 402 
 401 371 402 
 372 401 403 
 403 373 372 
 404 374 373 
 403 404 373 
 405 375 374 
 404 405 374 
 375 405 406 
 376 375 406 
 376 406 407 
 377 376 407 
 377 407 408 
 381 377 408 
 409 399 378 
 409 378 379 
 410 409 379 
 410 379 380 
 380 389 411 
 380 411 410 
 381 408 412 
 382 381 412 
 382 412 413 
 383 382 413 
 383 413 414 
 384 383 414 
 384 414 415 
 385 384 415 
 385 415 416 
 386 385 416 
 386 416 417 
 387 386 417 
 387 417 418 
 388 387 418 
 388 418 419 
 389 388 419 
 389 419 411 
 420 390 393 
 421 391 390 
 420 421 390 
 422 392 391 
 421 422 391 
 423 420 393 
 423 393 394 
 424 423 394 
 424 394 395 
 425 424 395 
 425 395 396 
 426 425 396 
 426 396 397 
 427 426 397 
 427 397 398 
 428 427 398 
 428 398 399 
 429 428 399 
 429 399 409 
 400 430 431 
 402 400 431 
 401 402 432 
 432 403 401 
 402 431 433 
 402 433 432 
 434 404 403 
 432 434 403 
 435 405 404 
 434 435 404 
 405 435 436 
 406 405 436 
 406 436 437 
 407 406 437 
 407 437 438 
 408 407 438 
 408 438 439 
 412 408 439 
 440 429 409 
 440 409 410 
 441 440 410 
 441 410 411 
 411 419 442 
 411 442 441 
 412 439 443 
 413 412 443 
 413 443 444 
 414 413 444 
 414 444 445 
 415 414 445 
 415 445 446 
 416 415 446 
 416 446 447 
 417 416 447 
 417 447 448 
 418 417 448 
 418 448 449 
 419 418 449 
 419 449 442 
 450 420 423 
 451 421 420 
 450 451 420 
 452 422 421 
 451 452 421 
 453 450 423 
 453 423 424 
 454 453 424 
 454 424 425 
 455 454 425 
 455 425 426 
 456 455 426 
 456 426 427 
 457 456 427 
 457 427 428 
 458 457 428 
 458 428 429 
 459 458 429 
 459 429 440 
 430 460 461 
 431 430 461 
 431 461 462 
 431 462 433 
 463 434 432 
 462 463 433 
 463 432 433 
 464 435 434 
 463 464 434 
 435 464 465 
 436 435 465 
 436 465 466 
 437 436 466 
 437 466 467 
 438 437 467 
 438 467 468 
 439 438 468 
 439 468 469 
 443 439 469 
 470 459 440 
 470 440 441 
 471 470 441 
 471 441 442 
 442 449 472 
 442 472 471 
 443 469 473 
 444 443 473 
 444 473 474 
 445 444 474 
 445 474 475 
 446 445 475 
 446 475 476 
 447 446 476 
 447 476 477 
 448 447 477 
 448 477 478 
 449 448 478 
 449 478 472 
 480 450 453 
 481 451 450 
 480 481 450 
 482 452 451 
 481 482 451 
 483 480 453 
 483 453 454 
 484 483 454 
 484 454 455 
 485 484 455 
 485 455 456 
 486 485 456 
 486 456 457 
 487 486 457 
 487 457 458 
 488 487 458 
 488 458 459 
 489 488 459 
 489 459 470 
 460 479 490 
 461 460 490 
 461 490 491 
 491 462 461 
 492 463 462 
 491 492 462 
 493 464 463 
 492 493 463 
 464 493 494 
 465 464 494 
 465 494 495 
 466 465 495 
 466 495 496 
 467 466 496 
 467 496 497 
 468 467 497 
 468 497 498 
 469 468 498 
 469 498 499 
 473 469 499 
 500 489 470 
 500 470 471 
 501 500 471 
 501 471 472 
 472 478 502 
 472 502 501 
 473 499 503 
 474 473 503 
 474 503 504 
 475 474 504 
 475 504 505 
 476 475 505 
 476 505 506 
 477 476 506 
 477 506 507 
 478 477 507 
 478 507 502 
 479 508 509 
 490 479 509 
 512 480 483 
 513 481 480 
 512 513 480 
 514 482 481 
 513 514 481 
 515 512 483 
 515 483 484 
 516 515 484 
 516 484 485 
 517 516 485 
 517 485 486 
 518 517 486 
 518 486 487 
 519 518 487 
 519 487 488 
 520 519 488 
 520 488 489 
 521 520 489 
 521 489 500 
 490 509 522 
 522 491 490 
 523 492 491 
 522 523 491 
 524 493 492 
 523 524 492 
 493 524 525 
 494 493 525 
 494 525 526 
 495 494 526 
 495 526 527 
 496 495 527 
 496 527 528 
 497 496 528 
 497 528 529 
 498 497 529 
 498 529 530 
 499 498 530 
 499 530 531 
 503 499 531 
 532 521 500 
 532 500 501 
 533 532 501 
 533 501 502 
 502 507 534 
 502 534 533 
 503 531 535 
 504 503 535 
 504 535 536 
 505 504 536 
 505 536 537 
 506 505 537 
 506 537 538 
 507 506 538 
 507 538 534 
 508 510 539 
 509 508 539 
 509 539 540 
 540 522 509 
 510 511 541 
 539 510 541 
 511 542 543 
 541 511 543 
 544 512 515 
 545 513 512 
 544 545 512 
 546 514 513 
 545 546 513 
 547 544 515 
 547 515 516 
 548 547 516 
 548 516 517 
 549 548 517 
 549 517 518 
 550 549 518 
 550 518 519 
 551 550 519 
 551 519 520 
 552 551 520 
 552 520 521 
 553 552 521 
 553 521 532 
 554 523 522 
 540 554 522 
 555 524 523 
 554 555 523 
 524 555 556 
 525 524 556 
 525 556 557 
 526 525 557 
 526 557 558 
 527 526 558 
 527 558 559 
 528 527 559 
 528 559 560 
 529 528 560 
 529 560 561 
 530 529 561 
 530 561 562 
 531 530 562 
 531 562 563 
 535 531 563 
 564 553 532 
 564 532 533 
 565 564 533 
 565 533 534 
 534 538 566 
 534 566 565 
 535 563 567 
 536 535 567 
 536 567 568 
 537 536 568 
 537 568 569 
 538 537 569 
 538 569 566 
 539 541 570 
 570 540 539 
 571 554 540 
 570 571 540 
 541 543 572 
 572 570 541 
 542 573 574 
 543 542 574 
 543 574 575 
 575 572 543 
 577 544 547 
 578 545 544 
 577 578 544 
 579 546 545 
 578 579 545 
 580 577 547 
 580 547 548 
 581 580 548 
 581 548 549 
 582 581 549 
 582 549 550 
 583 582 550 
 583 550 551 
 584 583 551 
 584 551 552 
 585 584 552 
 585 552 553 
 586 585 553 
 586 553 564 
 587 555 554 
 571 587 554 
 555 587 588 
 556 555 588 
 556 588 589 
 557 556 589 
 557 589 590 
 558 557 590 
 558 590 591 
 559 558 591 
 559 591 592 
 560 559 592 
 560 592 593 
 561 560 593 
 561 593 594 
 562 561 594 
 562 594 595 
 563 562 595 
 563 595 596 
 567 563 596 
 597 586 564 
 597 564 565 
 598 597 565 
 598 565 566 
 566 569 599 
 566 599 598 
 567 596 600 
 568 567 600 
 568 600 601 
 569 568 601 
 569 601 599 
 602 571 570 
 572 602 570 
 603 587 571 
 602 603 571 
 604 602 572 
 575 604 572 
 573 576 605 
 574 573 605 
 574 605 606 
 606 575 574 
 607 604 575 
 606 607 575 
 576 608 609 
 605 576 609 
 612 577 580 
 613 578 577 
 612 613 577 
 614 579 578 
 613 614 578 
 615 612 580 
 615 580 581 
 616 615 581 
 616 581 582 
 617 616 582 
 617 582 583 
 618 617 583 
 618 583 584 
 619 618 584 
 619 584 585 
 620 619 585 
 620 585 586 
 621 620 586 
 621 586 597 
 587 603 622 
 588 587 622 
 588 622 623 
 589 588 623 
 589 623 624 
 590 589 624 
 590 624 625 
 591 590 625 
 591 625 626 
 592 591 626 
 592 626 627 
 593 592 627 
 593 627 628 
 594 593 628 
 594 628 629 
 595 594 629 
 595 629 630 
 596 595 630 
 596 630 631 
 600 596 631 
 632 621 597 
 632 597 598 
 633 632 598 
 633 598 599 
 599 601 634 
 599 634 633 
 600 631 635 
 601 600 635 
 601 635 634 
 636 603 602 
 604 636 602 
 603 636 637 
 622 603 637 
 638 636 604 
 607 638 604 
 639 638 607 
 605 609 640 
 640 606 605 
 641 639 607 
 641 607 606 
 640 641 606 
 608 610 642 
 609 608 642 
 609 642 643 
 643 640 609 
 610 644 645 
 642 610 645 
 647 611 648 
 611 649 648 
 651 612 615 
 652 613 612 
 651 652 612 
 653 614 613 
 652 653 613 
 654 651 615 
 654 615 616 
 655 654 616 
 655 616 617 
 656 655 617 
 656 617 618 
 657 656 618 
 657 618 619 
 658 657 619 
 658 619 620 
 659 658 620 
 659 620 621 
 660 659 621 
 660 621 632 
 622 637 661 
 623 622 661 
 623 661 662 
 624 623 662 
 624 662 663 
 625 624 663 
 625 663 664 
 626 625 664 
 626 664 665 
 627 626 665 
 627 665 666 
 628 627 666 
 628 666 667 
 629 628 667 
 629 667 668 
 630 629 668 
 630 668 669 
 631 630 669 
 631 669 670 
 635 631 670 
 671 660 632 
 671 632 633 
 672 671 633 
 672 633 634 
 635 670 673 
 634 635 673 
 634 673 672 
 636 638 674 
 637 636 674 
 637 674 675 
 661 637 675 
 638 639 676 
 674 638 676 
 676 639 677 
 678 639 641 
 639 678 677 
 679 678 641 
 679 641 640 
 643 679 640 
 642 645 680 
 680 643 642 
 681 679 643 
 680 681 643 
 644 646 682 
 645 644 682 
 645 682 683 
 683 680 645 
 646 684 685 
 682 646 685 
 687 647 688 
 688 647 648 
 649 650 689 
 649 689 648 
 688 648 689 
 689 650 690 
 650 691 690 
 692 651 654 
 693 652 651 
 692 693 651 
 694 653 652 
 693 694 652 
 695 692 654 
 695 654 655 
 696 695 655 
 696 655 656 
 697 696 656 
 697 656 657 
 698 697 657 
 698 657 658 
 699 698 658 
 699 658 659 
 700 699 659 
 700 659 660 
 701 700 660 
 701 660 671 
 661 675 702 
 662 661 702 
 662 702 703 
 663 662 703 
 663 703 704 
 664 663 704 
 664 704 705 
 665 664 705 
 665 705 706 
 666 665 706 
 666 706 707 
 667 666 707 
 667 707 708 
 668 667 708 
 668 708 709 
 669 668 709 
 669 709 710 
 670 669 710 
 670 710 711 
 673 670 711 
 712 701 671 
 712 671 672 
 713 712 672 
 713 672 673 
 673 711 713 
 674 676 714 
 675 674 714 
 675 714 715 
 702 675 715 
 676 677 716 
 714 676 716 
 716 677 717 
 677 678 718 
 677 718 717 
 719 678 679 
 681 719 679 
 678 719 718 
 720 681 680 
 683 720 680 
 721 719 681 
 720 721 681 
 682 685 722 
 722 683 682 
 723 720 683 
 722 723 683 
 684 686 724 
 685 684 724 
 685 724 725 
 725 722 685 
 686 726 727 
 724 686 727 
 728 687 729 
 729 687 688 
 688 689 730 
 729 688 730 
 689 690 731 
 731 730 689 
 691 732 690 
 732 731 690 
 734 692 695 
 735 693 692 
 734 735 692 
 736 694 693 
 735 736 693 
 737 734 695 
 737 695 696 
 738 737 696 
 738 696 697 
 739 738 697 
 739 697 698 
 740 701 712 
 741 739 698 
 741 698 699 
 742 741 699 
 742 699 700 
 743 742 700 
 743 700 701 
 740 743 701 
 702 715 744 
 703 702 744 
 703 744 745 
 704 703 745 
 704 745 746 
 705 704 746 
 705 746 747 
 706 705 747 
 706 747 748 
 707 706 748 
 707 748 749 
 708 707 749 
 708 749 750 
 709 708 750 
 709 750 751 
 710 709 751 
 710 751 752 
 711 710 752 
 753 713 711 
 711 752 753 
 754 740 712 
 754 712 713 
 753 754 713 
 714 716 755 
 715 714 755 
 715 755 756 
 744 715 756 
 716 717 757 
 755 716 757 
 757 717 758 
 717 718 759 
 717 759 758 
 719 721 760 
 718 719 760 
 718 760 759 
 761 721 720 
 723 761 720 
 721 761 762 
 760 721 762 
 763 723 722 
 725 763 722 
 764 761 723 
 763 764 723 
 724 727 765 
 765 725 724 
 766 763 725 
 765 766 725 
 726 733 767 
 727 726 767 
 727 767 768 
 768 765 727 
 769 728 774 
 774 728 729 
 774 729 775 
 775 729 730 
 731 776 730 
 730 776 775 
 732 777 731 
 731 777 776 
 733 770 778 
 767 733 778 
 779 734 737 
 780 735 734 
 779 780 734 
 781 736 735 
 780 781 735 
 782 779 737 
 782 737 738 
 783 782 738 
 783 738 739 
 784 783 739 
 784 739 741 
 785 740 754 
 786 743 740 
 785 786 740 
 787 784 741 
 787 741 742 
 788 787 742 
 788 742 743 
 786 788 743 
 744 756 789 
 745 744 789 
 745 789 790 
 746 745 790 
 746 790 791 
 747 746 791 
 747 791 792 
 748 747 792 
 748 792 793 
 749 748 793 
 749 793 794 
 750 749 794 
 750 794 795 
 751 750 795 
 751 795 796 
 752 751 796 
 797 753 752 
 752 796 797 
 798 785 754 
 798 754 753 
 797 798 753 
 755 757 799 
 756 755 799 
 756 799 800 
 789 756 800 
 757 758 801 
 799 757 801 
 801 758 802 
 758 759 803 
 758 803 802 
 760 762 804 
 759 760 804 
 759 804 803 
 761 764 805 
 762 761 805 
 762 805 806 
 804 762 806 
 807 764 763 
 766 807 763 
 764 807 808 
 805 764 808 
 809 766 765 
 768 809 765 
 810 807 766 
 809 810 766 
 767 778 811 
 811 768 767 
 812 809 768 
 811 812 768 
 771 769 813 
 813 769 774 
 770 772 814 
 778 770 814 
 773 771 815 
 815 771 813 
 772 773 816 
 814 772 816 
 816 773 815 
 813 774 817 
 817 774 775 
 776 818 775 
 775 818 817 
 777 819 776 
 776 819 818 
 778 814 820 
 820 811 778 
 821 779 782 
 822 780 779 
 821 822 779 
 823 781 780 
 822 823 780 
 824 821 782 
 824 782 783 
 825 824 783 
 825 783 784 
 826 825 784 
 826 784 787 
 827 785 798 
 828 786 785 
 827 828 785 
 829 788 786 
 828 829 786 
 830 826 787 
 830 787 788 
 829 830 788 
 789 800 831 
 790 789 831 
 790 831 832 
 791 790 832 
 791 832 833 
 792 791 833 
 792 833 834 
 793 792 834 
 793 834 835 
 794 793 835 
 794 835 836 
 795 794 836 
 795 836 837 
 796 795 837 
 838 797 796 
 796 837 838 
 839 827 798 
 839 798 797 
 838 839 797 
 799 801 840 
 800 799 840 
 800 840 841 
 831 800 841 
 801 802 842 
 840 801 842 
 842 802 843 
 802 803 844 
 802 844 843 
 804 806 845 
 803 804 845 
 803 845 844 
 805 808 846 
 806 805 846 
 806 846 847 
 845 806 847 
 807 810 848 
 808 807 848 
 808 848 849 
 846 808 849 
 850 810 809 
 812 850 809 
 810 850 851 
 848 810 851 
 852 812 811 
 820 852 811 
 853 850 812 
 852 853 812 
 815 813 854 
 854 813 817 
 814 816 855 
 855 820 814 
 816 815 856 
 816 856 855 
 856 815 854 
 818 857 817 
 817 857 854 
 819 858 818 
 818 858 857 
 859 852 820 
 855 859 820 
 860 821 824 
 861 822 821 
 860 861 821 
 862 823 822 
 861 862 822 
 863 860 824 
 863 824 825 
 864 863 825 
 864 825 826 
 865 864 826 
 865 826 830 
 866 827 839 
 867 828 827 
 866 867 827 
 868 829 828 
 867 868 828 
 869 865 830 
 869 830 829 
 868 869 829 
 831 841 870 
 832 831 870 
 832 870 871 
 833 832 871 
 833 871 872 
 834 833 872 
 834 872 873 
 835 834 873 
 835 873 874 
 836 835 874 
 836 874 875 
 837 836 875 
 876 838 837 
 837 875 876 
 877 866 839 
 877 839 838 
 876 877 838 
 840 842 878 
 841 840 878 
 841 878 879 
 870 841 879 
 842 843 880 
 878 842 880 
 880 843 881 
 843 844 882 
 843 882 881 
 845 847 883 
 844 845 883 
 844 883 882 
 846 849 884 
 847 846 884 
 847 884 885 
 883 847 885 
 884 849 886 
 848 851 887 
 849 848 887 
 849 887 886 
 850 853 888 
 851 850 888 
 851 888 889 
 887 851 889 
 890 853 852 
 859 890 852 
 853 890 891 
 888 853 891 
 857 892 854 
 854 892 856 
 892 893 856 
 893 859 855 
 893 855 856 
 858 894 857 
 894 892 857 
 895 890 859 
 893 895 859 
 896 860 863 
 897 861 860 
 896 897 860 
 898 862 861 
 897 898 861 
 899 896 863 
 899 863 864 
 900 899 864 
 900 864 865 
 901 900 865 
 901 865 869 
 902 866 877 
 903 867 866 
 902 903 866 
 904 868 867 
 903 904 867 
 905 901 869 
 905 869 868 
 904 905 868 
 870 879 906 
 871 870 906 
 871 906 907 
 872 871 907 
 872 907 908 
 873 872 908 
 873 908 909 
 874 873 909 
 874 909 910 
 875 874 910 
 911 876 875 
 875 910 911 
 912 902 877 
 912 877 876 
 911 912 876 
 878 880 913 
 879 878 913 
 879 913 914 
 906 879 914 
 880 881 915 
 913 880 915 
 915 881 916 
 881 882 917 
 881 917 916 
 883 885 918 
 882 883 918 
 882 918 917 
 884 886 919 
 885 884 919 
 885 919 920 
 918 885 920 
 919 886 921 
 887 889 922 
 886 887 922 
 886 922 921 
 888 891 923 
 889 888 923 
 889 923 924 
 922 889 924 
 923 891 925 
 890 895 926 
 891 890 926 
 891 926 925 
 927 895 893 
 894 927 892 
 892 927 893 
 895 927 928 
 926 895 928 
 929 896 899 
 930 897 896 
 929 930 896 
 931 898 897 
 930 931 897 
 932 929 899 
 932 899 900 
 933 932 900 
 933 900 901 
 934 933 901 
 934 901 905 
 935 902 912 
 936 903 902 
 935 936 902 
 937 904 903 
 936 937 903 
 938 934 905 
 938 905 904 
 937 938 904 
 906 914 939 
 907 906 939 
 907 939 940 
 908 907 940 
 908 940 941 
 909 908 941 
 909 941 942 
 910 909 942 
 943 911 910 
 910 942 943 
 944 935 912 
 944 912 911 
 943 944 911 
 913 915 945 
 914 913 945 
 914 945 946 
 939 914 946 
 915 916 947 
 945 915 947 
 947 916 948 
 916 917 949 
 916 949 948 
 918 920 950 
 917 918 950 
 917 950 949 
 919 921 951 
 920 919 951 
 920 951 952 
 950 920 952 
 951 921 953 
 922 924 954 
 921 922 954 
 921 954 953 
 954 924 955 
 923 925 956 
 924 923 956 
 924 956 955 
 956 925 957 
 926 928 958 
 925 926 958 
 958 957 925 
 927 959 928 
 959 958 928 
 960 929 932 
 961 930 929 
 960 961 929 
 962 931 930 
 961 962 930 
 963 960 932 
 963 932 933 
 964 963 933 
 964 933 934 
 965 964 934 
 965 934 938 
 966 935 944 
 967 936 935 
 966 967 935 
 968 937 936 
 967 968 936 
 969 965 938 
 969 938 937 
 968 969 937 
 939 946 970 
 940 939 970 
 940 970 971 
 941 940 971 
 941 971 972 
 942 941 972 
 973 943 942 
 942 972 973 
 974 966 944 
 974 944 943 
 973 974 943 
 945 947 975 
 946 945 975 
 946 975 976 
 970 946 976 
 947 948 977 
 975 947 977 
 977 948 978 
 948 949 979 
 948 979 978 
 950 952 980 
 949 950 980 
 949 980 979 
 951 953 981 
 952 951 981 
 952 981 982 
 980 952 982 
 981 953 983 
 953 954 984 
 953 984 983 
 954 955 985 
 985 984 954 
 955 956 986 
 986 985 955 
 957 987 956 
 987 986 956 
 958 988 957 
 957 988 987 
 959 989 958 
 958 989 988 
 990 960 963 
 991 961 960 
 990 991 960 
 992 962 961 
 991 992 961 
 993 990 963 
 993 963 964 
 994 993 964 
 994 964 965 
 995 994 965 
 995 965 969 
 996 966 974 
 997 967 966 
 996 997 966 
 998 968 967 
 997 998 967 
 999 995 969 
 999 969 968 
 998 999 968 
 970 976 1000 
 971 970 1000 
 971 1000 1001 
 972 971 1001 
 1002 973 972 
 972 1001 1002 
 1003 996 974 
 1003 974 973 
 1002 1003 973 
 975 977 1004 
 976 975 1004 
 976 1004 1005 
 1000 976 1005 
 977 978 1006 
 1004 977 1006 
 1006 978 1007 
 979 980 1008 
 979 1008 978 
 1008 1007 978 
 980 982 1009 
 1009 1008 980 
 981 983 1010 
 982 981 1010 
 1010 1009 982 
 984 1011 983 
 1011 1010 983 
 985 1012 984 
 984 1012 1011 
 986 1013 985 
 985 1013 1012 
 987 1014 986 
 986 1014 1013 
 988 1015 987 
 987 1015 1014 
 989 1016 988 
 988 1016 1015 
 1017 990 993 
 1018 991 990 
 1017 1018 990 
 1019 992 991 
 1018 1019 991 
 1020 1017 993 
 1020 993 994 
 1021 1020 994 
 1021 994 995 
 1022 1021 995 
 1022 995 999 
 1023 996 1003 
 1024 997 996 
 1023 1024 996 
 1025 998 997 
 1024 1025 997 
 1026 1022 999 
 1026 999 998 
 1025 1026 998 
 1000 1005 1027 
 1001 1000 1027 
 1028 1002 1001 
 1001 1027 1028 
 1029 1023 1003 
 1029 1003 1002 
 1028 1029 1002 
 1027 1005 1030 
 1004 1006 1031 
 1005 1004 1031 
 1005 1031 1032 
 1032 1030 1005 
 1031 1006 1033 
 1007 1034 1006 
 1034 1033 1006 
 1008 1035 1007 
 1007 1035 1034 
 1009 1036 1008 
 1008 1036 1035 
 1010 1037 1009 
 1009 1037 1036 
 1011 1038 1010 
 1010 1038 1037 
 1012 1039 1011 
 1011 1039 1038 
 1013 1040 1012 
 1012 1040 1039 
 1014 1041 1013 
 1013 1041 1040 
 1015 1042 1014 
 1014 1042 1041 
 1016 1043 1015 
 1015 1043 1042 
 1044 1017 1020 
 1045 1018 1017 
 1044 1045 1017 
 1046 1019 1018 
 1045 1046 1018 
 1047 1044 1020 
 1047 1020 1021 
 1048 1047 1021 
 1048 1021 1022 
 1049 1048 1022 
 1049 1022 1026 
 1050 1023 1029 
 1051 1024 1023 
 1050 1051 1023 
 1052 1025 1024 
 1051 1052 1024 
 1053 1049 1026 
 1053 1026 1025 
 1052 1053 1025 
 1054 1028 1027 
 1054 1027 1030 
 1055 1050 1029 
 1055 1029 1028 
 1055 1028 1054 
 1032 1056 1030 
 1030 1056 1054 
 1033 1057 1031 
 1057 1056 1032 
 1057 1032 1031 
 1034 1058 1033 
 1033 1058 1057 
 1035 1059 1034 
 1034 1059 1058 
 1036 1060 1035 
 1035 1060 1059 
 1037 1061 1036 
 1036 1061 1060 
 1038 1062 1037 
 1037 1062 1061 
 1039 1063 1038 
 1038 1063 1062 
 1040 1064 1039 
 1039 1064 1063 
 1041 1065 1040 
 1040 1065 1064 
 1042 1066 1041 
 1041 1066 1065 
 1043 1067 1042 
 1042 1067 1066 
 1068 1044 1047 
 1069 1045 1044 
 1068 1069 1044 
 1070 1046 1045 
 1069 1070 1045 
 1071 1068 1047 
 1071 1047 1048 
 1072 1071 1048 
 1072 1048 1049 
 1073 1072 1049 
 1073 1049 1053 
 1074 1050 1055 
 1075 1051 1050 
 1074 1075 1050 
 1076 1052 1051 
 1075 1076 1051 
 1077 1073 1053 
 1077 1053 1052 
 1076 1077 1052 
 1078 1074 1055 
 1078 1055 1054 
 1078 1054 1056 
 1057 1079 1056 
 1078 1056 1079 
 1058 1080 1057 
 1057 1080 1079 
 1059 1081 1058 
 1058 1081 1080 
 1060 1082 1059 
 1059 1082 1081 
 1061 1083 1060 
 1060 1083 1082 
 1062 1084 1061 
 1061 1084 1083 
 1063 1085 1062 
 1062 1085 1084 
 1064 1086 1063 
 1063 1086 1085 
 1065 1087 1064 
 1064 1087 1086 
 1066 1088 1065 
 1065 1088 1087 
 1067 1089 1066 
 1066 1089 1088 
 1090 1068 1071 
 1091 1069 1068 
 1090 1091 1068 
 1092 1070 1069 
 1091 1092 1069 
 1093 1090 1071 
 1093 1071 1072 
 1094 1093 1072 
 1094 1072 1073 
 1095 1094 1073 
 1095 1073 1077 
 1096 1074 1078 
 1097 1075 1074 
 1096 1097 1074 
 1098 1076 1075 
 1097 1098 1075 
 1099 1095 1077 
 1099 1077 1076 
 1098 1099 1076 
 1096 1078 1100 
 1079 1100 1078 
 1101 1096 1100 
 1080 1102 1079 
 1079 1102 1100 
 1081 1103 1080 
 1080 1103 1102 
 1082 1104 1081 
 1081 1104 1103 
 1083 1105 1082 
 1082 1105 1104 
 1084 1106 1083 
 1083 1106 1105 
 1085 1107 1084 
 1084 1107 1106 
 1086 1108 1085 
 1085 1108 1107 
 1087 1109 1086 
 1086 1109 1108 
 1088 1110 1087 
 1087 1110 1109 
 1089 1111 1088 
 1088 1111 1110 
 1112 1090 1093 
 1113 1091 1090 
 1112 1113 1090 
 1114 1092 1091 
 1113 1114 1091 
 1115 1112 1093 
 1115 1093 1094 
 1116 1115 1094 
 1116 1094 1095 
 1117 1116 1095 
 1117 1095 1099 
 1118 1097 1096 
 1118 1096 1101 
 1119 1098 1097 
 1118 1119 1097 
 1120 1117 1099 
 1120 1099 1098 
 1119 1120 1098 
 1102 1121 1100 
 1121 1118 1101 
 1100 1121 1101 
 1103 1122 1102 
 1102 1122 1121 
 1104 1123 1103 
 1103 1123 1122 
 1105 1124 1104 
 1104 1124 1123 
 1106 1125 1105 
 1105 1125 1124 
 1107 1126 1106 
 1106 1126 1125 
 1108 1127 1107 
 1107 1127 1126 
 1109 1128 1108 
 1108 1128 1127 
 1110 1129 1109 
 1109 1129 1128 
 1111 1130 1110 
 1110 1130 1129 
 1131 1112 1115 
 1132 1113 1112 
 1131 1132 1112 
 1133 1114 1113 
 1132 1133 1113 
 1134 1131 1115 
 1134 1115 1116 
 1135 1134 1116 
 1135 1116 1117 
 1136 1118 1121 
 1137 1135 1117 
 1137 1117 1120 
 1138 1119 1118 
 1136 1138 1118 
 1139 1137 1120 
 1139 1120 1119 
 1138 1139 1119 
 1122 1140 1121 
 1121 1140 1136 
 1123 1141 1122 
 1122 1141 1140 
 1124 1142 1123 
 1123 1142 1141 
 1125 1143 1124 
 1124 1143 1142 
 1126 1144 1125 
 1125 1144 1143 
 1127 1145 1126 
 1126 1145 1144 
 1128 1146 1127 
 1127 1146 1145 
 1129 1147 1128 
 1128 1147 1146 
 1130 1148 1129 
 1129 1148 1147 
 1149 1131 1134 
 1150 1132 1131 
 1149 1150 1131 
 1151 1133 1132 
 1150 1151 1132 
 1152 1149 1134 
 1152 1134 1135 
 1153 1152 1135 
 1153 1135 1137 
 1154 1138 1136 
 1154 1136 1140 
 1155 1153 1137 
 1155 1137 1139 
 1156 1155 1139 
 1156 1139 1138 
 1154 1156 1138 
 1141 1157 1140 
 1140 1157 1154 
 1157 1158 1154 
 1142 1159 1141 
 1141 1159 1157 
 1143 1160 1142 
 1142 1160 1159 
 1144 1161 1143 
 1143 1161 1160 
 1145 1162 1144 
 1144 1162 1161 
 1146 1163 1145 
 1145 1163 1162 
 1147 1164 1146 
 1146 1164 1163 
 1148 1165 1147 
 1147 1165 1164 
 1166 1149 1152 
 1167 1150 1149 
 1166 1167 1149 
 1168 1151 1150 
 1167 1168 1150 
 1169 1166 1152 
 1169 1152 1153 
 1170 1169 1153 
 1170 1153 1155 
 1171 1156 1154 
 1158 1171 1154 
 1172 1170 1155 
 1172 1155 1156 
 1171 1172 1156 
 1173 1171 1158 
 1159 1174 1157 
 1157 1174 1158 
 1173 1158 1174 
 1160 1175 1159 
 1159 1175 1174 
 1161 1176 1160 
 1176 1175 1160 
 1162 1177 1161 
 1161 1177 1176 
 1163 1178 1162 
 1162 1178 1177 
 1164 1179 1163 
 1163 1179 1178 
 1165 1180 1164 
 1164 1180 1179 
 1181 1166 1169 
 1182 1167 1166 
 1181 1182 1166 
 1183 1168 1167 
 1182 1183 1167 
 1184 1181 1169 
 1184 1169 1170 
 1185 1184 1170 
 1185 1170 1172 
 1186 1185 1172 
 1186 1172 1171 
 1186 1171 1173 
 1174 1187 1173 
 1186 1173 1187 
 1175 1188 1174 
 1174 1188 1187 
 1176 1189 1175 
 1175 1189 1188 
 1177 1190 1176 
 1176 1190 1189 
 1178 1191 1177 
 1177 1191 1190 
 1179 1192 1178 
 1178 1192 1191 
 1180 1193 1179 
 1179 1193 1192 
 1194 1181 1184 
 1195 1182 1181 
 1194 1195 1181 
 1196 1183 1182 
 1195 1196 1182 
 1197 1194 1184 
 1197 1184 1185 
 1198 1197 1185 
 1198 1185 1186 
 1199 1198 1186 
 1199 1186 1187 
 1188 1200 1187 
 1187 1200 1199 
 1189 1201 1188 
 1188 1201 1200 
 1190 1202 1189 
 1189 1202 1201 
 1191 1203 1190 
 1190 1203 1202 
 1192 1204 1191 
 1191 1204 1203 
 1193 1205 1192 
 1192 1205 1204 
 1206 1194 1197 
 1207 1195 1194 
 1206 1207 1194 
 1208 1196 1195 
 1207 1208 1195 
 1209 1206 1197 
 1209 1197 1198 
 1210 1209 1198 
 1210 1198 1199 
 1210 1199 1200 
 1201 1211 1200 
 1200 1211 1210 
 1202 1212 1201 
 1212 1211 1201 
 1203 1213 1202 
 1202 1213 1212 
 1204 1214 1203 
 1203 1214 1213 
 1205 1215 1204 
 1204 1215 1214 
 1216 1206 1209 
 1217 1207 1206 
 1216 1217 1206 
 1218 1208 1207 
 1217 1218 1207 
 1219 1216 1209 
 1219 1209 1210 
 1219 1210 1220 
 1211 1220 1210 
 1212 1221 1211 
 1211 1221 1220 
 1213 1222 1212 
 1212 1222 1221 
 1214 1223 1213 
 1213 1223 1222 
 1215 1224 1214 
 1214 1224 1223 
 1225 1216 1219 
 1226 1217 1216 
 1225 1226 1216 
 1227 1218 1217 
 1226 1227 1217 
 1225 1219 1228 
 1221 1228 1220 
 1220 1228 1219 
 1222 1229 1221 
 1221 1229 1228 
 1223 1230 1222 
 1222 1230 1229 
 1224 1231 1223 
 1223 1231 1230 
 1232 1225 1228 
 1233 1226 1225 
 1232 1233 1225 
 1234 1227 1226 
 1233 1234 1226 
 1229 1235 1228 
 1228 1235 1232 
 1230 1236 1229 
 1229 1236 1235 
 1231 1237 1230 
 1230 1237 1236 
 1238 1233 1232 
 1238 1232 1235 
 1239 1234 1233 
 1238 1239 1233 
 1236 1240 1235 
 1235 1240 1238 
 1237 1241 1236 
 1236 1241 1240 
 1240 1242 1238 
 1243 1239 1238 
 1243 1238 1242 
 1241 1244 1240 
 1240 1244 1242 
 1244 1245 1242 
 1245 1243 1242 
 