  0.04741687731
  0.04674827368
  0.09368609626
  0.09875639342
  0.11026122218
  0.10061057882
  0.10140258918
  0.09351387517
  0.08967108936
  0.09188099010
  0.09890037037
  0.10156156236
  0.10436225065
  0.09950511643
  0.09660062750
  0.08979028407
  0.09056845568
  0.06999119286
  0.07092364056
  0.06460458696
  0.05845477630
  0.05315164412
  0.04696283775
  0.04227968940
  0.03511212844
  0.03088564886
  0.02705433930
  0.02352346006
  0.02076053663
  0.01829305399
  0.01641848986
  0.01502947248
  0.01337018952
  0.01158228213
  0.01019164387
  0.00907815490
  0.00871087541
  0.00799268802
  0.00757985374
  0.00746839281
  0.00767245538
  0.00798277579
  0.00794674440
  0.00793744975
  0.00787025531
  0.00778855116
  0.00846925286
  0.00839465261
  0.00815793582
  0.00795562230
  0.00761305909
  0.00801164723
  0.00856096718
  0.00884552799
  0.00866918350
  0.00869597345
  0.00856447574
  0.00833312459
  0.00810051341
  0.00852246180
  0.00871317388
  0.00826480494
  0.00807351718
  0.00765170243
  0.00762691284
  0.00761789863
  0.00714422958
  0.00689010282
  0.00705319470
  0.00682531932
  0.00673518101
  0.00623174552
  0.00615228382
  0.00623637677
  0.00583776198
  0.00577623059
  0.00619187258
  0.00619118715
  0.00668601640
  0.00655367466
  0.00582226980
  0.00609245013
  0.00653653935
  0.00702333843
  0.00698216742
  0.00748072944
  0.00791399988
  0.00707887689
  0.00665139376
  0.00687145720
  0.00682138896
  0.00736081579
  0.00740209012
  0.00754569041
  0.00751926157
  0.00792815891
  0.00763113796
  0.00754616163
  0.00677153816
  0.00713082159
