1130 20
0 15
5979
5989
5998
6006
6012
6016
6019
6020
6021
6022
6023
6024
6025
6026
6027

1 27
5845
5857
5869
5881
5893
5904
5915
5926
5937
5947
5957
5967
5968
5979
6028
6029
6030
6031
6032
6033
6034
6035
6036
6037
6038
6039
6040

2 41
5834
5822
5846
5858
5871
5883
5895
5906
5917
5928
5939
5949
5959
5970
5981
5991
6000
6008
6014
6018
6020
6041
6042
6043
6044
6045
6046
6047
6048
6049
6050
6051
6052
6053
6054
6055
6056
6057
6058
6059
6060

3 121
3719
3808
3898
3985
4071
4155
4237
4318
4393
4470
4544
4614
4681
4741
4803
4811
4872
4874
4875
4933
4987
4990
5041
5043
5093
5132
5133
5178
5189
5233
5235
5277
5279
5320
5358
5361
5399
5428
5429
5464
5465
5475
5508
5540
5543
5573
5583
5611
5637
5662
5685
5706
5725
5743
5761
5778
5793
5808
5821
5833
5845
6061
6062
6063
6064
6065
6066
6067
6068
6069
6070
6071
6072
6073
6074
6075
6076
6077
6078
6079
6080
6081
6082
6083
6084
6085
6086
6087
6088
6089
6090
6091
6092
6093
6094
6095
6096
6097
6098
6099
6100
6101
6102
6103
6104
6105
6106
6107
6108
6109
6110
6111
6112
6113
6114
6115
6116
6117
6118
6119
6120

4 69
4577
4505
4646
4712
4775
4836
4897
4954
5010
5063
5113
5161
5208
5254
5298
5340
5380
5418
5455
5491
5524
5557
5588
5616
5642
5667
5690
5711
5730
5748
5766
5783
5797
5811
5822
6121
6122
6123
6124
6125
6126
6127
6128
6129
6130
6131
6132
6133
6134
6135
6136
6137
6138
6139
6140
6141
6142
6143
6144
6145
6146
6147
6148
6149
6150
6151
6152
6153
6154

5 101
3241
3149
3337
3437
3534
3629
3722
3811
3901
3988
4074
4158
4240
4321
4399
4476
4551
4621
4688
4751
4814
4878
4937
4993
5047
5099
5148
5196
5243
5288
5331
5372
5411
5449
5486
5519
5552
5582
5609
5634
5659
5680
5701
5718
5734
5752
5769
5785
5794
5809
5822
6155
6156
6157
6158
6159
6160
6161
6162
6163
6164
6165
6166
6167
6168
6169
6170
6171
6172
6173
6174
6175
6176
6177
6178
6179
6180
6181
6182
6183
6184
6185
6186
6187
6188
6189
6190
6191
6192
6193
6194
6195
6196
6197
6198
6199
6200
6201
6202
6203
6204

6 127
366
342
392
420
451
485
539
594
652
727
815
921
1040
1154
1262
1363
1461
1560
1661
1759
1851
1939
2023
2110
2189
2268
2346
2423
2496
2570
2650
2743
2834
2929
3022
3114
3201
3290
3386
3406
3503
3505
3599
3601
3691
3693
3782
3784
3874
3876
3962
3964
4050
4051
4123
4202
4203
4266
4267
4347
4349
4427
4428
4505
6205
6206
6207
6208
6209
6210
6211
6212
6213
6214
6215
6216
6217
6218
6219
6220
6221
6222
6223
6224
6225
6226
6227
6228
6229
6230
6231
6232
6233
6234
6235
6236
6237
6238
6239
6240
6241
6242
6243
6244
6245
6246
6247
6248
6249
6250
6251
6252
6253
6254
6255
6256
6257
6258
6259
6260
6261
6262
6263
6264
6265
6266
6267

7 9
3717
3718
3719
3789
3790
6268
6269
6270
6271

8 43
1960
2048
2133
2216
2296
2373
2450
2522
2594
2674
2765
2856
2949
3041
3132
3221
3315
3413
3511
3606
3698
3790
6272
6273
6274
6275
6276
6277
6278
6279
6280
6281
6282
6283
6284
6285
6286
6287
6288
6289
6290
6291
6292

9 17
3149
3219
3220
3309
3239
3310
3311
3312
3313
6293
6294
6295
6296
6297
6298
6299
6300

10 71
1263
1155
1267
1368
1462
1561
1662
1760
1857
1948
2035
2122
2207
2286
2288
2364
2441
2442
2514
2523
2595
2597
2675
2766
2768
2772
2773
2864
2865
2868
2961
2963
3055
3057
3148
3239
6301
6302
6303
6304
6305
6306
6307
6308
6309
6310
6311
6312
6313
6314
6315
6316
6317
6318
6319
6320
6321
6322
6323
6324
6325
6326
6327
6328
6329
6330
6331
6332
6333
6334
6335

11 71
1386
1485
1587
1688
1785
1876
1965
2053
2138
2222
2302
2374
2451
2524
2561
2560
2598
2600
2637
2638
2641
2679
2720
2721
2722
2723
2724
2725
2726
2727
2728
2774
2869
2964
3058
3149
6336
6337
6338
6339
6340
6341
6342
6343
6344
6345
6346
6347
6348
6349
6350
6351
6352
6353
6354
6355
6356
6357
6358
6359
6360
6361
6362
6363
6364
6365
6366
6367
6368
6369
6370

12 9
1584
1684
1780
1872
1960
6371
6372
6373
6374

13 119
213
225
237
249
261
262
270
283
285
299
301
317
326
347
349
358
381
383
408
427
428
459
460
486
487
540
595
596
598
597
599
600
653
654
655
658
659
660
661
662
663
664
665
666
667
668
669
670
671
672
734
833
950
1066
1178
1286
1385
1482
1483
1584
6375
6376
6377
6378
6379
6380
6381
6382
6383
6384
6385
6386
6387
6388
6389
6390
6391
6392
6393
6394
6395
6396
6397
6398
6399
6400
6401
6402
6403
6404
6405
6406
6407
6408
6409
6410
6411
6412
6413
6414
6415
6416
6417
6418
6419
6420
6421
6422
6423
6424
6425
6426
6427
6428
6429
6430
6431
6432
6433

14 17
924
836
953
1042
1069
1155
1180
1288
1386
6434
6435
6436
6437
6438
6439
6440
6441

15 101
303
288
319
323
344
369
396
425
457
494
550
611
688
778
887
1006
1121
1229
1289
1312
1313
1318
1319
1320
1321
1323
1386
1412
1413
1414
1415
1420
1489
1491
1493
1494
1593
1595
1598
1599
1600
1601
1602
1603
1604
1605
1606
1607
1608
1609
1610
6442
6443
6444
6445
6446
6447
6448
6449
6450
6451
6452
6453
6454
6455
6456
6457
6458
6459
6460
6461
6462
6463
6464
6465
6466
6467
6468
6469
6470
6471
6472
6473
6474
6475
6476
6477
6478
6479
6480
6481
6482
6483
6484
6485
6486
6487
6488
6489
6490
6491

16 41
0
3
9
19
31
44
57
69
81
93
105
117
129
141
142
154
166
178
187
201
213
6492
6493
6494
6495
6496
6497
6498
6499
6500
6501
6502
6503
6504
6505
6506
6507
6508
6509
6510
6511

17 69
305
288
322
341
360
342
364
385
389
410
415
440
445
472
477
507
508
513
514
515
516
517
518
519
520
521
522
523
524
525
526
527
528
529
530
6512
6513
6514
6515
6516
6517
6518
6519
6520
6521
6522
6523
6524
6525
6526
6527
6528
6529
6530
6531
6532
6533
6534
6535
6536
6537
6538
6539
6540
6541
6542
6543
6544
6545

18 41
50
37
62
74
86
98
110
122
134
147
160
173
186
199
212
224
236
248
260
274
288
6546
6547
6548
6549
6550
6551
6552
6553
6554
6555
6556
6557
6558
6559
6560
6561
6562
6563
6564
6565

19 21
1
0
4
5
6
10
11
12
23
24
37
6566
6567
6568
6569
6570
6571
6572
6573
6574
6575

