555 20
0 7
5979 5989 
5989 5998 
5998 6006 
6006 6012 
6012 6016 
6016 6019 
6019 6020 

1 13
5845 5857 
5857 5869 
5869 5881 
5881 5893 
5893 5904 
5904 5915 
5915 5926 
5926 5937 
5937 5947 
5947 5957 
5957 5967 
5967 5968 
5968 5979 

2 20
5834 5822 
5846 5834 
5858 5846 
5871 5858 
5883 5871 
5895 5883 
5906 5895 
5917 5906 
5928 5917 
5939 5928 
5949 5939 
5959 5949 
5970 5959 
5981 5970 
5991 5981 
6000 5991 
6008 6000 
6014 6008 
6018 6014 
6020 6018 

3 60
3719 3808 
3808 3898 
3898 3985 
3985 4071 
4071 4155 
4155 4237 
4237 4318 
4318 4393 
4393 4470 
4470 4544 
4544 4614 
4614 4681 
4681 4741 
4741 4803 
4803 4811 
4811 4872 
4872 4874 
4874 4875 
4875 4933 
4933 4987 
4987 4990 
4990 5041 
5041 5043 
5043 5093 
5093 5132 
5132 5133 
5133 5178 
5178 5189 
5189 5233 
5233 5235 
5235 5277 
5277 5279 
5279 5320 
5320 5358 
5358 5361 
5361 5399 
5399 5428 
5428 5429 
5429 5464 
5464 5465 
5465 5475 
5475 5508 
5508 5540 
5540 5543 
5543 5573 
5573 5583 
5583 5611 
5611 5637 
5637 5662 
5662 5685 
5685 5706 
5706 5725 
5725 5743 
5743 5761 
5761 5778 
5778 5793 
5793 5808 
5808 5821 
5821 5833 
5833 5845 

4 34
4577 4505 
4646 4577 
4712 4646 
4775 4712 
4836 4775 
4897 4836 
4954 4897 
5010 4954 
5063 5010 
5113 5063 
5161 5113 
5208 5161 
5254 5208 
5298 5254 
5340 5298 
5380 5340 
5418 5380 
5455 5418 
5491 5455 
5524 5491 
5557 5524 
5588 5557 
5616 5588 
5642 5616 
5667 5642 
5690 5667 
5711 5690 
5730 5711 
5748 5730 
5766 5748 
5783 5766 
5797 5783 
5811 5797 
5822 5811 

5 50
3241 3149 
3337 3241 
3437 3337 
3534 3437 
3629 3534 
3722 3629 
3811 3722 
3901 3811 
3988 3901 
4074 3988 
4158 4074 
4240 4158 
4321 4240 
4399 4321 
4476 4399 
4551 4476 
4621 4551 
4688 4621 
4751 4688 
4814 4751 
4878 4814 
4937 4878 
4993 4937 
5047 4993 
5099 5047 
5148 5099 
5196 5148 
5243 5196 
5288 5243 
5331 5288 
5372 5331 
5411 5372 
5449 5411 
5486 5449 
5519 5486 
5552 5519 
5582 5552 
5609 5582 
5634 5609 
5659 5634 
5680 5659 
5701 5680 
5718 5701 
5734 5718 
5752 5734 
5769 5752 
5785 5769 
5794 5785 
5809 5794 
5822 5809 

6 63
366 342 
392 366 
420 392 
451 420 
485 451 
539 485 
594 539 
652 594 
727 652 
815 727 
921 815 
1040 921 
1154 1040 
1262 1154 
1363 1262 
1461 1363 
1560 1461 
1661 1560 
1759 1661 
1851 1759 
1939 1851 
2023 1939 
2110 2023 
2189 2110 
2268 2189 
2346 2268 
2423 2346 
2496 2423 
2570 2496 
2650 2570 
2743 2650 
2834 2743 
2929 2834 
3022 2929 
3114 3022 
3201 3114 
3290 3201 
3386 3290 
3406 3386 
3503 3406 
3505 3503 
3599 3505 
3601 3599 
3691 3601 
3693 3691 
3782 3693 
3784 3782 
3874 3784 
3876 3874 
3962 3876 
3964 3962 
4050 3964 
4051 4050 
4123 4051 
4202 4203 
4203 4123 
4266 4202 
4267 4266 
4347 4267 
4349 4347 
4427 4349 
4428 4427 
4505 4428 

7 4
3717 3718 
3718 3719 
3789 3717 
3790 3789 

8 21
1960 2048 
2048 2133 
2133 2216 
2216 2296 
2296 2373 
2373 2450 
2450 2522 
2522 2594 
2594 2674 
2674 2765 
2765 2856 
2856 2949 
2949 3041 
3041 3132 
3132 3221 
3221 3315 
3315 3413 
3413 3511 
3511 3606 
3606 3698 
3698 3790 

9 8
3149 3219 
3219 3220 
3309 3239 
3310 3309 
3311 3310 
3312 3311 
3220 3313 
3313 3312 

10 35
1263 1155 
1267 1263 
1368 1267 
1462 1368 
1561 1462 
1662 1561 
1760 1662 
1857 1760 
1948 1857 
2035 1948 
2122 2035 
2207 2122 
2286 2207 
2288 2286 
2364 2288 
2441 2364 
2442 2441 
2514 2442 
2523 2514 
2595 2523 
2597 2595 
2675 2597 
2766 2675 
2768 2766 
2772 2768 
2773 2772 
2864 2773 
2865 2864 
2868 2865 
2961 2868 
2963 2961 
3055 2963 
3057 3055 
3148 3057 
3239 3148 

11 35
1386 1485 
1485 1587 
1587 1688 
1688 1785 
1785 1876 
1876 1965 
1965 2053 
2053 2138 
2138 2222 
2222 2302 
2302 2374 
2374 2451 
2451 2524 
2561 2560 
2560 2598 
2524 2600 
2637 2561 
2638 2637 
2600 2641 
2598 2679 
2720 2638 
2721 2720 
2722 2721 
2641 2723 
2724 2722 
2725 2724 
2726 2725 
2727 2726 
2723 2728 
2728 2727 
2679 2774 
2774 2869 
2869 2964 
2964 3058 
3058 3149 

12 4
1584 1684 
1684 1780 
1780 1872 
1872 1960 

13 59
213 225 
225 237 
237 249 
249 261 
261 262 
262 270 
270 283 
283 285 
285 299 
299 301 
301 317 
317 326 
326 347 
347 349 
349 358 
358 381 
381 383 
383 408 
408 427 
427 428 
428 459 
459 460 
460 486 
486 487 
487 540 
540 595 
595 596 
598 597 
599 598 
600 599 
597 653 
596 654 
654 655 
655 658 
658 659 
659 660 
660 661 
661 662 
662 663 
663 664 
664 665 
665 666 
667 600 
666 668 
669 667 
668 670 
671 669 
670 672 
672 671 
653 734 
734 833 
833 950 
950 1066 
1066 1178 
1178 1286 
1286 1385 
1385 1482 
1482 1483 
1483 1584 

14 8
924 836 
836 953 
1042 924 
953 1069 
1155 1042 
1069 1180 
1180 1288 
1288 1386 

15 50
303 288 
319 303 
323 319 
344 323 
369 344 
396 369 
425 396 
457 425 
494 457 
550 494 
611 550 
688 611 
778 688 
887 778 
1006 887 
1121 1006 
1229 1121 
1289 1312 
1312 1313 
1313 1318 
1318 1319 
1319 1320 
1320 1321 
1323 1229 
1386 1289 
1321 1412 
1412 1413 
1413 1414 
1414 1415 
1420 1323 
1415 1489 
1491 1420 
1489 1493 
1493 1494 
1593 1491 
1494 1595 
1598 1593 
1599 1598 
1600 1599 
1601 1600 
1595 1602 
1603 1601 
1602 1604 
1605 1603 
1604 1606 
1607 1605 
1606 1608 
1609 1607 
1608 1610 
1610 1609 

16 20
0 3 
3 9 
9 19 
19 31 
31 44 
44 57 
57 69 
69 81 
81 93 
93 105 
105 117 
117 129 
129 141 
141 142 
142 154 
154 166 
166 178 
178 187 
187 201 
201 213 

17 34
305 288 
322 305 
341 322 
360 341 
342 364 
385 360 
364 389 
410 385 
389 415 
440 410 
415 445 
472 440 
445 477 
507 472 
508 507 
513 508 
514 513 
515 514 
477 516 
516 517 
517 518 
518 519 
519 520 
520 521 
521 522 
523 515 
522 524 
524 525 
525 526 
526 527 
527 528 
528 529 
529 530 
530 523 

18 20
50 37 
62 50 
74 62 
86 74 
98 86 
110 98 
122 110 
134 122 
147 134 
160 147 
173 160 
186 173 
199 186 
212 199 
224 212 
236 224 
248 236 
260 248 
274 260 
288 274 

19 10
1 0 
4 5 
5 6 
6 1 
10 4 
11 10 
12 11 
23 12 
24 23 
37 24 

