976 34
0 10
6313
6299
6325
6336
6345
6352
6358
6362
6365
6366

1 26
6091
6104
6116
6128
6140
6152
6164
6176
6188
6200
6212
6224
6236
6248
6261
6275
6290
6305
6319
6330
6340
6348
6355
6360
6364
6366

2 26
6012
5989
6032
6051
6068
6084
6097
6110
6122
6134
6144
6156
6168
6180
6192
6204
6216
6226
6238
6250
6255
6267
6269
6283
6284
6299

3 10
2967
2966
3037
3108
3111
3188
3190
3270
3272
3357

4 26
3443
3357
3528
3614
3701
3788
3878
3971
4062
4153
4241
4328
4414
4500
4585
4669
4751
4830
4905
4976
5045
5111
5173
5232
5288
5340

5 26
2966
3036
3106
3182
3262
3345
3431
3517
3603
3690
3777
3867
3960
4051
4142
4230
4317
4402
4403
4487
4488
4571
4572
4655
4654
4735

6 10
5905
5937
5964
5988
6009
6029
6047
6063
6078
6091

7 76
1162
1224
1287
1353
1421
1490
1558
1625
1692
1759
1826
1893
1960
2027
2094
2161
2228
2295
2362
2429
2496
2563
2630
2697
2764
2831
2898
2965
3034
3105
3179
3257
3338
3422
3507
3591
3678
3765
3855
3946
4037
4128
4216
4303
4388
4473
4557
4640
4723
4803
4882
4955
5025
5092
5157
5218
5275
5330
5381
5425
5472
5518
5560
5602
5643
5683
5719
5755
5766
5800
5802
5836
5837
5871
5872
5905

8 10
5992
5989
6014
6033
6036
6039
6057
6072
6079
6091

9 76
1471
1540
1609
1676
1743
1810
1877
1944
2011
2078
2145
2212
2279
2346
2413
2480
2547
2614
2681
2748
2815
2882
2949
3018
3089
3163
3241
3322
3406
3491
3575
3662
3749
3839
3930
4021
4112
4200
4287
4372
4457
4541
4624
4707
4787
4866
4939
5009
5076
5141
5202
5259
5314
5365
5414
5461
5507
5551
5594
5635
5675
5713
5749
5784
5818
5852
5885
5918
5948
5975
5998
6020
6040
6059
6075
6091

10 9
5771
5734
5807
5842
5876
5909
5940
5967
5989

11 76
1164
1102
1226
1290
1357
1426
1495
1564
1631
1698
1765
1832
1899
1966
2033
2100
2167
2234
2301
2368
2435
2502
2569
2636
2704
2772
2840
2908
2978
3050
3125
3204
3286
3371
3457
3542
3630
3718
3809
3901
3993
4085
4174
4262
4348
4434
4519
4603
4687
4768
4848
4922
4993
5061
5127
5189
5247
5303
5355
5405
5453
5500
5545
5589
5631
5672
5711
5748
5779
5813
5846
5880
5913
5942
5965
5989

12 2
5734
5697

13 76
841
891
942
997
1055
1113
1175
1236
1300
1367
1436
1505
1574
1641
1708
1775
1842
1909
1976
2044
2112
2180
2248
2316
2384
2452
2520
2588
2656
2724
2792
2860
2928
2998
3070
3145
3224
3306
3391
3477
3562
3650
3738
3829
3921
4013
4105
4194
4282
4368
4454
4539
4623
4702
4782
4861
4934
5004
5071
5134
5195
5249
5304
5350
5399
5445
5491
5535
5578
5618
5619
5652
5654
5694
5695
5734

14 9
5391
5340
5439
5486
5531
5575
5617
5658
5697

15 76
843
795
893
944
999
1057
1115
1177
1238
1302
1369
1438
1507
1576
1643
1710
1777
1844
1912
1980
2048
2116
2184
2252
2320
2388
2456
2524
2592
2660
2728
2796
2864
2932
3002
3074
3149
3228
3310
3395
3481
3566
3654
3742
3833
3925
4017
4109
4198
4286
4371
4456
4534
4617
4700
4780
4859
4932
5000
5067
5129
5190
5242
5297
5347
5396
5443
5489
5532
5533
5568
5570
5612
5614
5656
5697

16 10
4815
4735
4893
4966
5036
5103
5167
5228
5285
5340

17 76
596
634
674
716
760
806
854
903
954
1009
1067
1125
1187
1248
1312
1380
1450
1520
1590
1658
1726
1794
1862
1930
1998
2066
2134
2202
2270
2338
2406
2474
2542
2610
2678
2746
2814
2878
2945
3014
3084
3158
3236
3315
3399
3480
3564
3645
3732
3822
3913
4004
4095
4181
4268
4350
4435
4514
4597
4679
4759
4838
4911
4980
4981
5026
5028
5094
5097
5161
5163
5225
5227
5283
5289
5340

18 10
4050
3959
4141
4229
4316
4401
4486
4570
4653
4735

19 76
424
385
461
498
535
572
608
646
685
727
771
817
865
914
965
1021
1080
1139
1202
1264
1329
1397
1467
1537
1607
1675
1741
1808
1871
1938
2001
2068
2130
2197
2264
2330
2397
2464
2529
2596
2659
2726
2787
2854
2921
2990
3061
3135
3211
3292
3373
3458
3537
3624
3710
3800
3891
3982
4072
4073
4129
4131
4218
4221
4307
4310
4394
4399
4483
4565
4566
4588
4589
4670
4671
4735

20 76
230
208
255
286
322
360
397
436
472
509
546
583
619
657
696
738
782
828
876
917
968
1019
1077
1131
1193
1250
1314
1376
1445
1514
1582
1649
1716
1781
1848
1911
1978
2039
2106
2173
2240
2307
2374
2439
2506
2570
2637
2699
2766
2832
2899
2968
3039
3112
3113
3180
3181
3259
3261
3342
3344
3428
3430
3515
3599
3600
3615
3616
3702
3789
3790
3792
3793
3879
3880
3959

21 10
1161
1162
1221
1282
1283
1345
1346
1411
1412
1471

22 10
1102
1160
1220
1277
1278
1279
1339
1404
1405
1471

23 26
291
326
364
401
440
476
513
550
587
623
661
700
742
786
832
880
929
980
1035
1093
1151
1212
1273
1336
1403
1471

24 9
841
889
938
939
990
991
1047
1046
1102

25 26
195
179
215
239
266
299
334
372
409
448
484
521
558
595
631
669
708
750
794
840
888
937
989
1044
1045
1102

26 2
795
841

27 9
596
632
670
671
709
710
751
752
795

28 10
385
422
458
491
492
493
526
561
562
596

29 26
37
49
61
73
85
97
109
121
133
145
157
169
183
199
219
243
270
303
338
376
413
451
487
523
560
596

30 10
208
228
253
279
281
280
313
349
350
385

31 26
5
1
12
21
32
45
57
69
81
93
105
117
129
141
153
165
177
191
207
227
251
278
312
347
348
385

32 10
179
178
192
209
210
211
231
257
258
291

33 10
1
0
2
6
7
8
13
23
24
37

