1884 34
0 18
6313 6367 
6367 6299 
6325 6368 
6368 6313 
6336 6369 
6369 6325 
6345 6370 
6370 6336 
6352 6371 
6371 6345 
6358 6372 
6372 6352 
6362 6373 
6373 6358 
6365 6374 
6374 6362 
6366 6375 
6375 6365 

1 50
6091 6376 
6376 6104 
6104 6377 
6377 6116 
6116 6378 
6378 6128 
6128 6379 
6379 6140 
6140 6380 
6380 6152 
6152 6381 
6381 6164 
6164 6382 
6382 6176 
6176 6383 
6383 6188 
6188 6384 
6384 6200 
6200 6385 
6385 6212 
6212 6386 
6386 6224 
6224 6387 
6387 6236 
6236 6388 
6388 6248 
6248 6389 
6389 6261 
6261 6390 
6390 6275 
6275 6391 
6391 6290 
6290 6392 
6392 6305 
6305 6393 
6393 6319 
6319 6394 
6394 6330 
6330 6395 
6395 6340 
6340 6396 
6396 6348 
6348 6397 
6397 6355 
6355 6398 
6398 6360 
6360 6399 
6399 6364 
6364 6400 
6400 6366 

2 50
6012 6401 
6401 5989 
6032 6402 
6402 6012 
6051 6403 
6403 6032 
6068 6404 
6404 6051 
6084 6405 
6405 6068 
6097 6406 
6406 6084 
6110 6407 
6407 6097 
6122 6408 
6408 6110 
6134 6409 
6409 6122 
6144 6410 
6410 6134 
6156 6411 
6411 6144 
6168 6412 
6412 6156 
6180 6413 
6413 6168 
6192 6414 
6414 6180 
6204 6415 
6415 6192 
6216 6416 
6416 6204 
6226 6417 
6417 6216 
6238 6418 
6418 6226 
6250 6419 
6419 6238 
6255 6420 
6420 6250 
6267 6421 
6421 6255 
6269 6422 
6422 6267 
6283 6423 
6423 6269 
6284 6424 
6424 6283 
6299 6425 
6425 6284 

3 18
2967 6426 
6426 2966 
3037 6427 
6427 2967 
3108 6428 
6428 3037 
3111 6429 
6429 3108 
3188 6430 
6430 3111 
3190 6431 
6431 3188 
3270 6432 
6432 3190 
3272 6433 
6433 3270 
3357 6434 
6434 3272 

4 50
3443 6435 
6435 3357 
3528 6436 
6436 3443 
3614 6437 
6437 3528 
3701 6438 
6438 3614 
3788 6439 
6439 3701 
3878 6440 
6440 3788 
3971 6441 
6441 3878 
4062 6442 
6442 3971 
4153 6443 
6443 4062 
4241 6444 
6444 4153 
4328 6445 
6445 4241 
4414 6446 
6446 4328 
4500 6447 
6447 4414 
4585 6448 
6448 4500 
4669 6449 
6449 4585 
4751 6450 
6450 4669 
4830 6451 
6451 4751 
4905 6452 
6452 4830 
4976 6453 
6453 4905 
5045 6454 
6454 4976 
5111 6455 
6455 5045 
5173 6456 
6456 5111 
5232 6457 
6457 5173 
5288 6458 
6458 5232 
5340 6459 
6459 5288 

5 50
2966 6460 
6460 3036 
3036 6461 
6461 3106 
3106 6462 
6462 3182 
3182 6463 
6463 3262 
3262 6464 
6464 3345 
3345 6465 
6465 3431 
3431 6466 
6466 3517 
3517 6467 
6467 3603 
3603 6468 
6468 3690 
3690 6469 
6469 3777 
3777 6470 
6470 3867 
3867 6471 
6471 3960 
3960 6472 
6472 4051 
4051 6473 
6473 4142 
4142 6474 
6474 4230 
4230 6475 
6475 4317 
4317 6476 
6476 4402 
4402 6477 
6477 4403 
4403 6478 
6478 4487 
4487 6479 
6479 4488 
4488 6480 
6480 4571 
4571 6481 
6481 4572 
4572 6482 
6482 4655 
4655 6483 
6483 4654 
4654 6484 
6484 4735 

6 18
5905 6485 
6485 5937 
5937 6486 
6486 5964 
5964 6487 
6487 5988 
5988 6488 
6488 6009 
6009 6489 
6489 6029 
6029 6490 
6490 6047 
6047 6491 
6491 6063 
6063 6492 
6492 6078 
6078 6493 
6493 6091 

7 150
1162 6494 
6494 1224 
1224 6495 
6495 1287 
1287 6496 
6496 1353 
1353 6497 
6497 1421 
1421 6498 
6498 1490 
1490 6499 
6499 1558 
1558 6500 
6500 1625 
1625 6501 
6501 1692 
1692 6502 
6502 1759 
1759 6503 
6503 1826 
1826 6504 
6504 1893 
1893 6505 
6505 1960 
1960 6506 
6506 2027 
2027 6507 
6507 2094 
2094 6508 
6508 2161 
2161 6509 
6509 2228 
2228 6510 
6510 2295 
2295 6511 
6511 2362 
2362 6512 
6512 2429 
2429 6513 
6513 2496 
2496 6514 
6514 2563 
2563 6515 
6515 2630 
2630 6516 
6516 2697 
2697 6517 
6517 2764 
2764 6518 
6518 2831 
2831 6519 
6519 2898 
2898 6520 
6520 2965 
2965 6521 
6521 3034 
3034 6522 
6522 3105 
3105 6523 
6523 3179 
3179 6524 
6524 3257 
3257 6525 
6525 3338 
3338 6526 
6526 3422 
3422 6527 
6527 3507 
3507 6528 
6528 3591 
3591 6529 
6529 3678 
3678 6530 
6530 3765 
3765 6531 
6531 3855 
3855 6532 
6532 3946 
3946 6533 
6533 4037 
4037 6534 
6534 4128 
4128 6535 
6535 4216 
4216 6536 
6536 4303 
4303 6537 
6537 4388 
4388 6538 
6538 4473 
4473 6539 
6539 4557 
4557 6540 
6540 4640 
4640 6541 
6541 4723 
4723 6542 
6542 4803 
4803 6543 
6543 4882 
4882 6544 
6544 4955 
4955 6545 
6545 5025 
5025 6546 
6546 5092 
5092 6547 
6547 5157 
5157 6548 
6548 5218 
5218 6549 
6549 5275 
5275 6550 
6550 5330 
5330 6551 
6551 5381 
5381 6552 
6552 5425 
5425 6553 
6553 5472 
5472 6554 
6554 5518 
5518 6555 
6555 5560 
5560 6556 
6556 5602 
5602 6557 
6557 5643 
5643 6558 
6558 5683 
5683 6559 
6559 5719 
5719 6560 
6560 5755 
5755 6561 
6561 5766 
5766 6562 
6562 5800 
5800 6563 
6563 5802 
5802 6564 
6564 5836 
5836 6565 
6565 5837 
5837 6566 
6566 5871 
5871 6567 
6567 5872 
5872 6568 
6568 5905 

8 18
5992 6569 
6569 5989 
6014 6570 
6570 5992 
6033 6571 
6571 6014 
6036 6572 
6572 6033 
6039 6573 
6573 6036 
6057 6574 
6574 6039 
6072 6575 
6575 6057 
6079 6576 
6576 6072 
6091 6577 
6577 6079 

9 150
1471 6578 
6578 1540 
1540 6579 
6579 1609 
1609 6580 
6580 1676 
1676 6581 
6581 1743 
1743 6582 
6582 1810 
1810 6583 
6583 1877 
1877 6584 
6584 1944 
1944 6585 
6585 2011 
2011 6586 
6586 2078 
2078 6587 
6587 2145 
2145 6588 
6588 2212 
2212 6589 
6589 2279 
2279 6590 
6590 2346 
2346 6591 
6591 2413 
2413 6592 
6592 2480 
2480 6593 
6593 2547 
2547 6594 
6594 2614 
2614 6595 
6595 2681 
2681 6596 
6596 2748 
2748 6597 
6597 2815 
2815 6598 
6598 2882 
2882 6599 
6599 2949 
2949 6600 
6600 3018 
3018 6601 
6601 3089 
3089 6602 
6602 3163 
3163 6603 
6603 3241 
3241 6604 
6604 3322 
3322 6605 
6605 3406 
3406 6606 
6606 3491 
3491 6607 
6607 3575 
3575 6608 
6608 3662 
3662 6609 
6609 3749 
3749 6610 
6610 3839 
3839 6611 
6611 3930 
3930 6612 
6612 4021 
4021 6613 
6613 4112 
4112 6614 
6614 4200 
4200 6615 
6615 4287 
4287 6616 
6616 4372 
4372 6617 
6617 4457 
4457 6618 
6618 4541 
4541 6619 
6619 4624 
4624 6620 
6620 4707 
4707 6621 
6621 4787 
4787 6622 
6622 4866 
4866 6623 
6623 4939 
4939 6624 
6624 5009 
5009 6625 
6625 5076 
5076 6626 
6626 5141 
5141 6627 
6627 5202 
5202 6628 
6628 5259 
5259 6629 
6629 5314 
5314 6630 
6630 5365 
5365 6631 
6631 5414 
5414 6632 
6632 5461 
5461 6633 
6633 5507 
5507 6634 
6634 5551 
5551 6635 
6635 5594 
5594 6636 
6636 5635 
5635 6637 
6637 5675 
5675 6638 
6638 5713 
5713 6639 
6639 5749 
5749 6640 
6640 5784 
5784 6641 
6641 5818 
5818 6642 
6642 5852 
5852 6643 
6643 5885 
5885 6644 
6644 5918 
5918 6645 
6645 5948 
5948 6646 
6646 5975 
5975 6647 
6647 5998 
5998 6648 
6648 6020 
6020 6649 
6649 6040 
6040 6650 
6650 6059 
6059 6651 
6651 6075 
6075 6652 
6652 6091 

10 16
5771 6653 
6653 5734 
5807 6654 
6654 5771 
5842 6655 
6655 5807 
5876 6656 
6656 5842 
5909 6657 
6657 5876 
5940 6658 
6658 5909 
5967 6659 
6659 5940 
5989 6660 
6660 5967 

11 150
1164 6661 
6661 1102 
1226 6662 
6662 1164 
1290 6663 
6663 1226 
1357 6664 
6664 1290 
1426 6665 
6665 1357 
1495 6666 
6666 1426 
1564 6667 
6667 1495 
1631 6668 
6668 1564 
1698 6669 
6669 1631 
1765 6670 
6670 1698 
1832 6671 
6671 1765 
1899 6672 
6672 1832 
1966 6673 
6673 1899 
2033 6674 
6674 1966 
2100 6675 
6675 2033 
2167 6676 
6676 2100 
2234 6677 
6677 2167 
2301 6678 
6678 2234 
2368 6679 
6679 2301 
2435 6680 
6680 2368 
2502 6681 
6681 2435 
2569 6682 
6682 2502 
2636 6683 
6683 2569 
2704 6684 
6684 2636 
2772 6685 
6685 2704 
2840 6686 
6686 2772 
2908 6687 
6687 2840 
2978 6688 
6688 2908 
3050 6689 
6689 2978 
3125 6690 
6690 3050 
3204 6691 
6691 3125 
3286 6692 
6692 3204 
3371 6693 
6693 3286 
3457 6694 
6694 3371 
3542 6695 
6695 3457 
3630 6696 
6696 3542 
3718 6697 
6697 3630 
3809 6698 
6698 3718 
3901 6699 
6699 3809 
3993 6700 
6700 3901 
4085 6701 
6701 3993 
4174 6702 
6702 4085 
4262 6703 
6703 4174 
4348 6704 
6704 4262 
4434 6705 
6705 4348 
4519 6706 
6706 4434 
4603 6707 
6707 4519 
4687 6708 
6708 4603 
4768 6709 
6709 4687 
4848 6710 
6710 4768 
4922 6711 
6711 4848 
4993 6712 
6712 4922 
5061 6713 
6713 4993 
5127 6714 
6714 5061 
5189 6715 
6715 5127 
5247 6716 
6716 5189 
5303 6717 
6717 5247 
5355 6718 
6718 5303 
5405 6719 
6719 5355 
5453 6720 
6720 5405 
5500 6721 
6721 5453 
5545 6722 
6722 5500 
5589 6723 
6723 5545 
5631 6724 
6724 5589 
5672 6725 
6725 5631 
5711 6726 
6726 5672 
5748 6727 
6727 5711 
5779 6728 
6728 5748 
5813 6729 
6729 5779 
5846 6730 
6730 5813 
5880 6731 
6731 5846 
5913 6732 
6732 5880 
5942 6733 
6733 5913 
5965 6734 
6734 5942 
5989 6735 
6735 5965 

12 2
5734 6736 
6736 5697 

13 150
841 6737 
6737 891 
891 6738 
6738 942 
942 6739 
6739 997 
997 6740 
6740 1055 
1055 6741 
6741 1113 
1113 6742 
6742 1175 
1175 6743 
6743 1236 
1236 6744 
6744 1300 
1300 6745 
6745 1367 
1367 6746 
6746 1436 
1436 6747 
6747 1505 
1505 6748 
6748 1574 
1574 6749 
6749 1641 
1641 6750 
6750 1708 
1708 6751 
6751 1775 
1775 6752 
6752 1842 
1842 6753 
6753 1909 
1909 6754 
6754 1976 
1976 6755 
6755 2044 
2044 6756 
6756 2112 
2112 6757 
6757 2180 
2180 6758 
6758 2248 
2248 6759 
6759 2316 
2316 6760 
6760 2384 
2384 6761 
6761 2452 
2452 6762 
6762 2520 
2520 6763 
6763 2588 
2588 6764 
6764 2656 
2656 6765 
6765 2724 
2724 6766 
6766 2792 
2792 6767 
6767 2860 
2860 6768 
6768 2928 
2928 6769 
6769 2998 
2998 6770 
6770 3070 
3070 6771 
6771 3145 
3145 6772 
6772 3224 
3224 6773 
6773 3306 
3306 6774 
6774 3391 
3391 6775 
6775 3477 
3477 6776 
6776 3562 
3562 6777 
6777 3650 
3650 6778 
6778 3738 
3738 6779 
6779 3829 
3829 6780 
6780 3921 
3921 6781 
6781 4013 
4013 6782 
6782 4105 
4105 6783 
6783 4194 
4194 6784 
6784 4282 
4282 6785 
6785 4368 
4368 6786 
6786 4454 
4454 6787 
6787 4539 
4539 6788 
6788 4623 
4623 6789 
6789 4702 
4702 6790 
6790 4782 
4782 6791 
6791 4861 
4861 6792 
6792 4934 
4934 6793 
6793 5004 
5004 6794 
6794 5071 
5071 6795 
6795 5134 
5134 6796 
6796 5195 
5195 6797 
6797 5249 
5249 6798 
6798 5304 
5304 6799 
6799 5350 
5350 6800 
6800 5399 
5399 6801 
6801 5445 
5445 6802 
6802 5491 
5491 6803 
6803 5535 
5535 6804 
6804 5578 
5578 6805 
6805 5618 
5618 6806 
6806 5619 
5619 6807 
6807 5652 
5652 6808 
6808 5654 
5654 6809 
6809 5694 
5694 6810 
6810 5695 
5695 6811 
6811 5734 

14 16
5391 6812 
6812 5340 
5439 6813 
6813 5391 
5486 6814 
6814 5439 
5531 6815 
6815 5486 
5575 6816 
6816 5531 
5617 6817 
6817 5575 
5658 6818 
6818 5617 
5697 6819 
6819 5658 

15 150
843 6820 
6820 795 
893 6821 
6821 843 
944 6822 
6822 893 
999 6823 
6823 944 
1057 6824 
6824 999 
1115 6825 
6825 1057 
1177 6826 
6826 1115 
1238 6827 
6827 1177 
1302 6828 
6828 1238 
1369 6829 
6829 1302 
1438 6830 
6830 1369 
1507 6831 
6831 1438 
1576 6832 
6832 1507 
1643 6833 
6833 1576 
1710 6834 
6834 1643 
1777 6835 
6835 1710 
1844 6836 
6836 1777 
1912 6837 
6837 1844 
1980 6838 
6838 1912 
2048 6839 
6839 1980 
2116 6840 
6840 2048 
2184 6841 
6841 2116 
2252 6842 
6842 2184 
2320 6843 
6843 2252 
2388 6844 
6844 2320 
2456 6845 
6845 2388 
2524 6846 
6846 2456 
2592 6847 
6847 2524 
2660 6848 
6848 2592 
2728 6849 
6849 2660 
2796 6850 
6850 2728 
2864 6851 
6851 2796 
2932 6852 
6852 2864 
3002 6853 
6853 2932 
3074 6854 
6854 3002 
3149 6855 
6855 3074 
3228 6856 
6856 3149 
3310 6857 
6857 3228 
3395 6858 
6858 3310 
3481 6859 
6859 3395 
3566 6860 
6860 3481 
3654 6861 
6861 3566 
3742 6862 
6862 3654 
3833 6863 
6863 3742 
3925 6864 
6864 3833 
4017 6865 
6865 3925 
4109 6866 
6866 4017 
4198 6867 
6867 4109 
4286 6868 
6868 4198 
4371 6869 
6869 4286 
4456 6870 
6870 4371 
4534 6871 
6871 4456 
4617 6872 
6872 4534 
4700 6873 
6873 4617 
4780 6874 
6874 4700 
4859 6875 
6875 4780 
4932 6876 
6876 4859 
5000 6877 
6877 4932 
5067 6878 
6878 5000 
5129 6879 
6879 5067 
5190 6880 
6880 5129 
5242 6881 
6881 5190 
5297 6882 
6882 5242 
5347 6883 
6883 5297 
5396 6884 
6884 5347 
5443 6885 
6885 5396 
5489 6886 
6886 5443 
5532 6887 
6887 5489 
5533 6888 
6888 5532 
5568 6889 
6889 5533 
5570 6890 
6890 5568 
5612 6891 
6891 5570 
5614 6892 
6892 5612 
5656 6893 
6893 5614 
5697 6894 
6894 5656 

16 18
4815 6895 
6895 4735 
4893 6896 
6896 4815 
4966 6897 
6897 4893 
5036 6898 
6898 4966 
5103 6899 
6899 5036 
5167 6900 
6900 5103 
5228 6901 
6901 5167 
5285 6902 
6902 5228 
5340 6903 
6903 5285 

17 150
596 6904 
6904 634 
634 6905 
6905 674 
674 6906 
6906 716 
716 6907 
6907 760 
760 6908 
6908 806 
806 6909 
6909 854 
854 6910 
6910 903 
903 6911 
6911 954 
954 6912 
6912 1009 
1009 6913 
6913 1067 
1067 6914 
6914 1125 
1125 6915 
6915 1187 
1187 6916 
6916 1248 
1248 6917 
6917 1312 
1312 6918 
6918 1380 
1380 6919 
6919 1450 
1450 6920 
6920 1520 
1520 6921 
6921 1590 
1590 6922 
6922 1658 
1658 6923 
6923 1726 
1726 6924 
6924 1794 
1794 6925 
6925 1862 
1862 6926 
6926 1930 
1930 6927 
6927 1998 
1998 6928 
6928 2066 
2066 6929 
6929 2134 
2134 6930 
6930 2202 
2202 6931 
6931 2270 
2270 6932 
6932 2338 
2338 6933 
6933 2406 
2406 6934 
6934 2474 
2474 6935 
6935 2542 
2542 6936 
6936 2610 
2610 6937 
6937 2678 
2678 6938 
6938 2746 
2746 6939 
6939 2814 
2814 6940 
6940 2878 
2878 6941 
6941 2945 
2945 6942 
6942 3014 
3014 6943 
6943 3084 
3084 6944 
6944 3158 
3158 6945 
6945 3236 
3236 6946 
6946 3315 
3315 6947 
6947 3399 
3399 6948 
6948 3480 
3480 6949 
6949 3564 
3564 6950 
6950 3645 
3645 6951 
6951 3732 
3732 6952 
6952 3822 
3822 6953 
6953 3913 
3913 6954 
6954 4004 
4004 6955 
6955 4095 
4095 6956 
6956 4181 
4181 6957 
6957 4268 
4268 6958 
6958 4350 
4350 6959 
6959 4435 
4435 6960 
6960 4514 
4514 6961 
6961 4597 
4597 6962 
6962 4679 
4679 6963 
6963 4759 
4759 6964 
6964 4838 
4838 6965 
6965 4911 
4911 6966 
6966 4980 
4980 6967 
6967 4981 
4981 6968 
6968 5026 
5026 6969 
6969 5028 
5028 6970 
6970 5094 
5094 6971 
6971 5097 
5097 6972 
6972 5161 
5161 6973 
6973 5163 
5163 6974 
6974 5225 
5225 6975 
6975 5227 
5227 6976 
6976 5283 
5283 6977 
6977 5289 
5289 6978 
6978 5340 

18 18
4050 6979 
6979 3959 
4141 6980 
6980 4050 
4229 6981 
6981 4141 
4316 6982 
6982 4229 
4401 6983 
6983 4316 
4486 6984 
6984 4401 
4570 6985 
6985 4486 
4653 6986 
6986 4570 
4735 6987 
6987 4653 

19 150
424 6988 
6988 385 
461 6989 
6989 424 
498 6990 
6990 461 
535 6991 
6991 498 
572 6992 
6992 535 
608 6993 
6993 572 
646 6994 
6994 608 
685 6995 
6995 646 
727 6996 
6996 685 
771 6997 
6997 727 
817 6998 
6998 771 
865 6999 
6999 817 
914 7000 
7000 865 
965 7001 
7001 914 
1021 7002 
7002 965 
1080 7003 
7003 1021 
1139 7004 
7004 1080 
1202 7005 
7005 1139 
1264 7006 
7006 1202 
1329 7007 
7007 1264 
1397 7008 
7008 1329 
1467 7009 
7009 1397 
1537 7010 
7010 1467 
1607 7011 
7011 1537 
1675 7012 
7012 1607 
1741 7013 
7013 1675 
1808 7014 
7014 1741 
1871 7015 
7015 1808 
1938 7016 
7016 1871 
2001 7017 
7017 1938 
2068 7018 
7018 2001 
2130 7019 
7019 2068 
2197 7020 
7020 2130 
2264 7021 
7021 2197 
2330 7022 
7022 2264 
2397 7023 
7023 2330 
2464 7024 
7024 2397 
2529 7025 
7025 2464 
2596 7026 
7026 2529 
2659 7027 
7027 2596 
2726 7028 
7028 2659 
2787 7029 
7029 2726 
2854 7030 
7030 2787 
2921 7031 
7031 2854 
2990 7032 
7032 2921 
3061 7033 
7033 2990 
3135 7034 
7034 3061 
3211 7035 
7035 3135 
3292 7036 
7036 3211 
3373 7037 
7037 3292 
3458 7038 
7038 3373 
3537 7039 
7039 3458 
3624 7040 
7040 3537 
3710 7041 
7041 3624 
3800 7042 
7042 3710 
3891 7043 
7043 3800 
3982 7044 
7044 3891 
4072 7045 
7045 3982 
4073 7046 
7046 4072 
4129 7047 
7047 4073 
4131 7048 
7048 4129 
4218 7049 
7049 4131 
4221 7050 
7050 4218 
4307 7051 
7051 4221 
4310 7052 
7052 4307 
4394 7053 
7053 4310 
4399 7054 
7054 4394 
4483 7055 
7055 4399 
4565 7056 
7056 4483 
4566 7057 
7057 4565 
4588 7058 
7058 4566 
4589 7059 
7059 4588 
4670 7060 
7060 4671 
4671 7061 
7061 4589 
4735 7062 
7062 4670 

20 150
230 7063 
7063 208 
255 7064 
7064 230 
286 7065 
7065 255 
322 7066 
7066 286 
360 7067 
7067 322 
397 7068 
7068 360 
436 7069 
7069 397 
472 7070 
7070 436 
509 7071 
7071 472 
546 7072 
7072 509 
583 7073 
7073 546 
619 7074 
7074 583 
657 7075 
7075 619 
696 7076 
7076 657 
738 7077 
7077 696 
782 7078 
7078 738 
828 7079 
7079 782 
876 7080 
7080 828 
917 7081 
7081 876 
968 7082 
7082 917 
1019 7083 
7083 968 
1077 7084 
7084 1019 
1131 7085 
7085 1077 
1193 7086 
7086 1131 
1250 7087 
7087 1193 
1314 7088 
7088 1250 
1376 7089 
7089 1314 
1445 7090 
7090 1376 
1514 7091 
7091 1445 
1582 7092 
7092 1514 
1649 7093 
7093 1582 
1716 7094 
7094 1649 
1781 7095 
7095 1716 
1848 7096 
7096 1781 
1911 7097 
7097 1848 
1978 7098 
7098 1911 
2039 7099 
7099 1978 
2106 7100 
7100 2039 
2173 7101 
7101 2106 
2240 7102 
7102 2173 
2307 7103 
7103 2240 
2374 7104 
7104 2307 
2439 7105 
7105 2374 
2506 7106 
7106 2439 
2570 7107 
7107 2506 
2637 7108 
7108 2570 
2699 7109 
7109 2637 
2766 7110 
7110 2699 
2832 7111 
7111 2766 
2899 7112 
7112 2832 
2968 7113 
7113 2899 
3039 7114 
7114 2968 
3112 7115 
7115 3039 
3113 7116 
7116 3112 
3180 7117 
7117 3113 
3181 7118 
7118 3180 
3259 7119 
7119 3181 
3261 7120 
7120 3259 
3342 7121 
7121 3261 
3344 7122 
7122 3342 
3428 7123 
7123 3344 
3430 7124 
7124 3428 
3515 7125 
7125 3430 
3599 7126 
7126 3515 
3600 7127 
7127 3599 
3615 7128 
7128 3600 
3616 7129 
7129 3615 
3702 7130 
7130 3616 
3789 7131 
7131 3702 
3790 7132 
7132 3789 
3792 7133 
7133 3790 
3793 7134 
7134 3792 
3879 7135 
7135 3880 
3880 7136 
7136 3793 
3959 7137 
7137 3879 

21 18
1161 7138 
7138 1162 
1221 7139 
7139 1161 
1282 7140 
7140 1221 
1283 7141 
7141 1282 
1345 7142 
7142 1283 
1346 7143 
7143 1345 
1411 7144 
7144 1346 
1412 7145 
7145 1411 
1471 7146 
7146 1412 

22 18
1102 7147 
7147 1160 
1160 7148 
7148 1220 
1220 7149 
7149 1277 
1277 7150 
7150 1278 
1278 7151 
7151 1279 
1279 7152 
7152 1339 
1339 7153 
7153 1404 
1404 7154 
7154 1405 
1405 7155 
7155 1471 

23 50
291 7156 
7156 326 
326 7157 
7157 364 
364 7158 
7158 401 
401 7159 
7159 440 
440 7160 
7160 476 
476 7161 
7161 513 
513 7162 
7162 550 
550 7163 
7163 587 
587 7164 
7164 623 
623 7165 
7165 661 
661 7166 
7166 700 
700 7167 
7167 742 
742 7168 
7168 786 
786 7169 
7169 832 
832 7170 
7170 880 
880 7171 
7171 929 
929 7172 
7172 980 
980 7173 
7173 1035 
1035 7174 
7174 1093 
1093 7175 
7175 1151 
1151 7176 
7176 1212 
1212 7177 
7177 1273 
1273 7178 
7178 1336 
1336 7179 
7179 1403 
1403 7180 
7180 1471 

24 16
841 7181 
7181 889 
889 7182 
7182 938 
938 7183 
7183 939 
939 7184 
7184 990 
990 7185 
7185 991 
991 7186 
7186 1047 
1047 7187 
7187 1046 
1046 7188 
7188 1102 

25 50
195 7189 
7189 179 
215 7190 
7190 195 
239 7191 
7191 215 
266 7192 
7192 239 
299 7193 
7193 266 
334 7194 
7194 299 
372 7195 
7195 334 
409 7196 
7196 372 
448 7197 
7197 409 
484 7198 
7198 448 
521 7199 
7199 484 
558 7200 
7200 521 
595 7201 
7201 558 
631 7202 
7202 595 
669 7203 
7203 631 
708 7204 
7204 669 
750 7205 
7205 708 
794 7206 
7206 750 
840 7207 
7207 794 
888 7208 
7208 840 
937 7209 
7209 888 
989 7210 
7210 937 
1044 7211 
7211 989 
1045 7212 
7212 1044 
1102 7213 
7213 1045 

26 2
795 7214 
7214 841 

27 16
596 7215 
7215 632 
632 7216 
7216 670 
670 7217 
7217 671 
671 7218 
7218 709 
709 7219 
7219 710 
710 7220 
7220 751 
751 7221 
7221 752 
752 7222 
7222 795 

28 18
385 7223 
7223 422 
422 7224 
7224 458 
458 7225 
7225 491 
491 7226 
7226 492 
492 7227 
7227 493 
493 7228 
7228 526 
526 7229 
7229 561 
561 7230 
7230 562 
562 7231 
7231 596 

29 50
37 7232 
7232 49 
49 7233 
7233 61 
61 7234 
7234 73 
73 7235 
7235 85 
85 7236 
7236 97 
97 7237 
7237 109 
109 7238 
7238 121 
121 7239 
7239 133 
133 7240 
7240 145 
145 7241 
7241 157 
157 7242 
7242 169 
169 7243 
7243 183 
183 7244 
7244 199 
199 7245 
7245 219 
219 7246 
7246 243 
243 7247 
7247 270 
270 7248 
7248 303 
303 7249 
7249 338 
338 7250 
7250 376 
376 7251 
7251 413 
413 7252 
7252 451 
451 7253 
7253 487 
487 7254 
7254 523 
523 7255 
7255 560 
560 7256 
7256 596 

30 18
208 7257 
7257 228 
228 7258 
7258 253 
253 7259 
7259 279 
279 7260 
7260 281 
281 7261 
7261 280 
280 7262 
7262 313 
313 7263 
7263 349 
349 7264 
7264 350 
350 7265 
7265 385 

31 50
5 7266 
7266 1 
12 7267 
7267 5 
21 7268 
7268 12 
32 7269 
7269 21 
45 7270 
7270 32 
57 7271 
7271 45 
69 7272 
7272 57 
81 7273 
7273 69 
93 7274 
7274 81 
105 7275 
7275 93 
117 7276 
7276 105 
129 7277 
7277 117 
141 7278 
7278 129 
153 7279 
7279 141 
165 7280 
7280 153 
177 7281 
7281 165 
191 7282 
7282 177 
207 7283 
7283 191 
227 7284 
7284 207 
251 7285 
7285 227 
278 7286 
7286 251 
312 7287 
7287 278 
347 7288 
7288 312 
348 7289 
7289 347 
385 7290 
7290 348 

32 18
179 7291 
7291 178 
178 7292 
7292 192 
192 7293 
7293 209 
209 7294 
7294 210 
210 7295 
7295 211 
211 7296 
7296 231 
231 7297 
7297 257 
257 7298 
7298 258 
258 7299 
7299 291 

33 18
1 7300 
7300 0 
0 7301 
7301 2 
2 7302 
7302 6 
6 7303 
7303 7 
7 7304 
7304 8 
8 7305 
7305 13 
13 7306 
7306 23 
23 7307 
7307 24 
24 7308 
7308 37 

