568 20
0 7
5875 5885 
5885 5894 
5894 5902 
5902 5908 
5908 5912 
5912 5915 
5915 5916 

1 13
5737 5750 
5750 5763 
5763 5775 
5775 5787 
5787 5799 
5799 5810 
5810 5821 
5821 5832 
5832 5843 
5843 5853 
5853 5863 
5863 5864 
5864 5875 

2 20
5726 5716 
5738 5726 
5751 5738 
5764 5751 
5777 5764 
5789 5777 
5801 5789 
5812 5801 
5823 5812 
5834 5823 
5845 5834 
5855 5845 
5866 5855 
5877 5866 
5887 5877 
5896 5887 
5904 5896 
5910 5904 
5914 5910 
5916 5914 

3 59
3661 3752 
3752 3841 
3841 3928 
3928 4009 
4009 4092 
4092 4172 
4172 4250 
4250 4330 
4330 4404 
4404 4475 
4475 4544 
4544 4549 
4549 4615 
4615 4677 
4677 4731 
4731 4740 
4740 4741 
4741 4799 
4799 4856 
4856 4859 
4859 4912 
4912 4914 
4914 4965 
4965 4967 
4967 5018 
5018 5057 
5057 5068 
5068 5113 
5113 5115 
5115 5159 
5159 5193 
5193 5194 
5194 5204 
5204 5245 
5245 5284 
5284 5287 
5287 5324 
5324 5351 
5351 5352 
5352 5362 
5362 5396 
5396 5428 
5428 5452 
5452 5453 
5453 5478 
5478 5506 
5506 5532 
5532 5557 
5557 5580 
5580 5601 
5601 5620 
5620 5638 
5638 5656 
5656 5672 
5672 5687 
5687 5701 
5701 5714 
5714 5725 
5725 5737 

4 34
4466 4394 
4536 4466 
4603 4536 
4667 4603 
4727 4667 
4787 4727 
4846 4787 
4901 4846 
4953 4901 
5006 4953 
5054 5006 
5101 5054 
5147 5101 
5190 5147 
5233 5190 
5273 5233 
5312 5273 
5348 5312 
5384 5348 
5417 5384 
5449 5417 
5480 5449 
5508 5480 
5534 5508 
5559 5534 
5582 5559 
5603 5582 
5622 5603 
5641 5622 
5659 5641 
5675 5659 
5690 5675 
5704 5690 
5716 5704 

5 49
3229 3143 
3322 3229 
3417 3322 
3508 3417 
3600 3508 
3694 3600 
3786 3694 
3876 3786 
3964 3876 
4046 3964 
4131 4046 
4212 4131 
4292 4212 
4371 4292 
4447 4371 
4516 4447 
4585 4516 
4650 4585 
4711 4650 
4773 4711 
4831 4773 
4887 4831 
4941 4887 
4994 4941 
5044 4994 
5092 5044 
5139 5092 
5183 5139 
5227 5183 
5268 5227 
5308 5268 
5345 5308 
5382 5345 
5415 5382 
5447 5415 
5477 5447 
5504 5477 
5529 5504 
5554 5529 
5577 5554 
5598 5577 
5617 5598 
5635 5617 
5653 5635 
5669 5653 
5683 5669 
5697 5683 
5705 5697 
5716 5705 

6 63
348 325 
374 348 
402 374 
433 402 
466 433 
523 466 
599 523 
698 599 
819 698 
934 819 
1046 934 
1154 1046 
1260 1154 
1356 1260 
1445 1356 
1531 1445 
1616 1531 
1701 1616 
1783 1701 
1860 1783 
1941 1860 
2016 1941 
2094 2016 
2166 2094 
2243 2166 
2318 2243 
2391 2318 
2461 2391 
2531 2461 
2611 2531 
2694 2611 
2778 2694 
2865 2778 
2951 2865 
3039 2951 
3125 3039 
3210 3125 
3299 3210 
3320 3299 
3413 3320 
3415 3413 
3504 3415 
3506 3504 
3596 3506 
3598 3596 
3690 3598 
3692 3690 
3782 3692 
3784 3782 
3872 3784 
3874 3872 
3960 3874 
3961 3960 
4031 3961 
4112 4113 
4113 4031 
4174 4112 
4175 4174 
4237 4175 
4238 4237 
4316 4238 
4317 4316 
4394 4317 

7 6
3656 3655 
3568 3657 
3657 3656 
3655 3659 
3659 3660 
3660 3661 

8 25
1504 1589 
1589 1675 
1675 1758 
1758 1839 
1839 1923 
1923 2003 
2003 2081 
2081 2158 
2158 2234 
2234 2310 
2310 2383 
2383 2453 
2453 2522 
2522 2603 
2603 2687 
2687 2769 
2769 2857 
2857 2942 
2942 3031 
3031 3117 
3117 3202 
3202 3294 
3294 3387 
3387 3477 
3477 3568 

9 12
3143 3187 
3187 3188 
3188 3189 
3195 3194 
3189 3272 
3274 3195 
3275 3274 
3276 3275 
3277 3276 
3278 3277 
3272 3279 
3279 3278 

10 35
1107 998 
1216 1107 
1315 1216 
1406 1315 
1408 1406 
1495 1408 
1581 1495 
1668 1581 
1752 1668 
1834 1752 
1918 1834 
1998 1918 
2077 1998 
2154 2077 
2230 2154 
2306 2230 
2307 2306 
2379 2307 
2449 2379 
2450 2449 
2518 2450 
2598 2518 
2599 2598 
2681 2599 
2682 2681 
2763 2682 
2770 2763 
2771 2770 
2849 2771 
2850 2849 
2934 2850 
2935 2934 
3023 2935 
3109 3023 
3194 3109 

11 35
1494 1580 
1580 1667 
1667 1751 
1751 1833 
1833 1916 
1916 1997 
1997 2076 
2076 2153 
2153 2229 
2229 2305 
2305 2378 
2378 2448 
2448 2517 
2558 2557 
2559 2558 
2577 2559 
2578 2577 
2582 2578 
2583 2582 
2584 2583 
2517 2591 
2591 2592 
2593 2584 
2594 2593 
2595 2594 
2592 2596 
2596 2597 
2597 2595 
2557 2629 
2629 2712 
2712 2796 
2796 2883 
2883 2969 
2969 3057 
3057 3143 

12 6
904 1017 
1017 1125 
1125 1232 
1232 1328 
1328 1418 
1418 1504 

13 59
217 229 
229 241 
241 253 
253 265 
265 266 
266 275 
275 287 
287 289 
289 304 
304 306 
306 322 
322 324 
324 344 
344 366 
366 369 
369 393 
393 411 
411 412 
412 413 
413 442 
442 475 
475 476 
488 490 
476 524 
524 525 
546 488 
547 546 
548 547 
490 566 
525 600 
600 601 
601 623 
623 624 
627 548 
628 627 
629 628 
566 667 
624 721 
721 724 
724 725 
725 726 
726 727 
727 728 
728 729 
729 730 
730 731 
731 732 
732 733 
733 734 
735 629 
734 736 
737 735 
738 737 
739 738 
736 740 
740 739 
667 788 
788 789 
789 904 

14 12
650 646 
646 767 
770 650 
767 883 
885 770 
883 997 
998 885 
997 1106 
1106 1215 
1215 1314 
1314 1405 
1405 1494 

15 49
292 276 
310 292 
331 310 
355 331 
381 355 
409 381 
440 409 
473 440 
532 473 
610 532 
709 610 
831 709 
947 831 
1059 947 
1166 1059 
1271 1166 
1367 1271 
1391 1399 
1403 1391 
1447 1367 
1399 1481 
1481 1482 
1482 1483 
1483 1484 
1484 1485 
1485 1486 
1486 1487 
1487 1492 
1494 1403 
1532 1447 
1550 1532 
1492 1575 
1575 1576 
1576 1632 
1632 1633 
1633 1634 
1635 1550 
1637 1635 
1638 1637 
1639 1638 
1640 1639 
1641 1640 
1642 1641 
1643 1642 
1644 1643 
1634 1645 
1646 1644 
1645 1647 
1647 1646 

16 20
0 3 
3 9 
9 19 
19 31 
31 44 
44 57 
57 69 
69 81 
81 93 
93 105 
105 117 
117 129 
129 141 
141 151 
151 163 
163 175 
175 185 
185 197 
197 205 
205 217 

17 34
290 276 
307 290 
326 307 
325 346 
349 326 
370 349 
346 371 
395 370 
371 397 
424 395 
397 427 
454 424 
427 458 
491 454 
493 491 
497 493 
498 497 
499 498 
458 500 
500 501 
501 502 
502 503 
503 504 
504 505 
505 506 
507 499 
506 508 
508 509 
509 510 
510 511 
511 512 
512 513 
513 514 
514 507 

18 20
45 32 
58 45 
70 58 
82 70 
94 82 
106 94 
118 106 
130 118 
142 130 
154 142 
166 154 
178 166 
190 178 
202 190 
214 202 
226 214 
238 226 
250 238 
262 250 
276 262 

19 10
1 0 
4 5 
5 6 
6 1 
10 11 
11 12 
12 4 
20 10 
21 20 
32 21 

