710 27
0 8
0 1762 
1762 1 
1 1763 
1763 3 
3 1764 
1764 2 
2 1765 
1765 4 

1 28
6 1766 
1766 0 
11 1767 
1767 6 
16 1768 
1768 11 
21 1769 
1769 16 
27 1770 
1770 21 
33 1771 
1771 27 
40 1772 
1772 33 
47 1773 
1773 40 
49 1774 
1774 47 
50 1775 
1775 49 
57 1776 
1776 50 
70 1777 
1777 57 
72 1778 
1778 70 
90 1779 
1779 72 

2 28
4 1780 
1780 10 
10 1781 
1781 15 
15 1782 
1782 20 
20 1783 
1783 26 
26 1784 
1784 32 
32 1785 
1785 35 
35 1786 
1786 43 
43 1787 
1787 52 
52 1788 
1788 58 
58 1789 
1789 59 
59 1790 
1790 60 
60 1791 
1791 74 
74 1792 
1792 75 
75 1793 
1793 76 

3 8
163 1794 
1794 164 
164 1795 
1795 165 
181 1796 
1796 163 
199 1797 
1797 181 

4 4
214 1798 
1798 199 
227 1799 
1799 214 

5 4
165 1800 
1800 186 
186 1801 
1801 204 

6 10
204 1802 
1802 203 
203 1803 
1803 215 
215 1804 
1804 217 
217 1805 
1805 216 
216 1806 
1806 227 

7 14
239 1807 
1807 227 
240 1808 
1808 241 
241 1809 
1809 239 
242 1810 
1810 240 
257 1811 
1811 258 
258 1812 
1812 242 
272 1813 
1813 257 

8 100
204 1814 
1814 220 
220 1815 
1815 233 
233 1816 
1816 249 
249 1817 
1817 266 
266 1818 
1818 284 
284 1819 
1819 303 
303 1820 
1820 321 
321 1821 
1821 340 
340 1822 
1822 358 
358 1823 
1823 377 
377 1824 
1824 396 
396 1825 
1825 424 
424 1826 
1826 458 
458 1827 
1827 492 
492 1828 
1828 523 
523 1829 
1829 553 
553 1830 
1830 584 
584 1831 
1831 612 
612 1832 
1832 638 
638 1833 
1833 663 
663 1834 
1834 687 
687 1835 
1835 713 
713 1836 
1836 738 
738 1837 
1837 763 
763 1838 
1838 789 
789 1839 
1839 818 
818 1840 
1840 845 
845 1841 
1841 871 
871 1842 
1842 897 
897 1843 
1843 923 
923 1844 
1844 949 
949 1845 
1845 976 
976 1846 
1846 1002 
1002 1847 
1847 1028 
1028 1848 
1848 1053 
1053 1849 
1849 1079 
1079 1850 
1850 1105 
1105 1851 
1851 1131 
1131 1852 
1852 1150 
1150 1853 
1853 1177 
1177 1854 
1854 1204 
1204 1855 
1855 1211 
1211 1856 
1856 1238 
1238 1857 
1857 1265 
1265 1858 
1858 1268 
1268 1859 
1859 1295 
1295 1860 
1860 1297 
1297 1861 
1861 1327 
1327 1862 
1862 1328 
1328 1863 
1863 1358 

9 34
290 1864 
1864 272 
309 1865 
1865 290 
327 1866 
1866 309 
346 1867 
1867 327 
365 1868 
1868 346 
384 1869 
1869 365 
412 1870 
1870 384 
446 1871 
1871 412 
480 1872 
1872 446 
511 1873 
1873 480 
541 1874 
1874 511 
571 1875 
1875 541 
599 1876 
1876 571 
626 1877 
1877 599 
651 1878 
1878 626 
675 1879 
1879 651 
698 1880 
1880 675 

10 12
270 1881 
1881 253 
288 1882 
1882 270 
307 1883 
1883 288 
325 1884 
1884 307 
344 1885 
1885 325 
363 1886 
1886 344 

11 12
251 1887 
1887 267 
267 1888 
1888 286 
286 1889 
1889 304 
304 1890 
1890 322 
322 1891 
1891 342 
342 1892 
1892 359 

12 136
555 1893 
1893 525 
586 1894 
1894 555 
614 1895 
1895 586 
640 1896 
1896 614 
665 1897 
1897 640 
689 1898 
1898 665 
715 1899 
1899 689 
740 1900 
1900 715 
765 1901 
1901 740 
791 1902 
1902 765 
820 1903 
1903 791 
847 1904 
1904 820 
873 1905 
1905 847 
899 1906 
1906 873 
925 1907 
1907 899 
951 1908 
1908 925 
978 1909 
1909 951 
1004 1910 
1910 978 
1030 1911 
1911 1004 
1055 1912 
1912 1030 
1081 1913 
1913 1055 
1107 1914 
1914 1081 
1133 1915 
1915 1107 
1158 1916 
1916 1133 
1185 1917 
1917 1158 
1213 1918 
1918 1185 
1241 1919 
1919 1213 
1270 1920 
1920 1241 
1299 1921 
1921 1270 
1330 1922 
1922 1299 
1360 1923 
1923 1330 
1388 1924 
1924 1360 
1414 1925 
1925 1388 
1439 1926 
1926 1414 
1462 1927 
1927 1439 
1483 1928 
1928 1462 
1501 1929 
1929 1483 
1518 1930 
1930 1501 
1532 1931 
1931 1518 
1546 1932 
1932 1532 
1557 1933 
1933 1546 
1567 1934 
1934 1557 
1574 1935 
1935 1567 
1582 1936 
1936 1574 
1589 1937 
1937 1582 
1597 1938 
1938 1589 
1604 1939 
1939 1597 
1612 1940 
1940 1604 
1619 1941 
1941 1612 
1627 1942 
1942 1619 
1634 1943 
1943 1627 
1642 1944 
1944 1634 
1649 1945 
1945 1642 
1657 1946 
1946 1649 
1664 1947 
1947 1657 
1671 1948 
1948 1664 
1678 1949 
1949 1671 
1685 1950 
1950 1678 
1691 1951 
1951 1685 
1698 1952 
1952 1691 
1704 1953 
1953 1698 
1710 1954 
1954 1704 
1716 1955 
1955 1710 
1720 1956 
1956 1716 
1727 1957 
1957 1720 
1726 1958 
1958 1728 
1728 1959 
1959 1727 
1735 1960 
1960 1726 

13 26
478 1961 
1961 509 
509 1962 
1962 539 
539 1963 
1963 569 
569 1964 
1964 597 
597 1965 
1965 624 
624 1966 
1966 649 
649 1967 
1967 673 
673 1968 
1968 696 
696 1969 
1969 721 
721 1970 
1970 745 
745 1971 
1971 770 
770 1972 
1972 796 
796 1973 
1973 800 

14 94
825 1974 
1974 800 
850 1975 
1975 825 
855 1976 
1976 850 
878 1977 
1977 855 
902 1978 
1978 878 
907 1979 
1979 902 
931 1980 
1980 907 
956 1981 
1981 931 
960 1982 
1982 956 
984 1983 
1983 960 
1008 1984 
1984 984 
1011 1985 
1985 1008 
1036 1986 
1986 1011 
1061 1987 
1987 1036 
1065 1988 
1988 1061 
1088 1989 
1989 1065 
1112 1990 
1990 1088 
1137 1991 
1991 1112 
1140 1992 
1992 1137 
1167 1993 
1993 1140 
1194 1994 
1994 1167 
1195 1995 
1995 1194 
1223 1996 
1996 1195 
1250 1997 
1997 1223 
1252 1998 
1998 1250 
1277 1999 
1999 1252 
1302 2000 
2000 1277 
1308 2001 
2001 1302 
1336 2002 
2002 1308 
1362 2003 
2003 1336 
1368 2004 
2004 1362 
1395 2005 
2005 1368 
1417 2006 
2006 1395 
1423 2007 
2007 1417 
1445 2008 
2008 1423 
1464 2009 
2009 1445 
1470 2010 
2010 1464 
1489 2011 
2011 1470 
1503 2012 
2012 1489 
1509 2013 
2013 1503 
1523 2014 
2014 1509 
1534 2015 
2015 1523 
1540 2016 
2016 1534 
1551 2017 
2017 1540 
1558 2018 
2018 1551 
1565 2019 
2019 1558 
1571 2020 
2020 1565 

15 24
1358 2021 
2021 1386 
1386 2022 
2022 1412 
1412 2023 
2023 1437 
1437 2024 
2024 1460 
1460 2025 
2025 1481 
1481 2026 
2026 1499 
1499 2027 
2027 1516 
1516 2028 
2028 1530 
1530 2029 
2029 1543 
1543 2030 
2030 1554 
1554 2031 
2031 1564 
1564 2032 
2032 1571 

16 70
1571 2033 
2033 1575 
1575 2034 
2034 1580 
1580 2035 
2035 1586 
1586 2036 
2036 1590 
1590 2037 
2037 1595 
1595 2038 
2038 1602 
1602 2039 
2039 1609 
1609 2040 
2040 1610 
1610 2041 
2041 1617 
1617 2042 
2042 1624 
1624 2043 
2043 1625 
1625 2044 
2044 1632 
1632 2045 
2045 1639 
1639 2046 
2046 1640 
1640 2047 
2047 1646 
1646 2048 
2048 1652 
1652 2049 
2049 1655 
1655 2050 
2050 1661 
1661 2051 
2051 1667 
1667 2052 
2052 1672 
1672 2053 
2053 1679 
1679 2054 
2054 1686 
1686 2055 
2055 1693 
1693 2056 
2056 1700 
1700 2057 
2057 1706 
1706 2058 
2058 1713 
1713 2059 
2059 1719 
1719 2060 
2060 1725 
1725 2061 
2061 1733 
1733 2062 
2062 1741 
1741 2063 
2063 1747 
1747 2064 
2064 1753 
1753 2065 
2065 1757 
1757 2066 
2066 1760 
1760 2067 
2067 1761 

17 10
1743 2068 
2068 1735 
1749 2069 
2069 1743 
1755 2070 
2070 1749 
1759 2071 
2071 1755 
1761 2072 
2072 1759 

18 8
110 2073 
2073 90 
128 2074 
2074 110 
145 2075 
2075 128 
162 2076 
2076 145 

19 8
76 2077 
2077 93 
93 2078 
2078 111 
111 2079 
2079 130 
130 2080 
2080 147 

20 12
180 2081 
2081 162 
197 2082 
2082 180 
212 2083 
2083 197 
226 2084 
2084 212 
238 2085 
2085 226 
253 2086 
2086 238 

21 12
147 2087 
2087 167 
167 2088 
2088 188 
188 2089 
2089 206 
206 2090 
2090 222 
222 2091 
2091 235 
235 2092 
2092 251 

22 12
381 2093 
2093 363 
404 2094 
2094 381 
405 2095 
2095 404 
406 2096 
2096 405 
407 2097 
2097 406 
408 2098 
2098 407 

23 12
359 2099 
2099 378 
378 2100 
2100 382 
382 2101 
2101 397 
397 2102 
2102 398 
398 2103 
2103 400 
400 2104 
2104 399 

24 8
428 2105 
2105 408 
459 2106 
2106 428 
493 2107 
2107 459 
525 2108 
2108 493 

25 8
399 2109 
2109 425 
425 2110 
2110 426 
426 2111 
2111 444 
444 2112 
2112 478 

26 8
723 2113 
2113 698 
747 2114 
2114 723 
773 2115 
2115 747 
800 2116 
2116 773 

