737 27
0 9
0
1
3
2
4
1762
1763
1764
1765

1 29
6
0
11
16
21
27
33
40
47
49
50
57
70
72
90
1766
1767
1768
1769
1770
1771
1772
1773
1774
1775
1776
1777
1778
1779

2 29
4
10
15
20
26
32
35
43
52
58
59
60
74
75
76
1780
1781
1782
1783
1784
1785
1786
1787
1788
1789
1790
1791
1792
1793

3 9
163
164
165
181
199
1794
1795
1796
1797

4 5
214
199
227
1798
1799

5 5
165
186
204
1800
1801

6 11
204
203
215
217
216
227
1802
1803
1804
1805
1806

7 15
239
227
240
241
242
257
258
272
1807
1808
1809
1810
1811
1812
1813

8 101
204
220
233
249
266
284
303
321
340
358
377
396
424
458
492
523
553
584
612
638
663
687
713
738
763
789
818
845
871
897
923
949
976
1002
1028
1053
1079
1105
1131
1150
1177
1204
1211
1238
1265
1268
1295
1297
1327
1328
1358
1814
1815
1816
1817
1818
1819
1820
1821
1822
1823
1824
1825
1826
1827
1828
1829
1830
1831
1832
1833
1834
1835
1836
1837
1838
1839
1840
1841
1842
1843
1844
1845
1846
1847
1848
1849
1850
1851
1852
1853
1854
1855
1856
1857
1858
1859
1860
1861
1862
1863

9 35
290
272
309
327
346
365
384
412
446
480
511
541
571
599
626
651
675
698
1864
1865
1866
1867
1868
1869
1870
1871
1872
1873
1874
1875
1876
1877
1878
1879
1880

10 13
270
253
288
307
325
344
363
1881
1882
1883
1884
1885
1886

11 13
251
267
286
304
322
342
359
1887
1888
1889
1890
1891
1892

12 137
555
525
586
614
640
665
689
715
740
765
791
820
847
873
899
925
951
978
1004
1030
1055
1081
1107
1133
1158
1185
1213
1241
1270
1299
1330
1360
1388
1414
1439
1462
1483
1501
1518
1532
1546
1557
1567
1574
1582
1589
1597
1604
1612
1619
1627
1634
1642
1649
1657
1664
1671
1678
1685
1691
1698
1704
1710
1716
1720
1727
1726
1728
1735
1893
1894
1895
1896
1897
1898
1899
1900
1901
1902
1903
1904
1905
1906
1907
1908
1909
1910
1911
1912
1913
1914
1915
1916
1917
1918
1919
1920
1921
1922
1923
1924
1925
1926
1927
1928
1929
1930
1931
1932
1933
1934
1935
1936
1937
1938
1939
1940
1941
1942
1943
1944
1945
1946
1947
1948
1949
1950
1951
1952
1953
1954
1955
1956
1957
1958
1959
1960

13 27
478
509
539
569
597
624
649
673
696
721
745
770
796
800
1961
1962
1963
1964
1965
1966
1967
1968
1969
1970
1971
1972
1973

14 95
825
800
850
855
878
902
907
931
956
960
984
1008
1011
1036
1061
1065
1088
1112
1137
1140
1167
1194
1195
1223
1250
1252
1277
1302
1308
1336
1362
1368
1395
1417
1423
1445
1464
1470
1489
1503
1509
1523
1534
1540
1551
1558
1565
1571
1974
1975
1976
1977
1978
1979
1980
1981
1982
1983
1984
1985
1986
1987
1988
1989
1990
1991
1992
1993
1994
1995
1996
1997
1998
1999
2000
2001
2002
2003
2004
2005
2006
2007
2008
2009
2010
2011
2012
2013
2014
2015
2016
2017
2018
2019
2020

15 25
1358
1386
1412
1437
1460
1481
1499
1516
1530
1543
1554
1564
1571
2021
2022
2023
2024
2025
2026
2027
2028
2029
2030
2031
2032

16 71
1571
1575
1580
1586
1590
1595
1602
1609
1610
1617
1624
1625
1632
1639
1640
1646
1652
1655
1661
1667
1672
1679
1686
1693
1700
1706
1713
1719
1725
1733
1741
1747
1753
1757
1760
1761
2033
2034
2035
2036
2037
2038
2039
2040
2041
2042
2043
2044
2045
2046
2047
2048
2049
2050
2051
2052
2053
2054
2055
2056
2057
2058
2059
2060
2061
2062
2063
2064
2065
2066
2067

17 11
1743
1735
1749
1755
1759
1761
2068
2069
2070
2071
2072

18 9
110
90
128
145
162
2073
2074
2075
2076

19 9
76
93
111
130
147
2077
2078
2079
2080

20 13
180
162
197
212
226
238
253
2081
2082
2083
2084
2085
2086

21 13
147
167
188
206
222
235
251
2087
2088
2089
2090
2091
2092

22 13
381
363
404
405
406
407
408
2093
2094
2095
2096
2097
2098

23 13
359
378
382
397
398
400
399
2099
2100
2101
2102
2103
2104

24 9
428
408
459
493
525
2105
2106
2107
2108

25 9
399
425
426
444
478
2109
2110
2111
2112

26 9
723
698
747
773
800
2113
2114
2115
2116

