1762 
-0.002 -0.004 
-0.002 -0.003 
-0.002 -0.001 
-0.002 -0.002 
-0.002 0 
-0.00122018 -0.00330616 
-0.000796781 -0.004 
-0.00110823 -0.00252808 
-0.0012484 -0.00100307 
-0.00088603 -0.00176988 
-0.000796781 0 
0.000406234 -0.004 
-0.000195895 -0.00300273 
-0.000347283 -0.00208971 
-0.000190248 -0.00120492 
0.000406234 0 
0.00153384 -0.004 
0.00102989 -0.00309272 
0.000645463 -0.00201957 
0.000940565 -0.000913777 
0.00153384 0 
0.00252143 -0.004 
0.00206499 -0.00320665 
0.00172468 -0.00232737 
0.00155654 -0.00150576 
0.00193587 -0.000771776 
0.00252143 0 
0.0033761 -0.004 
0.00296336 -0.00328968 
0.00262936 -0.00252512 
0.00247948 -0.00160935 
0.00286111 -0.0007207 
0.0033761 0 
0.00411574 -0.004 
0.00374551 -0.00335906 
0.00411574 0 
0.00344275 -0.00264725 
0.00318981 -0.00203074 
0.00336336 -0.00130884 
0.00371204 -0.000625098 
0.00475583 -0.004 
0.00443112 -0.00343629 
0.00414402 -0.00278116 
0.00475583 0 
0.00442459 -0.000550689 
0.00394087 -0.00198671 
0.00413135 -0.00117036 
0.00530978 -0.004 
0.00503777 -0.0035129 
0.00578916 -0.004 
0.00620403 -0.004 
0.0048103 -0.00295449 
0.00530978 0 
0.00465813 -0.00232398 
0.00503151 -0.000480739 
0.0048011 -0.00102794 
0.00465132 -0.00165118 
0.00656306 -0.004 
0.00578916 0 
0.00620403 0 
0.00656306 0 
0.00555638 -0.00358 
0.00536327 -0.00310059 
0.00600302 -0.00363723 
0.00638934 -0.00368708 
0.0052271 -0.0025676 
0.00554814 -0.000415447 
0.005175 -0.0020012 
0.00534981 -0.000890653 
0.00521935 -0.0014288 
0.00687377 -0.004 
0.00672438 -0.00373174 
0.00714266 -0.004 
0.00599365 -0.000358925 
0.00687377 0 
0.00714266 0 
0.00737868 0 
0.00637694 -0.000312996 
0.00670943 -0.000270592 
0.00583572 -0.00322372 
0.0057124 -0.00275913 
0.00659934 -0.00341622 
0.00624458 -0.00332712 
0.00564338 -0.00226324 
0.00581975 -0.000774379 
0.00563913 -0.00175374 
0.00569959 -0.00124767 
0.00700758 -0.00376669 
0.00690621 -0.00349262 
0.00723419 -0.00378297 
0.00737868 -0.004 
0.00622856 -0.000674833 
0.00701041 -0.000230508 
0.00760548 -3.51138e-05 
0.00726067 -0.000191035 
0.00745483 -0.000166281 
0.00657253 -0.000589294 
0.00688259 -0.000503814 
0.00613709 -0.00292002 
0.00606783 -0.00247657 
0.006829 -0.0031836 
0.00650804 -0.00306052 
0.00603875 -0.0020208 
0.00612135 -0.00110094 
0.00605853 -0.00155938 
0.00717183 -0.00355037 
0.00711008 -0.00330008 
0.00746277 -0.00379029 
0.00735981 -0.00363365 
0.00763958 -0.00376885 
0.00760548 -0.00396489 
0.00781169 -0.000137628 
0.0064968 -0.000978081 
0.00718098 -0.000429424 
0.00761172 -0.000252005 
0.00741761 -0.00035325 
0.00679367 -0.000839572 
0.00710299 -0.000696683 
0.00645762 -0.00265137 
0.00641757 -0.00224355 
0.00708861 -0.0030132 
0.00679845 -0.00283199 
0.00640605 -0.00182832 
0.00645177 -0.00139371 
0.00729762 -0.0031524 
0.00738669 -0.00339212 
0.0075589 -0.0035914 
0.00776288 -0.00363469 
0.00781169 -0.00386237 
0.00777603 -0.000335098 
0.00797708 -0.000297877 
0.00683325 -0.00123942 
0.00736834 -0.000591647 
0.0076213 -0.00049026 
0.00707017 -0.000979989 
0.00732749 -0.00084151 
0.00669706 -0.00203845 
0.00735946 -0.00292798 
0.00682278 -0.002403 
0.00713203 -0.00269233 
0.00681187 -0.00167453 
0.00753316 -0.00314405 
0.00761478 -0.00290633 
0.00769421 -0.00339021 
0.00790124 -0.00351109 
0.00797708 -0.00370212 
0.00786145 -0.000499317 
0.00808579 -0.0005 
0.00707648 -0.00145868 
0.00714595 -0.00122895 
0.00755966 -0.000738756 
0.00775434 -0.000661758 
0.00734825 -0.0010968 
0.00751556 -0.000945185 
0.00703357 -0.0020366 
0.0074436 -0.00264945 
0.00724188 -0.00235093 
0.00721353 -0.00173412 
0.00771905 -0.00265956 
0.00777568 -0.00313451 
0.00785774 -0.00292244 
0.00794089 -0.00332357 
0.00808579 -0.0035 
-0.002 0.012 
-0.002 0.013 
-0.002 0.014 
0.00795549 -0.000710591 
0.00817599 -0.000704985 
0.0073778 -0.00141639 
0.00777092 -0.000902179 
0.0076205 -0.00117213 
0.00785912 -0.00243577 
0.00744103 -0.00205789 
0.00759531 -0.00235898 
0.00762747 -0.00178652 
0.00806281 -0.0023267 
0.00797522 -0.00271762 
0.0081199 -0.00255677 
0.00801525 -0.0031206 
0.00807608 -0.00293194 
0.00817599 -0.00329501 
-0.002 0.011 
-0.00124143 0.0132513 
-0.00128164 0.0115708 
-0.00127557 0.0124333 
-0.000555608 0.013427 
-0.000921392 0.014 
0.00806646 -0.000937316 
0.00830795 -0.000910505 
0.0077725 -0.00147206 
0.00793795 -0.00120022 
0.00785853 -0.00209342 
0.00791292 -0.00175128 
0.00817566 -0.00213825 
0.00827281 -0.00241117 
0.00822422 -0.00280953 
0.00832523 -0.00263984 
0.00830795 -0.00308949 
-0.00124311 0.0107347 
-0.002 0.01 
-0.000604406 0.0127682 
-0.00061056 0.0112075 
-0.000618346 0.0119875 
0 0.0132 
0 0.014 
0.008242 -0.00118772 
0.00849713 -0.00111546 
0.00815532 -0.00152989 
0.0081508 -0.00187452 
0.00843718 -0.00227552 
0.00837755 -0.00204444 
0.00851208 -0.00253719 
0.00849713 -0.00288454 
-0.000550668 0.0105713 
-0.000921392 0.01 
0 0.0124 
0 0.0108 
0 0.0116 
0.000603654 0.0127466 
0.000541724 0.0134083 
0.000867579 0.014 
0.00848718 -0.00143292 
0.00875526 -0.00130206 
0.00864634 -0.00239224 
0.00850313 -0.00180249 
0.00862447 -0.00213082 
0.00875526 -0.00269794 
0 0.01 
0.000629777 0.0119723 
0.000734923 0.0104183 
0.000687351 0.0112126 
0.00114404 0.0123608 
0.00134125 0.0131697 
0.00185435 0.014 
0.00882023 -0.00163686 
0.00909048 -0.00144302 
0.0088929 -0.00231502 
0.00888907 -0.00195488 
0.00909048 -0.00255698 
2.2188e-05 0.00911248 
7.72538e-05 0.00690985 
4.80239e-05 0.00807905 
0.00010794 0.00568238 
0.000815353 0.00951301 
0.00150156 0.00996485 
0.00136693 0.0116744 
0.00143793 0.0108388 
0.00195828 0.0123682 
0.00244655 0.0131442 
0.0029752 0.014 
0.00922735 -0.00177222 
0.0095 -0.0015 
0.0093092 -0.00216218 
0.0095 -0.0025 
0.000895667 0.00853934 
0.00105543 0.00633748 
0.000969523 0.00745882 
0.000169313 0.00322746 
0.000138627 0.00445492 
0.00107589 0.00515104 
0.00167494 0.00906299 
0.0023456 0.00966197 
0.00208688 0.0104033 
0.00234423 0.0112936 
0.00296686 0.0122239 
0.00358492 0.0130829 
0.00417833 0.014 
0.00994784 -0.0015 
0.00974894 -0.00188688 
0.0097454 -0.00223753 
0.00994784 -0.0025 
0.000995137 0.00279812 
0.0002 0.002 
0.00185167 0.00800358 
0.0020495 0.00585123 
0.0019769 0.00691349 
0.00121999 0.00386035 
0.00213532 0.00478227 
0.00263981 0.00869521 
0.00332257 0.00939136 
0.00300692 0.0103725 
0.00358621 0.0111743 
0.00416283 0.0120901 
0.00477973 0.0130395 
0.00539185 0.014 
0.0102171 -0.00176624 
0.010437 -0.0015 
0.0102379 -0.00211345 
0.010437 -0.0025 
0.00199443 0.00290056 
0.00139471 0.002 
0.00304892 0.00752621 
0.00291518 0.00542521 
0.00299104 0.00642028 
0.00258903 0.00380274 
0.00296232 0.00460307 
0.00362333 0.00850431 
0.00407704 0.00776746 
0.00413598 0.00905105 
0.00418629 0.0100667 
0.00479797 0.0111004 
0.00539256 0.0120699 
0.00599463 0.0130307 
0.00660536 0.014 
0.011 -0.0015 
0.0107326 -0.00186898 
0.010724 -0.00221456 
0.011 -0.0025 
0.00317832 0.00294213 
0.00258942 0.002 
0.00361242 0.00494369 
0.00398414 0.00692412 
0.00397019 0.00586273 
0.00373018 0.00400259 
0.00483462 0.00746854 
0.00455453 0.00836046 
0.00499408 0.00923188 
0.00546575 0.0101554 
0.00602813 0.0111209 
0.00661322 0.0120774 
0.00721178 0.0130368 
0.00781888 0.014 
0.011563 -0.0015 
0.0113259 -0.00181707 
0.0111866 -0.00217155 
0.011563 -0.0025 
0.00436104 0.00296641 
0.00378413 0.002 
0.00447765 0.0048486 
0.00496434 0.00652586 
0.00500909 0.00559051 
0.00578115 0.00707183 
0.00493049 0.00391147 
0.00564342 0.00816589 
0.00647525 0.00756752 
0.00612325 0.00922297 
0.0066648 0.0101895 
0.00723718 0.0111382 
0.00782492 0.0120861 
0.0084256 0.0130418 
0.00903239 0.014 
0.0117929 -0.00176269 
0.0120522 -0.0015 
0.0117713 -0.00213671 
0.0120522 -0.0025 
0.00556002 0.00295277 
0.00497883 0.002 
0.00556345 0.00486721 
0.00601253 0.00593317 
0.00675674 0.00677002 
0.00614362 0.00390781 
0.00670522 0.00835237 
0.00738193 0.00758883 
0.00727894 0.00928538 
0.00785733 0.010218 
0.00844215 0.0111523 
0.00903576 0.0120945 
0.0096377 0.0130446 
0.0102459 0.014 
0.0125 -0.0015 
0.0122512 -0.00185833 
0.0126586 -0.00174618 
0.0122617 -0.00223303 
0.0125 -0.0025 
0.00675656 0.00294903 
0.00617354 0.002 
0.00671176 0.0048735 
0.00729296 0.00580366 
0.00792788 0.00668796 
0.00733945 0.00389291 
0.00785574 0.00841147 
0.00851094 0.00755111 
0.00846729 0.0093179 
0.00905773 0.0102349 
0.00964885 0.0111615 
0.0102459 0.0120989 
0.01085 0.0130459 
0.0114594 0.014 
0.0129095 -0.00144302 
0.0129099 -0.0017981 
0.012722 -0.00212967 
0.0129095 -0.00255698 
0.0132447 -0.00130206 
0.00795394 0.00294206 
0.00736825 0.002 
0.00791797 0.00483756 
0.00850995 0.00576076 
0.00911396 0.00665239 
0.00854052 0.00388191 
0.00970208 0.0075388 
0.00908285 0.00843067 
0.0096726 0.00933118 
0.0102633 0.010243 
0.0108573 0.0111659 
0.011457 0.0121006 
0.0120626 0.0130462 
0.0126729 0.014 
0.0135029 -0.00111546 
0.013692 -0.000910505 
0.0139142 -0.0005 
0.013824 -0.000704985 
0.0131078 -0.00164588 
0.0131292 -0.00199815 
0.0131559 -0.00234657 
0.0132447 -0.00269794 
0.0135029 -0.00288454 
0.013692 -0.00308949 
0.013824 -0.00329501 
0.0139142 -0.0035 
0.0133461 -0.00158355 
0.013464 -0.00143052 
0.00914995 0.00294179 
0.00856296 0.002 
0.0091261 0.00481933 
0.00971946 0.00573602 
0.0103127 0.0066371 
0.00973844 0.00388109 
0.0109026 0.00753348 
0.0102884 0.00843354 
0.0108783 0.00933551 
0.0114706 0.0102459 
0.0120671 0.0111669 
0.0126688 0.0121003 
0.0132757 0.0130457 
0.0138864 0.014 
0.0140229 -0.000297877 
0.0141883 -0.000137628 
0.0140903 -0.000480705 
0.0140229 -0.00370212 
0.0141283 -0.00346957 
0.0136408 -0.00135701 
0.0137261 -0.00121339 
0.0138716 -0.00110379 
0.0139269 -0.00093369 
0.0140543 -0.000631311 
0.0140394 -0.000810499 
0.013362 -0.00184952 
0.0134098 -0.0021699 
0.0135199 -0.00252676 
0.0137643 -0.00279312 
0.0139295 -0.00305505 
0.0140335 -0.00327725 
0.0135518 -0.00168979 
0.0136643 -0.00152743 
0.0143945 -3.51138e-05 
0.0103466 0.00294227 
0.00975767 0.002 
0.0103295 0.004811 
0.0109225 0.00572671 
0.0115146 0.00663135 
0.010938 0.00388015 
0.0121061 0.00753184 
0.0114927 0.00843352 
0.0120842 0.00933623 
0.0126786 0.0102455 
0.0132772 0.0111654 
0.0138807 0.0120984 
0.0144888 0.0130445 
0.0151 0.014 
0.0141883 -0.00386237 
0.0142223 -0.000364072 
0.0143571 -0.000241108 
0.0142399 -0.00057441 
0.0142476 -0.00362824 
0.0143007 -0.00345203 
0.0142404 -0.00329059 
0.0138311 -0.00143719 
0.013948 -0.00128924 
0.0140136 -0.00111164 
0.0141524 -0.000996907 
0.0142165 -0.000781566 
0.0136311 -0.0019955 
0.0136853 -0.00227875 
0.0138768 -0.00251652 
0.0140459 -0.00279877 
0.0141634 -0.00305773 
0.013834 -0.00172261 
0.014538 -0.00022291 
0.0146213 0 
0.0115439 0.0029428 
0.0109524 0.002 
0.0115315 0.00480817 
0.0121253 0.00572428 
0.012718 0.00663105 
0.0121383 0.0038803 
0.0133103 0.00753287 
0.0126973 0.00843307 
0.0132899 0.00933468 
0.0138859 0.0102423 
0.0144866 0.0111613 
0.0150921 0.0120948 
0.0157014 0.0130422 
0.0163135 0.014 
0.0143945 -0.00396489 
0.0144014 -0.00374732 
0.0144479 -0.000443424 
0.0144213 -0.000724832 
0.0144376 -0.00354148 
0.0144468 -0.00333306 
0.0144073 -0.00309783 
0.0140649 -0.00151221 
0.0142274 -0.00125213 
0.0143795 -0.000988973 
0.0139787 -0.00214741 
0.0142037 -0.0025035 
0.0143337 -0.00281986 
0.0142145 -0.00184799 
0.0146436 -0.000391358 
0.0147634 -0.000226455 
0.0148611 0 
0.012742 0.00294323 
0.0121471 0.002 
0.0127344 0.00480867 
0.0133296 0.00572712 
0.0139221 0.00663633 
0.0133406 0.00388147 
0.0145133 0.00753539 
0.0139008 0.00843201 
0.0144935 0.00933004 
0.0150909 0.0102351 
0.0156944 0.0111536 
0.0163025 0.0120886 
0.0169133 0.0130385 
0.017527 0.014 
0.0145504 -0.00383323 
0.0146213 -0.004 
0.0145897 -0.00365376 
0.0146364 -0.000607653 
0.014619 -0.000900131 
0.0146396 -0.00343445 
0.0146531 -0.00318168 
0.0146284 -0.00289182 
0.0144217 -0.0015606 
0.0146482 -0.00122727 
0.0144009 -0.00221825 
0.0145536 -0.00256742 
0.0145922 -0.00191816 
0.0148323 -0.00045635 
0.014999 -0.000243376 
0.0151379 0 
0.0139414 0.00294331 
0.0133418 0.002 
0.0139407 0.00481361 
0.0145363 0.00573899 
0.0151251 0.00665126 
0.0145472 0.00388464 
0.0157133 0.00754042 
0.0151007 0.00842883 
0.0156923 0.00931919 
0.0162926 0.0102216 
0.0169011 0.0111411 
0.0175126 0.0120794 
0.0181229 0.0130318 
0.0187405 0.014 
0.0147394 -0.0038136 
0.0148598 -0.004 
0.0148263 -0.00357958 
0.0148576 -0.000731624 
0.0148359 -0.000977792 
0.014884 -0.00331712 
0.0149127 -0.00301581 
0.0149593 -0.00115185 
0.0149095 -0.00266707 
0.0147835 -0.00160514 
0.0149593 -0.00138154 
0.0148486 -0.00224875 
0.0149231 -0.00188966 
0.0150936 -0.000537635 
0.0152984 -0.00027926 
0.0154588 0 
0.0151412 0.00294156 
0.0145365 0.002 
0.0151565 0.00482824 
0.0157437 0.00577205 
0.016322 0.0066844 
0.0157633 0.00388979 
0.0174502 0.00674342 
0.0169026 0.00754678 
0.0162909 0.00841885 
0.0168827 0.00929743 
0.017493 0.0101983 
0.0181093 0.0111228 
0.0187249 0.0120684 
0.0193397 0.0130297 
0.019954 0.014 
0.0149917 -0.00377178 
0.015135 -0.004 
0.0150965 -0.00349987 
0.0151282 -0.000910185 
0.0151726 -0.0031901 
0.0152171 -0.00284011 
0.015228 -0.00125409 
0.0152307 -0.00244953 
0.0151677 -0.00163306 
0.0152236 -0.00204872 
0.0154118 -0.000628718 
0.0156399 -0.000319324 
0.0158311 0 
0.016328 0.00292701 
0.0157312 0.002 
0.0164078 0.00486496 
0.0169147 0.00586315 
0.0169995 0.00388925 
0.0178682 0.00604001 
0.0184132 0.00662142 
0.0179527 0.00748409 
0.0174535 0.00838396 
0.018071 0.00925626 
0.0186988 0.0101632 
0.0193221 0.0111002 
0.0199399 0.0120573 
0.0205548 0.0130255 
0.0211675 0.014 
0.0152879 -0.00372779 
0.0154539 -0.004 
0.0154142 -0.00341213 
0.0155029 -0.00100736 
0.0155086 -0.00305561 
0.015568 -0.00266291 
0.0155491 -0.00142764 
0.0155919 -0.00224669 
0.0155796 -0.00182462 
0.0157858 -0.000706747 
0.0160449 -0.000366056 
0.0162628 0 
0.0175212 0.00291427 
0.0169259 0.002 
0.0177435 0.0049826 
0.0181604 0.00381609 
0.0186759 0.00566219 
0.0193733 0.00636056 
0.0190593 0.00734994 
0.0186193 0.00830831 
0.0192778 0.00919103 
0.0199173 0.0101196 
0.0205394 0.0110787 
0.0211563 0.0120481 
0.0217699 0.0130224 
0.022381 0.014 
0.0156331 -0.00368154 
0.0158236 -0.004 
0.0157823 -0.00331736 
0.0158916 -0.00112805 
0.0158948 -0.00291181 
0.0159645 -0.00247398 
0.0159599 -0.00157164 
0.0159849 -0.00202043 
0.0162127 -0.000795877 
0.0165093 -0.000417429 
0.0167634 0 
0.0186181 0.00285326 
0.0180951 0.002 
0.0188801 0.00463583 
0.0192073 0.00365939 
0.0196136 0.00535934 
0.0203347 0.00605633 
0.0201631 0.00712804 
0.0198356 0.00819703 
0.0205237 0.00910431 
0.0211403 0.010085 
0.0217588 0.0110662 
0.0223729 0.012043 
0.0229849 0.0130208 
0.0235946 0.014 
0.0160326 -0.00363095 
0.0162519 -0.004 
0.0162068 -0.00321242 
0.0163389 -0.00125902 
0.0163357 -0.00275013 
0.0164066 -0.00225576 
0.0164062 -0.00175042 
0.0167052 -0.000898324 
0.0170464 -0.000477032 
0.017344 0 
0.0196034 0.00278037 
0.0191357 0.002 
0.0198508 0.00440181 
0.0201358 0.00350321 
0.0205177 0.00508836 
0.0212032 0.00570272 
0.0211376 0.00669907 
0.0211463 0.00793019 
0.0217445 0.00906833 
0.0223669 0.0100815 
0.0229766 0.0110623 
0.0235887 0.0120406 
0.0242 0.01302 
0.0248081 0.014 
0.016495 -0.00357406 
0.0167484 -0.004 
0.0166968 -0.00309169 
0.0168423 -0.00141837 
0.0168445 -0.00255513 
0.0169017 -0.00198622 
0.0172764 -0.00102466 
0.0176727 -0.000540686 
0.0180174 0 
0.0204331 0.00267271 
0.02 0.002 
0.020743 0.00418536 
0.0209731 0.00333424 
0.0211006 0.00264189 
0.0219735 0.00615945 
0.0213613 0.00482485 
0.021894 0.00538824 
0.0220635 0.00711098 
0.0226768 0.00648439 
0.022381 0.00814292 
0.022963 0.0091195 
0.0235794 0.0100838 
0.0241921 0.0110597 
0.0248039 0.0120391 
0.0254137 0.0130196 
0.0260216 0.014 
0.017032 -0.00350925 
0.0173237 -0.004 
0.0172649 -0.00295036 
0.0174396 -0.00163442 
0.0174407 -0.00232123 
0.0179523 -0.00117913 
0.0183775 -0.000596811 
0.0187779 0 
0.021574 0.00222011 
0.0207689 0.00184631 
0.0216114 0.00396814 
0.0218095 0.00305057 
0.0221891 0.00247537 
0.0227886 0.00557119 
0.022268 0.00466162 
0.0230583 0.00723523 
0.0234985 0.00634081 
0.023786 0.00550809 
0.0235822 0.00815809 
0.0241827 0.00910344 
0.0247947 0.0100765 
0.0254079 0.0110568 
0.0260193 0.0120385 
0.0266279 0.0130195 
0.0272351 0.014 
0.0176628 -0.00343936 
0.0179905 -0.004 
0.0179768 -0.00278633 
0.0181859 -0.00195768 
0.0186848 -0.00125739 
0.0191588 -0.000604971 
0.0195817 0 
0.0221282 0.00192439 
0.021415 0.00141344 
0.0225295 0.00376163 
0.0227014 0.00297844 
0.0227 0.00225551 
0.0246135 0.00546404 
0.0234234 0.00445567 
0.0243144 0.00485452 
0.0241562 0.00721407 
0.0244374 0.00623513 
0.0252745 0.00582645 
0.0247811 0.00809859 
0.0253959 0.00908411 
0.0260101 0.0100715 
0.0266245 0.0110562 
0.0272347 0.0120387 
0.0278418 0.0130196 
0.0284486 0.014 
0.0183895 -0.00336679 
0.0187568 -0.004 
0.0187418 -0.0026453 
0.0190821 -0.00190333 
0.0195176 -0.00122996 
0.0199548 -0.000640964 
0.0203904 0 
0.0226443 0.00173722 
0.0222371 0.00134636 
0.0218471 0.000766851 
0.0234468 0.00344579 
0.023351 0.0025659 
0.0231791 0.00185175 
0.0258957 0.00543157 
0.0252119 0.00486564 
0.0245142 0.00394426 
0.0265848 0.00547497 
0.0253387 0.0069792 
0.0261121 0.00620301 
0.0259935 0.00808858 
0.0266108 0.00908385 
0.0272262 0.0100716 
0.0278409 0.0110574 
0.0284486 0.0120394 
0.0290553 0.01302 
0.0296621 0.014 
0.0192155 -0.00329885 
0.0196188 -0.004 
0.0196185 -0.00257979 
0.0197971 -0.00183236 
0.0203137 -0.001328 
0.0207692 -0.000687771 
0.0211992 0 
0.0228749 0.00130131 
0.0225132 0.000934953 
0.022449 0.000470244 
0.022 0 
0.0242279 0.00283475 
0.0239165 0.00199382 
0.0235869 0.00128812 
0.0261227 0.00474663 
0.0255822 0.00393302 
0.0251785 0.00304402 
0.0269252 0.00471319 
0.027366 0.00545811 
0.0270173 0.00631639 
0.0266243 0.00718772 
0.0277973 0.00604175 
0.02721 0.00809801 
0.0278226 0.0090888 
0.028442 0.0100757 
0.0290553 0.0110608 
0.0296621 0.0120407 
0.0302689 0.0130205 
0.0308757 0.014 
0.0201673 -0.00320124 
0.0205749 -0.004 
0.0205617 -0.00224552 
0.0211608 -0.0014581 
0.0215961 -0.000699557 
0.023089 0.000649419 
0.0227958 0 
0.0224073 -0.000642784 
0.0247559 0.00215204 
0.0243781 0.00135006 
0.0239409 0.000647899 
0.026461 0.00392047 
0.0260135 0.0030847 
0.0255993 0.00221818 
0.0277355 0.00474515 
0.0272819 0.00393505 
0.0281877 0.0054943 
0.0284422 0.00483258 
0.0278022 0.00703242 
0.028586 0.00628333 
0.0284066 0.00810671 
0.0290393 0.00909643 
0.0296595 0.0100815 
0.0302687 0.011062 
0.0308758 0.0120417 
0.0314824 0.0130209 
0.0320892 0.014 
0.0211491 -0.00315178 
0.0216354 -0.004 
0.0216865 -0.00232398 
0.0220352 -0.00143024 
0.0235974 0 
0.0232017 -0.000646568 
0.0228136 -0.00118863 
0.0251898 0.00142826 
0.0247869 0.000684953 
0.0244042 0 
0.0268405 0.00311025 
0.0264201 0.0022846 
0.0260102 0.00148217 
0.0282157 0.00398502 
0.0276336 0.00312891 
0.0289944 0.00442775 
0.0290667 0.00532945 
0.0289731 0.00719256 
0.0295955 0.00622905 
0.0296059 0.00814107 
0.0302615 0.00910565 
0.0308761 0.0100835 
0.0314833 0.011064 
0.0320894 0.012043 
0.0326958 0.0130215 
0.0333027 0.014 
0.0222615 -0.00311417 
0.0227918 -0.004 
0.0228305 -0.00210399 
0.0240099 -0.000668183 
0.0235821 -0.00139177 
0.0256071 0.000720921 
0.0252132 0 
0.0248212 -0.000624884 
0.0272332 0.00230829 
0.0268255 0.00151186 
0.0264212 0.000741042 
0.0289333 0.00366652 
0.0284415 0.0030456 
0.0280425 0.00229938 
0.0296229 0.00469654 
0.0296421 0.00385591 
0.0300383 0.00534258 
0.0302371 0.00712248 
0.0306684 0.00609372 
0.0308747 0.00810409 
0.0314861 0.00909748 
0.0320928 0.0100873 
0.0326972 0.0110674 
0.0333024 0.0120446 
0.0339089 0.013022 
0.0345162 0.014 
0.0234289 -0.00308646 
0.0239927 -0.004 
0.0240055 -0.0021927 
0.0244718 -0.00134858 
0.0260222 0 
0.025615 -0.000626994 
0.0252166 -0.00115257 
0.0276377 0.00152082 
0.0272329 0.000750887 
0.0268312 0 
0.0292971 0.0030313 
0.0288594 0.00227959 
0.0284495 0.00151714 
0.030036 0.003038 
0.0303339 0.00447649 
0.0304033 0.00368852 
0.0309871 0.00505869 
0.0316415 0.00578058 
0.0315719 0.00695421 
0.032112 0.00810338 
0.032708 0.00911541 
0.0333064 0.0100972 
0.033909 0.0110717 
0.0345145 0.0120463 
0.0351218 0.0130225 
0.0357297 0.014 
0.0246178 -0.00308602 
0.0251941 -0.004 
0.0324922 0.00621061 
0.0252151 -0.00203475 
0.0264258 -0.000658039 
0.0259737 -0.00134918 
0.0280437 0.000753447 
0.0276402 0 
0.0272463 -0.000631406 
0.0296655 0.0022757 
0.0292601 0.00151241 
0.0288541 0.000752448 
0.0304722 0.00228382 
0.0308978 0.00306679 
0.0312085 0.00401143 
0.0318442 0.00484118 
0.0323753 0.00543232 
0.0331207 0.00555547 
0.0327815 0.00718613 
0.0333337 0.0081686 
0.0339173 0.00913961 
0.0345149 0.0101062 
0.0351191 0.0110748 
0.0357264 0.0120473 
0.0363349 0.0130227 
0.0369432 0.014 
0.025804 -0.00307714 
0.0263954 -0.004 
0.0334622 0.00635496 
0.0263937 -0.00223716 
0.0268633 -0.00134444 
0.0276557 -0.00114042 
0.0284492 0 
0.0280464 -0.000634033 
0.0300684 0.00151297 
0.0296635 0.00075169 
0.0292582 0 
0.0308772 0.00151642 
0.0312885 0.00229634 
0.0317125 0.00311981 
0.0321964 0.0039149 
0.0327201 0.00475694 
0.0325106 0.00304024 
0.0336016 0.00476372 
0.0340719 0.00556626 
0.0339591 0.00726488 
0.0345242 0.00820287 
0.0351169 0.00915158 
0.0357211 0.0101094 
0.0363292 0.0110757 
0.0369388 0.0120476 
0.0375484 0.0130229 
0.0381567 0.014 
0.0270073 -0.00310438 
0.0275968 -0.004 
0.0345414 0.00638969 
0.0276281 -0.00206935 
0.0284216 -0.00137102 
0.0288655 -0.000661325 
0.030472 0.000752358 
0.0300672 0 
0.0296948 -0.000621564 
0.0312797 0.000752354 
0.0316832 0.00151349 
0.0320883 0.00227964 
0.0331794 0.00379599 
0.0332566 0.00288329 
0.0328542 0.00221248 
0.0340904 0.00407208 
0.0345729 0.00474839 
0.0350975 0.00554254 
0.0351118 0.00728704 
0.0357069 0.00820828 
0.0363177 0.00914961 
0.0369298 0.0101074 
0.037541 0.0110752 
0.0381521 0.0120478 
0.0387621 0.013023 
0.0393703 0.014 
0.0282207 -0.00308652 
0.0287982 -0.004 
0.0356722 0.00638481 
0.02883 -0.00219721 
0.0293226 -0.00134134 
0.0308762 0 
0.0304802 -0.000631729 
0.0300845 -0.00114477 
0.0316852 0 
0.0320855 0.000748816 
0.0324808 0.00149545 
0.0340841 0.00315142 
0.0336765 0.00223556 
0.0332829 0.00147786 
0.0350061 0.00380847 
0.0355672 0.00476586 
0.0361163 0.0055906 
0.0363967 0.00482245 
0.0362671 0.00727237 
0.0369041 0.00819009 
0.0375279 0.00913764 
0.0381421 0.010104 
0.0387545 0.0110754 
0.039366 0.0120483 
0.0399757 0.0130233 
0.0405838 0.014 
0.0294277 -0.00306875 
0.0299995 -0.004 
0.0367336 0.00634129 
0.0300628 -0.00204884 
0.0312924 -0.000661983 
0.0308464 -0.00135945 
0.032117 -0.000632786 
0.0324942 0 
0.032891 0.000742787 
0.0349362 0.00287314 
0.0344844 0.0022123 
0.0340962 0.00148045 
0.0336999 0.000737794 
0.0356783 0.00306489 
0.0362052 0.00398403 
0.0370443 0.00443458 
0.0371489 0.00536376 
0.0374742 0.00722371 
0.0381311 0.00815199 
0.0387431 0.00912712 
0.0393566 0.0101054 
0.0399687 0.0110772 
0.0405799 0.0120491 
0.0411892 0.0130235 
0.0417973 0.014 
0.0306475 -0.00307546 
0.0312009 -0.004 
0.0378596 0.00622809 
0.0312524 -0.00217949 
0.0317492 -0.00134793 
0.0324972 -0.00116642 
0.0329064 -0.000639815 
0.0333032 0 
0.0353613 0.00222672 
0.0349203 0.00148173 
0.034513 0.000738696 
0.0341122 0 
0.036146 0.0022566 
0.0365371 0.00304805 
0.0369914 0.00369358 
0.0377175 0.0047181 
0.0377461 0.00387425 
0.0381744 0.0054112 
0.0387487 0.0070605 
0.0393409 0.00815719 
0.0399598 0.00914087 
0.0405719 0.010111 
0.0411829 0.0110795 
0.0417934 0.01205 
0.0424025 0.0130239 
0.0430108 0.014 
0.0318388 -0.00308639 
0.0324023 -0.004 
0.038876 0.00596094 
0.0324739 -0.00205089 
0.0332902 -0.00137658 
0.0337168 -0.000667058 
0.0357396 0.0014919 
0.0353271 0.000742084 
0.0349212 0 
0.0345249 -0.000635241 
0.036544 0.00150188 
0.0369454 0.00226925 
0.0373521 0.00303424 
0.0384733 0.00450603 
0.0381292 0.00303755 
0.038515 0.00369564 
0.0391516 0.00501946 
0.0395898 0.00641812 
0.0399266 0.00726234 
0.0405681 0.00819267 
0.0411793 0.00915266 
0.0417865 0.0101155 
0.0423968 0.0110815 
0.0430067 0.0120507 
0.0436159 0.0130242 
0.0442243 0.014 
0.0330453 -0.0030709 
0.0336036 -0.004 
0.0398611 0.00563387 
0.033655 -0.00220361 
0.0341643 -0.00135071 
0.0361378 0.000745943 
0.0357302 0 
0.0353143 -0.000645627 
0.0349135 -0.0011731 
0.0369453 0.000748516 
0.0373476 0.00150643 
0.0377449 0.0022713 
0.0385434 0.00227518 
0.0393128 0.003956 
0.0389322 0.00304605 
0.0402119 0.00464872 
0.0401631 0.00369884 
0.0406474 0.00634638 
0.0412051 0.00724288 
0.0417966 0.00820004 
0.0423975 0.00915985 
0.043001 0.0101194 
0.0436101 0.0110829 
0.0442199 0.0120514 
0.0448294 0.0130245 
0.0454378 0.014 
0.034242 -0.00306466 
0.034805 -0.004 
0.0409837 0.00544689 
0.0412791 0.00463935 
0.0348852 -0.00204867 
0.0365392 0 
0.0361224 -0.000696242 
0.0356569 -0.00139165 
0.0373481 0 
0.0377519 0.000749741 
0.0381508 0.00150857 
0.0389555 0.00151083 
0.0393473 0.00228058 
0.0397229 0.00305769 
0.0409091 0.00391196 
0.0405956 0.00305723 
0.0418967 0.00620612 
0.0424328 0.00725442 
0.0466513 0.014 
0.0430183 0.00821247 
0.0436113 0.00916685 
0.0442144 0.0101234 
0.0448227 0.0110844 
0.0454331 0.0120521 
0.0460428 0.0130248 
0.0354172 -0.00308111 
0.0360064 -0.004 
0.042006 0.00520693 
0.0420876 0.00445298 
0.0427017 0.00557825 
0.0417307 0.00383003 
0.0359698 -0.00225263 
0.0369612 -0.000703357 
0.036538 -0.00143864 
0.0377676 -0.000648705 
0.0381571 0 
0.0385585 0.000750496 
0.0393663 0.000751122 
0.0397646 0.00151309 
0.0401647 0.00228485 
0.0413836 0.00307965 
0.0409815 0.00228988 
0.0425464 0.00383641 
0.0430311 0.00639156 
0.0436488 0.00727347 
0.0478649 0.014 
0.0472563 0.0130248 
0.0442292 0.00822591 
0.0448211 0.00917544 
0.0454246 0.0101269 
0.0460347 0.0110858 
0.0466463 0.0120527 
0.0365754 -0.0031105 
0.0372077 -0.004 
0.0428756 0.00475218 
0.0435801 0.00550295 
0.0443845 0.00535554 
0.0421783 0.00305982 
0.0371199 -0.00225242 
0.0373962 -0.0014108 
0.0381759 -0.00118469 
0.0385651 -0.000636031 
0.0389661 0 
0.0397751 0 
0.0401754 0.000751665 
0.0405761 0.00151518 
0.041784 0.0022905 
0.0413848 0.00151641 
0.0434036 0.00384362 
0.0429767 0.0030582 
0.0443299 0.00626454 
0.044853 0.00729327 
0.0490784 0.014 
0.0484705 0.0130249 
0.04786 0.012053 
0.045429 0.00824315 
0.0460249 0.00918324 
0.046633 0.0101296 
0.0472467 0.0110869 
0.0502919 0.014 
0.0377431 -0.00309516 
0.0384091 -0.004 
0.0440601 0.00463203 
0.0451522 0.00559374 
0.0448759 0.00493112 
0.04417 0.00370153 
0.0425853 0.00228559 
0.038219 -0.00208095 
0.0389253 -0.00136906 
0.0393682 -0.000673594 
0.0401861 -0.000646675 
0.0405841 0 
0.0409845 0.000752066 
0.0421902 0.00151572 
0.0417924 0.000752184 
0.0437595 0.0030433 
0.0433873 0.00228043 
0.0454516 0.00641829 
0.0461269 0.0056061 
0.0460311 0.00733657 
0.0496863 0.0130253 
0.049076 0.0120532 
0.0484605 0.0110873 
0.0466198 0.00825781 
0.0472255 0.0091875 
0.0478418 0.0101307 
0.0515054 0.014 
0.0509043 0.0130264 
0.0389274 -0.0031271 
0.0396105 -0.004 
0.0449976 0.00402142 
0.045656 0.00481692 
0.0446396 0.00305014 
0.0429954 0.00151363 
0.0394324 -0.00224209 
0.0397914 -0.001397 
0.0406063 -0.00117246 
0.0409928 -0.000637224 
0.0413931 0 
0.0425996 0.00075191 
0.0422021 0 
0.0442038 0.00227552 
0.0438035 0.00151052 
0.0454661 0.00306985 
0.0466646 0.00476295 
0.046631 0.00646061 
0.0472065 0.00558871 
0.0472039 0.00735243 
0.0502969 0.0120551 
0.0496794 0.0110878 
0.0490545 0.0101298 
0.0478074 0.00826098 
0.0484279 0.00918628 
0.0527189 0.014 
0.0521226 0.0130283 
0.0515242 0.0120575 
0.0539324 0.014 
0.0401232 -0.00309175 
0.0408118 -0.004 
0.04616 0.00380774 
0.0450201 0.00226608 
0.0434072 0.000751204 
0.0406282 -0.00209164 
0.041367 -0.00137179 
0.041795 -0.000676675 
0.0430111 0 
0.0426125 -0.000648773 
0.0446131 0.00150462 
0.0442155 0.000749225 
0.0462048 0.00288176 
0.0457843 0.00220654 
0.0470761 0.00400072 
0.0477563 0.00465559 
0.0477662 0.00646153 
0.0482955 0.00559357 
0.0483696 0.0073484 
0.0509101 0.0110895 
0.0502761 0.010128 
0.0496378 0.00917929 
0.0489998 0.00825227 
0.0533496 0.0130071 
0.0521672 0.0111079 
0.0527445 0.0120413 
0.0551459 0.014 
0.054596 0.0129791 
0.0563595 0.014 
0.0413291 -0.00308966 
0.0420132 -0.004 
0.0470024 0.00311924 
0.0454141 0.00148981 
0.0438201 0 
0.0418582 -0.0022547 
0.0422186 -0.00139955 
0.0434185 -0.000642441 
0.0430299 -0.00117397 
0.0450228 0.000745284 
0.0446291 0 
0.0466069 0.00222993 
0.0462161 0.00148019 
0.0477959 0.00365846 
0.0478241 0.00287812 
0.0484637 0.00405981 
0.0487924 0.00482539 
0.0488946 0.00645096 
0.0493575 0.00558543 
0.0495472 0.00732423 
0.0515165 0.0101331 
0.0508578 0.0091667 
0.0502091 0.00823114 
0.0539847 0.0119936 
0.052809 0.0101463 
0.0533878 0.0110481 
0.0557793 0.0129886 
0.0552808 0.011879 
0.0569174 0.0130142 
0.057573 0.014 
0.0587865 0.014 
0.0425343 -0.00308868 
0.0432146 -0.004 
0.0474075 0.0022138 
0.0458288 0.000740716 
0.0442219 -0.000676803 
0.0430537 -0.00209567 
0.0437944 -0.00137957 
0.0454381 0 
0.0450354 -0.000647411 
0.0470261 0.00147805 
0.0466366 0.00073818 
0.0482725 0.00223015 
0.0486422 0.00315107 
0.0492955 0.00395861 
0.0498346 0.0047231 
0.0500324 0.00639641 
0.0504539 0.00548612 
0.0507785 0.00727398 
0.0520807 0.0091719 
0.0514331 0.00820033 
0.0532408 0.00919252 
0.0545514 0.0110068 
0.0540698 0.00999252 
0.05543 0.0109469 
0.0563836 0.0120671 
0.0560427 0.0112807 
0.0572785 0.0121326 
0.0581306 0.0128968 
0.0592056 0.0131631 
0.06 0.014 
0.043737 -0.00309202 
0.0444159 -0.004 
0.0478433 0.00147299 
0.0462471 0 
0.0446337 -0.00139197 
0.0442731 -0.00227937 
0.0458396 -0.00064397 
0.0454524 -0.00117296 
0.0474462 0.00073413 
0.0470561 0 
0.0490984 0.00221563 
0.0486553 0.0014567 
0.0497771 0.00295433 
0.0502514 0.00388606 
0.050857 0.00459701 
0.0511625 0.00628643 
0.0515241 0.0053054 
0.0520425 0.00716174 
0.0526298 0.00820074 
0.0537706 0.0082438 
0.0541719 0.00903974 
0.055186 0.0101773 
0.0548484 0.00936804 
0.0561187 0.0103948 
0.0570003 0.0111158 
0.0581294 0.0116003 
0.0591107 0.0121347 
0.06 0.0127841 
0.0449361 -0.0030757 
0.0456173 -0.004 
0.0506677 0.00317064 
0.04984 0.00201726 
0.0482524 0.000725146 
0.0466484 -0.000673956 
0.0454695 -0.00206291 
0.0462164 -0.00136949 
0.0478651 0 
0.0474613 -0.000645252 
0.0494291 0.00139724 
0.049036 0.000699063 
0.0506408 0.00227608 
0.0511653 0.00374062 
0.0518327 0.00432629 
0.052189 0.00608748 
0.0526646 0.00662096 
0.0526538 0.00504671 
0.0532114 0.00723633 
0.0542658 0.00751648 
0.0549294 0.00840162 
0.0558849 0.00922896 
0.0570709 0.00981414 
0.0580532 0.0104028 
0.0590535 0.0109694 
0.06 0.0115681 
0.0461679 -0.00313066 
0.0468187 -0.004 
0.0514045 0.00285667 
0.0502682 0.00140531 
0.0486741 0 
0.0470656 -0.00138847 
0.0466891 -0.00226689 
0.0482635 -0.000643772 
0.047873 -0.00116504 
0.0498631 0.000700933 
0.0494831 0 
0.0514272 0.0020493 
0.0510259 0.00141081 
0.0520892 0.00332827 
0.0527066 0.00393975 
0.0532617 0.00608209 
0.0536258 0.00518743 
0.0534898 0.00436177 
0.0542124 0.00664329 
0.0551115 0.00722393 
0.0560141 0.00789819 
0.0570264 0.00854858 
0.0580377 0.00915927 
0.0590274 0.00975813 
0.06 0.0103522 
0.047342 -0.00308931 
0.04802 -0.004 
0.0521915 0.00229146 
0.0506703 0.000704093 
0.0490744 -0.000676873 
0.047893 -0.00207498 
0.0486331 -0.00137547 
0.0502921 0 
0.0498898 -0.000645859 
0.0518467 0.00141969 
0.0514716 0.000707526 
0.0529154 0.00288592 
0.052991 0.00207299 
0.0536426 0.00338397 
0.0542272 0.00570885 
0.0543086 0.00476691 
0.0543768 0.00386624 
0.0551498 0.0061551 
0.0560907 0.00669046 
0.0570417 0.00729554 
0.058028 0.00790492 
0.0590203 0.00852885 
0.06 0.00913629 
0.048557 -0.00308322 
0.0492214 -0.004 
0.0526201 0.00142497 
0.0511011 0 
0.0494985 -0.0013934 
0.0491185 -0.00226351 
0.0506918 -0.000642835 
0.0502991 -0.00116205 
0.0522746 0.000711286 
0.0519101 0 
0.0537847 0.00232037 
0.053437 0.00144634 
0.054583 0.00292876 
0.0551813 0.00513949 
0.0549509 0.00433765 
0.0552599 0.0035152 
0.0560702 0.00552642 
0.0570512 0.00607732 
0.0580225 0.00665217 
0.0590155 0.00729643 
0.06 0.00792036 
0.0497474 -0.0030715 
0.0504228 -0.004 
0.0546704 0.00209909 
0.0530789 0.000716529 
0.0515079 -0.000672801 
0.0503194 -0.0020899 
0.051061 -0.0013763 
0.052719 0 
0.0523254 -0.000641608 
0.0542538 0.00142557 
0.0538934 0.000717651 
0.0554798 0.00241145 
0.0559529 0.00439064 
0.0562177 0.00315892 
0.0570457 0.00488311 
0.0580365 0.00541625 
0.0590156 0.00606667 
0.06 0.00670443 
0.0509704 -0.0030887 
0.0516241 -0.004 
0.055161 0.00146549 
0.053528 0 
0.0519579 -0.00137605 
0.0515411 -0.00227385 
0.0531244 -0.000634995 
0.0527324 -0.00116525 
0.0547255 0.000717796 
0.054337 0 
0.0559879 0.00150637 
0.0564784 0.00220637 
0.0571071 0.00370893 
0.0570178 0.00279369 
0.058047 0.00418577 
0.0590189 0.00484221 
0.06 0.00548851 
0.0521676 -0.00309696 
0.0528255 -0.004 
0.0555603 0.000735063 
0.0539543 -0.000664843 
0.0527423 -0.00202811 
0.0534874 -0.00133827 
0.055146 0 
0.0547694 -0.000580878 
0.0568511 0.00141161 
0.0563864 0.000720913 
0.0574068 0.00206533 
0.0579585 0.00295854 
0.0590117 0.00363442 
0.06 0.00427258 
0.0533866 -0.00305729 
0.0540269 -0.004 
0.0576482 0.00130511 
0.055955 0 
0.0543761 -0.00133119 
0.0539673 -0.00217361 
0.055554 -0.000610846 
0.0551652 -0.00111827 
0.0571999 0.000672434 
0.056764 0 
0.0582952 0.00191866 
0.0590423 0.00250942 
0.06 0.00305665 
0.0583518 0.00115557 
0.0545898 -0.00304503 
0.0552282 -0.004 
0.0579783 0.000618113 
0.0563703 -0.000644495 
0.0551744 -0.00202771 
0.0559165 -0.00132529 
0.057573 0 
0.0572052 -0.000614227 
0.0591508 0.00137582 
0.06 0.00189996 
0.0587445 0.000619929 
0.0558013 -0.0030463 
0.0564296 -0.004 
0.058382 0 
0.0568272 -0.00131661 
0.0563867 -0.00216452 
0.0579816 -0.000613171 
0.0575904 -0.00111672 
0.0594132 0.000570073 
0.06 0.000878516 
0.059191 0 
0.0569989 -0.00304052 
0.0576309 -0.004 
0.0587991 -0.000642105 
0.0575977 -0.00201712 
0.0583401 -0.00130847 
0.06 0 
0.0596309 -0.000610618 
0.0582128 -0.00303928 
0.0588323 -0.004 
0.0608 0 
0.0592655 -0.0013228 
0.0588051 -0.00213917 
0.0604072 -0.000617915 
0.0600194 -0.00112186 
0.0616 0 
0.0594116 -0.00303885 
0.0600337 -0.004 
0.0612108 -0.000647288 
0.0600147 -0.00202751 
0.0607716 -0.00133773 
0.0624 0 
0.0620274 -0.000610664 
0.0606206 -0.00304865 
0.061235 -0.004 
0.0632 0 
0.0616587 -0.00131742 
0.0612119 -0.0021844 
0.0627974 -0.000609079 
0.0623967 -0.00109448 
0.064 0 
0.0618168 -0.00304112 
0.0624364 -0.004 
0.0636083 -0.000639313 
0.0624115 -0.00201673 
0.0631521 -0.00131002 
0.0644296 -0.00059268 
0.0648 0 
0.0630254 -0.00304409 
0.0636378 -0.004 
0.0640679 -0.00132466 
0.0636318 -0.00216966 
0.06482 -0.00111039 
0.0652052 -0.000608965 
0.0656 0 
0.0664 0 
0.0642182 -0.00303704 
0.0648391 -0.004 
0.0648183 -0.00202337 
0.0655579 -0.00133214 
0.0660102 -0.000639177 
0.0668242 -0.000592343 
0.0672 0 
0.0654241 -0.00304149 
0.0660405 -0.004 
0.066008 -0.00214822 
0.066463 -0.00131599 
0.0672061 -0.00109069 
0.0676004 -0.000602588 
0.068 0 
0.0688 0 
0.0666204 -0.00304004 
0.0672419 -0.004 
0.0672177 -0.00200858 
0.0679679 -0.00129582 
0.0684117 -0.000635305 
0.0692308 -0.00059981 
0.0696 0 
0.0678314 -0.00303801 
0.0684432 -0.004 
0.0684271 -0.00213129 
0.0688713 -0.00131361 
0.0696162 -0.00110361 
0.0700039 -0.000607132 
0.0704 0 
0.0712 0 
0.0690343 -0.00303684 
0.0696446 -0.004 
0.0696246 -0.00201022 
0.0703649 -0.00130561 
0.0708129 -0.000637151 
0.072 0 
0.07164 -0.000593158 
0.0702352 -0.00303926 
0.070846 -0.004 
0.0708231 -0.0021413 
0.0712686 -0.00131701 
0.0728 0 
0.0724109 -0.000611308 
0.0720223 -0.00110499 
0.0736 0 
0.071435 -0.00304067 
0.0720473 -0.004 
0.0720228 -0.00201893 
0.0732123 -0.000654907 
0.0727833 -0.00132161 
0.0744 0 
0.0740266 -0.000589957 
0.0726358 -0.00304454 
0.0732487 -0.004 
0.0732299 -0.00217007 
0.0736574 -0.00132904 
0.0752 0 
0.0748021 -0.000617208 
0.0744158 -0.00112237 
0.0738276 -0.0030367 
0.0744501 -0.004 
0.076 0 
0.0744238 -0.00201509 
0.0755985 -0.000650786 
0.0751594 -0.0013397 
0.0764046 -0.000617459 
0.0750289 -0.00305387 
0.0756514 -0.004 
0.0768 0 
0.0756121 -0.00220204 
0.076062 -0.0013376 
0.0771895 -0.000611935 
0.0767774 -0.00110444 
0.0762225 -0.0030611 
0.0768528 -0.004 
0.0776 0 
0.0780082 -0.000640538 
0.0768082 -0.00202991 
0.077547 -0.00130918 
0.0774277 -0.00304658 
0.0780542 -0.004 
0.0788365 -0.000608494 
0.0784 0 
0.0784758 -0.00131362 
0.0780058 -0.00215179 
0.0792235 -0.00110906 
0.0786227 -0.00303667 
0.0792555 -0.004 
0.0796096 -0.000615154 
0.0792 0 
0.0792231 -0.00201457 
0.0799819 -0.00132564 
0.0798336 -0.00304443 
0.0804569 -0.004 
0.0804155 -0.000647726 
0.08 0 
0.0808699 -0.00133345 
0.0804189 -0.00217636 
0.0810242 -0.00303897 
0.0816583 -0.004 
0.0816175 -0.00111259 
0.0812295 -0.000613025 
0.0808 0 
0.0816187 -0.00201818 
0.0822312 -0.00305506 
0.0828596 -0.004 
0.0823599 -0.00133106 
0.0820015 -0.00061924 
0.0816 0 
0.0840609 -0.004 
0.0828061 -0.00219507 
0.0834205 -0.00307817 
0.0832416 -0.00136381 
0.0828023 -0.000658762 
0.0824 0 
0.0871573 -0.004 
0.0852 -0.004 
0.0862285 -0.004 
0.0845737 -0.00315293 
0.0839914 -0.00206595 
0.0840117 -0.0011629 
0.0836096 -0.000639604 
0.0832 0 
0.0874213 -0.00346381 
0.088 -0.004 
0.0866348 -0.00332183 
0.0856887 -0.00318057 
0.0851812 -0.00233784 
0.0847251 -0.00141561 
0.0843996 -0.000653851 
0.084 0 
0.0872646 -0.00279661 
0.088 -0.0032 
0.0863152 -0.00218918 
0.0855865 -0.00152402 
0.0851803 -0.000749115 
0.0848 0 
0.0873036 -0.00201668 
0.088 -0.0024 
0.0862838 -0.00132265 
0.0868384 -0.00150059 
0.0859277 -0.000733398 
0.0856 0 
0.0874204 -0.00121272 
0.088 -0.0016 
0.0867996 -0.000730289 
0.0864 0 
0.0874842 -0.000547748 
0.088 -0.0008 
0.0872 0 
0.088 0 
