429	4
9023.29	27806.4	1.05876e+07	0	
13106.7	21025.4	5.58556e+06	0	
1013.34	30.5309	56004.5	0	
492.174	15.951	28594	0	
468.903	14.2916	30844.9	0	
399.689	256.098	105603	0	
915.764	71.2922	68127.4	0	
559.455	35.8082	53082.8	0	
355.075	17.1125	26270.5	0	
561.561	19.2318	38334	0	
881.789	324.413	54580.1	0	
893.232	64.5902	74007.6	0	
317.729	15.4851	31355.7	0	
587.873	39.7888	79032.3	0	
516.261	20.2702	34875.6	0	
478.444	19.7074	46939.9	0	
844.684	16.9575	34126.5	0	
489.579	32.5374	58920.5	0	
765.076	32.8111	37982.8	0	
382.216	31.1969	39071.7	0	
1026.74	55.2964	107114	0	
495.305	20.4408	43301.5	0	
539.452	24.5102	65897.5	0	
445.589	30.3956	46395.5	0	
555.025	31.0696	74598.2	0	
766.504	958.05	75507.4	0	
17761.2	4336.98	7.24333e+06	0	
445.794	30.9616	52374.7	0	
935.645	109.916	156002	0	
2557.68	2571.04	363175	0	
971.818	55.9899	87280.3	0	
662.29	86.2873	51676.4	0	
466.991	23.9547	47627.9	0	
717.37	102.392	55755.6	0	
623.705	41.5494	75891.5	0	
525.043	30.7871	52824.3	0	
1245.8	70.0019	108110	0	
759.619	27.6418	51535.2	0	
1179.31	66.5735	121506	0	
481.592	48.1094	61836.3	0	
415.582	26.0132	40398.7	0	
671.075	26.0283	53197.3	0	
728.381	41.2607	81225.8	0	
555.231	31.9567	53212.2	0	
540.66	93.6229	43581	0	
481.241	20.2385	39218.6	0	
734.261	46.5393	58784.4	0	
800.551	45.2998	71393.9	0	
530.181	32.2845	60299.9	0	
455.175	84.4119	52525.5	0	
761.592	28.6268	63345.3	0	
777.47	95.8486	59075.6	0	
605.907	29.6858	52910.1	0	
616.097	42.9052	115813	0	
333.915	23.8215	37461.4	0	
799.864	91.5175	93148	0	
934.363	58.1384	88701.9	0	
925.15	65.1399	88953.3	0	
739.273	79.4525	94623.5	0	
280.804	21.4892	61224.1	0	
1883.11	527.875	750484	0	
783.843	60.9459	68985.5	0	
998.381	84.9743	104713	0	
2039.86	132.632	220837	0	
5582.47	738.674	563004	0	
811.728	90.2562	139127	0	
547.03	35.4661	67702.7	0	
902.325	24.8906	54401.8	0	
458.29	39.1047	55673.1	0	
785.779	40.6812	73979.4	0	
1027.84	79.7756	103843	0	
5150.1	882.334	506885	0	
488.821	32.8639	45653.8	0	
425.043	21.5563	39227	0	
590.397	61.6808	69152.8	0	
2828.1	705.773	781975	0	
549.057	30.5043	48802.8	0	
555.414	94.0774	44624.4	0	
533.322	22.5749	41269.2	0	
671.102	102.782	63874.6	0	
571.127	30.1609	53310.6	0	
498.757	252.62	59891.5	0	
514.722	30.7578	60676.1	0	
367.269	46.1299	44760.7	0	
622.983	34.7383	65669.3	0	
568.152	143.617	59241.7	0	
688.519	39.9495	63474.9	0	
9402.84	1625.82	1.92571e+06	0	
857.063	31.2333	58360	0	
467.456	72.8352	110423	0	
471.185	24.6541	43162.5	0	
8294.53	719.499	882282	0	
1205.1	448.815	188391	0	
740.814	45.3345	78044.8	0	
969.153	79.5933	127283	0	
1276.29	155.968	122636	0	
509.593	24.3551	50578.4	0	
1101.39	68.9098	72512.4	0	
651.481	27.1377	55156.5	0	
948.142	221.897	124901	0	
1036.19	3044.91	276563	0	
2153.49	222.376	790245	0	
620.183	26.1816	48038.9	0	
351.201	21.6341	37128.7	0	
425.956	24.7351	45242	0	
462.646	26.9668	44808.6	0	
611.36	41.6295	42949.3	0	
1405.55	147.243	126713	0	
512.644	27.1514	53112	0	
675.885	29.2536	43831	0	
400.436	20.9013	39243.1	0	
390.445	23.2198	46094.7	0	
3394.34	490.579	236811	0	
785.642	25.1646	50311.6	0	
483.075	24.5498	41069.7	0	
347.693	16.0775	31403.7	0	
792.663	119.156	90854.8	0	
428.755	58.5995	50544.1	0	
1141.84	135.872	94099.8	0	
455.525	19.921	31298.7	0	
798.512	48.6537	78184.1	0	
463.58	23.037	39114	0	
677.912	38.6269	44758.9	0	
381.648	23.0883	36184.8	0	
379.607	19.7837	36153.7	0	
698.199	46.314	53792.4	0	
471.298	30.757	42353.4	0	
622.262	228.611	56342.2	0	
538.268	88.8301	60558.8	0	
378.425	26.2147	41247.7	0	
2082.53	124.533	230776	0	
706.532	27.0193	41325.5	0	
83830.3	188703	1.22561e+07	0	
350.382	15.1807	30914	0	
729.045	35.1931	49196.5	0	
411.909	22.8044	38743.6	0	
674.281	34.8775	80899.7	0	
469.582	25.3637	43677.5	0	
621.736	21.0934	45067.5	0	
454.646	20.3857	37940	0	
846.076	100.316	133144	0	
691.737	59.3026	55152.4	0	
472.353	29.4217	38025.2	0	
318.481	15.8101	30810.8	0	
351.891	18.1539	38142.3	0	
545.567	27.2835	45094.6	0	
535.507	67.1217	97131.8	0	
602.423	38.329	60531.4	0	
1004.5	56.3104	93909.4	0	
633.707	213.049	50330.7	0	
633.306	96.1533	41825.1	0	
761.356	79.8804	53315.3	0	
684.828	142.549	84362.9	0	
9274.27	2226.5	1.91914e+06	0	
820.904	59.7805	83831.3	0	
1333.95	85.4945	193290	0	
605.999	49.0121	61827.7	0	
457.898	24.065	44343.6	0	
702.7	36.5126	58157.7	0	
601.061	25.8509	45345.3	0	
3636.78	561.833	555973	0	
555.232	38.7258	63145.8	0	
496.141	24.4573	43585.5	0	
895.39	42.3537	39360.1	0	
632.165	147.244	46682.2	0	
673.327	50.9509	72536.8	0	
521.752	71.4578	49047.3	0	
783.141	81.2696	126172	0	
494.593	43.025	99313	0	
382.135	20.2823	40641.2	0	
508.9	39.4124	61083.3	0	
744.541	82.5118	129018	0	
500.9	33.3273	56716.4	0	
575.951	46.2251	45954	0	
771.189	33.1084	61912.6	0	
567.237	27.7696	49746.5	0	
570.582	29.6389	66617.7	0	
1227.11	352.739	257486	0	
345.767	19.6433	35035.3	0	
369.945	17.7095	34359.8	0	
621.077	40.0343	62696.1	0	
686.556	25.7169	45977.9	0	
507.512	24.1248	46652.6	0	
788.431	29.9237	55374.6	0	
502.767	70.7535	58859.2	0	
614.565	35.507	55859.3	0	
607.881	109.255	66850.5	0	
505.67	19.7298	32296.2	0	
880.057	56.7599	91990.7	0	
545.235	23.9252	42007.1	0	
530.3	13.8975	26361.6	0	
589.489	32.0917	37708.7	0	
462.082	20.1329	45934.1	0	
394.862	30.9452	50712.1	0	
389.752	28.2299	42597	0	
290.337	32.896	51796.3	0	
426.423	25.6698	65636.1	0	
655.732	37.4429	87965.3	0	
1349.05	130.306	111041	0	
579.615	27.464	53158.8	0	
493.512	37.6692	42362.9	0	
487.004	203.907	52109.5	0	
431.688	25.3668	49323.6	0	
606.37	32.0009	62856.3	0	
1267.86	80.7803	119894	0	
587.546	29.7724	48965.2	0	
616.683	33.1305	65288.1	0	
439.693	33.2204	69567.1	0	
425.225	467.661	118178	0	
730.312	95.7184	56313.9	0	
3006.07	110.196	212771	0	
612.324	36.1139	62692.7	0	
805.814	63.309	92471.7	0	
440.009	22.3585	44524.6	0	
547.675	21.4602	52526.6	0	
615.108	67.8566	94624.4	0	
1195.53	587.84	189031	0	
563.241	23.6996	40010.6	0	
424.504	26.6545	47763.1	0	
363.015	45.0042	63737.9	0	
579.544	21.4413	44851.9	0	
422.158	22.1734	44443.3	0	
27101.3	5102.81	3.64043e+06	0	
520.223	29.1257	43115.7	0	
697.524	49.6076	65290.5	0	
429.333	78.9167	57239	0	
456.213	63.9557	86408.2	0	
8271.89	1297.62	1.03587e+06	0	
431.887	58.8376	34075	0	
506.769	149.742	63847.5	0	
750.422	38.8721	55929.6	0	
58685.9	21736.3	1.21188e+07	0	
398.622	204.815	49468.7	0	
481.102	28.3757	44217	0	
2385.55	1102.29	263663	0	
437.855	30.9818	51901.8	0	
570.144	31.1352	56775.3	0	
480.276	50.2349	80523.4	0	
600.588	31.9744	28967.9	0	
784.252	76.9381	88816.9	0	
521.557	25.5725	51933.6	0	
509.77	21.9425	44713.8	0	
558.369	23.7407	49975.9	0	
3476.68	401.183	533763	0	
956.667	30.8617	64730.2	0	
616.851	43.3243	45159.3	0	
322.701	17.9322	32878.1	0	
575.04	113.459	45425.3	0	
879.943	49.8076	41898	0	
480.959	77.384	75098.9	0	
573.658	35.8555	55027.5	0	
487.093	23.4381	44437.8	0	
664.12	30.9392	52472.6	0	
517.331	156.008	57266.3	0	
443.746	19.8785	35979.4	0	
490.44	25.0634	44013.4	0	
679.51	48.3592	57605.9	0	
394.533	61.0948	32464.9	0	
673.748	43.9666	54837.3	0	
311.964	26.7394	57204.2	0	
1106.67	66.6964	105740	0	
456.643	32.6163	70961.7	0	
644.455	64.5968	61569.9	0	
649.405	36.4811	64320.2	0	
4431.59	492.345	364923	0	
342.585	15.3635	33451.7	0	
676.865	28.7531	61371.9	0	
696.937	32.7609	59060.8	0	
2171.09	242.776	315299	0	
857.781	21.3925	48663.3	0	
2465.44	134.232	190528	0	
515.162	45.7285	46786.6	0	
631.338	24.9913	48397.6	0	
532.32	26.1408	49513.2	0	
722.426	57.9988	50022.5	0	
801.371	36.5961	82911.1	0	
486.201	33.7461	47662.1	0	
789.964	41.7155	64017.3	0	
850.941	74.1898	60509	0	
502.312	17.8845	30820.9	0	
323.096	18.9939	29519.3	0	
556.488	205.831	49643.6	0	
702.129	31.6864	59509.7	0	
503.781	22.1303	42649.2	0	
8452.04	3242.84	1.20763e+06	0	
1937.8	143.484	343713	0	
361.705	20.527	35418.1	0	
386.297	629.345	50236.9	0	
663.411	100.557	47885	0	
512.102	30.4001	47355.4	0	
450.062	26.1697	46499.9	0	
613.681	94.9733	99418.3	0	
881.736	69.931	88316.1	0	
581.155	48.1634	58592.5	0	
663.668	424.233	67213.8	0	
4842.4	796.872	333506	0	
586.103	28.0367	48902.7	0	
606.826	129.232	64358.1	0	
451.379	115.36	47283.8	0	
569.251	34.9348	55516.2	0	
464.003	23.9465	44886.9	0	
394.004	33.6114	57296.1	0	
729.601	53.1191	82099	0	
711.449	74.9768	107047	0	
1638.47	261.112	127724	0	
405.258	24.9044	45737	0	
2544.59	157.438	268767	0	
601.412	320.807	83090.9	0	
476.61	31099.9	132577	0	
868.893	41.473	94520.4	0	
1383.93	116.803	171461	0	
1314.68	132.485	132004	0	
4547.07	1558.91	786483	0	
545.695	46.6422	75975.4	0	
438.202	17.1784	36814.5	0	
553.965	36.6708	57597.1	0	
386.671	26.4504	48147.9	0	
580.039	32.0822	58702.7	0	
399.042	24.367	43086	0	
391.707	23.6352	47355.7	0	
397.431	26.3216	41391.7	0	
894.473	50.5468	103767	0	
1232	183.145	188790	0	
816.634	97.0155	133190	0	
844.539	135.725	149439	0	
546.62	21.2128	35863.5	0	
39777.2	11189.4	5.64033e+06	0	
609.527	44.2424	74705.5	0	
715.969	24.0448	43469.8	0	
500.14	33.0922	51876.2	0	
592.406	20.5961	40320.9	0	
704.528	125.551	159101	0	
3414.13	209.052	356821	0	
3365.73	605.349	901732	0	
15753.9	28794.1	1.69901e+06	0	
38879.4	8104.08	6.55402e+06	0	
415.315	21.6519	45279.4	0	
511.364	25.1795	53611.9	0	
742.187	32.6603	70864.6	0	
808.986	50.9619	82059.9	0	
1994.22	90.1304	166891	0	
420.232	20.1798	40813.1	0	
749.346	30.8279	60566.7	0	
788.748	109.744	81246	0	
560.858	218.723	58621.2	0	
1499.04	1722.51	223310	0	
392.259	48.2467	53006	0	
1126.76	69.7196	72555	0	
434.877	37.8268	69941.4	0	
431.951	17.5913	32819.6	0	
493.7	32.0943	44946.3	0	
900.868	169.972	174160	0	
971.706	3669.77	170676	0	
566.121	41.0801	63545.9	0	
565.702	34.9548	50132.1	0	
508.834	36.3409	53596.4	0	
1085.67	75.1046	100967	0	
1218.31	63.5872	102048	0	
406.295	19.3434	29684.7	0	
1965.86	224.399	308525	0	
737.234	35.9676	60441	0	
670.201	28.6691	36052.9	0	
324.597	15.9964	29506.7	0	
516.21	59.8775	46472.6	0	
563.623	56.4198	35882.6	0	
526.489	31.1294	47226.9	0	
510.858	31.3911	52258	0	
15384.9	7662.87	3.50865e+06	0	
13507.6	3804.74	4.57591e+06	0	
400.207	25.6464	42617	0	
547.954	33.8909	40363	0	
8563.89	22380.7	741664	0	
819.768	56.0916	74007.2	0	
3205.65	146.442	253246	0	
486.782	40.5262	52425.3	0	
539.876	23.3578	43938.3	0	
1139.78	76.6296	113220	0	
463.396	26.1103	42669	0	
367.037	14.8276	28259.9	0	
673.23	125.784	52182	0	
674.865	32.4217	68745.1	0	
415.312	23.7456	41257.7	0	
472.125	41.0838	60458.2	0	
417.67	72.3497	43744.8	0	
432.034	36.9169	76641.5	0	
410.446	38.2675	43911.2	0	
481.427	51.9436	100900	0	
498.298	26.4795	36161.2	0	
1405.07	57.4862	89169	0	
410.28	23.0805	41933.6	0	
474.042	21.0382	40629.6	0	
510.912	23.2832	46516.9	0	
369.713	21.4306	40676	0	
926.851	45.0505	53607.4	0	
597.156	31.376	52337.4	0	
6260.78	1924.97	584436	0	
916.71	28.8816	49778.2	0	
2006.01	2595.5	200632	0	
22284.6	23888.8	6.27395e+06	0	
510.544	23.4175	45741.8	0	
420.828	37.2122	59119.3	0	
5595.92	780.978	707556	0	
796.131	18.5993	41088.2	0	
336.649	21.9398	35995.9	0	
538.264	25.7575	41612.3	0	
741.824	80.8033	131138	0	
1446.17	202.661	275702	0	
732.623	99.476	74711.5	0	
499.601	24.2162	41080.1	0	
711.87	60.4578	88421.6	0	
935.458	28.3829	59859.6	0	
703.325	44.2676	108859	0	
825.17	58.0911	91289.2	0	
406.325	25.032	43561	0	
828.199	212.616	152988	0	
530.796	18.1081	34924.1	0	
424.683	20.2172	33634.6	0	
631.057	24.5757	48398.2	0	
723.311	30.044	54496.1	0	
561.146	69.6094	65632.7	0	
569.733	22.7648	42590.6	0	
619.371	31.5537	45514.2	0	
472.886	32.9474	38032	0	
341.83	18.6099	33939.1	0	
769.95	222.426	67007	0	
661.59	39.6665	46886.3	0	
3884.81	165.32	288803	0	
534.719	43.2462	63685.2	0	
939.175	47.3133	102662	0	
