741.11313523717
485.02089251612
 14.39446155981
  8.28814132206
  9.22177632359
  7.25404792153
 11.79610335797
 10.48798630112
  7.67268942918
 11.89509530964
 13.62430235210
 14.69592948806
 10.38768387137
 12.96393076157
  9.62655745954
 13.27383302435
 13.29115521758
 11.75061789217
 13.19234328450
  9.68091611532
 14.74984095363
 12.21202658225
 11.66906126014
 13.52089057645
 14.10575271265
 16.57473910695
549.58266045777
  8.60483446458
 14.63130421070
 59.60638726945
 18.40764812364
 12.38021370418
 11.63365589435
 18.20511128922
 16.54171714297
 13.58877181942
 31.85730646804
 14.47533789975
 19.41066285444
 11.74242293963
 12.36156551054
 16.43320333386
 27.55468547679
 16.81517137497
 11.75519683101
 11.64335316468
 18.22883205186
 11.84487511156
 13.20567907576
 11.16970513754
 18.42763884084
 17.17631675865
 18.44411569722
 28.52291614286
 12.54775910081
 27.31733352071
 21.99352144213
 23.19626729008
 16.25103825102
 12.66103213126
 95.12842132686
 22.04503848319
 20.09843589528
 31.76711389100
136.01206112955
 21.06834676445
 21.49215298901
 12.89418832743
 13.30112275606
 22.94899683854
 33.49273651334
 80.90166612589
 13.58970896215
 14.73924240619
 25.81293499849
 98.49330863601
 10.19546671399
 11.89483449816
 11.65849503959
 22.36428852499
 13.99906799872
 19.30236476975
 19.18136315639
 14.93556192606
 20.84055685931
 18.05177151659
 17.26983876913
165.24058706347
 16.50976303081
 13.57567403627
 16.01238575831
138.79385435119
 49.84360939561
 16.42901320094
 22.62220201820
 31.02958793913
 12.99265577898
 18.65852256408
 17.98461668630
 17.46217549163
 17.86451243153
 47.14401591250
 10.33060471699
 12.43752999518
 11.61061897729
 13.72987836305
 13.56694367783
 42.66556013898
 14.35440565224
 13.37537510724
 15.73620682447
 13.20293114688
 50.53388567531
 17.63782643653
  9.82010453373
  8.86809039422
 19.48227755771
  9.29773681823
 19.44071784231
 10.55381309958
 26.93961904275
 12.68291584964
 11.47282218918
  7.37913990674
 11.70954151265
 12.46951026961
 12.91533547702
 14.09577456625
 21.12823662380
 11.96238867602
 28.38026163342
 14.53632481283
1081.12575584896
 10.12249147261
 14.96406462375
 12.73538685522
 17.46149637277
 10.27964476028
 12.80166818178
 11.67246855722
 13.23062013116
 10.96088600333
  9.40082155689
  9.28776954866
 13.29163328495
 12.87090617652
 16.65293662694
 14.16848192987
 29.96325163051
 15.05036390191
 15.05696519915
 11.77482011364
 28.56515642666
269.67895641226
 26.41755299741
 40.05158453298
  9.81167036694
 13.62122141248
 19.47243697768
 14.39094617261
 98.19924149464
 12.61403673647
 15.58641095262
 14.48797241075
 13.58385794774
 18.01562789464
 17.59190657550
 35.32095360796
 19.74775950132
 13.47799765210
 13.39842055445
 13.76006538785
 21.02955353516
 16.38331081730
 20.39444280656
 14.59327447658
 13.74763640575
 18.39339636374
 10.09540136544
 12.53654725713
 11.47630922783
 11.47468428678
 14.76125089588
 14.75110546145
  9.37120440680
 13.25539009256
 18.39270334597
 10.87368301280
 16.70538627114
 12.86372222089
  8.68348336767
 12.04169829755
 13.83919765572
 13.00444668725
 12.28678755005
  8.42044656213
 14.69480458310
 13.54967052818
 28.08360809844
 18.83017234496
 13.55784801815
 13.34916727746
 15.62105749593
 16.26006610984
 22.61860731116
  9.04536288593
 22.46594895752
 14.26421422954
 23.26188996641
 15.80283938920
 48.59269674346
 12.29877116756
 11.33859507883
 13.20229957235
  9.30789165207
 12.90743867537
 30.44115954177
 12.85958690781
 15.52935606565
 12.91128686760
  9.45698568037
 12.71348228368
413.17494513345
 15.03112115434
 11.23851656950
 12.51389730904
  8.30932018759
132.44571331812
  9.29021114714
 15.94634441212
 12.85749624829
1458.87213374519
 11.00355876405
 11.43663250766
 70.15117051580
 10.59578663759
 16.24502229658
 11.06268603159
  9.30523388803
 24.11791840976
 10.40676488415
 11.11757876093
 13.04456498868
 70.86228982578
 20.02719893266
 10.33546694057
 10.80137294733
 10.89340755598
 16.21437288952
 10.51771256982
 14.79597719165
 12.63810357490
 16.27954088564
 10.47969499149
 10.10037790411
 10.56660958443
 19.58760438506
  9.68629947939
 13.04640606343
 10.85664645981
 32.29866179908
 16.37031919318
 13.25671969543
  9.86539083809
 62.32112007578
  8.19215854660
 16.44628788433
 12.59773386085
 30.18754363657
 17.31821501127
 47.54298910584
 17.00797761214
 14.69501752657
 17.25449357158
 17.02352797146
 13.71237534806
 11.36407984573
 12.30242567797
 14.23347903712
  8.44050114801
  5.45270460293
 11.19912113167
 19.30906950502
 11.33424748684
180.11823238185
 29.69100119861
 11.12572411754
 14.71503436551
 13.59129939186
 15.40208213651
 12.85959168648
 15.38514497229
 24.81237836288
 17.52321828903
 16.59675354468
 62.79525056635
 13.20012043836
 12.25432876514
 10.64544522822
 13.00246608883
 13.74825682499
  7.08374776803
 21.65757903697
 28.43493944708
 27.12979734692
 14.60785590524
 84.00632731148
 13.46576395791
 24.16937635886
 18.81077239075
 22.43597029983
 38.32552508764
 78.61798369673
 23.13390733467
  9.65257776307
 10.37449375211
 17.15937702393
 15.31277567291
  7.68323998465
 16.14872252328
 14.09055797832
 40.51707987439
 47.57017450339
 21.98107655571
 18.78342538221
 10.61702564535
502.76239896469
 25.12158958699
 10.85426636249
 11.41761016990
 13.49991770501
 13.50554001529
 92.00703174110
 82.94740647225
205.64747477612
698.56109446639
 10.77523922101
  8.91706080807
 12.35390556306
 18.63373929752
 47.56828520583
  9.33131371133
 15.65537413685
 18.80990779581
 13.17418079348
 23.61005326141
 13.53295857305
 22.49925333818
 10.38730867325
 10.95703796001
  8.12644503175
 15.28292459204
 15.98305479603
 16.10591699160
 11.68638732579
 11.43125268829
 17.91582421809
 22.70651733020
  8.67176914410
 46.36945782298
 22.21687346463
 11.46961430233
  8.55850334659
 12.71453522492
  9.80213321864
 11.81948781375
 13.10571325350
377.73143899109
220.08631092236
 14.55157987888
 12.64949447718
114.16290221169
 12.15833692765
 47.19785898036
 18.07318072251
 14.20453703225
 17.94152164072
 12.22623887106
  9.96981007987
 10.11029148522
 17.09600574934
 11.77266591669
 11.13637799191
 10.72943470793
 12.72491947810
 14.77187487794
 12.00141552163
 10.20854622442
 17.79674116329
 10.61480214287
 15.10080200834
 12.95160988364
 11.02877432688
 19.11306414417
 15.46563531438
 99.29590415479
 14.92098158207
 33.93771554253
768.44476206071
 13.33374101266
 12.11379351147
147.02955487799
 12.38272083508
 12.08375101264
 11.96427079104
 29.55023965860
 26.03199028727
 14.72684716412
 10.69301811185
 12.21383665520
 15.65300059956
 15.26578901766
 32.51617622997
 10.23268719436
 25.97196691623
 10.55589062216
 10.89241520913
 11.45867989127
 16.20212431916
 20.95181266256
 13.01465557683
 11.77339674375
  7.80586337089
  7.98827351610
 12.14074237646
 14.97631427145
 66.35633546883
 18.56503937826
 26.83446308152
