233	4
1.57974	0.00825728	10.1772	0.256421	
0.240719	0.00619696	13.2077	0.496786	
0.0952601	0.00609391	18.9324	0.612938	
0.0562038	0.00720574	20.1029	0.626782	
0.0470467	0.00855343	19.0222	0.601745	
0.0347668	0.00983725	17.9673	0.565265	
0.0278107	0.0108731	17.496	0.530274	
0.0237793	0.0110916	17.2055	0.518521	
0.0203367	0.0113065	16.9711	0.512736	
0.0174557	0.0115807	16.8386	0.503467	
0.0152517	0.0117209	16.6795	0.499532	
0.0138782	0.0118877	16.5768	0.4973	
0.0109398	0.0122859	16.8845	0.460316	
0.0100014	0.0121766	16.7457	0.453058	
0.00910884	0.0121884	16.6331	0.446304	
0.00858081	0.0122064	16.5808	0.444274	
0.00886846	0.0122535	16.5904	0.444617	
0.00845519	0.0120441	16.4627	0.43915	
0.00804642	0.011937	16.4124	0.43478	
0.00739943	0.0119096	16.339	0.42973	
0.00762109	0.0119507	16.3609	0.430492	
0.00734262	0.0118485	16.2893	0.428168	
0.00731909	0.0118642	16.3121	0.42885	
0.00699417	0.0118214	16.2962	0.428008	
0.00762307	0.0117937	16.3218	0.427509	
0.00697177	0.0114707	16.077	0.417951	
0.00644211	0.0114691	16.0078	0.414034	
0.0067929	0.0115899	16.1376	0.417561	
0.00664229	0.0113776	15.9611	0.411694	
0.00623726	0.0113073	15.9352	0.409445	
0.00630521	0.0114129	15.9813	0.407901	
0.00614971	0.0112051	15.7698	0.401658	
0.00590019	0.0111931	15.7701	0.401345	
0.00624779	0.0114722	16.054	0.409003	
0.00789603	0.0108095	15.3293	0.433708	
0.00755633	0.0107579	15.3046	0.431637	
0.00622976	0.0111367	15.8247	0.396096	
0.0075674	0.010516	15.1036	0.417707	
0.00722763	0.0104755	15.0553	0.413171	
0.00594608	0.0107867	15.5329	0.373834	
0.0055705	0.0104886	15.2523	0.361615	
0.00523063	0.010487	15.2383	0.357765	
0.00564472	0.0106957	15.448	0.362223	
0.0054984	0.0104432	15.2104	0.357164	
0.00515902	0.0104503	15.2125	0.357212	
0.00562404	0.0107087	15.4701	0.362601	
0.00722333	0.0101336	14.8155	0.391655	
0.00692645	0.0101376	14.815	0.391676	
0.00559974	0.0106392	15.3993	0.361176	
0.00719869	0.0100986	14.7848	0.391065	
0.00690072	0.0101026	14.7849	0.391043	
0.00565955	0.0105987	15.3623	0.360518	
0.00721115	0.0100605	14.7485	0.390386	
0.00689733	0.010063	14.7463	0.39029	
0.00574116	0.0105436	15.3118	0.359573	
0.00724845	0.0100176	14.7068	0.38958	
0.00694205	0.0100173	14.703	0.38947	
0.00587327	0.0104731	15.2416	0.358353	
0.00738849	0.00995407	14.6522	0.388559	
0.0071601	0.00994452	14.6311	0.388186	
0.00621693	0.0103456	15.0922	0.356133	
0.0078849	0.00982039	14.4745	0.385758	
0.00778185	0.00977759	14.4074	0.384326	
0.00648413	0.0100982	14.8043	0.350884	
0.00654741	0.00990635	14.64	0.347196	
0.00653974	0.0098597	14.6064	0.346782	
0.00702382	0.0099506	14.6976	0.351097	
0.00904726	0.00944669	14.0968	0.380891	
0.00889984	0.00939338	14.0459	0.380468	
0.00741858	0.00964151	14.4233	0.347366	
0.00933269	0.0092516	13.9423	0.379089	
0.00938673	0.00913719	13.8425	0.378848	
0.00978977	0.00913504	13.8215	0.37948	
0.00970883	0.00899965	13.7047	0.376143	
0.00968294	0.00889564	13.6008	0.374921	
0.00999771	0.00887398	13.5593	0.375364	
0.00989816	0.00880241	13.471	0.373258	
0.0100061	0.00873764	13.3312	0.37115	
0.00997058	0.00870195	13.2233	0.369653	
0.00978837	0.008678	13.161	0.368422	
0.00969248	0.00866371	13.0938	0.367183	
0.00950251	0.00855381	12.9553	0.364461	
0.00943588	0.0084997	12.8001	0.362871	
0.00938072	0.00845451	12.6921	0.361183	
0.00912372	0.00830439	12.5061	0.357113	
0.00836033	0.00802679	12.1547	0.346571	
0.00716417	0.00780835	11.9497	0.332229	
0.00662434	0.00768437	11.8692	0.326591	
0.0063351	0.00757051	11.7497	0.322996	
0.00596558	0.00748094	11.6496	0.319691	
0.0056847	0.00745368	11.6096	0.318517	
0.00596353	0.00742246	11.5727	0.31762	
0.00986625	0.00729285	11.4961	0.315373	
0.00619314	0.00719419	11.5663	0.321308	
0.00907118	0.00722377	11.4877	0.314239	
0.00643872	0.00723792	11.5477	0.320989	
0.00584651	0.00721204	11.5116	0.314753	
0.0056308	0.00720809	11.4799	0.314073	
0.00559837	0.0073136	11.5429	0.315675	
0.00560192	0.00717149	11.4408	0.313333	
0.00544973	0.00715804	11.4188	0.312909	
0.00532079	0.00724312	11.4832	0.314188	
0.0053661	0.00710813	11.3733	0.311905	
0.00527663	0.00709741	11.3524	0.311412	
0.0051811	0.00724544	11.4793	0.314228	
0.00526488	0.00709375	11.3525	0.311626	
0.00514467	0.00709073	11.3441	0.311432	
0.00528348	0.00723105	11.4679	0.319182	
0.00521229	0.00708413	11.3451	0.311621	
0.00527892	0.00704792	11.3167	0.31623	
0.00509213	0.00723918	11.4696	0.314125	
0.00534557	0.0070335	11.3151	0.316403	
0.00533903	0.00700636	11.2989	0.316007	
0.00513591	0.00716474	11.4367	0.314895	
0.00538278	0.00691664	11.2715	0.316329	
0.00486566	0.00684	11.2311	0.314539	
0.00463629	0.0069039	11.2708	0.312191	
0.00458921	0.00683686	11.2149	0.31037	
0.00433642	0.00683952	11.2122	0.310336	
0.004705	0.00700497	11.3542	0.313791	
0.00456771	0.00681318	11.2077	0.3103	
0.00432819	0.0068079	11.1978	0.309772	
0.00465024	0.00699552	11.3514	0.313799	
0.00454015	0.00678924	11.1983	0.309845	
0.00428872	0.00676402	11.1858	0.308846	
0.00456344	0.00680391	11.2933	0.308657	
0.00412987	0.00661867	11.1463	0.303376	
0.00389465	0.00663212	11.1368	0.301665	
0.00407766	0.00675481	11.2475	0.304785	
0.00402924	0.00661687	11.1264	0.30134	
0.00360751	0.00661925	11.1191	0.301148	
0.00409911	0.00673463	11.2129	0.303245	
0.00398313	0.00658929	11.0919	0.300268	
0.00360248	0.00658613	11.0818	0.299852	
0.00389618	0.00668417	11.1452	0.300056	
0.00370806	0.00655799	11.0427	0.29702	
0.0033501	0.00656942	11.0298	0.296463	
0.00379085	0.00670439	11.1352	0.299607	
0.00367958	0.006564	11.0315	0.296621	
0.00322327	0.00656765	11.0226	0.296254	
0.00383649	0.00671525	11.1349	0.299563	
0.00366652	0.00656089	11.0266	0.296459	
0.0031899	0.0065651	11.0206	0.296231	
0.00380125	0.00670974	11.1272	0.299337	
0.00365763	0.00655806	11.0202	0.296258	
0.00317461	0.0065627	11.0169	0.296169	
0.00381519	0.00671229	11.1222	0.299251	
0.00365031	0.00655483	11.0166	0.29612	
0.003158	0.00655792	11.0112	0.295955	
0.00379624	0.00670921	11.1221	0.299297	
0.00364574	0.00655175	11.0126	0.296013	
0.00315518	0.00655432	11.0081	0.295907	
0.00379769	0.0067094	11.1211	0.299334	
0.00364234	0.0065479	11.0101	0.295944	
0.00315287	0.00654943	11.004	0.295773	
0.00378023	0.00670567	11.1192	0.29927	
0.00364205	0.00654449	11.0087	0.295985	
0.00315573	0.00654235	10.9954	0.295403	
0.00377435	0.00670376	11.1175	0.299214	
0.00364029	0.00653783	11.0028	0.295781	
0.00316389	0.0065358	10.9931	0.295438	
0.00375895	0.00669981	11.1158	0.29914	
0.00364055	0.00653019	10.9979	0.295641	
0.00317798	0.00652603	10.9863	0.295212	
0.00374961	0.00669556	11.1131	0.299068	
0.00364091	0.00651808	10.9891	0.295345	
0.00320613	0.00651012	10.9766	0.294932	
0.00373116	0.0066835	11.1055	0.298819	
0.00364591	0.00649671	10.9776	0.295053	
0.00325667	0.00647943	10.9596	0.294477	
0.00370593	0.00657078	11.0434	0.297121	
0.00363334	0.00639217	10.9136	0.293135	
0.0033936	0.00634345	10.8716	0.291849	
0.00348634	0.00639144	10.9114	0.293243	
0.00352023	0.00628356	10.826	0.290274	
0.0030776	0.00628703	10.8212	0.290156	
0.00364795	0.00643126	10.9458	0.293861	
0.00350939	0.00627367	10.8202	0.290067	
0.00306628	0.00627695	10.8139	0.289842	
0.00352772	0.00641156	10.9283	0.292965	
0.00350963	0.00626742	10.8152	0.2899	
0.00307114	0.00626984	10.8088	0.289702	
0.00350783	0.00640568	10.9219	0.292776	
0.00351179	0.00625752	10.8085	0.289688	
0.00307011	0.00625808	10.8005	0.289412	
0.00351225	0.00638392	10.8934	0.291959	
0.00341405	0.00624131	10.7799	0.28857	
0.00318907	0.00627084	10.7568	0.287739	
0.00327075	0.00637659	10.8313	0.290574	
0.00331893	0.00627486	10.7503	0.287636	
0.00301823	0.00627873	10.7403	0.287321	
0.00335615	0.00641954	10.8617	0.291298	
0.00332473	0.00627324	10.7448	0.28752	
0.00285398	0.00627569	10.7366	0.2872	
0.00338055	0.00642897	10.8637	0.291173	
0.00332258	0.00626853	10.7403	0.287416	
0.0028412	0.0062687	10.7291	0.28697	
0.00336563	0.00642806	10.8568	0.291055	
0.0033223	0.00626347	10.7356	0.287298	
0.00283193	0.00626288	10.7239	0.286843	
0.00336236	0.00642723	10.8552	0.291081	
0.00332255	0.00625797	10.7313	0.287216	
0.002825	0.00625764	10.7214	0.286859	
0.00335534	0.00642528	10.8513	0.290967	
0.00332283	0.00625169	10.7261	0.287094	
0.00282005	0.00624998	10.7152	0.286717	
0.00334549	0.00641995	10.8438	0.290732	
0.00332297	0.00624383	10.7192	0.286924	
0.00281975	0.00624015	10.7063	0.286447	
0.00332981	0.00641197	10.8389	0.290696	
0.00332321	0.00623343	10.7095	0.286693	
0.00282513	0.0062271	10.6944	0.286141	
0.00329961	0.00638344	10.8122	0.289979	
0.00332385	0.00621698	10.6925	0.286272	
0.00284852	0.0062077	10.6768	0.285807	
0.00330045	0.00632041	10.746	0.288521	
0.00331131	0.00617592	10.6462	0.285141	
0.00304553	0.00615704	10.6207	0.284329	
0.00318517	0.00619914	10.6597	0.286572	
0.00323597	0.00610057	10.5717	0.283087	
0.0029719	0.00606564	10.5389	0.282206	
0.00314846	0.00602707	10.5317	0.283072	
0.00314715	0.00594403	10.4491	0.279806	
0.00295427	0.00591809	10.4198	0.278918	
0.00306502	0.00600196	10.5055	0.282378	
0.00311559	0.00590062	10.4105	0.278811	
0.00282145	0.00588148	10.3912	0.278238	
0.00308381	0.00589038	10.4454	0.280656	
0.0030841	0.00579906	10.3403	0.276773	
0.00293319	0.0057652	10.3091	0.275872	
0.00292767	0.00576729	10.3454	0.277691	
0.00302643	0.00572119	10.2719	0.274728	
0.00268224	0.00572151	10.2642	0.274514	
