  0.00956780929
  0.00638341400
  0.00776843999
  0.00809569838
  0.00786857564
  0.00774979795
  0.00774074384
  0.00769026893
  0.00763983234
  0.00761941988
  0.00759258755
  0.00756896422
  0.00771558924
  0.00771306988
  0.00771595673
  0.00771135066
  0.00771275423
  0.00770047511
  0.00770679071
  0.00770980481
  0.00771034924
  0.00770011621
  0.00770177410
  0.00769994982
  0.00770911724
  0.00768668879
  0.00768574255
  0.00770649145
  0.00768242356
  0.00768690022
  0.00771421911
  0.00768193464
  0.00768265063
  0.00773253595
  0.00750788591
  0.00750832099
  0.00771564797
  0.00750457546
  0.00750392054
  0.00770064795
  0.00765980661
  0.00766067438
  0.00769924962
  0.00765591191
  0.00765617623
  0.00770474379
  0.00748535994
  0.00748564632
  0.00768904694
  0.00747880402
  0.00747867368
  0.00767848210
  0.00746935278
  0.00746807595
  0.00766347187
  0.00745700298
  0.00745509597
  0.00764155103
  0.00743981167
  0.00743212165
  0.00759609369
  0.00738358976
  0.00736130430
  0.00751193710
  0.00747867707
  0.00746769361
  0.00747225502
  0.00726117510
  0.00724685029
  0.00740099271
  0.00722185014
  0.00719226262
  0.00718057877
  0.00716514016
  0.00714202449
  0.00712845687
  0.00711730439
  0.00709375902
  0.00707629138
  0.00707019227
  0.00706351121
  0.00704998629
  0.00702973038
  0.00702001734
  0.00701336090
  0.00702160431
  0.00707557716
  0.00709859202
  0.00711028846
  0.00711770464
  0.00712270082
  0.00712745039
  0.00712597452
  0.00713088607
  0.00714835849
  0.00713773406
  0.00715760776
  0.00715266886
  0.00717252683
  0.00714819539
  0.00714713246
  0.00717968534
  0.00714895046
  0.00714779938
  0.00718432647
  0.00714893362
  0.00714741998
  0.00717571734
  0.00714810448
  0.00713316188
  0.00718923487
  0.00713401282
  0.00713080062
  0.00717778475
  0.00712160335
  0.00711404811
  0.00713088852
  0.00711787056
  0.00711790058
  0.00715628085
  0.00711749338
  0.00711689369
  0.00715655301
  0.00711720970
  0.00711731703
  0.00714983375
  0.00711944225
  0.00712084198
  0.00714824437
  0.00711991190
  0.00712111273
  0.00715439635
  0.00711956299
  0.00712205293
  0.00714334598
  0.00712021392
  0.00711974314
  0.00714197716
  0.00712106532
  0.00711951523
  0.00714187722
  0.00712109582
  0.00712171500
  0.00714161902
  0.00711991244
  0.00712208952
  0.00713943959
  0.00712029537
  0.00712136942
  0.00714194001
  0.00712019228
  0.00712216194
  0.00714204414
  0.00712103070
  0.00712224323
  0.00714249449
  0.00712241398
  0.00711978698
  0.00714211794
  0.00712157619
  0.00712171108
  0.00714230834
  0.00712179968
  0.00712163121
  0.00714207857
  0.00712103993
  0.00712196075
  0.00714128262
  0.00712271877
  0.00712401703
  0.00714700836
  0.00712776563
  0.00713166666
  0.00715162616
  0.00713652652
  0.00713640140
  0.00715974061
  0.00713562357
  0.00713589753
  0.00715728683
  0.00713547247
  0.00713583082
  0.00715649804
  0.00713512129
  0.00713531668
  0.00715308409
  0.00713224662
  0.00712899232
  0.00714235704
  0.00712870366
  0.00712733611
  0.00714805205
  0.00712812309
  0.00712768221
  0.00714849094
  0.00712746659
  0.00712598448
  0.00714691203
  0.00712715310
  0.00712558701
  0.00714732620
  0.00712723883
  0.00712702454
  0.00714671226
  0.00712719986
  0.00712702305
  0.00714481432
  0.00712694825
  0.00712617475
  0.00714572638
  0.00712659905
  0.00712543218
  0.00714314813
  0.00712656035
  0.00712666100
  0.00714313310
  0.00712390796
  0.00712217153
  0.00713843343
  0.00711869563
  0.00711839468
  0.00714264411
  0.00712232240
  0.00712223760
  0.00714199988
  0.00712407746
  0.00712449975
  0.00714854042
  0.00712608820
  0.00712958737
  0.00714985357
  0.00713168832
  0.00713125433
