  0.17634387109
  0.20079708853
  0.22665491909
  0.13590130460
  0.01547429759
  0.01242982666
  0.01077095908
  0.00538794071
  0.00377139985
  0.00376771426
  0.00378211674
  0.00391006913
  0.00396876684
  0.00410337011
  0.00412781684
  0.00442189341
  0.00453648284
  0.00457910435
  0.00450441457
  0.00468695695
  0.00455462960
  0.00466530356
  0.00406765280
  0.00391908393
  0.00386196039
  0.00376666974
  0.00364698443
  0.00365060913
  0.00382195634
  0.00343913426
  0.00378299285
  0.00333315229
  0.00365533459
  0.00365062241
  0.00317807712
  0.00308188442
  0.00323054159
  0.00275242749
  0.00267592530
  0.00280908315
  0.00268867016
  0.00269435633
  0.00238053549
  0.00210225248
  0.00221985950
  0.00256691849
  0.00181899835
  0.00226441497
  0.00173923937
  0.00190719206
  0.00181609536
  0.00172347148
  0.00208020025
  0.00159062595
  0.00180028242
  0.00157289155
  0.00137326648
  0.00161493034
  0.00150029817
  0.00145965961
  0.00149689993
  0.00135081765
  0.00143289445
  0.00125420689
  0.00133685029
  0.00157341084
  0.00158221395
  0.00127065487
  0.00132619814
  0.00130297230
  0.00111891006
  0.00125434157
  0.00121613657
  0.00121401758
  0.00117442756
  0.00114153976
  0.00109724360
  0.00141337717
  0.00117663747
  0.00111443033
  0.00132204492
  0.00112422615
  0.00104979380
  0.00103928315
  0.00101987972
  0.00105955780
  0.00106902115
  0.00127733234
  0.00103158804
  0.00098818927
  0.00100976893
  0.00107329793
  0.00094221940
  0.00109071539
  0.00102739719
  0.00095249136
  0.00102050671
  0.00108508202
  0.00091439889
  0.00094855156
  0.00087929866
  0.00085740046
  0.00081262080
  0.00086000546
  0.00090082463
  0.00085906235
  0.00108098983
  0.00095296425
  0.00088380025
  0.00084109292
  0.00082312841
  0.00090242575
  0.00086325884
  0.00082191978
  0.00111460128
  0.00087035182
  0.00081385372
  0.00077795971
  0.00075777066
  0.00073846109
  0.00079385432
  0.00081330585
  0.00075350014
  0.00091164298
  0.00079187718
  0.00075970207
  0.00079805360
  0.00075264834
  0.00073699332
  0.00074920490
  0.00081069002
  0.00075226186
  0.00070803631
  0.00078949855
  0.00076990336
  0.00075071955
  0.00069128550
  0.00084430308
  0.00084407394
  0.00069992881
  0.00072006528
  0.00069898680
  0.00069252347
  0.00071064994
  0.00070558445
  0.00073378616
  0.00069906285
  0.00078279842
  0.00068292981
  0.00064807722
  0.00066310256
  0.00061272881
  0.00061882014
  0.00063511185
  0.00062987097
  0.00058007668
  0.00052643216
  0.00057393578
  0.00048542465
  0.00054934355
  0.00054191569
  0.00050625847
  0.00053278542
  0.00048322813
  0.00046706504
  0.00047929043
  0.00045858125
  0.00046271143
  0.00049931751
  0.00045681525
  0.00043091727
  0.00060062397
  0.00041045954
  0.00047588496
  0.00042642507
  0.00045551079
  0.00038502782
  0.00045361641
  0.00043317719
  0.00039450696
  0.00038862842
  0.00040183500
  0.00048948801
  0.00041732513
  0.00044095935
  0.00039962443
  0.00058485725
  0.00036637003
  0.00040558947
  0.00040177317
  0.00032337214
  0.00050114095
  0.00034593028
  0.00048728777
  0.00040439686
  0.00035835697
  0.00032302325
  0.00030028117
  0.00032299601
  0.00047605567
  0.00030871732
  0.00046955593
  0.00041947572
  0.00032527318
  0.00034571498
  0.00031677523
  0.00027597230
  0.00028764775
  0.00040198643
  0.00029044740
  0.00031326960
  0.00027584804
  0.00043441740
  0.00029430902
  0.00042087483
  0.00039090421
  0.00052245622
  0.00029640159
  0.00031011570
  0.00059169475
  0.00028279451
  0.00023353846
  0.00022441736
  0.00052534767
  0.00033036445
  0.00023872708
  0.00027958980
  0.00034411658
  0.00026592052
  0.00049236461
  0.00040461683
  0.00020339779
  0.00045886142
  0.00022464396
  0.00021910099
  0.00020754199
  0.00020312193
  0.00022890763
  0.00022469705
  0.00022580122
  0.00019091249
  0.00031358534
  0.00021725741
  0.00039002441
  0.00027863646
  0.00019982663
  0.00018792613
  0.00020027685
  0.00022363422
  0.00018970643
  0.00026271738
  0.00021694377
  0.00046619654
  0.00022997682
  0.00022985684
  0.00038369328
  0.00023792104
  0.00032693007
  0.00026143984
  0.00022401772
  0.00027859221
  0.00025512769
  0.00024073623
  0.00046008490
  0.00036707396
  0.00068969734
  0.00034584567
  0.00033815802
  0.00024229864
  0.00032229092
  0.00020721476
  0.00029268635
  0.00019619264
  0.00027674056
  0.00020582927
  0.00025389896
  0.00023697274
  0.00042653866
  0.00026132589
  0.00042322508
  0.00041487888
  0.00032775915
  0.00025187794
  0.00019748485
  0.00019086806
  0.00023954013
  0.00049097516
  0.00048039771
  0.00020781946
  0.00045516272
  0.00037807879
  0.00042644336
  0.00043642982
  0.00026790886
  0.00024075355
  0.00024033606
  0.00015742043
  0.00024754622
  0.00043007370
  0.00017498146
