1028 16
0 15
5467
5477
5486
5494
5500
5504
5507
5508
5509
5510
5511
5512
5513
5514
5515

1 27
5332
5344
5357
5369
5381
5393
5403
5414
5425
5435
5445
5455
5456
5467
5516
5517
5518
5519
5520
5521
5522
5523
5524
5525
5526
5527
5528

2 41
5321
5309
5333
5346
5359
5371
5383
5395
5405
5416
5427
5437
5447
5458
5469
5479
5488
5496
5502
5506
5508
5529
5530
5531
5532
5533
5534
5535
5536
5537
5538
5539
5540
5541
5542
5543
5544
5545
5546
5547
5548

3 117
3400
3485
3568
3650
3730
3808
3883
3960
4032
4100
4109
4175
4232
4294
4355
4356
4365
4423
4425
4478
4529
4573
4574
4584
4631
4668
4678
4723
4757
4758
4768
4809
4847
4850
4887
4889
4926
4960
4963
4995
4997
5028
5030
5060
5070
5098
5124
5148
5171
5192
5211
5229
5247
5264
5280
5295
5308
5320
5332
5549
5550
5551
5552
5553
5554
5555
5556
5557
5558
5559
5560
5561
5562
5563
5564
5565
5566
5567
5568
5569
5570
5571
5572
5573
5574
5575
5576
5577
5578
5579
5580
5581
5582
5583
5584
5585
5586
5587
5588
5589
5590
5591
5592
5593
5594
5595
5596
5597
5598
5599
5600
5601
5602
5603
5604
5605
5606

4 69
4098
4029
4165
4231
4293
4354
4413
4468
4520
4572
4621
4667
4713
4756
4799
4839
4877
4914
4950
4983
5015
5046
5076
5104
5130
5154
5177
5198
5217
5235
5253
5270
5284
5298
5309
5607
5608
5609
5610
5611
5612
5613
5614
5615
5616
5617
5618
5619
5620
5621
5622
5623
5624
5625
5626
5627
5628
5629
5630
5631
5632
5633
5634
5635
5636
5637
5638
5639
5640

5 99
2946
2871
3020
3097
3172
3247
3326
3412
3496
3579
3661
3740
3818
3894
3970
4043
4112
4179
4244
4306
4368
4428
4482
4535
4589
4638
4685
4732
4777
4820
4861
4900
4938
4974
5007
5039
5069
5096
5121
5145
5166
5187
5204
5223
5241
5258
5265
5281
5296
5309
5641
5642
5643
5644
5645
5646
5647
5648
5649
5650
5651
5652
5653
5654
5655
5656
5657
5658
5659
5660
5661
5662
5663
5664
5665
5666
5667
5668
5669
5670
5671
5672
5673
5674
5675
5676
5677
5678
5679
5680
5681
5682
5683
5684
5685
5686
5687
5688
5689

6 127
347
325
373
402
434
477
542
613
687
764
860
955
1046
1136
1223
1306
1383
1462
1540
1616
1687
1764
1837
1912
1978
2048
2120
2188
2254
2318
2393
2472
2550
2628
2703
2778
2853
2923
2993
3013
3086
3088
3160
3162
3234
3236
3311
3313
3389
3391
3474
3476
3558
3560
3641
3719
3722
3799
3801
3877
3879
3955
3956
4029
5690
5691
5692
5693
5694
5695
5696
5697
5698
5699
5700
5701
5702
5703
5704
5705
5706
5707
5708
5709
5710
5711
5712
5713
5714
5715
5716
5717
5718
5719
5720
5721
5722
5723
5724
5725
5726
5727
5728
5729
5730
5731
5732
5733
5734
5735
5736
5737
5738
5739
5740
5741
5742
5743
5744
5745
5746
5747
5748
5749
5750
5751
5752

7 37
2871
2941
2942
2943
2944
3017
3092
3166
3240
3317
3318
3393
3394
3395
3396
3397
3398
3399
3400
5753
5754
5755
5756
5757
5758
5759
5760
5761
5762
5763
5764
5765
5766
5767
5768
5769
5770

8 71
1310
1388
1468
1546
1623
1702
1782
1859
1934
2006
2077
2149
2216
2284
2308
2336
2337
2338
2339
2340
2352
2353
2354
2355
2356
2357
2358
2359
2360
2411
2490
2568
2646
2721
2796
2871
5771
5772
5773
5774
5775
5776
5777
5778
5779
5780
5781
5782
5783
5784
5785
5786
5787
5788
5789
5790
5791
5792
5793
5794
5795
5796
5797
5798
5799
5800
5801
5802
5803
5804
5805

9 37
423
424
457
456
458
459
463
505
506
543
614
689
767
863
958
1050
1140
1228
1310
5806
5807
5808
5809
5810
5811
5812
5813
5814
5815
5816
5817
5818
5819
5820
5821
5822
5823

10 117
215
226
239
252
265
266
275
287
289
304
306
323
342
357
358
368
392
394
421
443
444
461
423
486
498
504
550
551
552
571
573
620
642
643
644
692
693
716
717
718
719
771
772
792
793
794
795
796
797
798
799
800
805
806
807
808
809
810
811
5824
5825
5826
5827
5828
5829
5830
5831
5832
5833
5834
5835
5836
5837
5838
5839
5840
5841
5842
5843
5844
5845
5846
5847
5848
5849
5850
5851
5852
5853
5854
5855
5856
5857
5858
5859
5860
5861
5862
5863
5864
5865
5866
5867
5868
5869
5870
5871
5872
5873
5874
5875
5876
5877
5878
5879
5880
5881

11 99
276
292
310
331
354
380
409
441
484
553
627
704
785
884
979
1070
1160
1224
1225
1226
1229
1231
1234
1248
1310
1316
1329
1394
1397
1404
1422
1481
1500
1502
1503
1504
1505
1558
1559
1566
1567
1568
1569
1570
1571
1572
1573
1574
1575
1576
5882
5883
5884
5885
5886
5887
5888
5889
5890
5891
5892
5893
5894
5895
5896
5897
5898
5899
5900
5901
5902
5903
5904
5905
5906
5907
5908
5909
5910
5911
5912
5913
5914
5915
5916
5917
5918
5919
5920
5921
5922
5923
5924
5925
5926
5927
5928
5929
5930

12 41
0
3
12
24
38
51
64
76
88
100
112
124
136
148
158
168
177
190
201
213
215
5931
5932
5933
5934
5935
5936
5937
5938
5939
5940
5941
5942
5943
5944
5945
5946
5947
5948
5949
5950

13 69
290
276
307
326
325
345
348
369
370
395
397
425
428
465
469
510
511
516
517
518
519
520
521
522
523
524
525
526
527
528
529
530
531
532
533
5951
5952
5953
5954
5955
5956
5957
5958
5959
5960
5961
5962
5963
5964
5965
5966
5967
5968
5969
5970
5971
5972
5973
5974
5975
5976
5977
5978
5979
5980
5981
5982
5983
5984

14 41
39
25
52
65
77
89
101
113
125
137
149
161
173
185
198
210
223
236
249
262
276
5985
5986
5987
5988
5989
5990
5991
5992
5993
5994
5995
5996
5997
5998
5999
6000
6001
6002
6003
6004

15 21
1
0
4
5
6
7
8
9
13
14
25
6005
6006
6007
6008
6009
6010
6011
6012
6013
6014

