506 16
0 7
5467 5477 
5477 5486 
5486 5494 
5494 5500 
5500 5504 
5504 5507 
5507 5508 

1 13
5332 5344 
5344 5357 
5357 5369 
5369 5381 
5381 5393 
5393 5403 
5403 5414 
5414 5425 
5425 5435 
5435 5445 
5445 5455 
5455 5456 
5456 5467 

2 20
5321 5309 
5333 5321 
5346 5333 
5359 5346 
5371 5359 
5383 5371 
5395 5383 
5405 5395 
5416 5405 
5427 5416 
5437 5427 
5447 5437 
5458 5447 
5469 5458 
5479 5469 
5488 5479 
5496 5488 
5502 5496 
5506 5502 
5508 5506 

3 58
3400 3485 
3485 3568 
3568 3650 
3650 3730 
3730 3808 
3808 3883 
3883 3960 
3960 4032 
4032 4100 
4100 4109 
4109 4175 
4175 4232 
4232 4294 
4294 4355 
4355 4356 
4356 4365 
4365 4423 
4423 4425 
4425 4478 
4478 4529 
4529 4573 
4573 4574 
4574 4584 
4584 4631 
4631 4668 
4668 4678 
4678 4723 
4723 4757 
4757 4758 
4758 4768 
4768 4809 
4809 4847 
4847 4850 
4850 4887 
4887 4889 
4889 4926 
4926 4960 
4960 4963 
4963 4995 
4995 4997 
4997 5028 
5028 5030 
5030 5060 
5060 5070 
5070 5098 
5098 5124 
5124 5148 
5148 5171 
5171 5192 
5192 5211 
5211 5229 
5229 5247 
5247 5264 
5264 5280 
5280 5295 
5295 5308 
5308 5320 
5320 5332 

4 34
4098 4029 
4165 4098 
4231 4165 
4293 4231 
4354 4293 
4413 4354 
4468 4413 
4520 4468 
4572 4520 
4621 4572 
4667 4621 
4713 4667 
4756 4713 
4799 4756 
4839 4799 
4877 4839 
4914 4877 
4950 4914 
4983 4950 
5015 4983 
5046 5015 
5076 5046 
5104 5076 
5130 5104 
5154 5130 
5177 5154 
5198 5177 
5217 5198 
5235 5217 
5253 5235 
5270 5253 
5284 5270 
5298 5284 
5309 5298 

5 49
2946 2871 
3020 2946 
3097 3020 
3172 3097 
3247 3172 
3326 3247 
3412 3326 
3496 3412 
3579 3496 
3661 3579 
3740 3661 
3818 3740 
3894 3818 
3970 3894 
4043 3970 
4112 4043 
4179 4112 
4244 4179 
4306 4244 
4368 4306 
4428 4368 
4482 4428 
4535 4482 
4589 4535 
4638 4589 
4685 4638 
4732 4685 
4777 4732 
4820 4777 
4861 4820 
4900 4861 
4938 4900 
4974 4938 
5007 4974 
5039 5007 
5069 5039 
5096 5069 
5121 5096 
5145 5121 
5166 5145 
5187 5166 
5204 5187 
5223 5204 
5241 5223 
5258 5241 
5265 5258 
5281 5265 
5296 5281 
5309 5296 

6 63
347 325 
373 347 
402 373 
434 402 
477 434 
542 477 
613 542 
687 613 
764 687 
860 764 
955 860 
1046 955 
1136 1046 
1223 1136 
1306 1223 
1383 1306 
1462 1383 
1540 1462 
1616 1540 
1687 1616 
1764 1687 
1837 1764 
1912 1837 
1978 1912 
2048 1978 
2120 2048 
2188 2120 
2254 2188 
2318 2254 
2393 2318 
2472 2393 
2550 2472 
2628 2550 
2703 2628 
2778 2703 
2853 2778 
2923 2853 
2993 2923 
3013 2993 
3086 3013 
3088 3086 
3160 3088 
3162 3160 
3234 3162 
3236 3234 
3311 3236 
3313 3311 
3389 3313 
3391 3389 
3474 3391 
3476 3474 
3558 3476 
3560 3558 
3641 3560 
3719 3641 
3722 3719 
3799 3722 
3801 3799 
3877 3801 
3879 3877 
3955 3879 
3956 3955 
4029 3956 

7 18
2871 2941 
2941 2942 
2942 2943 
2943 2944 
2944 3017 
3017 3092 
3092 3166 
3166 3240 
3240 3317 
3317 3318 
3318 3393 
3393 3394 
3394 3395 
3395 3396 
3396 3397 
3397 3398 
3398 3399 
3399 3400 

8 35
1310 1388 
1388 1468 
1468 1546 
1546 1623 
1623 1702 
1702 1782 
1782 1859 
1859 1934 
1934 2006 
2006 2077 
2077 2149 
2149 2216 
2216 2284 
2308 2336 
2337 2308 
2338 2337 
2339 2338 
2340 2339 
2284 2352 
2352 2353 
2354 2340 
2353 2355 
2355 2356 
2357 2354 
2356 2358 
2358 2359 
2359 2360 
2360 2357 
2336 2411 
2411 2490 
2490 2568 
2568 2646 
2646 2721 
2721 2796 
2796 2871 

9 18
423 424 
457 456 
458 457 
424 459 
459 458 
456 463 
463 505 
505 506 
506 543 
543 614 
614 689 
689 767 
767 863 
863 958 
958 1050 
1050 1140 
1140 1228 
1228 1310 

10 58
215 226 
226 239 
239 252 
252 265 
265 266 
266 275 
275 287 
287 289 
289 304 
304 306 
306 323 
323 342 
342 357 
357 358 
358 368 
368 392 
392 394 
394 421 
421 443 
443 444 
461 423 
444 486 
498 461 
504 498 
486 550 
550 551 
551 552 
571 504 
573 571 
552 620 
642 573 
643 642 
644 643 
620 692 
692 693 
716 644 
717 716 
718 717 
719 718 
693 771 
771 772 
772 792 
792 793 
793 794 
794 795 
795 796 
796 797 
797 798 
798 799 
799 800 
800 805 
805 806 
806 807 
808 719 
809 808 
810 809 
807 811 
811 810 

11 49
276 292 
292 310 
310 331 
331 354 
354 380 
380 409 
409 441 
441 484 
484 553 
553 627 
627 704 
704 785 
785 884 
884 979 
979 1070 
1070 1160 
1224 1225 
1225 1226 
1229 1224 
1231 1229 
1234 1231 
1160 1248 
1226 1310 
1316 1234 
1248 1329 
1394 1316 
1397 1394 
1329 1404 
1422 1397 
1404 1481 
1500 1422 
1502 1500 
1503 1502 
1504 1503 
1505 1504 
1558 1505 
1481 1559 
1559 1566 
1566 1567 
1567 1568 
1568 1569 
1569 1570 
1571 1558 
1570 1572 
1572 1573 
1574 1571 
1573 1575 
1575 1576 
1576 1574 

12 20
0 3 
3 12 
12 24 
24 38 
38 51 
51 64 
64 76 
76 88 
88 100 
100 112 
112 124 
124 136 
136 148 
148 158 
158 168 
168 177 
177 190 
190 201 
201 213 
213 215 

13 34
290 276 
307 290 
326 307 
325 345 
348 326 
369 348 
345 370 
395 369 
370 397 
425 395 
397 428 
465 425 
428 469 
510 465 
511 510 
516 511 
517 516 
518 517 
469 519 
519 520 
520 521 
521 522 
522 523 
523 524 
524 525 
526 518 
525 527 
527 528 
528 529 
529 530 
530 531 
531 532 
532 533 
533 526 

14 20
39 25 
52 39 
65 52 
77 65 
89 77 
101 89 
113 101 
125 113 
137 125 
149 137 
161 149 
173 161 
185 173 
198 185 
210 198 
223 210 
236 223 
249 236 
262 249 
276 262 

15 10
1 0 
4 5 
5 6 
6 7 
7 8 
8 9 
9 1 
13 4 
14 13 
25 14 

