  0.15952518138
  0.17944681259
  0.19828532744
  0.07849954886
  0.03355088480
  0.03044300148
  0.02995735200
  0.02942300593
  0.02788590362
  0.02631134937
  0.02457948733
  0.02289330986
  0.02138521292
  0.01954119899
  0.01714200493
  0.01599249889
  0.01409671153
  0.01274430258
  0.01093185424
  0.01024638113
  0.00863316377
  0.00772276344
  0.00689825051
  0.00613954960
  0.00570078224
  0.00516752958
  0.00499288531
  0.00421942582
  0.00517772421
  0.00362917922
  0.00497571127
  0.00338483760
  0.00387909000
  0.00319525183
  0.00372128755
  0.00292201970
  0.00395573495
  0.00274921609
  0.00349755380
  0.00250686097
  0.00396084497
  0.00242560079
  0.00286316881
  0.00227008726
  0.00345131435
  0.00212323076
  0.00338854609
  0.00205426988
  0.00262313682
  0.00191644196
  0.00341686656
  0.00184993011
  0.00254806102
  0.00173966445
  0.00324754872
  0.00164679489
  0.00300811263
  0.00159228516
  0.00236259730
  0.00146298623
  0.00399222363
  0.00148980539
  0.00141265237
  0.00234442940
  0.00133036443
  0.00319579637
  0.00129965245
  0.00192856937
  0.00124397016
  0.00261865610
  0.00117774469
  0.00305391751
  0.00115057098
  0.00178850800
  0.00108927321
  0.00304170325
  0.00105080395
  0.00229804190
  0.00103877599
  0.00129109740
  0.00098235286
  0.00314973205
  0.00093770979
  0.00273390790
  0.00093363123
  0.00101223843
  0.00092128371
  0.00130062732
  0.00085203516
  0.00432776392
  0.00092603535
  0.00086931472
  0.00083923551
  0.00135635058
  0.00083366951
  0.00100349212
  0.00078770063
  0.00328073871
  0.00084083041
  0.00081736323
  0.00081393492
  0.00076158053
  0.00210081529
  0.00077687912
  0.00075500891
  0.00097613022
  0.00070518207
  0.00396013561
  0.00082422826
  0.00074440638
  0.00074892069
  0.00075551792
  0.00073774019
  0.00075750473
  0.00072344431
  0.00069293642
  0.00125987372
  0.00069007436
  0.00078394013
  0.00078620508
  0.00067731222
  0.00131039843
  0.00078054955
  0.00070602405
  0.00072074167
  0.00076239507
  0.00066263713
  0.00147164781
  0.00067024786
  0.00067038806
  0.00065063705
  0.00127460561
  0.00068735636
  0.00072909145
  0.00066258516
  0.00068389665
  0.00074855481
  0.00073470277
  0.00069167394
  0.00066636025
  0.00074150375
  0.00070701532
  0.00071358073
  0.00073157722
  0.00066766938
  0.00064313439
  0.00097030249
  0.00066097330
  0.00067140765
  0.00066709849
  0.00069808508
  0.00071677259
  0.00071855049
  0.00066344302
  0.00070175015
  0.00076154891
  0.00072180305
  0.00067808477
  0.00068098078
  0.00075338157
  0.00076184496
  0.00073578923
  0.00072278141
  0.00064910061
  0.00066692095
  0.00065787606
  0.00068400428
  0.00077191841
  0.00076914001
  0.00067642725
  0.00068604764
  0.00074138352
  0.00076702760
  0.00087503947
  0.00081755424
  0.00076611728
  0.00079590598
  0.00078359725
  0.00083649475
  0.00075137459
  0.00072824523
  0.00081519462
  0.00074919370
  0.00083856879
  0.00085363254
  0.00084463619
  0.00073848826
  0.00076414355
  0.00088611647
  0.00083881569
  0.00088299305
  0.00080620473
  0.00088406428
  0.00079617337
  0.00079865866
  0.00095923967
  0.00089081712
  0.00088875804
  0.00089265866
  0.00087991281
  0.00085066453
  0.00092948536
  0.00095736478
  0.00098237728
  0.00085906029
  0.00089804825
  0.00098580437
  0.00096911654
  0.00084958504
  0.00084448755
  0.00093147393
  0.00087366120
  0.00099729841
  0.00085177181
  0.00095636319
  0.00098384729
  0.00099674348
  0.00097689875
  0.00099053516
  0.00097863649
  0.00099571591
  0.00094474608
  0.00095305986
  0.00092191212
  0.00096869427
  0.00099083909
  0.00098300069
  0.00085632043
  0.00089357404
  0.00097572959
  0.00094204821
  0.00089904855
  0.00087130807
  0.00098185977
  0.00084007680
  0.00085617114
  0.00098203670
  0.00094276501
  0.00087609698
  0.00096377375
  0.00089849028
  0.00091988565
  0.00095668754
  0.00087673223
  0.00079973430
  0.00092363819
  0.00094219453
  0.00092303757
  0.00095102965
  0.00090458185
  0.00086808109
  0.00082159295
  0.00092183164
  0.00089513477
  0.00087957268
  0.00080937838
  0.00098327727
  0.00087286484
  0.00084041592
  0.00089698875
  0.00087121211
  0.00080872198
  0.00089809394
  0.00079550897
  0.00088737196
  0.00083527372
  0.00089441442
  0.00081559420
  0.00082105021
  0.00093565837
  0.00094709416
  0.00078906804
  0.00085756986
  0.00088922379
  0.00084648811
  0.00082983624
  0.00086060954
  0.00083199089
  0.00088748779
  0.00094115486
  0.00087554864
  0.00083558040
  0.00085891716
  0.00084756193
  0.00085495505
  0.00077077516
  0.00086562432
  0.00085159733
  0.00081983103
  0.00077052811
  0.00080026488
  0.00084643159
  0.00077397610
  0.00075084152
  0.00083449057
  0.00079746517
  0.00083461925
  0.00076223858
  0.00086356596
  0.00077926450
  0.00084185133
  0.00075980047
  0.00071948406
  0.00086985005
  0.00081414331
  0.00080898531
  0.00078386204
  0.00071509143
  0.00083352494
  0.00073751701
  0.00073217125
  0.00080426040
  0.00081990125
  0.00067840675
  0.00073256867
  0.00078505698
  0.00081739180
  0.00079189484
  0.00067295087
  0.00084758367
  0.00076040828
  0.00079487777
  0.00074441717
  0.00068789842
  0.00070822404
  0.00071182475
  0.00074044529
  0.00073498295
  0.00080162668
  0.00076108991
  0.00071902066
  0.00081432045
  0.00075967485
  0.00072014684
  0.00071777354
  0.00067083797
  0.00067000783
  0.00064949162
  0.00070984778
  0.00070423086
  0.00070534385
  0.00067867551
  0.00071529544
  0.00068643733
  0.00075869149
  0.00076075947
  0.00073077646
  0.00079294315
  0.00077988126
  0.00066573743
  0.00074962757
  0.00066578422
  0.00074186912
  0.00067713007
  0.00073203758
  0.00058408124
  0.00547408342
  0.00081873222
  0.00077396209
  0.00072607195
  0.00069388777
  0.00070526925
  0.00073536586
  0.00067444805
  0.00071290914
  0.00074439080
  0.00071353216
  0.00071448573
  0.00065096385
  0.00065326632
  0.00068254462
  0.00066194016
  0.00072381354
  0.00068793486
  0.00070721025
  0.00074366876
  0.00072761832
  0.00071827269
  0.00065450163
  0.00065874783
  0.00072250204
  0.00069408265
  0.00064409773
  0.00066832511
  0.00069630563
  0.00067557350
  0.00065683145
  0.00061538623
  0.00065330785
  0.00070590382
  0.00071372497
  0.00067648052
  0.00063604005
  0.00061713620
  0.00069073764
  0.00070684244
  0.00061732892
  0.00062682360
  0.00065503569
  0.00061757203
  0.00065053607
  0.00061747698
  0.00059548321
  0.00059360683
  0.00061623855
  0.00065155258
  0.00066988383
  0.00051030118
  0.00761982231
  0.00114022987
  0.00066945093
  0.00070219436
  0.00071886719
  0.00067678831
  0.00064752218
  0.00062127627
  0.00065941821
  0.00069154532
  0.00065351144
  0.00061685300
  0.00064732179
  0.00070122586
  0.00060332776
  0.00067227401
  0.00055783016
  0.00057786399
  0.00067141930
  0.00059332020
  0.00056023130
  0.00061018182
  0.00056984612
  0.00064199096
  0.00058786966
  0.00059251965
  0.00061833648
  0.00067074469
  0.00057234918
  0.00051963358
  0.00055674144
  0.00065708445
  0.00055952334
  0.00062961198
  0.00053010630
  0.00050317537
  0.00095151105
  0.00050549875
  0.00054172038
  0.00050626701
  0.00049406658
  0.00121740711
  0.00054652645
  0.00053826165
  0.00057543609
  0.00050986422
  0.00052732275
  0.00050876395
  0.00060299929
  0.00052229639
  0.00059803994
  0.00059152287
  0.00049228423
  0.00051278028
  0.00048496096
  0.00102817300
  0.00049421352
  0.00060392427
  0.00057198456
  0.00052968321
  0.00051261216
  0.00054954514
  0.00050301318
  0.00046849558
  0.00193609004
  0.00050198807
  0.00051722648
  0.00047498544
  0.00052691939
  0.00056383315
  0.00049529186
  0.00048931197
  0.00049329507
  0.00048991055
  0.00046714761
  0.00056279306
  0.00046273484
  0.00073468761
  0.00057119505
  0.00045860029
  0.00063940699
  0.00052961501
  0.00044939621
  0.00115356579
  0.00054700339
  0.00055078379
  0.00063293197
  0.00058574119
  0.00054733685
  0.00043983997
  0.00117905084
  0.00046304822
  0.00058644724
  0.00055882078
  0.00041421815
  0.00318553248
  0.00057730859
  0.00047898432
  0.00050401176
  0.00048010742
  0.00048385422
  0.00047373583
  0.00041629009
  0.00052711069
  0.00053809354
  0.00056554107
  0.00045904472
  0.00049932712
  0.00043064034
  0.00043269054
  0.00040716473
  0.00097110277
  0.00052912896
  0.00050489444
  0.00047998794
  0.00039885794
  0.00113417663
  0.00040909976
  0.00042243124
  0.00051197160
  0.00043755981
  0.00050017605
  0.00048511310
  0.00039483774
  0.00059470319
  0.00040707628
  0.00037432691
  0.00270849980
  0.00056017441
  0.00043462475
  0.00044728096
  0.00043928174
  0.00041992677
  0.00041930125
  0.00046994412
  0.00043310504
  0.00042087881
  0.00043064893
  0.00048868306
  0.00038912879
  0.00034203995
  0.00436597721
  0.00079851434
  0.00049027196
  0.00049006290
  0.00043289910
  0.00044274140
  0.00047929926
  0.00038508476
  0.00039443526
  0.00048027002
  0.00036146715
  0.00044135354
  0.00042098909
  0.00046703884
  0.00044648036
  0.00044296384
  0.00041798972
  0.00034813446
  0.00038514136
  0.00044117820
  0.00033774569
  0.00067724318
  0.00039858582
  0.00036937185
  0.00033973410
  0.00032656167
  0.00159434400
  0.00036482215
  0.00037082837
  0.00035929133
  0.00034574805
  0.00044207520
  0.00032480050
  0.00039903503
  0.00044620804
  0.00037079840
  0.00038826205
  0.00045378930
  0.00032353898
  0.00032974005
  0.00029833018
  0.00358290702
  0.00063078258
  0.00039514395
  0.00040037579
  0.00041695878
  0.00038562073
  0.00041337080
  0.00038136829
  0.00032988470
  0.00043169160
  0.00037352844
  0.00044337463
  0.00035029200
  0.00031368817
  0.00037286182
  0.00040781859
  0.00028605103
  0.00178415403
  0.00048333425
  0.00037720949
  0.00039255072
  0.00038116692
  0.00043188941
  0.00037895116
  0.00030946824
  0.00034011327
  0.00030897273
  0.00040135324
  0.00030971697
  0.00032144782
  0.00029836778
  0.00031506718
  0.00037825412
  0.00042434492
  0.00028149463
  0.00073329819
  0.00045437762
  0.00025475637
  0.00394375133
  0.00079196031
  0.00034769746
  0.00042794036
  0.00038554104
  0.00039657885
  0.00040756135
  0.00033954344
  0.00032486236
  0.00040971720
  0.00038619381
  0.00035567944
  0.00031501534
  0.00027661937
  0.00034994625
  0.00026726403
  0.00024804875
  0.00103654374
  0.00044360185
  0.00027854022
  0.00028917590
  0.00032120517
  0.00035815226
  0.00041437968
  0.00029778944
  0.00035088203
  0.00039026555
  0.00028465405
  0.00025152122
  0.00028038652
  0.00028960882
  0.00036475316
  0.00025152645
  0.00027639592
  0.00026163038
  0.00018499490
  0.00919405126
  0.00216870002
  0.00062067034
  0.00064944252
  0.00058739644
  0.00059079231
  0.00053323683
  0.00049866744
  0.00047226930
  0.00039442225
  0.00038454447
  0.00039392869
  0.00040681410
  0.00037615180
  0.00047099676
  0.00036366869
  0.00033322515
  0.00038597905
  0.00032846718
  0.00030696324
  0.00032784771
  0.00027079755
  0.00024247047
  0.00031098147
  0.00026401596
  0.00027920898
  0.00025211430
  0.00035636545
  0.00022137007
  0.00020171810
  0.00022739330
  0.00020770782
  0.00022880784
  0.00037963422
  0.00032725457
  0.00022536797
  0.00023926931
  0.00034897516
  0.00032938718
  0.00031386604
  0.00039667502
  0.00028168135
  0.00035138914
  0.00031602986
  0.00034265517
  0.00032918889
  0.00035032166
  0.00030550246
  0.00023835269
  0.00033848107
  0.00023966144
  0.00031303771
  0.00027022248
  0.00024474664
  0.00025943187
  0.00039608351
  0.00023682820
  0.00034959121
  0.00033364501
  0.00029729909
  0.00033245450
  0.00050362049
  0.00036359170
  0.00024265745
  0.00029541909
  0.00028243118
  0.00031040148
  0.00035261220
  0.00028447811
  0.00022113077
  0.00040247403
  0.00033905679
  0.00026324561
  0.00027833516
  0.00032092520
  0.00021655402
  0.00034009581
  0.00026964194
  0.00022099997
  0.00016956959
  0.00240954671
  0.00050760788
  0.00032728752
  0.00034284527
  0.00035698472
  0.00030726023
  0.00035338546
  0.00035494550
  0.00022398470
  0.00040482089
  0.00035390123
  0.00026321431
  0.00031745915
  0.00025946910
  0.00024107806
  0.00020980953
  0.00017436728
  0.00019516372
  0.00021112089
  0.00023775866
  0.00034565457
  0.00019798402
  0.00020165291
  0.00040157502
  0.00034934703
  0.00016497173
  0.00077280210
  0.00033935826
  0.00020675460
  0.00023839161
  0.00019811922
  0.00019938697
  0.00020436885
  0.00031681332
  0.00023540198
  0.00020806850
  0.00019170282
  0.00020864834
  0.00023965106
  0.00015722570
  0.00122932248
  0.00030000644
  0.00023279016
  0.00034731919
  0.00020218305
  0.00038269439
  0.00018666308
  0.00015617606
  0.00023837840
  0.00016992044
  0.00036018333
  0.00021265664
  0.00018094044
  0.00032698806
  0.00023896408
  0.00019019762
  0.00018368661
  0.00031028403
  0.00035636436
  0.00014814037
  0.00124558089
  0.00038252868
  0.00017647037
  0.00019534212
  0.00031447908
  0.00022735737
  0.00025124335
  0.00016947458
  0.00033969766
  0.00029704878
  0.00015061389
  0.00035517694
  0.00031090333
  0.00023860280
  0.00028598167
  0.00021817134
  0.00018771928
  0.00029491522
  0.00021459543
  0.00015258425
  0.00034596157
  0.00015593081
  0.00024171959
  0.00017271955
  0.00018356660
  0.00037591500
  0.00032601282
  0.00026084248
  0.00017744081
  0.00035315286
  0.00025440389
  0.00015137821
  0.00035500513
  0.00016729645
  0.00022865316
  0.00021169867
  0.00030547296
  0.00023050132
  0.00020404857
  0.00022167230
  0.00017134563
  0.00014552778
  0.00052856861
  0.00033772107
  0.00014222817
  0.00051431641
  0.00016162786
  0.00017794923
  0.00023981716
  0.00018909352
  0.00027810532
  0.00024129932
  0.00019091027
  0.00023899519
  0.00012956338
  0.00196163654
  0.00041924521
  0.00016980180
  0.00023039932
  0.00020027418
  0.00021881467
  0.00018793183
  0.00018626975
  0.00033791096
  0.00019661618
  0.00014090862
  0.00013245308
  0.00035477112
  0.00013291476
  0.00026367230
  0.00014234301
  0.00024534773
  0.00031444715
  0.00029493909
  0.00013523798
  0.00027453472
  0.00028876006
  0.00026840810
  0.00025336903
  0.00020717017
  0.00013031901
  0.00032271685
  0.00014750096
  0.00014548227
  0.00012731293
  0.00038225229
  0.00019641742
  0.00017697643
  0.00019746872
  0.00040327273
  0.00029023837
  0.00014223347
  0.00019020709
  0.00029749376
  0.00016608868
  0.00018812862
  0.00012104591
  0.00098884637
  0.00025927370
  0.00012917669
  0.00020692555
  0.00038806920
  0.00017607758
  0.00033302296
  0.00044143943
  0.00024448346
  0.00027296956
  0.00028461842
  0.00022622255
  0.00022455302
  0.00015294008
  0.00019907822
  0.00022961801
  0.00021917260
  0.00014230320
  0.00022111849
  0.00027956917
  0.00012183816
  0.00012581163
  0.00014134154
  0.00028062770
  0.00029029782
  0.00021963745
  0.00030226615
  0.00017130399
  0.00018765070
  0.00034001317
  0.00010933160
  0.00183548741
  0.00040683205
  0.00021721845
  0.00019914358
  0.00031577240
  0.00016536176
  0.00044876324
  0.00021802341
  0.00028299327
  0.00027323112
  0.00012198268
  0.00013995714
  0.00034944793
  0.00029348695
  0.00029204684
  0.00019764766
  0.00020685750
  0.00020168751
  0.00011073162
  0.00018747905
  0.00012015441
  0.00010899668
  0.00016639343
  0.00069528120
  0.00033696086
  0.00016172193
  0.00036430826
  0.00043600470
  0.00008880923
  0.00309897150
  0.00072735241
  0.00032232453
  0.00029649404
  0.00034021799
  0.00024025199
  0.00022053958
  0.00018262241
  0.00042638198
  0.00018210397
  0.00019636137
  0.00018535631
  0.00019595311
  0.00016419992
  0.00035224912
  0.00035131970
  0.00017472211
  0.00015479904
  0.00039247176
  0.00017826551
  0.00027435386
  0.00018542756
  0.00012570846
  0.00017126835
  0.00033830300
  0.00030471714
  0.00024638106
  0.00023276058
  0.00024543170
  0.00018221798
  0.00012762389
  0.00015785902
  0.00011708408
  0.00014410355
  0.00031805225
  0.00014502729
  0.00013296572
  0.00040574578
  0.00025684652
