1000	4
0.162996	0.00485543	10.1982	50.4529	
0.185095	0.00268693	7.77136	50.3429	
0.244604	0.00250122	7.75602	50.2342	
0.212007	0.00268855	8.25633	50.0905	
0.175558	0.00276282	8.43413	50.0671	
0.160203	0.00286107	8.43402	50.1108	
0.142352	0.00311385	8.57375	50.1441	
0.129124	0.00358847	8.89221	50.1756	
0.112025	0.0041215	9.1569	50.2112	
0.0968234	0.00462623	9.36365	50.2394	
0.0838358	0.00510557	9.53825	50.2631	
0.0741093	0.00562535	9.77871	50.2847	
0.0656378	0.00614227	10.0497	50.3062	
0.057272	0.00651048	10.2615	50.3277	
0.049849	0.00658373	10.3009	50.3407	
0.0435712	0.00685896	10.5105	50.3605	
0.0388886	0.00681367	10.5009	50.3654	
0.0349236	0.00687444	10.5646	50.3752	
0.033063	0.00689031	10.6579	50.3274	
0.0281745	0.00711746	10.8115	50.3947	
0.0264777	0.00703656	10.7764	50.3946	
0.0247436	0.00698911	10.7379	50.3986	
0.0228379	0.00714131	10.864	50.4078	
0.0222835	0.00707365	10.8321	50.4069	
0.0213806	0.00709327	10.8553	50.4086	
0.0209982	0.00699127	10.7561	50.4078	
0.0201824	0.00707573	10.8479	50.411	
0.022119	0.00687088	10.6998	50.3511	
0.0191617	0.00704612	10.8189	50.4142	
0.0214689	0.00690742	10.7445	50.3554	
0.0183505	0.0070339	10.8106	50.416	
0.0181415	0.00703209	10.8113	50.4167	
0.0206481	0.00683341	10.6871	50.354	
0.0179189	0.0070211	10.805	50.4171	
0.0176642	0.00699492	10.786	50.4178	
0.0175436	0.00700535	10.7994	50.4175	
0.0171031	0.00694849	10.7509	50.4182	
0.0164394	0.00709173	10.8655	50.4249	
0.0168125	0.00696455	10.7662	50.4202	
0.0164013	0.00703844	10.8412	50.4226	
0.0164461	0.00693485	10.7465	50.4198	
0.0158176	0.00703432	10.8148	50.4265	
0.0162714	0.00689969	10.7162	50.4212	
0.016274	0.00693636	10.7527	50.4218	
0.0154057	0.00704705	10.8374	50.4274	
0.0157842	0.00694402	10.766	50.4249	
0.0156477	0.00687589	10.7041	50.4227	
0.0150881	0.00700063	10.801	50.4285	
0.0156015	0.00690375	10.7339	50.4232	
0.0155491	0.00683068	10.6745	50.4222	
0.0152718	0.00682784	10.674	50.423	
0.0154147	0.00681453	10.6644	50.4221	
0.0151631	0.0068144	10.6664	50.4233	
0.0151617	0.00683582	10.6816	50.4236	
0.0142736	0.00695926	10.78	50.4306	
0.0148227	0.00682233	10.6737	50.4261	
0.0146006	0.00681449	10.6698	50.4256	
0.0140738	0.00688934	10.7227	50.431	
0.014428	0.00679097	10.6532	50.4266	
0.0144629	0.00679277	10.6584	50.4261	
0.0141132	0.00677821	10.6453	50.4267	
0.0137238	0.00690695	10.7476	50.4319	
0.0135759	0.00690263	10.7429	50.4335	
0.0140829	0.00675613	10.6316	50.4266	
0.0139451	0.00677747	10.6467	50.4294	
0.0138026	0.00675993	10.6357	50.428	
0.0138482	0.00673731	10.6191	50.4285	
0.0131357	0.00688275	10.732	50.4346	
0.0137399	0.00673863	10.6189	50.4292	
0.0129432	0.00686753	10.7218	50.4344	
0.0129885	0.00683276	10.6884	50.4342	
0.0134147	0.0067275	10.6195	50.4281	
0.0127737	0.00684883	10.7103	50.4355	
0.0131382	0.00673709	10.6294	50.4312	
0.0126864	0.00680379	10.669	50.4354	
0.0129427	0.00670547	10.5978	50.4306	
0.0129778	0.0066855	10.5853	50.4317	
0.0129771	0.00671216	10.6133	50.43	
0.0123734	0.00677083	10.647	50.4358	
0.0128256	0.00666766	10.5739	50.4318	
0.0129242	0.00666171	10.5703	50.4311	
0.01204	0.00678519	10.6608	50.4361	
0.0125684	0.00670016	10.6114	50.4332	
0.0117479	0.00678523	10.6692	50.4381	
0.012392	0.0066712	10.5897	50.4333	
0.0118521	0.00675217	10.6429	50.438	
0.012471	0.00662774	10.5478	50.4328	
0.0119627	0.00679832	10.6769	50.4374	
0.0117321	0.00675648	10.6416	50.4397	
0.0113079	0.00677837	10.6652	50.4387	
0.0120433	0.00661242	10.5361	50.4339	
0.0115973	0.00673792	10.634	50.4379	
0.011395	0.0066946	10.5927	50.4405	
0.0122155	0.00662397	10.5465	50.4324	
0.0114895	0.0067016	10.5996	50.4389	
0.0121682	0.00662973	10.5567	50.4327	
0.0115221	0.00676149	10.6558	50.439	
0.0116124	0.00659613	10.5227	50.4349	
0.0118255	0.00659252	10.524	50.4339	
0.0118223	0.00657278	10.5097	50.4346	
0.0118199	0.00658412	10.5153	50.4356	
0.011247	0.00668746	10.5907	50.44	
0.0110649	0.00671773	10.6233	50.4395	
0.011615	0.00655155	10.4934	50.4349	
0.0110996	0.00666164	10.5694	50.4401	
0.0116745	0.00662835	10.5613	50.4361	
0.0116218	0.0066001	10.5407	50.4356	
0.0106351	0.00670905	10.6198	50.4405	
0.0107182	0.0066412	10.5574	50.4412	
0.0107097	0.00664004	10.5572	50.4416	
0.0113806	0.00657879	10.5248	50.4363	
0.0113739	0.00653783	10.4852	50.4364	
0.0113955	0.00654008	10.4855	50.436	
0.0114221	0.00653214	10.4798	50.4359	
0.011393	0.00654686	10.4919	50.4367	
0.0114121	0.00657489	10.5179	50.4368	
0.0107634	0.00664603	10.5624	50.4405	
0.0112853	0.00655136	10.4935	50.4375	
0.0113137	0.00652319	10.4741	50.4359	
0.0115136	0.00653642	10.4852	50.4345	
0.011322	0.00654625	10.4924	50.4367	
0.011199	0.00653891	10.4866	50.4367	
0.011359	0.00652007	10.4728	50.4355	
0.0107656	0.00662247	10.5504	50.4405	
0.0113154	0.00652197	10.4806	50.4356	
0.011452	0.00653129	10.4824	50.4349	
0.0112581	0.00655282	10.5112	50.437	
0.0111347	0.0065039	10.4633	50.4364	
0.0105676	0.00660034	10.5317	50.4415	
0.0106514	0.00665103	10.5807	50.4416	
0.0110965	0.0065556	10.5134	50.4386	
0.0105566	0.00659437	10.5298	50.4403	
0.010592	0.00661488	10.5445	50.4409	
0.0111612	0.00651031	10.4709	50.4364	
0.0111709	0.00655577	10.5184	50.4369	
0.0106374	0.00661297	10.5445	50.4407	
0.0112225	0.00650432	10.4679	50.436	
0.0111831	0.00649421	10.46	50.4363	
0.010708	0.00660888	10.5457	50.44	
0.0111995	0.00654948	10.5172	50.4367	
0.0112637	0.00649777	10.4651	50.435	
0.0107643	0.00664215	10.5758	50.4402	
0.0111084	0.00649195	10.4589	50.4372	
0.011194	0.00649118	10.4612	50.4364	
0.010651	0.00661477	10.5496	50.4412	
0.0106498	0.00664581	10.5851	50.4415	
0.0110843	0.00653833	10.5085	50.437	
0.0105556	0.0065972	10.548	50.4409	
0.0106539	0.00664795	10.5826	50.4414	
0.0106445	0.00665997	10.5885	50.442	
0.0110938	0.00649362	10.4652	50.4368	
0.0111397	0.00649443	10.4687	50.4369	
0.0111779	0.00649257	10.4677	50.436	
0.0105816	0.00658387	10.5312	50.4411	
0.0111239	0.00647767	10.457	50.4362	
0.0112428	0.00649202	10.4696	50.4359	
0.0111859	0.00649816	10.4744	50.4367	
0.0111584	0.00651351	10.4987	50.4367	
0.0111359	0.00652166	10.5043	50.4374	
0.0112231	0.00647941	10.4625	50.4359	
0.0111886	0.00647718	10.4601	50.4364	
0.0112047	0.00646882	10.4592	50.4358	
0.0112562	0.00652161	10.5092	50.4361	
0.0105996	0.00658519	10.5418	50.4413	
0.0107071	0.00661041	10.5652	50.4405	
0.0105595	0.00662272	10.5779	50.4427	
0.0111466	0.00651551	10.5059	50.4371	
0.0112027	0.00647911	10.4676	50.4364	
0.0112089	0.0064781	10.469	50.4365	
0.0106552	0.00660054	10.568	50.4411	
0.0106835	0.00659244	10.5523	50.4409	
0.0111749	0.00647417	10.4677	50.4364	
0.0112299	0.0064774	10.472	50.4363	
0.0114609	0.00647187	10.474	50.4338	
0.0113042	0.006484	10.4801	50.436	
0.0107566	0.00658086	10.5585	50.4398	
0.0113069	0.0064634	10.4671	50.4353	
0.0112213	0.0064622	10.4664	50.4362	
0.0112659	0.00646491	10.4684	50.4364	
0.0107443	0.00656831	10.5443	50.4402	
0.0107128	0.00659019	10.5696	50.4407	
0.0112131	0.00646161	10.4681	50.4372	
0.0107753	0.00659037	10.5727	50.4402	
0.0113181	0.0064568	10.4726	50.4351	
0.0113096	0.00645228	10.4669	50.4358	
0.0113416	0.0064532	10.4701	50.4354	
0.0106732	0.00654072	10.5301	50.4407	
0.010745	0.00659251	10.5815	50.4409	
0.0113785	0.00646379	10.4796	50.4353	
0.0112875	0.00644188	10.4635	50.4354	
0.0113019	0.00644994	10.4715	50.4362	
0.0108233	0.00659234	10.587	50.4403	
0.0113489	0.00645592	10.4789	50.4356	
0.0107296	0.00655457	10.5481	50.441	
0.010683	0.00652643	10.527	50.4408	
0.0115253	0.00646553	10.4949	50.4337	
0.011368	0.00648003	10.5139	50.4355	
0.0113854	0.00648635	10.5203	50.436	
0.0113831	0.00645085	10.4826	50.4355	
0.0108806	0.0065769	10.5838	50.4402	
0.0112361	0.00647363	10.5074	50.4376	
0.0113569	0.0064329	10.4721	50.436	
0.0113841	0.00642401	10.4686	50.4354	
0.0114551	0.00642759	10.4705	50.4349	
0.0108456	0.00657326	10.5891	50.4405	
0.0113587	0.00648142	10.5272	50.4364	
0.0114474	0.00643964	10.4825	50.4358	
0.0114424	0.00643778	10.4827	50.4357	
0.0108209	0.00654433	10.5615	50.4404	
0.0108296	0.00657465	10.5913	50.4411	
0.0113908	0.00641942	10.4727	50.4353	
0.0108136	0.00656947	10.5852	50.4418	
0.0115004	0.0064595	10.5184	50.4351	
0.0107429	0.00653066	10.5524	50.4416	
0.0114424	0.00642566	10.4817	50.4353	
0.0114933	0.00642493	10.4825	50.4349	
0.0114965	0.00642666	10.4845	50.4353	
0.0114509	0.0064089	10.4719	50.4353	
0.0115022	0.006398	10.4655	50.4343	
0.0115344	0.00642732	10.4913	50.4347	
0.0115233	0.00641765	10.4836	50.435	
0.0114659	0.00640337	10.4742	50.435	
0.0114613	0.00644259	10.5158	50.4358	
0.0114573	0.00642768	10.4957	50.4361	
0.0115001	0.00641548	10.4861	50.4353	
0.0111879	0.00654319	10.5854	50.4374	
0.0115717	0.00640584	10.4833	50.4341	
0.0108983	0.00652348	10.5675	50.4405	
0.0110651	0.00657805	10.6193	50.4399	
0.0115477	0.00640778	10.487	50.4348	
0.0109826	0.00652126	10.5701	50.4405	
0.0109946	0.00653159	10.5889	50.4396	
0.0109946	0.00650961	10.5631	50.4391	
0.0116095	0.00642193	10.5042	50.4345	
0.0108997	0.00654269	10.5949	50.4412	
0.0109454	0.00650529	10.5629	50.4398	
0.0116633	0.00643941	10.529	50.4338	
0.0114962	0.00640729	10.4996	50.4355	
0.0110855	0.00655059	10.6129	50.4393	
0.0115606	0.00638016	10.4763	50.4338	
0.0110745	0.0065057	10.5792	50.4385	
0.0115919	0.00640655	10.4997	50.4348	
0.0116244	0.00638602	10.4838	50.4335	
0.0115859	0.00644775	10.5474	50.4348	
0.0109182	0.00649648	10.5675	50.4402	
0.0116013	0.00638364	10.4855	50.4341	
0.0116645	0.00640214	10.4998	50.4345	
0.0116856	0.00638941	10.4942	50.4336	
0.0116746	0.00639368	10.4961	50.4341	
0.01153	0.00639964	10.506	50.4359	
0.0116358	0.00644378	10.5521	50.4349	
0.0110057	0.00650165	10.5788	50.44	
0.0116547	0.00637583	10.4866	50.4337	
0.0116478	0.00639232	10.5017	50.4344	
0.0116905	0.006435	10.5487	50.4342	
0.0110153	0.00649258	10.5754	50.44	
0.0119366	0.00640736	10.5226	50.4316	
0.0116148	0.00640313	10.512	50.4351	
0.0116202	0.00641772	10.5301	50.4356	
0.0116774	0.00635449	10.4801	50.4332	
0.0112675	0.0065109	10.6024	50.4377	
0.0110802	0.00650939	10.6039	50.4395	
0.0117093	0.00641378	10.5373	50.4344	
0.0111276	0.00652193	10.6176	50.4391	
0.0116833	0.00642199	10.5449	50.4348	
0.0110768	0.00644004	10.5339	50.4388	
0.0117619	0.00638865	10.5107	50.4339	
0.0111667	0.00651199	10.6098	50.439	
0.0111812	0.00651663	10.6152	50.4392	
0.0118845	0.00638287	10.5103	50.4321	
0.0118055	0.00637561	10.5025	50.4334	
0.0112519	0.00652412	10.6177	50.4388	
0.0117565	0.00640595	10.5419	50.434	
0.0117878	0.00635648	10.4918	50.4328	
0.0117211	0.00640812	10.5456	50.4344	
0.0117951	0.00637547	10.5119	50.433	
0.0113362	0.00647364	10.5865	50.4371	
0.0112749	0.0064679	10.5799	50.4374	
0.0118169	0.00635999	10.4995	50.4328	
0.0119736	0.00635105	10.4964	50.4308	
0.0118196	0.00638433	10.5212	50.4341	
0.011257	0.0064494	10.5686	50.4377	
0.0119256	0.00639357	10.5371	50.4324	
0.0118112	0.0063757	10.5193	50.434	
0.0118689	0.00640926	10.557	50.4335	
0.0111876	0.00646344	10.5826	50.4387	
0.0118271	0.00635277	10.4997	50.4331	
0.0118967	0.00635829	10.5087	50.4325	
0.0118514	0.00636578	10.5165	50.433	
0.0112729	0.00646048	10.585	50.4381	
0.0114329	0.0065252	10.646	50.4376	
0.0118814	0.00635599	10.5114	50.4328	
0.0112405	0.00646325	10.5881	50.4389	
0.0112226	0.00645536	10.5821	50.4386	
0.0119043	0.00636339	10.5187	50.433	
0.0113479	0.00643806	10.5727	50.437	
0.0119165	0.00636048	10.5171	50.4326	
0.0113335	0.00649947	10.633	50.4382	
0.0119768	0.00636429	10.5216	50.4324	
0.0114203	0.00650056	10.636	50.4376	
0.0119981	0.00636139	10.5229	50.432	
0.0113538	0.00645063	10.5879	50.437	
0.0112904	0.00645538	10.592	50.4381	
0.0120727	0.00636311	10.5241	50.4314	
0.0119438	0.00633406	10.5041	50.432	
0.0119803	0.00635604	10.5217	50.4321	
0.0115352	0.0064844	10.6281	50.4361	
0.0113518	0.00644496	10.5907	50.4373	
0.011993	0.00635287	10.522	50.4326	
0.0113412	0.00647346	10.6177	50.4385	
0.0113362	0.00643452	10.5828	50.4379	
0.0116005	0.00649237	10.636	50.4362	
0.0121486	0.0063526	10.5412	50.4299	
0.011322	0.0064963	10.6434	50.4386	
0.0114072	0.00643226	10.5834	50.4371	
0.0119802	0.00632137	10.5053	50.4315	
0.0120575	0.00637166	10.555	50.4321	
0.0115991	0.00647628	10.6288	50.4362	
0.0112894	0.00645761	10.6118	50.4387	
0.0121055	0.00633871	10.5202	50.4315	
0.0115008	0.00641524	10.5771	50.4358	
0.0120509	0.00633932	10.5232	50.4319	
0.0116146	0.0064786	10.634	50.4358	
0.0113854	0.00645056	10.606	50.4382	
0.0115036	0.00645246	10.6099	50.4367	
0.0114507	0.00643481	10.5948	50.4369	
0.0115555	0.00644065	10.6074	50.4358	
0.0115765	0.00643815	10.6013	50.4355	
0.0121303	0.00633141	10.5232	50.4314	
0.012058	0.00637823	10.5728	50.4331	
0.0114952	0.00643244	10.5984	50.437	
0.0121871	0.00634523	10.5362	50.4313	
0.0120741	0.0063496	10.551	50.4325	
0.0114885	0.0064391	10.6109	50.4374	
0.0114348	0.00646144	10.6299	50.4387	
0.0115104	0.006478	10.6475	50.4375	
0.0114747	0.00646714	10.6389	50.4378	
0.01144	0.00643744	10.6064	50.4378	
0.0115332	0.00641619	10.5915	50.4366	
0.0115903	0.0064262	10.6002	50.4358	
0.0115421	0.00645219	10.6254	50.4371	
0.0115211	0.00646834	10.6456	50.4375	
0.0115673	0.00642944	10.6036	50.4366	
0.0115623	0.00646826	10.6457	50.4372	
0.0121539	0.00633545	10.5381	50.4321	
0.0122108	0.00633974	10.5441	50.4309	
0.0121493	0.00633019	10.5375	50.4318	
0.0122479	0.00633043	10.5427	50.4309	
0.0122569	0.00630386	10.5199	50.43	
0.0116197	0.0064698	10.654	50.4369	
0.0122132	0.00633723	10.5468	50.4319	
0.0115656	0.00642018	10.6069	50.437	
0.0118168	0.00646777	10.6568	50.4348	
0.0115911	0.00642793	10.6143	50.4367	
0.0121976	0.00632711	10.5409	50.4318	
0.0114019	0.0064793	10.657	50.4403	
0.0115535	0.0063111	10.5297	50.4307	
0.0115556	0.00636196	10.5864	50.4355	
0.0118518	0.00631365	10.5418	50.4322	
0.011785	0.00630798	10.5322	50.4332	
0.0112336	0.00639997	10.597	50.4377	
0.0112892	0.00639509	10.5978	50.4372	
0.0113673	0.00637627	10.584	50.4356	
0.0112833	0.00643141	10.6392	50.4378	
0.0113813	0.00640535	10.6174	50.4362	
0.0119594	0.00632663	10.5621	50.4319	
0.0118641	0.00629465	10.5245	50.4329	
0.0119475	0.00628702	10.5208	50.4316	
0.0113349	0.00645154	10.6594	50.4382	
0.0113337	0.00643661	10.644	50.4381	
0.0113815	0.006385	10.5956	50.4366	
0.0113731	0.00637587	10.5862	50.4365	
0.0119626	0.00633157	10.5694	50.4328	
0.011473	0.00642041	10.6349	50.4363	
0.0119689	0.00630567	10.5399	50.4323	
0.0120616	0.00630273	10.5389	50.4316	
0.0119776	0.00628775	10.5262	50.4323	
0.0119671	0.00628854	10.5256	50.4325	
0.0113951	0.00637984	10.5964	50.4367	
0.0114997	0.00643633	10.6495	50.437	
0.0120481	0.00629341	10.534	50.4318	
0.0119742	0.00629485	10.5362	50.4327	
0.0113941	0.00638494	10.603	50.4374	
0.0114651	0.006423	10.6452	50.4371	
0.0116469	0.00642771	10.6453	50.4353	
0.0114207	0.00636692	10.5845	50.4371	
0.0114548	0.00638212	10.6028	50.4365	
0.0115348	0.00640641	10.6298	50.4357	
0.0114518	0.00638149	10.6029	50.437	
0.0116685	0.00642238	10.646	50.4352	
0.0121026	0.00632924	10.5816	50.4319	
0.0115991	0.00642227	10.6491	50.4358	
0.0114931	0.00636731	10.5947	50.4361	
0.011441	0.00638103	10.6076	50.437	
0.0121133	0.00629943	10.5497	50.4318	
0.0120514	0.00628445	10.5308	50.4318	
0.0115507	0.00639193	10.6171	50.436	
0.0114629	0.00637231	10.6027	50.4368	
0.01145	0.00638032	10.5966	50.4386	
0.0114946	0.00638646	10.6156	50.4369	
0.0115727	0.00636832	10.5991	50.4356	
0.011496	0.00636785	10.5995	50.4363	
0.0115214	0.00640031	10.6285	50.4367	
0.0114037	0.00637592	10.6061	50.4378	
0.0115196	0.00637788	10.6089	50.4366	
0.0121391	0.00630707	10.5726	50.4314	
0.0121815	0.00632351	10.5874	50.4314	
0.0113765	0.0064036	10.6353	50.4382	
0.0112462	0.00627652	10.5379	50.4309	
0.0109592	0.00638898	10.6362	50.4371	
0.0108842	0.00638117	10.6309	50.4391	
0.011542	0.00627924	10.5577	50.4337	
0.0115358	0.00628399	10.5615	50.4347	
0.0110777	0.00637714	10.6306	50.4378	
0.011077	0.00635422	10.5983	50.438	
0.0110376	0.00638528	10.6357	50.4385	
0.0112044	0.00637569	10.6218	50.4371	
0.0111551	0.00637997	10.6329	50.4379	
0.0116579	0.0062977	10.5753	50.4337	
0.0114814	0.00639168	10.6514	50.4401	
0.0117038	0.0062599	10.5354	50.4332	
0.0118086	0.00626059	10.5335	50.4321	
0.0111771	0.00636712	10.619	50.4374	
0.0112436	0.00634349	10.5955	50.4369	
0.0110494	0.00634603	10.5955	50.4389	
0.0111877	0.00638322	10.637	50.4374	
0.0117975	0.0062428	10.5221	50.4319	
0.0112251	0.0063589	10.6106	50.4371	
0.0111913	0.00634547	10.5993	50.4372	
0.0113474	0.00639354	10.6496	50.4362	
0.0112321	0.00638848	10.6455	50.4373	
0.011848	0.00627068	10.5573	50.4316	
0.0113015	0.00635843	10.6144	50.4363	
0.0112816	0.00640593	10.6629	50.4374	
0.0118094	0.00625297	10.5337	50.4323	
0.0119003	0.00625752	10.5387	50.4314	
0.0112907	0.00635995	10.6146	50.4367	
0.0110697	0.00635238	10.5913	50.4405	
0.0111927	0.00634447	10.6033	50.4376	
0.0118877	0.00624439	10.5295	50.4311	
0.0112714	0.0063512	10.6107	50.4369	
0.0119113	0.00625269	10.5349	50.4314	
0.0112249	0.00639367	10.6532	50.4382	
0.0111863	0.00637622	10.6407	50.4379	
0.0112206	0.00636656	10.6221	50.4365	
0.0110709	0.00635391	10.6173	50.4385	
0.0112203	0.00637467	10.6424	50.4372	
0.0111762	0.00635721	10.6158	50.4379	
0.0111417	0.0063481	10.6081	50.4381	
0.0117972	0.00625491	10.5407	50.4312	
0.011115	0.00635478	10.6172	50.438	
0.0111623	0.00634803	10.6104	50.4374	
0.01166	0.00625265	10.5435	50.4333	
0.011023	0.0063793	10.643	50.4396	
0.0111229	0.00633266	10.5984	50.4378	
0.01112	0.0063343	10.6015	50.4379	
0.0117877	0.00624209	10.5324	50.432	
0.0112888	0.0063528	10.6232	50.4361	
0.0118779	0.0062522	10.5458	50.4309	
0.0118631	0.00624789	10.5422	50.4315	
0.0111731	0.00635887	10.6259	50.4379	
0.0111211	0.00634437	10.6137	50.4378	
0.0111634	0.00637032	10.6446	50.4378	
0.0117627	0.0062255	10.5253	50.4308	
0.0110935	0.006326	10.6002	50.4373	
0.0117448	0.00622012	10.521	50.4314	
0.0117704	0.00624145	10.538	50.4321	
0.0112042	0.00638324	10.6571	50.4378	
0.0111804	0.00637429	10.6492	50.438	
0.0117049	0.00623719	10.5366	50.4332	
0.0111597	0.00636698	10.6455	50.4378	
0.0111852	0.00638094	10.6578	50.4378	
0.0109285	0.00634719	10.6225	50.4374	
0.0109568	0.00632501	10.6041	50.4381	
0.0111192	0.00636706	10.6503	50.4372	
0.0110593	0.00634001	10.6183	50.4376	
0.0111496	0.00637502	10.6563	50.4372	
0.0116901	0.00624036	10.5423	50.4323	
0.011083	0.00632577	10.607	50.4374	
0.0111055	0.00631879	10.602	50.4369	
0.0111224	0.0063253	10.6063	50.437	
0.011207	0.00633691	10.6196	50.4359	
0.0110904	0.00632518	10.6061	50.4374	
0.0110621	0.00633479	10.6049	50.439	
0.0110564	0.00632134	10.6034	50.4377	
0.0115979	0.00622957	10.5365	50.4328	
0.0116733	0.00621728	10.5297	50.4321	
0.0110381	0.00632549	10.6081	50.4377	
0.0109836	0.00632652	10.6107	50.4378	
0.0116078	0.00622752	10.5371	50.433	
0.0110431	0.00633286	10.6174	50.4377	
0.0108564	0.0063084	10.5977	50.4378	
0.0115303	0.00622562	10.5385	50.4333	
0.0116335	0.00623124	10.5482	50.4322	
0.0112814	0.00634477	10.6339	50.4354	
0.0117095	0.00624061	10.563	50.4314	
0.0116051	0.00624311	10.566	50.4328	
0.0109202	0.00632968	10.617	50.439	
0.0108271	0.00631947	10.6124	50.4381	
0.0109114	0.00635533	10.6489	50.4387	
0.0116815	0.00625759	10.5812	50.4318	
0.0115496	0.0062136	10.5321	50.433	
0.0108633	0.00632124	10.6158	50.4386	
0.0111974	0.00621645	10.5355	50.4327	
0.0106474	0.00629151	10.5919	50.4384	
0.0106703	0.00633516	10.6396	50.4391	
0.0107756	0.0063423	10.6431	50.4385	
0.0107584	0.00628589	10.5899	50.4377	
0.01079	0.00633139	10.6374	50.4383	
0.0107235	0.00631547	10.616	50.4386	
0.0107221	0.0063212	10.6178	50.4389	
0.0113628	0.00618701	10.5158	50.4326	
0.0114293	0.00623809	10.5672	50.4333	
0.0114738	0.00620701	10.5306	50.4324	
0.0108525	0.00634903	10.6516	50.4389	
0.0110098	0.00635298	10.6568	50.4366	
0.0108032	0.00630117	10.6025	50.4385	
0.0108301	0.00628513	10.5892	50.4376	
0.0107535	0.00632456	10.6216	50.4395	
0.0112354	0.00622248	10.5469	50.4343	
0.011345	0.00620624	10.5327	50.4338	
0.0113906	0.00622834	10.5633	50.4331	
0.0109557	0.00632577	10.6332	50.4369	
0.0107274	0.00630661	10.61	50.4391	
0.0107745	0.00633895	10.6451	50.4379	
0.0106955	0.0062845	10.5926	50.4378	
0.0107068	0.00630669	10.6136	50.4386	
0.0112849	0.00619424	10.5248	50.4336	
0.0107897	0.00633301	10.6439	50.4385	
0.0113689	0.00620995	10.5413	50.4333	
0.0109478	0.00632508	10.6392	50.4362	
0.0107483	0.0062819	10.5968	50.4378	
0.0105553	0.00631554	10.6243	50.4396	
0.0106561	0.00633446	10.6435	50.4399	
0.0106385	0.00630671	10.6139	50.4395	
0.0109751	0.00620218	10.5337	50.4337	
0.0105335	0.00632973	10.6456	50.4391	
0.0104731	0.0063171	10.6337	50.4396	
0.0105521	0.00629107	10.602	50.4388	
0.0106036	0.00627548	10.591	50.4381	
0.0105673	0.00628407	10.5966	50.439	
0.0105406	0.00629619	10.6098	50.4394	
0.0111969	0.00622752	10.5714	50.4343	
0.0106906	0.00629732	10.6097	50.4376	
0.0106598	0.00627761	10.5958	50.4376	
0.0107347	0.00633244	10.6496	50.438	
0.011251	0.00622777	10.5699	50.4338	
0.0106062	0.0062946	10.6084	50.4387	
0.0106057	0.00629349	10.6071	50.4385	
0.0100712	0.00633568	10.648	50.4401	
0.0108415	0.00618535	10.5294	50.4341	
0.0108625	0.00620489	10.5552	50.4348	
0.0102549	0.00631163	10.6312	50.441	
0.0102924	0.0062663	10.5858	50.4399	
0.0103741	0.006289	10.607	50.4394	
0.0109985	0.00622626	10.5752	50.4346	
0.0102845	0.00628311	10.6006	50.4405	
0.0103341	0.00627833	10.597	50.4398	
0.0110089	0.00622472	10.5729	50.4348	
0.0103653	0.00626451	10.5893	50.4388	
0.0108668	0.00620062	10.5427	50.436	
0.0105446	0.00631143	10.6375	50.4381	
0.0110888	0.00619496	10.5441	50.433	
0.0110041	0.00618149	10.527	50.4344	
0.010584	0.0063267	10.6497	50.4379	
0.0104921	0.00626726	10.5884	50.4378	
0.0104552	0.00626707	10.5888	50.4386	
0.0105336	0.00631398	10.641	50.4382	
0.0105919	0.00628674	10.6059	50.4373	
0.0103885	0.00628415	10.6053	50.4396	
0.0104316	0.00627386	10.5985	50.4379	
0.0108691	0.00619381	10.5416	50.4355	
0.0104684	0.00626012	10.5882	50.4378	
0.0104484	0.0062873	10.6118	50.4385	
0.0104165	0.00627793	10.6005	50.4391	
0.0102669	0.00631396	10.6425	50.4393	
0.0101968	0.00626642	10.5943	50.44	
0.0103041	0.00625966	10.5897	50.439	
0.0103308	0.00627381	10.5993	50.439	
0.0102676	0.00627687	10.5985	50.4401	
0.0109741	0.0061907	10.5418	50.4337	
0.0102702	0.00627983	10.6065	50.4399	
0.0102978	0.00632395	10.6507	50.4405	
0.0108888	0.00618634	10.5349	50.435	
0.0104883	0.00631282	10.6397	50.4382	
0.0108846	0.00621453	10.5702	50.4353	
0.0103186	0.00624485	10.5607	50.4399	
0.0103615	0.00626588	10.5952	50.4388	
0.0103231	0.00627783	10.6046	50.4392	
0.0102834	0.00627587	10.6039	50.4397	
0.00991344	0.00626179	10.5861	50.4393	
0.00992696	0.00628051	10.6112	50.4408	
0.0101538	0.00630208	10.6382	50.4392	
0.0101406	0.0062415	10.5774	50.4386	
0.0102633	0.00629439	10.6329	50.4384	
0.0101521	0.00626331	10.5965	50.4393	
0.0107124	0.0061893	10.551	50.4349	
0.0102314	0.00630867	10.6449	50.4391	
0.010121	0.00629049	10.6253	50.4405	
0.0107796	0.00616186	10.5225	50.4341	
0.0106781	0.00618595	10.5482	50.4357	
0.0108512	0.00615963	10.5226	50.4333	
0.0102762	0.00629108	10.6276	50.4389	
0.0101079	0.00626536	10.6003	50.4403	
0.0107317	0.00619625	10.5585	50.4352	
0.0107492	0.00615488	10.5127	50.4344	
0.0100609	0.00626261	10.5985	50.4407	
0.0100177	0.00625075	10.5859	50.439	
0.0106254	0.00614412	10.5085	50.434	
0.0101039	0.00625816	10.5924	50.4395	
0.0107502	0.00617396	10.5383	50.4336	
0.0105541	0.00614849	10.5128	50.4354	
0.0107326	0.00619626	10.563	50.4351	
0.0101921	0.00630817	10.6506	50.4396	
0.0100711	0.00625854	10.596	50.4401	
0.0101728	0.00630524	10.6471	50.4393	
0.0101237	0.00625421	10.5923	50.4392	
0.0107042	0.00616739	10.5297	50.435	
0.0102073	0.00626677	10.6047	50.4383	
0.0101088	0.00628871	10.6308	50.4404	
0.0101564	0.00626849	10.6031	50.4393	
0.0101618	0.00631973	10.6599	50.4404	
0.0107299	0.00615497	10.5206	50.4336	
0.0107769	0.00614164	10.5081	50.4336	
0.0101746	0.00627411	10.6185	50.4393	
0.0105893	0.00615957	10.5218	50.4352	
0.00985935	0.0063617	10.6902	50.4446	
0.0100372	0.00626319	10.6026	50.4401	
0.00979394	0.00630522	10.649	50.4388	
0.00992789	0.00628851	10.6386	50.4384	
0.00979274	0.00624132	10.5862	50.4402	
0.0103717	0.00617086	10.5458	50.4361	
0.00987489	0.00628221	10.6328	50.4401	
0.00983673	0.00626149	10.6081	50.4403	
0.010409	0.00615603	10.525	50.4362	
0.00988267	0.00625504	10.5968	50.4401	
0.00987173	0.00629011	10.6389	50.4409	
0.010459	0.00613513	10.5053	50.435	
0.0104129	0.0061563	10.5218	50.4362	
0.0104769	0.0061928	10.5642	50.4361	
0.00992403	0.00627416	10.6223	50.4405	
0.00989787	0.00624007	10.5869	50.4398	
0.0104665	0.00616001	10.5366	50.435	
0.00985966	0.00626031	10.6007	50.4409	
0.00986204	0.00625662	10.6006	50.4407	
0.00972757	0.00631776	10.6627	50.4423	
0.0105376	0.00616189	10.5338	50.4342	
0.00981702	0.00624465	10.5885	50.4402	
0.00979727	0.0062809	10.6299	50.4412	
0.0103184	0.00614931	10.5225	50.4364	
0.0104226	0.00614734	10.5175	50.4354	
0.0104967	0.00614062	10.5138	50.4343	
0.00985797	0.00629397	10.645	50.4409	
0.0104398	0.00614814	10.5192	50.4354	
0.010421	0.0061414	10.5145	50.4355	
0.00986219	0.00627334	10.6259	50.4408	
0.00987415	0.00624722	10.5945	50.4401	
0.00993599	0.00629372	10.6463	50.4402	
0.00991822	0.00628636	10.6373	50.4407	
0.0105404	0.00618091	10.5585	50.4348	
0.00995102	0.00625897	10.6051	50.4395	
0.00994092	0.00623479	10.587	50.439	
0.00992035	0.00628535	10.6343	50.4406	
0.00982379	0.00626339	10.6078	50.441	
0.0089701	0.0062735	10.6214	50.4402	
0.00959749	0.00612835	10.5076	50.4371	
0.00915961	0.00620965	10.5705	50.4409	
0.00915088	0.00623606	10.6029	50.4427	
0.00980311	0.00614136	10.5319	50.4372	
0.00926252	0.00623334	10.5989	50.4418	
0.00916898	0.00621278	10.5717	50.443	
0.00986876	0.0061621	10.5453	50.4372	
0.00940669	0.00624492	10.6077	50.4408	
0.00931454	0.00619912	10.5588	50.4413	
0.0092576	0.00621238	10.5693	50.442	
0.00931861	0.0062571	10.6137	50.4425	
0.00992653	0.0061371	10.5238	50.4364	
0.00941416	0.00621927	10.5747	50.4408	
0.00942316	0.00623316	10.5907	50.4414	
0.00997493	0.00617012	10.5527	50.437	
0.00940034	0.00626351	10.6226	50.4418	
0.0099918	0.00615781	10.5407	50.4366	
0.00928362	0.00626369	10.6148	50.4435	
0.00992758	0.006148	10.5328	50.4365	
0.00997697	0.00615303	10.5371	50.4364	
0.00941536	0.00623275	10.5844	50.4414	
0.00938314	0.00623091	10.583	50.4415	
0.00987701	0.00613817	10.5157	50.4376	
0.00943946	0.00620554	10.5616	50.4404	
0.00959131	0.00627425	10.6288	50.4399	
0.00946741	0.00622547	10.5785	50.4404	
0.00997894	0.0061334	10.5098	50.4365	
0.00941828	0.00623756	10.5903	50.4415	
0.00934534	0.0062288	10.5829	50.442	
0.00943705	0.00622094	10.5741	50.4408	
0.00951246	0.00624502	10.5967	50.4402	
0.00945283	0.00627748	10.6338	50.4419	
0.0100277	0.00613825	10.5142	50.436	
0.00938841	0.0062119	10.5559	50.4422	
0.00946846	0.00623643	10.589	50.4411	
0.0094768	0.00627257	10.6313	50.4411	
0.010043	0.00615216	10.5379	50.436	
0.0100151	0.00614188	10.5169	50.4365	
0.0100365	0.00616411	10.5472	50.4363	
0.0100551	0.00612682	10.5052	50.4357	
0.0094646	0.00624421	10.6012	50.4413	
0.0100032	0.00613285	10.5111	50.4363	
0.00964007	0.00626329	10.6232	50.4394	
0.0100693	0.00617785	10.5602	50.4367	
0.0101178	0.00616082	10.5429	50.4357	
0.0101207	0.00614457	10.5306	50.4354	
0.00956274	0.00627192	10.6328	50.4406	
0.00948669	0.00621396	10.5759	50.4403	
0.0100416	0.00617772	10.5621	50.4372	
0.00950163	0.00623601	10.5927	50.4408	
0.0100675	0.00615066	10.5408	50.4359	
0.00945295	0.00624982	10.6157	50.4414	
0.00937494	0.00625461	10.6109	50.4428	
0.00948653	0.00622313	10.579	50.4411	
0.0100596	0.00612303	10.5067	50.436	
0.00949188	0.00621173	10.5743	50.4406	
0.0100927	0.00617292	10.56	50.4367	
0.0100127	0.0061388	10.5202	50.4372	
0.00964756	0.00623965	10.599	50.4394	
0.0100109	0.00613644	10.5203	50.4368	
0.0095987	0.00619534	10.5504	50.4399	
0.0101088	0.00613669	10.5203	50.4357	
0.00945663	0.0062368	10.5979	50.4417	
0.00954776	0.00626002	10.6287	50.4408	
0.00961205	0.00627505	10.637	50.4407	
0.00996174	0.00615798	10.5426	50.4381	
0.0100561	0.00614531	10.5286	50.4366	
0.00947071	0.00626489	10.6275	50.4421	
0.00946373	0.00622365	10.5898	50.441	
0.0100754	0.00611133	10.4988	50.435	
0.0101551	0.00615823	10.552	50.4355	
0.0095499	0.00622216	10.5843	50.4401	
0.00956077	0.00625195	10.6195	50.4406	
0.00951354	0.00624754	10.6156	50.4416	
0.00951403	0.00622781	10.5909	50.4411	
0.0101466	0.0061804	10.5725	50.4365	
0.00958413	0.00627347	10.6422	50.441	
0.00955121	0.00625469	10.6248	50.441	
0.00950463	0.00623191	10.5976	50.4409	
0.00978471	0.00617488	10.5656	50.4374	
0.00935146	0.00621714	10.5864	50.4405	
0.00945795	0.00626451	10.6342	50.4406	
0.00994594	0.0061621	10.5579	50.4367	
0.0099372	0.0061319	10.5218	50.4366	
0.00948053	0.00620589	10.5775	50.4397	
0.00938841	0.00623621	10.6058	50.4418	
0.0094687	0.00622162	10.5909	50.4407	
0.00932886	0.00622236	10.5902	50.4419	
0.009993	0.0061046	10.4994	50.4356	
0.00992695	0.00611489	10.5069	50.4364	
0.00938454	0.00624538	10.617	50.4418	
0.00992759	0.00612085	10.513	50.4369	
0.00939458	0.00623962	10.6133	50.4415	
0.0093462	0.00622895	10.5943	50.4417	
0.00949416	0.00622937	10.5993	50.4403	
0.0093667	0.00622373	10.5913	50.4418	
0.00943489	0.00625406	10.6256	50.4416	
0.00944101	0.00626087	10.6358	50.4411	
0.00958753	0.00622918	10.6024	50.4391	
0.0100147	0.00614043	10.5409	50.4358	
0.00944711	0.0062573	10.6323	50.4411	
0.00945242	0.00620931	10.5814	50.4403	
0.0100246	0.00611134	10.5087	50.4355	
0.00995913	0.00609843	10.4949	50.4358	
0.0094537	0.00623265	10.6071	50.4409	
0.00994382	0.0061275	10.5193	50.436	
0.0099771	0.00616349	10.5636	50.4368	
0.00928095	0.00621983	10.5914	50.4422	
0.00936161	0.00625045	10.6225	50.4421	
0.00941085	0.00621576	10.5868	50.4408	
0.00943356	0.00621821	10.5902	50.4406	
0.00947068	0.00620375	10.5786	50.4396	
0.00994539	0.00615358	10.553	50.437	
0.00943872	0.00625183	10.6288	50.4413	
0.00944375	0.00625039	10.6263	50.4412	
0.00949232	0.0062174	10.5927	50.4398	
0.00947815	0.00625896	10.6361	50.4408	
0.00933694	0.00626369	10.6399	50.4422	
0.00946493	0.00621908	10.5923	50.4404	
0.00927379	0.00624871	10.6241	50.4415	
0.00938909	0.00622641	10.5977	50.4403	
0.00933504	0.00626423	10.6408	50.4419	
0.00889905	0.00628379	10.6471	50.4475	
0.00941204	0.00624803	10.6254	50.4406	
0.00999104	0.00615817	10.5601	50.4361	
0.00933106	0.00625375	10.6287	50.442	
0.00934479	0.00621299	10.5861	50.4409	
0.00941452	0.00622987	10.6	50.4402	
0.00932133	0.00624121	10.6154	50.442	
0.009949	0.00614497	10.5477	50.4363	
0.00950499	0.00625935	10.6386	50.4398	
0.00941256	0.00621332	10.588	50.4404	
0.00992181	0.00615758	10.559	50.4367	
0.00953721	0.00625163	10.6316	50.4393	
0.00946407	0.00624809	10.6276	50.4401	
0.00931849	0.0062028	10.5783	50.4413	
0.00991322	0.00616222	10.5646	50.4373	
0.00994387	0.00611028	10.5116	50.4357	
0.00924843	0.00622934	10.5972	50.4426	
0.00917566	0.00621777	10.5958	50.4414	
0.0098451	0.00613843	10.545	50.4367	
0.00926581	0.00621574	10.5919	50.4412	
0.0091851	0.00621392	10.5892	50.4424	
0.00988601	0.00614144	10.5487	50.4366	
0.00930797	0.00624518	10.6252	50.4415	
0.00925554	0.0062562	10.6342	50.4426	
0.00926307	0.00620787	10.5824	50.4415	
0.00984113	0.00610757	10.51	50.4364	
0.0098724	0.00614496	10.5489	50.4367	
0.00928709	0.00621857	10.595	50.4415	
0.00996487	0.00612572	10.5277	50.4355	
0.00991637	0.00614006	10.5474	50.4362	
0.00928632	0.00624609	10.6271	50.4421	
0.00989711	0.00615467	10.56	50.4369	
0.0092958	0.00625111	10.6332	50.4415	
0.00930009	0.00623806	10.6216	50.4416	
0.00990725	0.00614873	10.5555	50.4367	
0.00935539	0.00626079	10.6392	50.4416	
0.00930141	0.0062074	10.5851	50.4412	
0.00990303	0.00611815	10.5186	50.4362	
0.0093234	0.00620209	10.5826	50.441	
0.00919826	0.00623389	10.6114	50.443	
0.00940018	0.0062512	10.6322	50.441	
0.0094841	0.00625143	10.6335	50.4396	
0.00993465	0.00611102	10.5123	50.4356	
0.00986594	0.00613839	10.5359	50.4376	
0.00986083	0.00614893	10.5579	50.4368	
0.00938776	0.00620201	10.5853	50.44	
0.00998746	0.00610766	10.5151	50.4348	
0.00931145	0.00624759	10.6285	50.442	
0.00936165	0.00619953	10.5806	50.4405	
0.00992289	0.00610822	10.5134	50.4362	
0.00929523	0.00620832	10.5866	50.4418	
0.00947969	0.00625539	10.637	50.4406	
0.00943445	0.00624674	10.631	50.4407	
0.0098907	0.00613742	10.547	50.4367	
0.0094195	0.00625128	10.6357	50.4412	
0.00941801	0.00625771	10.6433	50.4411	
0.00931165	0.00624771	10.6283	50.4423	
0.00928596	0.00622161	10.6007	50.4422	
0.00940588	0.00623556	10.6201	50.4406	
0.00987174	0.00611718	10.5194	50.4366	
0.00990251	0.00613291	10.5342	50.4367	
0.00929185	0.00621003	10.5919	50.4413	
0.00925396	0.00620376	10.5845	50.4412	
0.00923223	0.00621278	10.5944	50.4417	
0.00934085	0.00619523	10.5788	50.4404	
0.00928009	0.00624902	10.637	50.4418	
0.00935173	0.00624982	10.6364	50.4412	
0.00987298	0.00614417	10.5558	50.4369	
0.00918354	0.006202	10.5734	50.4435	
0.00931181	0.00625092	10.6353	50.4422	
0.00933896	0.00621976	10.6036	50.4414	
0.00937079	0.00622296	10.6116	50.4406	
0.00904938	0.00621461	10.5969	50.4419	
0.00918411	0.00623032	10.6198	50.4412	
0.00912378	0.00619754	10.5804	50.4418	
0.00918523	0.00624462	10.6329	50.4421	
0.00920969	0.00617995	10.567	50.4403	
0.00909235	0.00621167	10.5978	50.4424	
0.0092421	0.00624251	10.6299	50.4415	
0.00931815	0.00623807	10.6254	50.4403	
0.00972405	0.00611639	10.52	50.4373	
0.00928723	0.00618687	10.5768	50.44	
0.00919656	0.00619877	10.5812	50.4415	
0.00920144	0.0062048	10.5865	50.4416	
0.00979399	0.00610752	10.5123	50.4363	
0.0092477	0.00621156	10.5936	50.441	
0.00973297	0.00615332	10.5652	50.4379	
0.00922213	0.00619428	10.5792	50.4413	
0.00978141	0.0061408	10.5532	50.4372	
0.00976961	0.00611163	10.5174	50.4369	
0.00927972	0.00621152	10.5942	50.4414	
0.00920048	0.00617628	10.5624	50.4411	
0.0097935	0.00611847	10.5337	50.4364	
0.00982325	0.00613578	10.5497	50.4365	
0.00976075	0.00611093	10.519	50.4371	
0.00920985	0.00623698	10.6265	50.442	
0.00929882	0.00624087	10.6302	50.4411	
0.00925212	0.00621162	10.5968	50.4414	
0.00979544	0.00610944	10.5169	50.4367	
0.00927201	0.00620629	10.5903	50.441	
0.00927697	0.0062214	10.6051	50.4413	
0.00925977	0.00619574	10.5848	50.4409	
0.00912429	0.00620504	10.5893	50.4421	
0.00932254	0.00621255	10.5979	50.4404	
0.00937799	0.00624123	10.6295	50.44	
0.00934665	0.00624058	10.6309	50.4404	
0.00995958	0.0061121	10.5289	50.4342	
0.00980275	0.0061244	10.541	50.4366	
0.00923325	0.00620694	10.5923	50.4417	
0.0092683	0.00623869	10.6312	50.4414	
0.00984692	0.00613546	10.551	50.4364	
0.00919615	0.00620752	10.5961	50.4417	
0.00936305	0.00624473	10.6331	50.4406	
0.00922545	0.00620469	10.5907	50.4417	
0.00918228	0.00620115	10.586	50.4404	
0.00924676	0.00623728	10.6266	50.4412	
0.00914104	0.00620074	10.5874	50.4417	
0.00921189	0.00624332	10.6352	50.4416	
0.00970343	0.00610231	10.5107	50.4373	
0.00920137	0.00620731	10.5944	50.441	
0.00973806	0.00609833	10.509	50.4367	
0.00979203	0.0062241	10.6177	50.4419	
0.00974132	0.00613953	10.5548	50.4372	
0.0097849	0.00612314	10.5428	50.4363	
0.00984025	0.006135	10.552	50.4361	
0.00911255	0.00620065	10.5912	50.4423	
0.00925961	0.00622219	10.6166	50.4408	
0.00927909	0.00619997	10.591	50.4402	
0.00930396	0.00620962	10.5978	50.4402	
0.00934105	0.00621528	10.6034	50.4403	
0.00910071	0.0062081	10.5979	50.4428	
0.00911434	0.00619783	10.5852	50.4424	
0.0093622	0.00622433	10.6157	50.4401	
0.00976975	0.00612686	10.5457	50.437	
0.00921161	0.00619451	10.5844	50.4412	
0.00922062	0.00618511	10.5748	50.4411	
0.00930322	0.00619861	10.5903	50.4403	
0.0091608	0.00624435	10.6387	50.4426	
0.00982953	0.00613679	10.5577	50.4363	
0.00919193	0.00624121	10.6355	50.4422	
0.00979491	0.00612761	10.5467	50.4365	
0.00927786	0.0061991	10.5874	50.4408	
0.00926035	0.00624605	10.6401	50.4414	
0.00982882	0.00610056	10.512	50.436	
0.00919317	0.00619868	10.5874	50.4417	
0.0096443	0.00613554	10.5537	50.4367	
0.00905543	0.00617717	10.5687	50.441	
0.00914977	0.0061991	10.5905	50.441	
0.00912208	0.0062035	10.5924	50.4414	
0.00969926	0.00613023	10.5482	50.4372	
0.00919197	0.00618399	10.5808	50.4401	
0.00893754	0.00626287	10.6357	50.4466	
0.00902186	0.00619791	10.5896	50.4426	
0.00966203	0.00613341	10.5533	50.4373	
0.00907543	0.00624216	10.6362	50.4431	
0.00913343	0.00619262	10.5852	50.4413	
0.00907469	0.00619252	10.5844	50.4421	
0.00969018	0.00610157	10.5157	50.4368	
0.00965684	0.00610895	10.5212	50.4373	
0.00976124	0.00614699	10.5658	50.4367	
0.00906988	0.00620622	10.6014	50.4424	
0.00923081	0.00624729	10.6439	50.4412	
0.00909755	0.00620498	10.5983	50.4417	
0.00915581	0.00619212	10.5832	50.4411	
0.0091818	0.00624606	10.6399	50.4421	
0.00916828	0.00620119	10.5924	50.4413	
0.00908815	0.00619139	10.5845	50.442	
0.00917945	0.00624048	10.6356	50.4418	
0.00886304	0.00630711	10.6879	50.4474	
0.00970885	0.0061452	10.5597	50.4375	
0.00918091	0.00619001	10.581	50.4409	
0.00970144	0.00611181	10.5218	50.4368	
0.00914738	0.00617152	10.5502	50.442	
0.00912286	0.0061985	10.5868	50.4418	
0.00890895	0.006185	10.5793	50.4398	
0.00946026	0.00613604	10.5568	50.4374	
0.00937841	0.00610253	10.5163	50.4386	
0.00900077	0.00621854	10.6204	50.4413	
0.00885978	0.00621428	10.6084	50.443	
0.00890007	0.0061864	10.5785	50.4424	
0.00891187	0.00618778	10.5822	50.4421	
0.00895634	0.00617721	10.5712	50.4414	
0.00885336	0.00624439	10.6417	50.4438	
0.00891637	0.00619141	10.5824	50.4425	
0.00891327	0.00618732	10.5804	50.4427	
0.00903667	0.00619048	10.5797	50.4411	
0.00889057	0.00620271	10.5921	50.4431	
0.00905431	0.00622701	10.6248	50.4417	
0.00950879	0.00610491	10.5189	50.4375	
0.00891518	0.006208	10.5857	50.4444	
0.00897709	0.00619273	10.5812	50.4419	
0.00910654	0.00622824	10.6255	50.4409	
0.0095753	0.00610151	10.5146	50.4371	
0.00898812	0.0062271	10.6232	50.4422	
0.00956165	0.00612648	10.5461	50.4371	
0.00909213	0.00624041	10.6347	50.4415	
0.00907182	0.00622908	10.6241	50.4418	
0.00904475	0.00618804	10.578	50.4414	
0.00952646	0.00610492	10.5172	50.4377	
0.00961915	0.00610657	10.5301	50.4362	
0.00953331	0.00612061	10.5384	50.4375	
0.00909247	0.00624181	10.6392	50.4413	
0.00953604	0.00612718	10.5466	50.4378	
0.00908735	0.0062301	10.6273	50.4414	
0.00897347	0.00618468	10.5777	50.4423	
0.00913189	0.00624401	10.636	50.4406	
0.00903887	0.00619092	10.5831	50.4414	
0.00909783	0.00623524	10.6326	50.4414	
0.00955866	0.00611333	10.5266	50.4376	
0.00901827	0.00621317	10.6034	50.4421	
0.00899656	0.00619223	10.5811	50.442	
0.00965732	0.00610465	10.5206	50.4361	
0.00953418	0.00612703	10.547	50.4376	
