  0.01199609689
  0.00792522134
  0.00744024308
  0.00742781437
  0.00756875793
  0.00774691032
  0.00795573146
  0.00835261945
  0.00863392504
  0.00885416771
  0.00907016893
  0.00936057254
  0.00971109496
  0.00998042585
  0.01006457466
  0.01031970884
  0.01036063540
  0.01047979952
  0.01044759435
  0.01075152686
  0.01071647466
  0.01072195873
  0.01086735580
  0.01082166598
  0.01085167255
  0.01081458210
  0.01087112954
  0.01064839243
  0.01087488148
  0.01072268975
  0.01088778540
  0.01089386718
  0.01069654582
  0.01091970580
  0.01090751418
  0.01092156256
  0.01087696275
  0.01100575277
  0.01090751387
  0.01095074611
  0.01090056266
  0.01099312996
  0.01089005502
  0.01092751827
  0.01102085862
  0.01093222396
  0.01089207186
  0.01100322301
  0.01093120450
  0.01087704442
  0.01087890097
  0.01088170965
  0.01088101350
  0.01090773411
  0.01101059097
  0.01089917766
  0.01089925863
  0.01097720627
  0.01088974406
  0.01089465194
  0.01088963074
  0.01101997016
  0.01100499233
  0.01089209843
  0.01091208487
  0.01090054245
  0.01089308227
  0.01101397007
  0.01090240508
  0.01101205630
  0.01099159357
  0.01091347468
  0.01101348496
  0.01091072031
  0.01098552234
  0.01090227496
  0.01089154994
  0.01092765222
  0.01098464816
  0.01088970967
  0.01089145674
  0.01100263615
  0.01092368679
  0.01100324693
  0.01091320660
  0.01098820275
  0.01088922628
  0.01103913799
  0.01099008868
  0.01101346054
  0.01089139309
  0.01101016621
  0.01095306353
  0.01091564382
  0.01097605837
  0.01092420879
  0.01103277878
  0.01088450388
  0.01090051711
  0.01088276465
  0.01089239571
  0.01098110137
  0.01100654449
  0.01087300474
  0.01096731957
  0.01093671268
  0.01090789550
  0.01100994984
  0.01096425256
  0.01096300540
  0.01090882063
  0.01087656369
  0.01088080980
  0.01087494490
  0.01088383812
  0.01089985960
  0.01097667711
  0.01089063657
  0.01087001705
  0.01089730348
  0.01089183648
  0.01088566691
  0.01088142557
  0.01097109102
  0.01088583469
  0.01089928495
  0.01090051240
  0.01086531833
  0.01094909381
  0.01099623018
  0.01090028819
  0.01095193766
  0.01097167876
  0.01088351407
  0.01090943423
  0.01097143183
  0.01088088293
  0.01086781800
  0.01097669523
  0.01091018931
  0.01088094639
  0.01100625970
  0.01086468682
  0.01086840671
  0.01097596663
  0.01100342450
  0.01090415351
  0.01095909786
  0.01100819969
  0.01101535013
  0.01087282314
  0.01087497518
  0.01087841396
  0.01095649586
  0.01086317215
  0.01088240428
  0.01088376434
  0.01089008578
  0.01089673183
  0.01087162917
  0.01086737822
  0.01086459969
  0.01090561737
  0.01096116227
  0.01099068517
  0.01098609813
  0.01089572305
  0.01087420531
  0.01087440218
  0.01097939744
  0.01097668538
  0.01087044539
  0.01087294788
  0.01088736928
  0.01088768248
  0.01097724107
  0.01087363282
  0.01086641285
  0.01087222645
  0.01096490141
  0.01098090757
  0.01086512459
  0.01099170811
  0.01087345438
  0.01086718267
  0.01086940500
  0.01094360382
  0.01099130242
  0.01088351313
  0.01086043098
  0.01086606419
  0.01099684404
  0.01087876934
  0.01096099821
  0.01093623017
  0.01090025401
  0.01089599874
  0.01090593234
  0.01087847109
  0.01099090846
  0.01088300487
  0.01086399108
  0.01085847476
  0.01086496606
  0.01098909859
  0.01089726565
  0.01087608966
  0.01087222706
  0.01096015061
  0.01098667249
  0.01085476107
  0.01098123354
  0.01089605550
  0.01094399258
  0.01086585356
  0.01086801087
  0.01086970171
  0.01085461955
  0.01084951319
  0.01087565947
  0.01086946341
  0.01085287006
  0.01088336895
  0.01087457181
  0.01086838738
  0.01099748189
  0.01086544148
  0.01095804608
  0.01101377913
  0.01086621244
  0.01097169840
  0.01097323563
  0.01095573001
  0.01088464887
  0.01097600718
  0.01095217350
  0.01090017227
  0.01086149217
  0.01100150282
  0.01084481435
  0.01095876177
  0.01086685705
  0.01085484888
  0.01090294164
  0.01094064236
  0.01084983294
  0.01086736259
  0.01085956056
  0.01086712972
  0.01085950481
  0.01090152167
  0.01095331798
  0.01085040179
  0.01086317559
  0.01089667625
  0.01095196398
  0.01089601237
  0.01087367960
  0.01087884684
  0.01083478466
  0.01098938578
  0.01096641560
  0.01088610109
  0.01098170313
  0.01089065687
  0.01092043671
  0.01086666203
  0.01097669590
  0.01097964346
  0.01087375408
  0.01086679692
  0.01099117591
  0.01088631195
  0.01084657368
  0.01088548323
  0.01086192933
  0.01096160264
  0.01095166042
  0.01085245904
  0.01085594076
  0.01087696246
  0.01093808249
  0.01088917530
  0.01087009381
  0.01089603575
  0.01094307593
  0.01084865404
  0.01085770305
  0.01085903571
  0.01094784547
  0.01101472640
  0.01085789843
  0.01094734709
  0.01093901563
  0.01086353242
  0.01093534746
  0.01086080630
  0.01098754335
  0.01087149055
  0.01099650565
  0.01086623785
  0.01094954866
  0.01094567929
  0.01087774008
  0.01084188929
  0.01086630013
  0.01099305387
  0.01094837781
  0.01086224810
  0.01096453123
  0.01093291235
  0.01099844502
  0.01086865994
  0.01099176428
  0.01093715383
  0.01083846056
  0.01088358441
  0.01099128345
  0.01095175552
  0.01085976065
  0.01093527745
  0.01085958561
  0.01099856573
  0.01095180118
  0.01096496374
  0.01094635516
  0.01096423148
  0.01095916568
  0.01085814593
  0.01089175696
  0.01094544262
  0.01087291503
  0.01087159885
  0.01094735580
  0.01096758638
  0.01098289368
  0.01097058439
  0.01094659453
  0.01093276107
  0.01094457293
  0.01096366959
  0.01097700759
  0.01094874036
  0.01097838954
  0.01086332559
  0.01087119017
  0.01086004594
  0.01087042727
  0.01084640974
  0.01098619992
  0.01087170848
  0.01094349249
  0.01100306596
  0.01095057594
  0.01085980491
  0.01098142270
  0.01084994186
  0.01090356109
  0.01088285275
  0.01086595113
  0.01095252106
  0.01095000539
  0.01094164684
  0.01098122261
  0.01096010546
  0.01088737767
  0.01085132667
  0.01085018852
  0.01100320243
  0.01098062492
  0.01094474038
  0.01093739027
  0.01088874820
  0.01098059865
  0.01086647087
  0.01087098134
  0.01085229777
  0.01084988920
  0.01093857506
  0.01099117570
  0.01086194910
  0.01085844769
  0.01093918890
  0.01097846448
  0.01099963632
  0.01093641493
  0.01094431468
  0.01097142991
  0.01094206191
  0.01099249216
  0.01089662772
  0.01098503898
  0.01093175446
  0.01094145423
  0.01086731936
  0.01085075470
  0.01095671225
  0.01093348557
  0.01094581063
  0.01094904717
  0.01094144581
  0.01093617556
  0.01096025703
  0.01093341646
  0.01094165701
  0.01087635283
  0.01089351414
  0.01095780970
  0.01085137520
  0.01099525009
  0.01097444121
  0.01088454260
  0.01088647533
  0.01097865737
  0.01095597729
  0.01097638072
  0.01098113906
  0.01098237863
  0.01089467940
  0.01099978456
  0.01086480945
  0.01087134122
  0.01096893938
  0.01094751112
  0.01093304958
  0.01097843742
  0.01085496407
  0.01095782454
  0.01094400947
  0.01099579202
  0.01098099830
  0.01087595082
  0.01096297996
  0.01100467397
  0.01085703384
  0.01087093675
  0.01096142062
  0.01094657701
  0.01094346057
  0.01085810322
  0.01095666627
  0.01086323160
  0.01098468408
  0.01096416500
  0.01096756363
  0.01094814571
  0.01097459789
  0.01095653785
  0.01094713877
  0.01087565176
  0.01095902500
  0.01095738736
  0.01085954337
  0.01097204876
  0.01093890784
  0.01093859189
  0.01085752256
  0.01096768004
  0.01087616129
  0.01086918802
  0.01096308918
  0.01095058090
  0.01097413545
  0.01084759784
  0.01093779798
  0.01084805633
  0.01086260347
  0.01099432070
  0.01098396133
  0.01085806289
  0.01097609115
  0.01098888110
  0.01096023531
  0.01094489015
  0.01099317139
  0.01096237397
  0.01100057636
  0.01087096054
  0.01094968952
  0.01094311635
  0.01095170360
  0.01096818996
  0.01094866574
  0.01096221351
  0.01094823938
  0.01085961148
  0.01085638735
  0.01094908835
  0.01095309098
  0.01086055435
  0.01095912964
  0.01093906267
  0.01086648921
  0.01088050191
  0.01100650701
  0.01088553236
  0.01088368191
  0.01095036021
  0.01094860205
  0.01098750373
  0.01090874545
  0.01086231916
  0.01095600921
  0.01086583408
  0.01094212216
  0.01098233286
  0.01098968331
  0.01094043435
  0.01098172652
  0.01095953608
  0.01097207159
  0.01084783692
  0.01089435652
  0.01086831702
  0.01099422240
  0.01101438741
  0.01094850036
  0.01093603463
  0.01096027782
  0.01087448488
  0.01086337270
  0.01088730570
  0.01098992068
  0.01095445697
  0.01099318570
  0.01094547514
  0.01096427758
  0.01086006480
  0.01098768247
  0.01087610312
  0.01099333506
  0.01094439641
  0.01095981057
  0.01097950479
  0.01095999250
  0.01086631734
  0.01099680672
  0.01098034078
  0.01096200654
  0.01095008499
  0.01095507419
  0.01095809247
  0.01089986539
  0.01096797274
  0.01094935260
  0.01100372838
  0.01090206560
  0.01095999234
  0.01096101796
  0.01099361952
  0.01087811634
  0.01089561670
  0.01098666531
  0.01095050414
  0.01097479899
  0.01091543805
  0.01095747196
  0.01095873625
  0.01091102204
  0.01094864593
  0.01087590061
  0.01100089217
  0.01089064545
  0.01086746396
  0.01101227493
  0.01095215144
  0.01094975391
  0.01099597483
  0.01097551813
  0.01096076775
  0.01096117771
  0.01087132128
  0.01095271944
  0.01096860700
  0.01095789967
  0.01099304610
  0.01095295806
  0.01095114063
  0.01096492659
  0.01095701246
  0.01088773542
  0.01095776703
  0.01100115553
  0.01088031739
  0.01101125917
  0.01090298867
  0.01094343911
  0.01095372960
  0.01096551451
  0.01095950529
  0.01094605738
  0.01097006960
  0.01101026916
  0.01095270603
  0.01100560524
  0.01096768582
  0.01089469457
  0.01101931918
  0.01098247739
  0.01087362424
  0.01088459253
  0.01087380642
  0.01100394061
  0.01096062834
  0.01089650216
  0.01085930126
  0.01095074585
  0.01095300690
  0.01086024925
  0.01096678206
  0.01089357048
  0.01085592793
  0.01091129086
  0.01101755905
  0.01096343051
  0.01101063026
  0.01096406463
  0.01087206586
  0.01097557095
  0.01098769284
  0.01097197457
  0.01101939060
  0.01086610506
  0.01085476939
  0.01098082836
  0.01086412713
  0.01103868873
  0.01096725034
  0.01101807707
  0.01101502754
  0.01096759314
  0.01089807035
  0.01100447143
  0.01098208395
  0.01088100746
  0.01097784556
  0.01100663534
  0.01086189500
  0.01087714654
  0.01091043747
  0.01098994255
  0.01095970739
  0.01088029588
  0.01096911012
  0.01097179681
  0.01102209014
  0.01089788033
  0.01096427281
  0.01098899270
  0.01086604924
  0.01087134329
  0.01087040009
  0.01100794844
  0.01087096123
  0.01086762626
  0.01098782823
  0.01096518763
  0.01101119162
  0.01100038884
  0.01090545054
  0.01098096202
  0.01096052126
  0.01099748826
  0.01097579333
  0.01099477032
  0.01088219772
  0.01097362398
  0.01099384884
  0.01090283509
  0.01099092520
  0.01096353118
  0.01091969886
  0.01100398226
  0.01095334535
  0.01095947133
  0.01099762096
  0.01089002641
  0.01097227815
  0.01098950634
  0.01091856537
  0.01100713451
  0.01090462064
  0.01099062826
  0.01089036142
  0.01089849278
  0.01097567253
  0.01096875712
  0.01087082355
  0.01094859867
  0.01102343661
  0.01096695413
  0.01087717481
  0.01097502508
  0.01095686598
  0.01096044279
  0.01098716526
  0.01101306638
  0.01088276053
  0.01095655620
  0.01097267530
  0.01100787656
  0.01089669075
  0.01087789245
  0.01090465501
  0.01087062090
  0.01097671973
  0.01087482300
  0.01101077151
  0.01092016127
  0.01090752702
  0.01089318062
  0.01101191016
  0.01095498921
  0.01092076753
  0.01097608265
  0.01089428881
  0.01098453566
  0.01098596626
  0.01095893886
  0.01086793165
  0.01095299578
  0.01091677910
  0.01088116927
  0.01098632018
  0.01087893793
  0.01095350452
  0.01088315021
  0.01096863046
  0.01099965528
  0.01101619032
  0.01089089949
  0.01088950656
  0.01099458779
  0.01095964569
  0.01085693307
  0.01090702873
  0.01096425445
  0.01099937054
  0.01098111797
  0.01097057125
  0.01092442861
  0.01101515277
  0.01099343396
  0.01097048640
  0.01091770949
  0.01097204942
  0.01102444280
  0.01091671871
  0.01088835807
  0.01096836676
  0.01099384691
  0.01098649074
  0.01097142209
  0.01086501231
  0.01086938034
  0.01098821218
  0.01087336754
  0.01098400152
  0.01097379795
  0.01098232147
  0.01097005783
  0.01100004976
  0.01100917325
  0.01098752890
  0.01089380872
  0.01100459960
  0.01096054559
  0.01087071613
  0.01085094333
  0.01098548645
  0.01088000132
  0.01092005886
  0.01096531601
  0.01099373633
  0.01096961706
  0.01097362530
  0.01096562856
  0.01090697893
  0.01100166917
  0.01099980678
  0.01097534638
  0.01100931993
  0.01100651962
  0.01097205512
  0.01099183020
  0.01098425345
  0.01101542142
  0.01102491593
  0.01101024947
  0.01091767687
  0.01100170171
  0.01096889116
  0.01098844224
  0.01099038321
  0.01090662736
  0.01102316310
  0.01097020449
  0.01091382489
  0.01101560695
  0.01100885554
  0.01095838588
  0.01091283065
  0.01087279643
  0.01097417780
  0.01096578360
  0.01090172814
  0.01097380733
  0.01096554156
  0.01090413525
  0.01100480698
  0.01101876572
  0.01096459920
  0.01087236358
  0.01090280739
  0.01097383094
  0.01089212346
  0.01090410172
  0.01099637551
  0.01091545040
  0.01100468474
  0.01099149001
  0.01090949766
  0.01101472137
  0.01096606716
  0.01088131781
  0.01096299276
  0.01097531649
  0.01101090963
  0.01101677301
  0.01087554336
  0.01089735641
  0.01090490808
  0.01096575203
  0.01087722847
  0.01099582558
  0.01096154446
  0.01087425581
  0.01095780369
  0.01102370366
  0.01101073362
  0.01089861903
  0.01101211902
  0.01101619938
  0.01099599799
  0.01097535395
  0.01099369333
  0.01088034973
  0.01089824830
  0.01096804002
  0.01096274685
  0.01097056781
  0.01096228186
  0.01100574905
  0.01101324936
  0.01090595700
  0.01096411962
  0.01100483156
  0.01098895703
  0.01098641421
  0.01096980120
  0.01100018800
  0.01096592856
  0.01101276646
  0.01095031644
  0.01096933034
  0.01101198001
  0.01101319144
  0.01088471656
  0.01096574612
  0.01096518018
  0.01097090097
  0.01087715496
  0.01097920007
  0.01091533302
  0.01096025034
  0.01090643025
  0.01088118964
  0.01098857681
  0.01094171403
  0.01088766232
  0.01090684281
  0.01087962413
  0.01100066249
  0.01100728226
  0.01097711235
  0.01087865293
  0.01097359844
  0.01098934246
  0.01096393164
  0.01096548738
  0.01098343376
  0.01101990271
  0.01101284511
  0.01089400458
  0.01089559526
  0.01097173166
  0.01100632239
  0.01090821279
  0.01097222778
  0.01101935016
  0.01097238545
  0.01096938882
  0.01101384719
  0.01097226613
  0.01101651917
  0.01087684207
  0.01097810865
  0.01087136030
  0.01100069359
  0.01091001015
  0.01089820004
  0.01091335053
  0.01096527584
  0.01099742905
  0.01097450636
  0.01098566266
  0.01099448801
  0.01096794178
  0.01096154690
  0.01100854626
  0.01089840973
  0.01096735375
  0.01096013051
  0.01098078658
  0.01100535480
  0.01091297149
  0.01100596247
  0.01090164562
  0.01097186936
  0.01101434315
  0.01087415358
  0.01096860558
  0.01090828554
  0.01095297797
  0.01098118988
  0.01098172575
  0.01090586403
  0.01097157117
  0.01102788170
  0.01096371681
  0.01091060978
  0.01100867706
  0.01096861095
  0.01096490372
  0.01088229069
  0.01088557485
  0.01092607427
  0.01097445443
  0.01102532462
  0.01098239544
  0.01096819697
  0.01101825225
  0.01097820802
  0.01096323512
  0.01101466057
  0.01104813060
  0.01091767456
  0.01096499079
  0.01088993217
  0.01095617094
  0.01096894273
  0.01096827710
  0.01092221319
  0.01088680843
  0.01101286443
  0.01099164088
  0.01097352904
  0.01097082925
  0.01096538327
  0.01101711602
  0.01097169938
  0.01096510546
  0.01097480591
  0.01097781859
  0.01100728243
  0.01088911543
  0.01098714454
  0.01097315725
  0.01101405275
  0.01088734792
  0.01100497266
  0.01090901391
  0.01101851168
  0.01101303623
  0.01097248646
  0.01088471551
  0.01089039315
  0.01089643580
  0.01102140287
  0.01090757920
  0.01101156874
  0.01096526696
  0.01103138454
  0.01097268477
  0.01101708563
  0.01089345187
  0.01098819041
  0.01096443665
  0.01089620092
  0.01090659139
