  0.17908633285
  0.20532138241
  0.23357714152
  0.16209199995
  0.06751127692
  0.04289036861
  0.02600714629
  0.02109446676
  0.01806708091
  0.01623960284
  0.01514513079
  0.01389421741
  0.01297078189
  0.01178654840
  0.01145057762
  0.01062882434
  0.01032093445
  0.00985840465
  0.00963134288
  0.00930210870
  0.00863781572
  0.00826949881
  0.00784855347
  0.00727987656
  0.00703383152
  0.00694954286
  0.00644616800
  0.00582607493
  0.00556836160
  0.00551465597
  0.00550013916
  0.00538817895
  0.00518346192
  0.00503504776
  0.00471874868
  0.00453718531
  0.00444446446
  0.00440838695
  0.00450459944
  0.00435929492
  0.00426563205
  0.00416028498
  0.00403722392
  0.00372220878
  0.00330246679
  0.00314894599
  0.00305402768
  0.00308618734
  0.00312743246
  0.00311393434
  0.00313069207
  0.00306256797
  0.00315603468
  0.00321236476
  0.00319296002
  0.00336836871
  0.00352275948
  0.00344354386
  0.00314911688
  0.00292095862
  0.00270710267
  0.00265960869
  0.00266927460
  0.00269105332
  0.00269981626
  0.00268416363
  0.00259547682
  0.00244335665
  0.00248436560
  0.00249979524
  0.00247108563
  0.00252686456
  0.00259826077
  0.00261229504
  0.00226793694
  0.00209131842
  0.00209151040
  0.00213203671
  0.00216004251
  0.00219392347
  0.00210709016
  0.00202442446
  0.00189927297
  0.00193169435
  0.00195778651
  0.00189953400
  0.00179488394
  0.00179575558
  0.00181647319
  0.00184778510
  0.00185764142
  0.00178975161
  0.00175318360
  0.00175436784
  0.00173843787
  0.00174676294
  0.00177010990
  0.00174026754
  0.00165120523
  0.00167619397
  0.00170816633
  0.00174465066
  0.00172100907
  0.00150621734
  0.00146853067
  0.00148511957
  0.00151103420
  0.00153731103
  0.00156718224
  0.00159065773
  0.00155380686
  0.00150485674
  0.00151830891
  0.00149980245
  0.00143602788
  0.00145644162
  0.00148865161
  0.00151745246
  0.00155145939
  0.00158582525
  0.00160338396
  0.00161097287
  0.00158727093
  0.00158776276
  0.00163510372
  0.00168823708
  0.00173510091
  0.00172215671
  0.00168718431
  0.00175085091
  0.00186193114
  0.00168851360
  0.00152310787
  0.00153758218
  0.00147475568
  0.00144179863
  0.00143888875
  0.00143158288
  0.00141955284
  0.00134758102
  0.00118154135
  0.00112468642
  0.00109319102
  0.00108241586
  0.00107294017
  0.00106966091
  0.00107003323
  0.00107337392
  0.00108068235
  0.00109061640
  0.00110180175
  0.00112844147
  0.00115215871
  0.00118469955
  0.00122547424
  0.00126210027
  0.00131090345
  0.00135556204
  0.00138111372
  0.00129142108
  0.00127730169
  0.00129782303
  0.00130832506
  0.00136679431
  0.00144121547
  0.00147026132
  0.00139313644
  0.00145374796
  0.00154777869
  0.00164470302
  0.00164569184
  0.00128304564
  0.00128801551
  0.00129412664
  0.00126688123
  0.00121433653
  0.00122458791
  0.00124673208
  0.00125703445
  0.00127156120
  0.00127333875
  0.00125908667
  0.00110749169
  0.00094823343
  0.00092377327
  0.00092103560
  0.00091531913
  0.00092464755
  0.00094663399
  0.00097421944
  0.00100602762
  0.00104233558
  0.00108315856
  0.00111532601
  0.00110667481
  0.00090365665
  0.00085458561
  0.00087471099
  0.00089815507
  0.00093167302
