146 8
0 4
0 1 
1 5 
5 10 
10 14 

1 36
3 0 
6 3 
11 6 
18 11 
26 18 
36 26 
47 36 
53 47 
60 53 
75 60 
76 75 
94 76 
95 94 
115 95 
116 115 
117 116 
143 117 
172 143 
173 172 
174 173 
207 174 
243 207 
244 243 
284 244 
285 284 
328 285 
329 328 
374 329 
375 374 
426 375 
427 426 
479 427 
480 479 
536 480 
537 536 
598 537 

2 9
14 22 
22 31 
31 41 
41 54 
54 68 
68 84 
84 92 
92 112 
112 114 

3 24
114 139 
139 141 
141 142 
142 170 
170 202 
202 205 
205 206 
206 241 
241 280 
280 283 
283 325 
325 327 
327 372 
372 421 
421 424 
424 425 
425 478 
478 534 
534 535 
535 593 
593 595 
595 656 
656 657 
657 719 

4 36
719 780 
780 838 
838 894 
894 948 
948 1000 
1000 1049 
1049 1094 
1094 1138 
1138 1182 
1182 1223 
1223 1263 
1263 1301 
1301 1337 
1337 1373 
1373 1408 
1408 1441 
1441 1472 
1472 1501 
1501 1528 
1528 1553 
1553 1577 
1577 1599 
1599 1620 
1620 1639 
1639 1657 
1657 1673 
1673 1688 
1688 1701 
1701 1713 
1713 1724 
1724 1733 
1733 1740 
1740 1746 
1746 1750 
1750 1753 
1753 1754 

5 24
659 598 
721 659 
782 721 
840 782 
896 840 
950 896 
1002 950 
1051 1002 
1096 1051 
1140 1096 
1184 1140 
1225 1184 
1265 1225 
1303 1265 
1339 1303 
1375 1339 
1410 1375 
1443 1410 
1474 1443 
1503 1474 
1530 1503 
1555 1530 
1579 1555 
1601 1579 

6 9
1622 1601 
1641 1622 
1659 1641 
1675 1659 
1690 1675 
1703 1690 
1715 1703 
1726 1715 
1735 1726 

7 4
1742 1735 
1748 1742 
1752 1748 
1754 1752 

