292 8
0 8
0 1755 
1755 1 
1 1756 
1756 5 
5 1757 
1757 10 
10 1758 
1758 14 

1 72
3 1759 
1759 0 
6 1760 
1760 3 
11 1761 
1761 6 
18 1762 
1762 11 
26 1763 
1763 18 
36 1764 
1764 26 
47 1765 
1765 36 
53 1766 
1766 47 
60 1767 
1767 53 
75 1768 
1768 60 
76 1769 
1769 75 
94 1770 
1770 76 
95 1771 
1771 94 
115 1772 
1772 95 
116 1773 
1773 115 
117 1774 
1774 116 
143 1775 
1775 117 
172 1776 
1776 143 
173 1777 
1777 172 
174 1778 
1778 173 
207 1779 
1779 174 
243 1780 
1780 207 
244 1781 
1781 243 
284 1782 
1782 244 
285 1783 
1783 284 
328 1784 
1784 285 
329 1785 
1785 328 
374 1786 
1786 329 
375 1787 
1787 374 
426 1788 
1788 375 
427 1789 
1789 426 
479 1790 
1790 427 
480 1791 
1791 479 
536 1792 
1792 480 
537 1793 
1793 536 
598 1794 
1794 537 

2 18
14 1795 
1795 22 
22 1796 
1796 31 
31 1797 
1797 41 
41 1798 
1798 54 
54 1799 
1799 68 
68 1800 
1800 84 
84 1801 
1801 92 
92 1802 
1802 112 
112 1803 
1803 114 

3 48
114 1804 
1804 139 
139 1805 
1805 141 
141 1806 
1806 142 
142 1807 
1807 170 
170 1808 
1808 202 
202 1809 
1809 205 
205 1810 
1810 206 
206 1811 
1811 241 
241 1812 
1812 280 
280 1813 
1813 283 
283 1814 
1814 325 
325 1815 
1815 327 
327 1816 
1816 372 
372 1817 
1817 421 
421 1818 
1818 424 
424 1819 
1819 425 
425 1820 
1820 478 
478 1821 
1821 534 
534 1822 
1822 535 
535 1823 
1823 593 
593 1824 
1824 595 
595 1825 
1825 656 
656 1826 
1826 657 
657 1827 
1827 719 

4 72
719 1828 
1828 780 
780 1829 
1829 838 
838 1830 
1830 894 
894 1831 
1831 948 
948 1832 
1832 1000 
1000 1833 
1833 1049 
1049 1834 
1834 1094 
1094 1835 
1835 1138 
1138 1836 
1836 1182 
1182 1837 
1837 1223 
1223 1838 
1838 1263 
1263 1839 
1839 1301 
1301 1840 
1840 1337 
1337 1841 
1841 1373 
1373 1842 
1842 1408 
1408 1843 
1843 1441 
1441 1844 
1844 1472 
1472 1845 
1845 1501 
1501 1846 
1846 1528 
1528 1847 
1847 1553 
1553 1848 
1848 1577 
1577 1849 
1849 1599 
1599 1850 
1850 1620 
1620 1851 
1851 1639 
1639 1852 
1852 1657 
1657 1853 
1853 1673 
1673 1854 
1854 1688 
1688 1855 
1855 1701 
1701 1856 
1856 1713 
1713 1857 
1857 1724 
1724 1858 
1858 1733 
1733 1859 
1859 1740 
1740 1860 
1860 1746 
1746 1861 
1861 1750 
1750 1862 
1862 1753 
1753 1863 
1863 1754 

5 48
659 1864 
1864 598 
721 1865 
1865 659 
782 1866 
1866 721 
840 1867 
1867 782 
896 1868 
1868 840 
950 1869 
1869 896 
1002 1870 
1870 950 
1051 1871 
1871 1002 
1096 1872 
1872 1051 
1140 1873 
1873 1096 
1184 1874 
1874 1140 
1225 1875 
1875 1184 
1265 1876 
1876 1225 
1303 1877 
1877 1265 
1339 1878 
1878 1303 
1375 1879 
1879 1339 
1410 1880 
1880 1375 
1443 1881 
1881 1410 
1474 1882 
1882 1443 
1503 1883 
1883 1474 
1530 1884 
1884 1503 
1555 1885 
1885 1530 
1579 1886 
1886 1555 
1601 1887 
1887 1579 

6 18
1622 1888 
1888 1601 
1641 1889 
1889 1622 
1659 1890 
1890 1641 
1675 1891 
1891 1659 
1690 1892 
1892 1675 
1703 1893 
1893 1690 
1715 1894 
1894 1703 
1726 1895 
1895 1715 
1735 1896 
1896 1726 

7 8
1742 1897 
1897 1735 
1748 1898 
1898 1742 
1752 1899 
1899 1748 
1754 1900 
1900 1752 

