3362 
1 0 2 
 0 3 2 
 4 1 2 
 5 1 4 
 3 6 7 
 3 7 2 
 4 2 7 
 8 4 7 
 9 5 4 
 9 4 8 
 10 5 9 
 6 11 12 
 7 6 12 
 7 12 13 
 7 13 8 
 15 8 13 
 16 9 8 
 16 8 15 
 14 10 17 
 17 10 9 
 17 9 16 
 11 18 19 
 12 11 19 
 12 19 20 
 13 12 20 
 13 20 15 
 20 21 15 
 22 14 23 
 23 14 17 
 24 16 15 
 24 15 21 
 23 17 25 
 25 17 16 
 25 16 24 
 18 26 27 
 19 18 27 
 19 27 28 
 20 19 28 
 20 28 29 
 20 29 21 
 21 29 30 
 21 30 24 
 31 22 32 
 32 22 23 
 32 23 33 
 33 23 25 
 34 24 30 
 33 25 35 
 35 25 24 
 35 24 34 
 26 36 37 
 27 26 37 
 27 37 38 
 28 27 38 
 28 38 39 
 29 28 39 
 29 39 40 
 30 29 40 
 34 30 40 
 41 31 42 
 42 31 32 
 43 34 40 
 42 32 44 
 44 32 33 
 44 33 45 
 45 33 35 
 45 35 46 
 46 35 34 
 46 34 43 
 36 47 48 
 37 36 48 
 37 48 49 
 38 37 49 
 38 49 50 
 39 38 50 
 39 50 51 
 40 39 51 
 40 51 52 
 40 52 43 
 54 41 55 
 55 41 42 
 55 42 56 
 56 42 44 
 57 46 43 
 57 43 52 
 56 44 58 
 58 44 45 
 58 45 59 
 59 45 46 
 59 46 57 
 47 53 61 
 48 47 61 
 48 61 62 
 49 48 62 
 49 62 63 
 50 49 63 
 50 63 64 
 51 50 64 
 51 64 65 
 52 51 65 
 52 65 66 
 52 66 57 
 53 60 67 
 61 53 67 
 68 54 69 
 69 54 55 
 70 57 66 
 69 55 71 
 71 55 56 
 71 56 72 
 72 56 58 
 73 59 57 
 73 57 70 
 72 58 74 
 74 58 59 
 74 59 73 
 60 75 77 
 67 60 77 
 61 67 78 
 62 61 78 
 62 78 79 
 63 62 79 
 63 79 80 
 64 63 80 
 64 80 81 
 65 64 81 
 65 81 82 
 66 65 82 
 70 66 82 
 67 77 83 
 78 67 83 
 84 68 85 
 85 68 69 
 85 69 86 
 86 69 71 
 87 70 82 
 88 73 70 
 88 70 87 
 86 71 89 
 89 71 72 
 89 72 90 
 90 72 74 
 90 74 91 
 91 74 73 
 91 73 88 
 75 76 93 
 77 75 93 
 76 94 96 
 93 76 96 
 77 93 97 
 83 77 97 
 78 83 98 
 79 78 98 
 79 98 99 
 80 79 99 
 80 99 100 
 81 80 100 
 81 100 101 
 82 81 101 
 82 101 102 
 82 102 87 
 83 97 103 
 98 83 103 
 92 84 104 
 104 84 85 
 104 85 105 
 105 85 86 
 105 86 106 
 106 86 89 
 107 87 102 
 108 88 87 
 108 87 107 
 109 91 88 
 109 88 108 
 106 89 110 
 110 89 90 
 110 90 111 
 111 90 91 
 111 91 109 
 112 92 113 
 113 92 104 
 93 96 118 
 97 93 118 
 94 95 119 
 96 94 119 
 95 115 120 
 119 95 120 
 96 119 121 
 118 96 121 
 97 118 122 
 103 97 122 
 98 103 123 
 99 98 123 
 99 123 124 
 100 99 124 
 100 124 125 
 101 100 125 
 101 125 126 
 102 101 126 
 102 126 127 
 102 127 107 
 103 122 128 
 123 103 128 
 113 104 129 
 129 104 105 
 129 105 130 
 130 105 106 
 130 106 131 
 131 106 110 
 132 107 127 
 133 108 107 
 133 107 132 
 134 109 108 
 134 108 133 
 135 111 109 
 135 109 134 
 131 110 136 
 136 110 111 
 136 111 135 
 114 112 137 
 137 112 113 
 137 113 138 
 138 113 129 
 139 114 140 
 140 114 137 
 115 116 144 
 120 115 144 
 116 117 145 
 144 116 145 
 117 143 146 
 145 117 146 
 118 121 147 
 122 118 147 
 119 120 148 
 121 119 148 
 120 144 149 
 148 120 149 
 121 148 150 
 147 121 150 
 122 147 151 
 128 122 151 
 123 128 152 
 124 123 152 
 124 152 153 
 125 124 153 
 125 153 154 
 126 125 154 
 126 154 155 
 127 126 155 
 127 155 132 
 155 156 132 
 128 151 157 
 152 128 157 
 138 129 158 
 158 129 130 
 158 130 159 
 159 130 131 
 159 131 160 
 160 131 136 
 161 133 132 
 161 132 156 
 162 134 133 
 162 133 161 
 163 135 134 
 163 134 162 
 160 136 164 
 164 136 135 
 164 135 163 
 140 137 165 
 165 137 138 
 165 138 166 
 166 138 158 
 141 139 167 
 167 139 140 
 167 140 168 
 168 140 165 
 142 141 169 
 169 141 167 
 170 142 171 
 171 142 169 
 143 172 175 
 146 143 175 
 144 145 176 
 149 144 176 
 145 146 177 
 176 145 177 
 146 175 178 
 177 146 178 
 147 150 179 
 151 147 179 
 148 149 180 
 150 148 180 
 149 176 181 
 180 149 181 
 150 180 182 
 179 150 182 
 151 179 183 
 157 151 183 
 152 157 184 
 153 152 184 
 153 184 185 
 154 153 185 
 154 185 186 
 155 154 186 
 155 186 187 
 155 187 156 
 156 187 188 
 156 188 161 
 157 183 189 
 184 157 189 
 166 158 190 
 190 158 159 
 190 159 191 
 191 159 160 
 191 160 192 
 192 160 164 
 193 161 188 
 194 162 161 
 194 161 193 
 195 163 162 
 195 162 194 
 192 164 196 
 196 164 163 
 196 163 195 
 168 165 197 
 197 165 166 
 197 166 198 
 198 166 190 
 169 167 199 
 199 167 168 
 199 168 200 
 200 168 197 
 171 169 201 
 201 169 199 
 202 170 203 
 203 170 171 
 203 171 204 
 204 171 201 
 172 173 208 
 175 172 208 
 173 174 209 
 208 173 209 
 174 207 210 
 209 174 210 
 175 208 211 
 178 175 211 
 176 177 212 
 181 176 212 
 177 178 213 
 212 177 213 
 178 211 214 
 213 178 214 
 179 182 215 
 183 179 215 
 180 181 216 
 182 180 216 
 181 212 217 
 216 181 217 
 182 216 218 
 215 182 218 
 183 215 219 
 189 183 219 
 184 189 220 
 185 184 220 
 185 220 221 
 186 185 221 
 186 221 222 
 187 186 222 
 187 222 223 
 188 187 223 
 193 188 223 
 224 193 223 
 189 219 225 
 220 189 225 
 198 190 226 
 226 190 191 
 226 191 227 
 227 191 192 
 227 192 228 
 228 192 196 
 229 194 193 
 229 193 224 
 230 195 194 
 230 194 229 
 228 196 231 
 231 196 195 
 231 195 230 
 200 197 232 
 232 197 198 
 232 198 233 
 233 198 226 
 201 199 234 
 234 199 200 
 234 200 235 
 235 200 232 
 204 201 236 
 236 201 234 
 205 202 237 
 237 202 203 
 237 203 238 
 238 203 204 
 238 204 239 
 239 204 236 
 206 205 240 
 240 205 237 
 241 206 242 
 242 206 240 
 207 243 245 
 210 207 245 
 208 209 246 
 211 208 246 
 209 210 247 
 246 209 247 
 210 245 248 
 247 210 248 
 211 246 249 
 214 211 249 
 212 213 250 
 217 212 250 
 213 214 251 
 250 213 251 
 214 249 252 
 251 214 252 
 215 218 253 
 219 215 253 
 216 217 254 
 218 216 254 
 217 250 255 
 254 217 255 
 218 254 256 
 253 218 256 
 219 253 257 
 225 219 257 
 220 225 258 
 221 220 258 
 221 258 259 
 222 221 259 
 222 259 260 
 223 222 260 
 223 260 261 
 223 261 224 
 262 229 224 
 262 224 263 
 263 224 261 
 225 257 264 
 258 225 264 
 233 226 265 
 265 226 227 
 265 227 266 
 266 227 228 
 266 228 267 
 267 228 231 
 268 230 229 
 268 229 262 
 267 231 269 
 269 231 230 
 269 230 268 
 270 268 262 
 235 232 271 
 271 232 233 
 271 233 272 
 272 233 265 
 236 234 273 
 273 234 235 
 273 235 274 
 274 235 271 
 239 236 275 
 275 236 273 
 240 237 276 
 276 237 238 
 276 238 277 
 277 238 239 
 277 239 278 
 278 239 275 
 242 240 279 
 279 240 276 
 280 241 281 
 281 241 242 
 281 242 282 
 282 242 279 
 243 244 286 
 245 243 286 
 244 284 287 
 286 244 287 
 245 286 288 
 248 245 288 
 246 247 289 
 249 246 289 
 247 248 290 
 289 247 290 
 248 288 291 
 290 248 291 
 249 289 292 
 252 249 292 
 250 251 293 
 255 250 293 
 251 252 294 
 293 251 294 
 252 292 295 
 294 252 295 
 253 256 296 
 257 253 296 
 254 255 297 
 256 254 297 
 255 293 298 
 297 255 298 
 256 297 299 
 296 256 299 
 257 296 300 
 264 257 300 
 258 264 301 
 259 258 301 
 259 301 302 
 260 259 302 
 260 302 303 
 261 260 303 
 261 303 263 
 270 262 304 
 304 262 263 
 304 263 305 
 303 305 263 
 264 300 306 
 301 264 306 
 272 265 307 
 307 265 266 
 307 266 308 
 308 266 267 
 308 267 309 
 309 267 269 
 309 269 310 
 310 269 268 
 310 268 270 
 310 270 311 
 270 304 312 
 312 311 270 
 274 271 313 
 313 271 272 
 313 272 314 
 314 272 307 
 275 273 315 
 315 273 274 
 315 274 316 
 316 274 313 
 278 275 317 
 317 275 315 
 279 276 318 
 318 276 277 
 318 277 319 
 319 277 278 
 319 278 320 
 320 278 317 
 282 279 321 
 321 279 318 
 283 280 322 
 322 280 281 
 322 281 323 
 323 281 282 
 323 282 324 
 324 282 321 
 325 283 326 
 326 283 322 
 284 285 330 
 287 284 330 
 285 328 331 
 330 285 331 
 286 287 332 
 288 286 332 
 287 330 333 
 332 287 333 
 288 332 334 
 291 288 334 
 289 290 335 
 292 289 335 
 290 291 336 
 335 290 336 
 291 334 337 
 336 291 337 
 292 335 338 
 295 292 338 
 293 294 339 
 298 293 339 
 294 295 340 
 339 294 340 
 295 338 341 
 340 295 341 
 296 299 342 
 300 296 342 
 297 298 343 
 299 297 343 
 298 339 344 
 343 298 344 
 299 343 345 
 342 299 345 
 300 342 346 
 306 300 346 
 301 306 347 
 302 301 347 
 302 347 348 
 303 302 348 
 303 348 349 
 303 349 305 
 305 349 350 
 304 305 350 
 350 312 304 
 306 346 351 
 347 306 351 
 314 307 352 
 352 307 308 
 352 308 353 
 353 308 309 
 353 309 354 
 354 309 310 
 354 310 355 
 355 310 311 
 355 311 356 
 356 311 312 
 356 312 357 
 357 312 350 
 316 313 358 
 358 313 314 
 358 314 359 
 359 314 352 
 317 315 360 
 360 315 316 
 360 316 361 
 361 316 358 
 320 317 362 
 362 317 360 
 321 318 363 
 363 318 319 
 363 319 364 
 364 319 320 
 364 320 365 
 365 320 362 
 324 321 366 
 366 321 363 
 326 322 367 
 367 322 323 
 367 323 368 
 368 323 324 
 368 324 369 
 369 324 366 
 327 325 370 
 370 325 326 
 370 326 371 
 371 326 367 
 372 327 373 
 373 327 370 
 328 329 376 
 331 328 376 
 329 374 377 
 376 329 377 
 330 331 378 
 333 330 378 
 331 376 379 
 378 331 379 
 332 333 380 
 334 332 380 
 333 378 381 
 380 333 381 
 334 380 382 
 337 334 382 
 335 336 383 
 338 335 383 
 336 337 384 
 383 336 384 
 337 382 385 
 384 337 385 
 338 383 386 
 341 338 386 
 339 340 387 
 344 339 387 
 340 341 388 
 387 340 388 
 341 386 389 
 388 341 389 
 342 345 390 
 346 342 390 
 343 344 391 
 345 343 391 
 344 387 392 
 391 344 392 
 345 391 393 
 390 345 393 
 346 390 394 
 351 346 394 
 347 351 395 
 348 347 395 
 348 395 396 
 349 348 396 
 349 396 397 
 350 349 397 
 357 350 398 
 350 397 398 
 351 394 399 
 395 351 399 
 359 352 400 
 400 352 353 
 400 353 401 
 401 353 354 
 401 354 402 
 402 354 355 
 403 357 398 
 402 355 404 
 404 355 356 
 404 356 405 
 405 356 357 
 405 357 403 
 406 402 404 
 361 358 407 
 407 358 359 
 407 359 408 
 408 359 400 
 362 360 409 
 409 360 361 
 409 361 410 
 410 361 407 
 365 362 411 
 411 362 409 
 366 363 412 
 412 363 364 
 412 364 413 
 413 364 365 
 413 365 414 
 414 365 411 
 369 366 415 
 415 366 412 
 371 367 416 
 416 367 368 
 416 368 417 
 417 368 369 
 417 369 418 
 418 369 415 
 373 370 419 
 419 370 371 
 419 371 420 
 420 371 416 
 421 372 422 
 422 372 373 
 422 373 423 
 423 373 419 
 374 375 428 
 377 374 428 
 375 426 429 
 428 375 429 
 376 377 430 
 379 376 430 
 377 428 431 
 430 377 431 
 378 379 432 
 381 378 432 
 379 430 433 
 432 379 433 
 380 381 434 
 382 380 434 
 381 432 435 
 434 381 435 
 382 434 436 
 385 382 436 
 383 384 437 
 386 383 437 
 384 385 438 
 437 384 438 
 385 436 439 
 438 385 439 
 386 437 440 
 389 386 440 
 387 388 441 
 392 387 441 
 388 389 442 
 441 388 442 
 389 440 443 
 442 389 443 
 390 393 444 
 394 390 444 
 391 392 445 
 393 391 445 
 392 441 446 
 445 392 446 
 393 445 447 
 444 393 447 
 394 444 448 
 399 394 448 
 395 399 449 
 396 395 449 
 396 449 450 
 397 396 450 
 397 450 451 
 397 451 398 
 403 398 451 
 399 448 452 
 449 399 452 
 408 400 453 
 453 400 401 
 454 403 451 
 453 401 455 
 455 401 402 
 455 402 406 
 456 405 403 
 456 403 454 
 406 404 457 
 457 404 405 
 457 405 456 
 455 406 458 
 406 457 458 
 410 407 459 
 459 407 408 
 459 408 460 
 460 408 453 
 411 409 461 
 461 409 410 
 461 410 462 
 462 410 459 
 414 411 463 
 463 411 461 
 415 412 464 
 464 412 413 
 464 413 465 
 465 413 414 
 465 414 466 
 466 414 463 
 418 415 467 
 467 415 464 
 420 416 468 
 468 416 417 
 468 417 469 
 469 417 418 
 469 418 470 
 470 418 467 
 423 419 471 
 471 419 420 
 471 420 472 
 472 420 468 
 424 421 473 
 473 421 422 
 473 422 474 
 474 422 423 
 474 423 475 
 475 423 471 
 425 424 476 
 476 424 473 
 477 425 476 
 478 425 477 
 426 427 481 
 429 426 481 
 427 479 482 
 481 427 482 
 428 429 483 
 431 428 483 
 429 481 484 
 483 429 484 
 430 431 485 
 433 430 485 
 431 483 486 
 485 431 486 
 432 433 487 
 435 432 487 
 433 485 488 
 487 433 488 
 434 435 489 
 436 434 489 
 435 487 490 
 489 435 490 
 436 489 491 
 439 436 491 
 437 438 492 
 440 437 492 
 438 439 493 
 492 438 493 
 439 491 494 
 493 439 494 
 440 492 495 
 443 440 495 
 441 442 496 
 446 441 496 
 442 443 497 
 496 442 497 
 443 495 498 
 497 443 498 
 444 447 499 
 448 444 499 
 445 446 500 
 447 445 500 
 446 496 501 
 500 446 501 
 447 500 502 
 499 447 502 
 448 499 503 
 452 448 503 
 449 452 504 
 450 449 504 
 450 504 505 
 451 450 505 
 451 505 506 
 451 506 454 
 452 503 507 
 504 452 507 
 460 453 508 
 508 453 455 
 509 454 506 
 510 456 454 
 510 454 509 
 508 455 511 
 511 455 458 
 512 457 456 
 512 456 510 
 511 458 513 
 513 458 457 
 513 457 512 
 462 459 514 
 514 459 460 
 514 460 515 
 515 460 508 
 463 461 516 
 516 461 462 
 516 462 517 
 517 462 514 
 466 463 518 
 518 463 516 
 467 464 519 
 519 464 465 
 519 465 520 
 520 465 466 
 520 466 521 
 521 466 518 
 470 467 522 
 522 467 519 
 472 468 523 
 523 468 469 
 523 469 524 
 524 469 470 
 524 470 525 
 525 470 522 
 475 471 526 
 526 471 472 
 526 472 527 
 527 472 523 
 476 473 528 
 528 473 474 
 528 474 529 
 529 474 475 
 529 475 530 
 530 475 526 
 477 476 531 
 531 476 528 
 532 477 531 
 533 478 477 
 533 477 532 
 534 478 533 
 479 480 538 
 482 479 538 
 480 536 539 
 538 480 539 
 481 482 540 
 484 481 540 
 482 538 541 
 540 482 541 
 483 484 542 
 486 483 542 
 484 540 543 
 542 484 543 
 485 486 544 
 488 485 544 
 486 542 545 
 544 486 545 
 487 488 546 
 490 487 546 
 488 544 547 
 546 488 547 
 489 490 548 
 491 489 548 
 490 546 549 
 548 490 549 
 491 548 550 
 494 491 550 
 492 493 551 
 495 492 551 
 493 494 552 
 551 493 552 
 494 550 553 
 552 494 553 
 495 551 554 
 498 495 554 
 496 497 555 
 501 496 555 
 497 498 556 
 555 497 556 
 498 554 557 
 556 498 557 
 499 502 558 
 503 499 558 
 500 501 559 
 502 500 559 
 501 555 560 
 559 501 560 
 502 559 561 
 558 502 561 
 503 558 562 
 507 503 562 
 504 507 563 
 505 504 563 
 505 563 564 
 506 505 564 
 506 564 509 
 564 565 509 
 507 562 566 
 563 507 566 
 515 508 567 
 567 508 511 
 568 510 509 
 568 509 565 
 569 512 510 
 569 510 568 
 567 511 570 
 570 511 513 
 570 513 571 
 571 513 512 
 571 512 569 
 517 514 572 
 572 514 515 
 572 515 573 
 573 515 567 
 518 516 574 
 574 516 517 
 574 517 575 
 575 517 572 
 521 518 576 
 576 518 574 
 522 519 577 
 577 519 520 
 577 520 578 
 578 520 521 
 578 521 579 
 579 521 576 
 525 522 580 
 580 522 577 
 527 523 581 
 581 523 524 
 581 524 582 
 582 524 525 
 582 525 583 
 583 525 580 
 584 527 581 
 530 526 585 
 585 526 527 
 585 527 584 
 531 528 586 
 586 528 529 
 586 529 587 
 587 529 530 
 587 530 588 
 588 530 585 
 532 531 589 
 589 531 586 
 590 532 589 
 591 533 532 
 591 532 590 
 535 534 592 
 592 534 533 
 592 533 591 
 593 535 594 
 594 535 592 
 536 537 596 
 539 536 596 
 596 537 597 
 537 598 597 
 538 539 599 
 541 538 599 
 539 596 600 
 599 539 600 
 540 541 601 
 543 540 601 
 541 599 602 
 601 541 602 
 542 543 603 
 545 542 603 
 543 601 604 
 603 543 604 
 544 545 605 
 547 544 605 
 545 603 606 
 545 606 605 
 546 547 607 
 549 546 607 
 547 605 608 
 607 547 608 
 548 549 609 
 550 548 609 
 549 607 610 
 609 549 610 
 550 609 611 
 553 550 611 
 551 552 612 
 554 551 612 
 552 553 613 
 612 552 613 
 553 611 614 
 613 553 614 
 554 612 615 
 557 554 615 
 555 556 616 
 560 555 616 
 556 557 617 
 616 556 617 
 557 615 618 
 617 557 618 
 558 561 619 
 562 558 619 
 559 560 620 
 561 559 620 
 560 616 621 
 620 560 621 
 561 620 622 
 619 561 622 
 562 619 623 
 566 562 623 
 563 566 624 
 564 563 624 
 625 568 565 
 564 624 626 
 564 626 565 
 565 626 625 
 566 623 627 
 624 566 627 
 573 567 628 
 628 567 570 
 629 569 568 
 629 568 625 
 630 571 569 
 630 569 629 
 628 570 631 
 631 570 571 
 631 571 630 
 575 572 632 
 632 572 573 
 632 573 633 
 633 573 628 
 576 574 634 
 634 574 575 
 634 575 635 
 635 575 632 
 579 576 636 
 636 576 634 
 580 577 637 
 637 577 578 
 637 578 638 
 638 578 579 
 638 579 639 
 639 579 636 
 583 580 640 
 640 580 637 
 584 581 641 
 641 581 582 
 641 582 642 
 642 582 583 
 642 583 643 
 643 583 640 
 644 584 641 
 588 585 645 
 645 585 584 
 645 584 644 
 589 586 646 
 646 586 587 
 646 587 647 
 647 587 588 
 647 588 648 
 648 588 645 
 590 589 649 
 649 589 646 
 650 590 649 
 651 591 590 
 651 590 650 
 594 592 652 
 652 592 591 
 652 591 651 
 595 593 653 
 653 593 594 
 653 594 654 
 654 594 652 
 655 595 653 
 656 595 655 
 596 597 658 
 600 596 658 
 598 659 597 
 659 658 597 
 658 660 600 
 599 600 661 
 602 599 661 
 661 600 660 
 602 661 662 
 601 602 663 
 601 663 604 
 663 602 662 
 603 604 664 
 606 603 664 
 604 663 665 
 664 604 665 
 605 606 666 
 608 605 666 
 606 664 667 
 666 606 667 
 607 608 668 
 610 607 668 
 608 666 669 
 668 608 669 
 609 610 670 
 611 609 670 
 610 668 671 
 670 610 671 
 611 670 672 
 614 611 672 
 612 613 673 
 615 612 673 
 613 614 674 
 673 613 674 
 614 672 675 
 674 614 675 
 615 673 676 
 618 615 676 
 616 617 677 
 621 616 677 
 617 618 678 
 677 617 678 
 618 676 679 
 678 618 679 
 619 622 680 
 623 619 680 
 620 621 681 
 622 620 681 
 621 677 682 
 681 621 682 
 622 681 683 
 680 622 683 
 623 680 684 
 627 623 684 
 685 629 625 
 686 685 625 
 624 627 687 
 626 624 687 
 626 687 688 
 626 688 625 
 625 688 686 
 627 684 689 
 687 627 689 
 633 628 690 
 690 628 631 
 691 630 629 
 691 629 685 
 690 631 692 
 692 631 630 
 692 630 691 
 635 632 693 
 693 632 633 
 693 633 694 
 694 633 690 
 636 634 695 
 695 634 635 
 695 635 696 
 696 635 693 
 639 636 697 
 697 636 695 
 640 637 698 
 698 637 638 
 698 638 699 
 699 638 639 
 699 639 700 
 700 639 697 
 643 640 701 
 701 640 698 
 644 641 702 
 702 641 642 
 703 643 701 
 702 642 704 
 704 642 643 
 704 643 703 
 705 644 702 
 648 645 706 
 706 645 644 
 706 644 705 
 649 646 707 
 707 646 647 
 707 647 708 
 708 647 648 
 708 648 709 
 709 648 706 
 650 649 710 
 710 649 707 
 711 650 710 
 712 651 650 
 712 650 711 
 654 652 713 
 713 652 651 
 713 651 712 
 655 653 714 
 714 653 654 
 714 654 715 
 715 654 713 
 716 655 714 
 657 656 717 
 717 656 655 
 717 655 716 
 657 717 718 
 719 657 718 
 658 720 660 
 659 721 658 
 658 721 720 
 660 720 722 
 660 722 661 
 722 723 661 
 662 661 723 
 723 724 662 
 663 662 724 
 665 663 725 
 724 725 663 
 664 665 726 
 667 664 726 
 665 725 727 
 726 665 727 
 667 726 728 
 666 667 729 
 669 666 729 
 729 667 728 
 668 669 730 
 671 668 730 
 669 729 731 
 730 669 731 
 670 671 732 
 672 670 732 
 671 730 733 
 732 671 733 
 672 732 734 
 675 672 734 
 673 674 735 
 676 673 735 
 674 675 736 
 735 674 736 
 675 734 737 
 736 675 737 
 676 735 738 
 679 676 738 
 677 678 739 
 682 677 739 
 678 679 740 
 739 678 740 
 679 738 741 
 740 679 741 
 680 683 742 
 684 680 742 
 681 682 743 
 683 681 743 
 682 739 744 
 743 682 744 
 683 743 745 
 742 683 745 
 684 742 746 
 689 684 746 
 691 685 747 
 747 685 686 
 748 747 686 
 688 749 686 
 748 686 749 
 687 689 750 
 688 687 750 
 688 750 749 
 689 746 751 
 750 689 751 
 694 690 752 
 752 690 692 
 753 691 747 
 752 692 754 
 754 692 691 
 754 691 753 
 696 693 755 
 755 693 694 
 755 694 756 
 756 694 752 
 697 695 757 
 757 695 696 
 757 696 758 
 758 696 755 
 700 697 759 
 759 697 757 
 701 698 760 
 760 698 699 
 761 700 759 
 760 699 762 
 762 699 700 
 762 700 761 
 703 701 763 
 763 701 760 
 764 703 763 
 705 702 765 
 765 702 704 
 765 704 766 
 766 704 703 
 766 703 764 
 767 705 765 
 709 706 768 
 768 706 705 
 768 705 767 
 710 707 769 
 769 707 708 
 770 709 768 
 769 708 771 
 771 708 709 
 771 709 770 
 711 710 772 
 772 710 769 
 711 772 773 
 774 712 711 
 774 711 773 
 715 713 775 
 775 713 712 
 775 712 774 
 715 775 776 
 716 714 777 
 714 715 777 
 776 777 715 
 717 716 778 
 777 778 716 
 779 718 717 
 778 779 717 
 780 719 718 
 779 780 718 
 720 781 722 
 721 782 720 
 720 782 781 
 722 781 783 
 722 783 723 
 723 783 784 
 723 784 724 
 724 784 785 
 724 785 725 
 725 785 786 
 725 786 727 
 786 787 727 
 726 727 787 
 728 726 787 
 787 788 728 
 729 728 788 
 731 729 789 
 788 789 729 
 730 731 790 
 733 730 790 
 731 789 791 
 790 731 791 
 732 733 792 
 734 732 792 
 733 790 793 
 792 733 793 
 734 792 794 
 737 734 794 
 735 736 795 
 738 735 795 
 736 737 796 
 795 736 796 
 737 794 797 
 796 737 797 
 738 795 798 
 741 738 798 
 739 740 799 
 744 739 799 
 740 741 800 
 799 740 800 
 741 798 801 
 800 741 801 
 742 745 802 
 746 742 802 
 743 744 803 
 745 743 803 
 744 799 804 
 803 744 804 
 745 803 805 
 802 745 805 
 746 802 806 
 751 746 806 
 753 747 807 
 807 747 748 
 807 748 808 
 808 748 749 
 750 751 809 
 750 809 749 
 749 809 808 
 751 806 810 
 809 751 810 
 756 752 811 
 811 752 754 
 812 753 807 
 811 754 813 
 813 754 753 
 813 753 812 
 758 755 814 
 814 755 756 
 814 756 815 
 815 756 811 
 759 757 816 
 816 757 758 
 816 758 817 
 817 758 814 
 761 759 818 
 818 759 816 
 819 761 818 
 763 760 820 
 820 760 762 
 820 762 821 
 821 762 761 
 821 761 819 
 764 763 822 
 822 763 820 
 823 764 822 
 824 766 764 
 824 764 823 
 767 765 825 
 825 765 766 
 825 766 824 
 826 767 825 
 770 768 827 
 827 768 767 
 827 767 826 
 770 827 828 
 772 769 829 
 829 769 771 
 829 771 830 
 830 771 770 
 830 770 828 
 772 829 831 
 832 773 772 
 831 832 772 
 833 774 773 
 832 833 773 
 834 776 775 
 833 834 774 
 775 774 834 
 835 777 776 
 834 835 776 
 836 778 777 
 835 836 777 
 837 779 778 
 836 837 778 
 838 780 779 
 837 838 779 
 781 839 783 
 782 840 781 
 781 840 839 
 783 839 841 
 783 841 784 
 784 841 842 
 784 842 785 
 785 842 843 
 785 843 786 
 786 843 844 
 786 844 787 
 787 844 845 
 787 845 788 
 788 845 846 
 788 846 789 
 789 846 847 
 789 847 791 
 847 848 791 
 790 791 848 
 793 790 848 
 792 793 849 
 794 792 849 
 848 850 793 
 849 793 850 
 794 849 851 
 797 794 852 
 851 852 794 
 795 796 853 
 798 795 853 
 796 797 854 
 853 796 854 
 797 852 855 
 854 797 855 
 798 853 856 
 801 798 856 
 799 800 857 
 804 799 857 
 800 801 858 
 857 800 858 
 801 856 859 
 858 801 859 
 802 805 860 
 806 802 860 
 803 804 861 
 805 803 861 
 804 857 862 
 861 804 862 
 805 861 863 
 860 805 863 
 806 860 864 
 810 806 864 
 812 807 865 
 865 807 808 
 809 810 866 
 809 866 808 
 865 808 866 
 810 864 867 
 810 867 866 
 815 811 868 
 868 811 813 
 869 812 865 
 868 813 870 
 870 813 812 
 870 812 869 
 817 814 871 
 871 814 815 
 871 815 872 
 872 815 868 
 873 817 871 
 818 816 874 
 874 816 817 
 874 817 873 
 819 818 875 
 875 818 874 
 876 819 875 
 877 821 819 
 877 819 876 
 822 820 878 
 878 820 821 
 878 821 877 
 823 822 879 
 879 822 878 
 823 879 880 
 881 824 823 
 881 823 880 
 825 824 882 
 882 824 881 
 826 825 883 
 825 882 883 
 827 826 884 
 883 884 826 
 885 828 827 
 884 885 827 
 886 830 828 
 885 886 828 
 887 831 829 
 886 887 830 
 829 830 887 
 888 832 831 
 887 888 831 
 889 833 832 
 888 889 832 
 890 834 833 
 889 890 833 
 891 835 834 
 890 891 834 
 892 836 835 
 891 892 835 
 893 837 836 
 892 893 836 
 894 838 837 
 893 894 837 
 839 895 841 
 840 896 839 
 839 896 895 
 841 895 897 
 841 897 842 
 842 897 898 
 842 898 843 
 843 898 899 
 843 899 844 
 844 899 900 
 844 900 845 
 845 900 901 
 845 901 846 
 846 901 902 
 846 902 847 
 847 902 903 
 847 903 848 
 848 903 904 
 848 904 850 
 850 904 905 
 850 905 849 
 905 851 849 
 905 906 851 
 851 906 852 
 852 906 907 
 852 907 855 
 853 854 908 
 856 853 908 
 907 909 855 
 854 855 909 
 908 854 909 
 856 908 910 
 859 856 911 
 910 911 856 
 859 911 912 
 857 858 913 
 862 857 913 
 858 859 914 
 913 858 914 
 914 859 912 
 860 863 915 
 864 860 915 
 861 862 916 
 863 861 916 
 862 913 917 
 916 862 917 
 863 916 918 
 915 863 918 
 864 915 919 
 867 864 919 
 869 865 920 
 866 920 865 
 866 867 921 
 866 921 920 
 867 919 922 
 867 922 921 
 923 869 920 
 872 868 924 
 924 868 870 
 924 870 925 
 925 870 869 
 925 869 923 
 926 872 924 
 873 871 927 
 927 871 872 
 927 872 926 
 928 873 927 
 875 874 929 
 929 874 873 
 929 873 928 
 876 875 930 
 930 875 929 
 876 930 931 
 932 877 876 
 932 876 931 
 878 877 933 
 933 877 932 
 879 878 934 
 878 933 934 
 935 880 879 
 934 935 879 
 936 881 880 
 935 936 880 
 937 883 882 
 936 937 881 
 882 881 937 
 938 884 883 
 937 938 883 
 939 885 884 
 938 939 884 
 940 886 885 
 939 940 885 
 941 887 886 
 940 941 886 
 942 888 887 
 941 942 887 
 943 889 888 
 942 943 888 
 944 890 889 
 943 944 889 
 945 891 890 
 944 945 890 
 946 892 891 
 945 946 891 
 947 893 892 
 946 947 892 
 948 894 893 
 947 948 893 
 895 949 897 
 896 950 895 
 895 950 949 
 897 949 951 
 897 951 898 
 898 951 952 
 898 952 899 
 899 952 953 
 899 953 900 
 900 953 954 
 900 954 901 
 901 954 955 
 901 955 902 
 902 955 956 
 902 956 903 
 903 956 957 
 903 957 904 
 904 957 958 
 904 958 905 
 905 958 959 
 905 959 906 
 906 959 960 
 906 960 907 
 907 960 961 
 907 961 909 
 909 961 962 
 909 962 908 
 962 910 908 
 962 963 910 
 910 963 911 
 911 963 964 
 911 964 912 
 964 965 912 
 914 912 965 
 913 914 966 
 917 913 966 
 966 914 965 
 915 918 967 
 919 915 967 
 917 966 968 
 916 917 969 
 918 916 969 
 969 917 970 
 968 970 917 
 918 969 971 
 967 918 971 
 919 967 972 
 922 919 972 
 923 920 973 
 973 920 921 
 921 922 974 
 921 974 973 
 922 972 975 
 974 922 975 
 976 923 973 
 977 925 923 
 977 923 976 
 926 924 978 
 978 924 925 
 978 925 977 
 926 978 979 
 928 927 980 
 980 927 926 
 980 926 979 
 981 928 980 
 929 928 982 
 982 928 981 
 930 929 983 
 929 982 983 
 984 931 930 
 983 984 930 
 985 932 931 
 984 985 931 
 986 934 933 
 985 986 932 
 933 932 986 
 987 935 934 
 986 987 934 
 988 936 935 
 987 988 935 
 989 937 936 
 988 989 936 
 990 938 937 
 989 990 937 
 991 939 938 
 990 991 938 
 992 940 939 
 991 992 939 
 993 941 940 
 992 993 940 
 994 942 941 
 993 994 941 
 995 943 942 
 994 995 942 
 996 944 943 
 995 996 943 
 997 945 944 
 996 997 944 
 998 946 945 
 997 998 945 
 999 947 946 
 998 999 946 
 1000 948 947 
 999 1000 947 
 949 1001 951 
 950 1002 949 
 949 1002 1001 
 951 1001 1003 
 951 1003 952 
 952 1003 1004 
 952 1004 953 
 953 1004 1005 
 953 1005 954 
 954 1005 1006 
 954 1006 955 
 955 1006 1007 
 955 1007 956 
 956 1007 1008 
 956 1008 957 
 957 1008 1009 
 957 1009 958 
 958 1009 1010 
 958 1010 959 
 959 1010 1011 
 959 1011 960 
 960 1011 1012 
 960 1012 961 
 961 1012 1013 
 961 1013 962 
 962 1013 1014 
 962 1014 963 
 963 1014 1015 
 963 1015 964 
 964 1015 1016 
 964 1016 965 
 965 1016 1017 
 965 1017 966 
 1017 968 966 
 967 971 1018 
 972 967 1018 
 1017 1019 968 
 968 1019 970 
 970 1019 1020 
 969 970 1020 
 1020 971 969 
 1020 1021 971 
 1018 971 1021 
 972 1018 1022 
 975 972 1023 
 1022 1023 972 
 976 973 1024 
 974 975 1024 
 1024 973 974 
 1023 1025 975 
 975 1025 1024 
 976 1024 1026 
 1027 977 976 
 1027 976 1026 
 978 977 1028 
 1028 977 1027 
 979 978 1029 
 1028 1029 978 
 980 979 1030 
 1029 1030 979 
 1031 981 980 
 980 1030 1031 
 1032 983 982 
 1031 1032 981 
 982 981 1032 
 1033 984 983 
 1032 1033 983 
 1034 985 984 
 1033 1034 984 
 1035 986 985 
 1034 1035 985 
 1036 987 986 
 1035 1036 986 
 1037 988 987 
 1036 1037 987 
 1038 989 988 
 1037 1038 988 
 1039 990 989 
 1038 1039 989 
 1040 991 990 
 1039 1040 990 
 1041 992 991 
 1040 1041 991 
 1042 993 992 
 1041 1042 992 
 1043 994 993 
 1042 1043 993 
 1044 995 994 
 1043 1044 994 
 1045 996 995 
 1044 1045 995 
 1046 997 996 
 1045 1046 996 
 1047 998 997 
 1046 1047 997 
 1048 999 998 
 1047 1048 998 
 1049 1000 999 
 1048 1049 999 
 1001 1050 1003 
 1002 1051 1001 
 1001 1051 1050 
 1003 1050 1052 
 1003 1052 1004 
 1004 1052 1053 
 1004 1053 1005 
 1005 1053 1054 
 1005 1054 1006 
 1006 1054 1055 
 1006 1055 1007 
 1007 1055 1056 
 1007 1056 1008 
 1008 1056 1057 
 1008 1057 1009 
 1009 1057 1058 
 1009 1058 1010 
 1010 1058 1059 
 1010 1059 1011 
 1011 1059 1060 
 1011 1060 1012 
 1012 1060 1061 
 1012 1061 1013 
 1013 1061 1062 
 1013 1062 1014 
 1014 1062 1063 
 1014 1063 1015 
 1015 1063 1064 
 1015 1064 1016 
 1016 1064 1065 
 1016 1065 1017 
 1017 1065 1066 
 1017 1066 1019 
 1021 1067 1018 
 1067 1022 1018 
 1019 1066 1068 
 1019 1068 1020 
 1020 1068 1069 
 1020 1069 1021 
 1069 1067 1021 
 1067 1070 1022 
 1022 1070 1023 
 1023 1070 1071 
 1023 1071 1025 
 1025 1071 1072 
 1072 1026 1024 
 1024 1025 1072 
 1073 1027 1026 
 1073 1026 1072 
 1074 1029 1028 
 1073 1074 1027 
 1027 1074 1028 
 1075 1030 1029 
 1074 1075 1029 
 1076 1031 1030 
 1075 1076 1030 
 1077 1032 1031 
 1076 1077 1031 
 1078 1033 1032 
 1077 1078 1032 
 1079 1034 1033 
 1078 1079 1033 
 1080 1035 1034 
 1079 1080 1034 
 1081 1036 1035 
 1080 1081 1035 
 1082 1037 1036 
 1081 1082 1036 
 1083 1038 1037 
 1082 1083 1037 
 1084 1039 1038 
 1083 1084 1038 
 1085 1040 1039 
 1084 1085 1039 
 1086 1041 1040 
 1085 1086 1040 
 1087 1042 1041 
 1086 1087 1041 
 1088 1043 1042 
 1087 1088 1042 
 1089 1044 1043 
 1088 1089 1043 
 1090 1045 1044 
 1089 1090 1044 
 1091 1046 1045 
 1090 1091 1045 
 1092 1047 1046 
 1091 1092 1046 
 1093 1048 1047 
 1092 1093 1047 
 1094 1049 1048 
 1093 1094 1048 
 1050 1095 1052 
 1051 1096 1050 
 1050 1096 1095 
 1052 1095 1097 
 1052 1097 1053 
 1053 1097 1098 
 1053 1098 1054 
 1054 1098 1099 
 1054 1099 1055 
 1055 1099 1100 
 1055 1100 1056 
 1056 1100 1101 
 1056 1101 1057 
 1057 1101 1102 
 1057 1102 1058 
 1058 1102 1103 
 1058 1103 1059 
 1059 1103 1104 
 1059 1104 1060 
 1060 1104 1105 
 1060 1105 1061 
 1061 1105 1106 
 1061 1106 1062 
 1064 1107 1065 
 1062 1106 1108 
 1062 1108 1063 
 1063 1108 1109 
 1063 1109 1064 
 1064 1109 1107 
 1065 1107 1110 
 1065 1110 1066 
 1067 1111 1070 
 1066 1110 1112 
 1066 1112 1068 
 1069 1113 1067 
 1067 1113 1111 
 1068 1112 1114 
 1068 1114 1069 
 1069 1114 1113 
 1070 1111 1115 
 1070 1115 1071 
 1071 1115 1116 
 1071 1116 1072 
 1072 1116 1117 
 1117 1073 1072 
 1118 1074 1073 
 1118 1073 1117 
 1119 1075 1074 
 1118 1119 1074 
 1120 1076 1075 
 1119 1120 1075 
 1121 1077 1076 
 1120 1121 1076 
 1122 1078 1077 
 1121 1122 1077 
 1123 1079 1078 
 1122 1123 1078 
 1124 1080 1079 
 1123 1124 1079 
 1125 1081 1080 
 1124 1125 1080 
 1126 1082 1081 
 1125 1126 1081 
 1127 1083 1082 
 1126 1127 1082 
 1128 1084 1083 
 1127 1128 1083 
 1129 1085 1084 
 1128 1129 1084 
 1130 1086 1085 
 1129 1130 1085 
 1131 1087 1086 
 1130 1131 1086 
 1132 1088 1087 
 1131 1132 1087 
 1133 1089 1088 
 1132 1133 1088 
 1134 1090 1089 
 1133 1134 1089 
 1135 1091 1090 
 1134 1135 1090 
 1136 1092 1091 
 1135 1136 1091 
 1137 1093 1092 
 1136 1137 1092 
 1138 1094 1093 
 1137 1138 1093 
 1095 1139 1097 
 1096 1140 1095 
 1095 1140 1139 
 1097 1139 1141 
 1097 1141 1098 
 1098 1141 1142 
 1098 1142 1099 
 1099 1142 1143 
 1099 1143 1100 
 1100 1143 1144 
 1100 1144 1101 
 1101 1144 1145 
 1101 1145 1102 
 1102 1145 1146 
 1102 1146 1103 
 1103 1146 1147 
 1103 1147 1104 
 1104 1147 1148 
 1104 1148 1105 
 1107 1149 1110 
 1105 1148 1150 
 1105 1150 1106 
 1106 1150 1151 
 1106 1151 1108 
 1109 1152 1107 
 1107 1152 1149 
 1108 1151 1153 
 1108 1153 1109 
 1109 1153 1152 
 1110 1149 1154 
 1110 1154 1112 
 1111 1155 1115 
 1113 1156 1111 
 1111 1156 1155 
 1112 1154 1157 
 1112 1157 1114 
 1114 1157 1158 
 1114 1158 1113 
 1113 1158 1156 
 1115 1155 1159 
 1115 1159 1116 
 1159 1160 1116 
 1160 1118 1117 
 1116 1160 1117 
 1155 1161 1159 
 1159 1161 1162 
 1163 1119 1118 
 1163 1118 1160 
 1164 1120 1119 
 1163 1164 1119 
 1165 1121 1120 
 1164 1165 1120 
 1166 1122 1121 
 1165 1166 1121 
 1167 1123 1122 
 1166 1167 1122 
 1168 1124 1123 
 1167 1168 1123 
 1169 1125 1124 
 1168 1169 1124 
 1170 1126 1125 
 1169 1170 1125 
 1171 1127 1126 
 1170 1171 1126 
 1172 1128 1127 
 1171 1172 1127 
 1173 1129 1128 
 1172 1173 1128 
 1174 1130 1129 
 1173 1174 1129 
 1175 1131 1130 
 1174 1175 1130 
 1176 1132 1131 
 1175 1176 1131 
 1177 1133 1132 
 1176 1177 1132 
 1178 1134 1133 
 1177 1178 1133 
 1179 1135 1134 
 1178 1179 1134 
 1180 1136 1135 
 1179 1180 1135 
 1181 1137 1136 
 1180 1181 1136 
 1182 1138 1137 
 1181 1182 1137 
 1139 1183 1141 
 1140 1184 1139 
 1139 1184 1183 
 1141 1183 1185 
 1141 1185 1142 
 1142 1185 1186 
 1142 1186 1143 
 1143 1186 1187 
 1143 1187 1144 
 1144 1187 1188 
 1144 1188 1145 
 1145 1188 1189 
 1145 1189 1146 
 1146 1189 1190 
 1146 1190 1147 
 1147 1190 1191 
 1147 1191 1148 
 1148 1191 1192 
 1148 1192 1150 
 1149 1193 1154 
 1152 1194 1149 
 1149 1194 1193 
 1150 1192 1195 
 1150 1195 1151 
 1151 1195 1196 
 1151 1196 1153 
 1153 1196 1197 
 1153 1197 1152 
 1152 1197 1194 
 1154 1193 1198 
 1154 1198 1157 
 1156 1199 1155 
 1155 1199 1161 
 1158 1200 1156 
 1156 1200 1199 
 1157 1198 1201 
 1157 1201 1158 
 1158 1201 1200 
 1199 1202 1161 
 1203 1163 1160 
 1203 1160 1159 
 1203 1159 1162 
 1161 1202 1204 
 1161 1204 1162 
 1162 1204 1203 
 1205 1164 1163 
 1203 1205 1163 
 1206 1165 1164 
 1205 1206 1164 
 1207 1166 1165 
 1206 1207 1165 
 1208 1167 1166 
 1207 1208 1166 
 1209 1168 1167 
 1208 1209 1167 
 1210 1169 1168 
 1209 1210 1168 
 1211 1170 1169 
 1210 1211 1169 
 1212 1171 1170 
 1211 1212 1170 
 1213 1172 1171 
 1212 1213 1171 
 1214 1173 1172 
 1213 1214 1172 
 1215 1174 1173 
 1214 1215 1173 
 1216 1175 1174 
 1215 1216 1174 
 1217 1176 1175 
 1216 1217 1175 
 1218 1177 1176 
 1217 1218 1176 
 1219 1178 1177 
 1218 1219 1177 
 1220 1179 1178 
 1219 1220 1178 
 1221 1180 1179 
 1220 1221 1179 
 1222 1181 1180 
 1221 1222 1180 
 1223 1182 1181 
 1222 1223 1181 
 1183 1224 1185 
 1184 1225 1183 
 1183 1225 1224 
 1185 1224 1226 
 1185 1226 1186 
 1186 1226 1227 
 1186 1227 1187 
 1187 1227 1228 
 1187 1228 1188 
 1188 1228 1229 
 1188 1229 1189 
 1189 1229 1230 
 1189 1230 1190 
 1190 1230 1231 
 1190 1231 1191 
 1191 1231 1232 
 1191 1232 1192 
 1192 1232 1233 
 1192 1233 1195 
 1193 1234 1198 
 1194 1235 1193 
 1193 1235 1234 
 1197 1236 1194 
 1194 1236 1235 
 1195 1233 1237 
 1195 1237 1196 
 1196 1237 1238 
 1196 1238 1197 
 1197 1238 1236 
 1198 1234 1239 
 1198 1239 1201 
 1200 1240 1199 
 1199 1240 1202 
 1201 1239 1241 
 1201 1241 1200 
 1200 1241 1240 
 1240 1242 1202 
 1202 1242 1243 
 1202 1243 1204 
 1244 1205 1203 
 1244 1203 1204 
 1204 1243 1245 
 1245 1244 1204 
 1246 1206 1205 
 1244 1246 1205 
 1247 1207 1206 
 1246 1247 1206 
 1248 1208 1207 
 1247 1248 1207 
 1249 1209 1208 
 1248 1249 1208 
 1250 1210 1209 
 1249 1250 1209 
 1251 1211 1210 
 1250 1251 1210 
 1252 1212 1211 
 1251 1252 1211 
 1253 1213 1212 
 1252 1253 1212 
 1254 1214 1213 
 1253 1254 1213 
 1255 1215 1214 
 1254 1255 1214 
 1256 1216 1215 
 1255 1256 1215 
 1257 1217 1216 
 1256 1257 1216 
 1258 1218 1217 
 1257 1258 1217 
 1259 1219 1218 
 1258 1259 1218 
 1260 1220 1219 
 1259 1260 1219 
 1261 1221 1220 
 1260 1261 1220 
 1262 1222 1221 
 1261 1262 1221 
 1263 1223 1222 
 1262 1263 1222 
 1224 1264 1226 
 1225 1265 1224 
 1224 1265 1264 
 1226 1264 1266 
 1226 1266 1227 
 1227 1266 1267 
 1227 1267 1228 
 1228 1267 1268 
 1228 1268 1229 
 1229 1268 1269 
 1229 1269 1230 
 1230 1269 1270 
 1230 1270 1231 
 1231 1270 1271 
 1231 1271 1232 
 1232 1271 1272 
 1232 1272 1233 
 1233 1272 1273 
 1233 1273 1237 
 1234 1274 1239 
 1235 1275 1234 
 1234 1275 1274 
 1236 1276 1235 
 1235 1276 1275 
 1238 1277 1236 
 1236 1277 1276 
 1237 1273 1278 
 1237 1278 1238 
 1238 1278 1277 
 1239 1274 1279 
 1239 1279 1241 
 1241 1279 1280 
 1241 1280 1240 
 1240 1280 1242 
 1280 1281 1242 
 1282 1245 1243 
 1242 1281 1282 
 1282 1243 1242 
 1283 1246 1244 
 1283 1244 1245 
 1284 1283 1245 
 1284 1245 1282 
 1285 1247 1246 
 1283 1285 1246 
 1286 1248 1247 
 1285 1286 1247 
 1287 1249 1248 
 1286 1287 1248 
 1288 1250 1249 
 1287 1288 1249 
 1289 1251 1250 
 1288 1289 1250 
 1290 1252 1251 
 1289 1290 1251 
 1291 1253 1252 
 1290 1291 1252 
 1292 1254 1253 
 1291 1292 1253 
 1293 1255 1254 
 1292 1293 1254 
 1294 1256 1255 
 1293 1294 1255 
 1295 1257 1256 
 1294 1295 1256 
 1296 1258 1257 
 1295 1296 1257 
 1297 1259 1258 
 1296 1297 1258 
 1298 1260 1259 
 1297 1298 1259 
 1299 1261 1260 
 1298 1299 1260 
 1300 1262 1261 
 1299 1300 1261 
 1301 1263 1262 
 1300 1301 1262 
 1264 1302 1266 
 1265 1303 1264 
 1264 1303 1302 
 1266 1302 1304 
 1266 1304 1267 
 1267 1304 1305 
 1267 1305 1268 
 1268 1305 1306 
 1268 1306 1269 
 1269 1306 1307 
 1269 1307 1270 
 1270 1307 1308 
 1270 1308 1271 
 1271 1308 1309 
 1271 1309 1272 
 1272 1309 1310 
 1272 1310 1273 
 1273 1310 1311 
 1273 1311 1278 
 1274 1312 1279 
 1275 1313 1274 
 1274 1313 1312 
 1276 1314 1275 
 1275 1314 1313 
 1277 1315 1276 
 1276 1315 1314 
 1278 1311 1316 
 1278 1316 1277 
 1277 1316 1315 
 1279 1312 1317 
 1279 1317 1280 
 1280 1317 1318 
 1280 1318 1281 
 1281 1318 1319 
 1281 1319 1282 
 1282 1319 1320 
 1282 1320 1284 
 1321 1285 1283 
 1321 1283 1284 
 1321 1284 1320 
 1322 1286 1285 
 1321 1322 1285 
 1323 1287 1286 
 1322 1323 1286 
 1324 1288 1287 
 1323 1324 1287 
 1325 1289 1288 
 1324 1325 1288 
 1326 1290 1289 
 1325 1326 1289 
 1327 1291 1290 
 1326 1327 1290 
 1328 1292 1291 
 1327 1328 1291 
 1329 1293 1292 
 1328 1329 1292 
 1330 1294 1293 
 1329 1330 1293 
 1331 1295 1294 
 1330 1331 1294 
 1332 1296 1295 
 1331 1332 1295 
 1333 1297 1296 
 1332 1333 1296 
 1334 1298 1297 
 1333 1334 1297 
 1335 1299 1298 
 1334 1335 1298 
 1336 1300 1299 
 1335 1336 1299 
 1337 1301 1300 
 1336 1337 1300 
 1302 1338 1304 
 1303 1339 1302 
 1302 1339 1338 
 1304 1338 1340 
 1304 1340 1305 
 1305 1340 1341 
 1305 1341 1306 
 1306 1341 1342 
 1306 1342 1307 
 1307 1342 1343 
 1307 1343 1308 
 1308 1343 1344 
 1308 1344 1309 
 1309 1344 1345 
 1309 1345 1310 
 1310 1345 1346 
 1310 1346 1311 
 1311 1346 1347 
 1311 1347 1316 
 1312 1348 1317 
 1313 1349 1312 
 1312 1349 1348 
 1314 1350 1313 
 1313 1350 1349 
 1315 1351 1314 
 1314 1351 1350 
 1316 1347 1352 
 1316 1352 1315 
 1315 1352 1351 
 1317 1348 1353 
 1317 1353 1318 
 1318 1353 1354 
 1318 1354 1355 
 1318 1355 1319 
 1356 1320 1319 
 1319 1355 1356 
 1356 1357 1320 
 1357 1321 1320 
 1358 1322 1321 
 1358 1321 1357 
 1359 1323 1322 
 1358 1359 1322 
 1360 1324 1323 
 1359 1360 1323 
 1361 1325 1324 
 1360 1361 1324 
 1362 1326 1325 
 1361 1362 1325 
 1363 1327 1326 
 1362 1363 1326 
 1364 1328 1327 
 1363 1364 1327 
 1365 1329 1328 
 1364 1365 1328 
 1366 1330 1329 
 1365 1366 1329 
 1367 1331 1330 
 1366 1367 1330 
 1368 1332 1331 
 1367 1368 1331 
 1369 1333 1332 
 1368 1369 1332 
 1370 1334 1333 
 1369 1370 1333 
 1371 1335 1334 
 1370 1371 1334 
 1372 1336 1335 
 1371 1372 1335 
 1373 1337 1336 
 1372 1373 1336 
 1338 1374 1340 
 1339 1375 1338 
 1338 1375 1374 
 1340 1374 1376 
 1340 1376 1341 
 1341 1376 1377 
 1341 1377 1342 
 1342 1377 1378 
 1342 1378 1343 
 1343 1378 1379 
 1343 1379 1344 
 1344 1379 1380 
 1344 1380 1345 
 1345 1380 1381 
 1345 1381 1346 
 1346 1381 1382 
 1346 1382 1347 
 1347 1382 1383 
 1347 1383 1352 
 1349 1384 1348 
 1348 1384 1385 
 1348 1385 1353 
 1350 1386 1349 
 1349 1386 1384 
 1386 1387 1384 
 1351 1388 1350 
 1350 1388 1386 
 1352 1383 1389 
 1352 1389 1351 
 1351 1389 1388 
 1353 1385 1390 
 1353 1390 1354 
 1354 1390 1391 
 1354 1391 1355 
 1391 1356 1355 
 1385 1392 1390 
 1391 1393 1356 
 1393 1358 1357 
 1393 1357 1356 
 1394 1359 1358 
 1393 1394 1358 
 1395 1360 1359 
 1394 1395 1359 
 1396 1361 1360 
 1395 1396 1360 
 1397 1362 1361 
 1396 1397 1361 
 1398 1363 1362 
 1397 1398 1362 
 1399 1364 1363 
 1398 1399 1363 
 1400 1365 1364 
 1399 1400 1364 
 1401 1366 1365 
 1400 1401 1365 
 1402 1367 1366 
 1401 1402 1366 
 1403 1368 1367 
 1402 1403 1367 
 1404 1369 1368 
 1403 1404 1368 
 1405 1370 1369 
 1404 1405 1369 
 1406 1371 1370 
 1405 1406 1370 
 1407 1372 1371 
 1406 1407 1371 
 1408 1373 1372 
 1407 1408 1372 
 1374 1409 1376 
 1375 1410 1374 
 1374 1410 1409 
 1376 1409 1411 
 1376 1411 1377 
 1377 1411 1412 
 1377 1412 1378 
 1378 1412 1413 
 1378 1413 1379 
 1379 1413 1414 
 1379 1414 1380 
 1380 1414 1415 
 1380 1415 1381 
 1381 1415 1416 
 1381 1416 1382 
 1382 1416 1417 
 1382 1417 1383 
 1383 1417 1418 
 1383 1418 1389 
 1384 1387 1419 
 1384 1419 1385 
 1385 1419 1392 
 1420 1419 1387 
 1388 1421 1386 
 1386 1421 1387 
 1421 1420 1387 
 1389 1418 1422 
 1389 1422 1388 
 1388 1422 1421 
 1419 1423 1392 
 1390 1392 1424 
 1390 1424 1391 
 1425 1393 1391 
 1425 1391 1424 
 1392 1423 1426 
 1392 1426 1424 
 1427 1394 1393 
 1425 1427 1393 
 1428 1395 1394 
 1427 1428 1394 
 1429 1396 1395 
 1428 1429 1395 
 1430 1397 1396 
 1429 1430 1396 
 1431 1398 1397 
 1430 1431 1397 
 1432 1399 1398 
 1431 1432 1398 
 1433 1400 1399 
 1432 1433 1399 
 1434 1401 1400 
 1433 1434 1400 
 1435 1402 1401 
 1434 1435 1401 
 1436 1403 1402 
 1435 1436 1402 
 1437 1404 1403 
 1436 1437 1403 
 1438 1405 1404 
 1437 1438 1404 
 1439 1406 1405 
 1438 1439 1405 
 1440 1407 1406 
 1439 1440 1406 
 1441 1408 1407 
 1440 1441 1407 
 1409 1442 1411 
 1410 1443 1409 
 1409 1443 1442 
 1411 1442 1444 
 1411 1444 1412 
 1412 1444 1445 
 1412 1445 1413 
 1413 1445 1446 
 1413 1446 1414 
 1414 1446 1447 
 1414 1447 1415 
 1415 1447 1448 
 1415 1448 1416 
 1416 1448 1449 
 1416 1449 1417 
 1417 1449 1450 
 1417 1450 1418 
 1418 1450 1451 
 1418 1451 1422 
 1420 1452 1419 
 1419 1452 1423 
 1421 1453 1420 
 1420 1453 1452 
 1422 1451 1454 
 1422 1454 1421 
 1421 1454 1453 
 1452 1455 1423 
 1423 1455 1456 
 1423 1456 1426 
 1457 1427 1425 
 1426 1457 1424 
 1457 1425 1424 
 1426 1456 1458 
 1426 1458 1457 
 1459 1428 1427 
 1457 1459 1427 
 1460 1429 1428 
 1459 1460 1428 
 1461 1430 1429 
 1460 1461 1429 
 1462 1431 1430 
 1461 1462 1430 
 1463 1432 1431 
 1462 1463 1431 
 1464 1433 1432 
 1463 1464 1432 
 1465 1434 1433 
 1464 1465 1433 
 1466 1435 1434 
 1465 1466 1434 
 1467 1436 1435 
 1466 1467 1435 
 1468 1437 1436 
 1467 1468 1436 
 1469 1438 1437 
 1468 1469 1437 
 1470 1439 1438 
 1469 1470 1438 
 1471 1440 1439 
 1470 1471 1439 
 1472 1441 1440 
 1471 1472 1440 
 1442 1473 1444 
 1443 1474 1442 
 1442 1474 1473 
 1444 1473 1475 
 1444 1475 1445 
 1445 1475 1476 
 1445 1476 1446 
 1446 1476 1477 
 1446 1477 1447 
 1447 1477 1478 
 1447 1478 1448 
 1448 1478 1479 
 1448 1479 1449 
 1449 1479 1480 
 1449 1480 1450 
 1450 1480 1481 
 1450 1481 1451 
 1451 1481 1482 
 1451 1482 1454 
 1453 1483 1452 
 1452 1483 1455 
 1454 1482 1484 
 1454 1484 1453 
 1453 1484 1483 
 1455 1485 1456 
 1483 1486 1455 
 1455 1486 1485 
 1456 1485 1487 
 1456 1487 1458 
 1488 1459 1457 
 1458 1487 1488 
 1488 1457 1458 
 1489 1460 1459 
 1488 1489 1459 
 1490 1461 1460 
 1489 1490 1460 
 1491 1462 1461 
 1490 1491 1461 
 1492 1463 1462 
 1491 1492 1462 
 1493 1464 1463 
 1492 1493 1463 
 1494 1465 1464 
 1493 1494 1464 
 1495 1466 1465 
 1494 1495 1465 
 1496 1467 1466 
 1495 1496 1466 
 1497 1468 1467 
 1496 1497 1467 
 1498 1469 1468 
 1497 1498 1468 
 1499 1470 1469 
 1498 1499 1469 
 1500 1471 1470 
 1499 1500 1470 
 1501 1472 1471 
 1500 1501 1471 
 1473 1502 1475 
 1474 1503 1473 
 1473 1503 1502 
 1475 1502 1504 
 1475 1504 1476 
 1476 1504 1505 
 1476 1505 1477 
 1477 1505 1506 
 1477 1506 1478 
 1478 1506 1507 
 1478 1507 1479 
 1479 1507 1508 
 1479 1508 1480 
 1480 1508 1509 
 1480 1509 1481 
 1481 1509 1510 
 1481 1510 1482 
 1482 1510 1511 
 1482 1511 1484 
 1512 1487 1485 
 1484 1511 1513 
 1484 1513 1483 
 1483 1513 1486 
 1513 1514 1486 
 1514 1512 1485 
 1485 1486 1514 
 1512 1515 1487 
 1488 1487 1515 
 1516 1489 1488 
 1515 1516 1488 
 1517 1490 1489 
 1516 1517 1489 
 1518 1491 1490 
 1517 1518 1490 
 1519 1492 1491 
 1518 1519 1491 
 1520 1493 1492 
 1519 1520 1492 
 1521 1494 1493 
 1520 1521 1493 
 1522 1495 1494 
 1521 1522 1494 
 1523 1496 1495 
 1522 1523 1495 
 1524 1497 1496 
 1523 1524 1496 
 1525 1498 1497 
 1524 1525 1497 
 1526 1499 1498 
 1525 1526 1498 
 1527 1500 1499 
 1526 1527 1499 
 1528 1501 1500 
 1527 1528 1500 
 1502 1529 1504 
 1503 1530 1502 
 1502 1530 1529 
 1504 1529 1531 
 1504 1531 1505 
 1505 1531 1532 
 1505 1532 1506 
 1506 1532 1533 
 1506 1533 1507 
 1507 1533 1534 
 1507 1534 1508 
 1508 1534 1535 
 1508 1535 1509 
 1509 1535 1536 
 1509 1536 1510 
 1510 1536 1537 
 1510 1537 1511 
 1511 1537 1538 
 1511 1538 1513 
 1539 1515 1512 
 1514 1540 1512 
 1512 1540 1539 
 1513 1538 1541 
 1513 1541 1514 
 1514 1541 1540 
 1542 1517 1516 
 1539 1542 1515 
 1515 1542 1516 
 1543 1518 1517 
 1542 1543 1517 
 1544 1519 1518 
 1543 1544 1518 
 1545 1520 1519 
 1544 1545 1519 
 1546 1521 1520 
 1545 1546 1520 
 1547 1522 1521 
 1546 1547 1521 
 1548 1523 1522 
 1547 1548 1522 
 1549 1524 1523 
 1548 1549 1523 
 1550 1525 1524 
 1549 1550 1524 
 1551 1526 1525 
 1550 1551 1525 
 1552 1527 1526 
 1551 1552 1526 
 1553 1528 1527 
 1552 1553 1527 
 1529 1554 1531 
 1530 1555 1529 
 1529 1555 1554 
 1531 1554 1556 
 1531 1556 1532 
 1532 1556 1557 
 1532 1557 1533 
 1533 1557 1558 
 1533 1558 1534 
 1534 1558 1559 
 1534 1559 1535 
 1535 1559 1560 
 1535 1560 1536 
 1536 1560 1561 
 1536 1561 1537 
 1561 1562 1537 
 1537 1562 1538 
 1538 1562 1563 
 1538 1563 1541 
 1564 1542 1539 
 1540 1565 1539 
 1539 1565 1564 
 1541 1563 1566 
 1541 1566 1540 
 1540 1566 1565 
 1567 1543 1542 
 1567 1542 1564 
 1568 1544 1543 
 1567 1568 1543 
 1569 1545 1544 
 1568 1569 1544 
 1570 1546 1545 
 1569 1570 1545 
 1571 1547 1546 
 1570 1571 1546 
 1572 1548 1547 
 1571 1572 1547 
 1573 1549 1548 
 1572 1573 1548 
 1574 1550 1549 
 1573 1574 1549 
 1575 1551 1550 
 1574 1575 1550 
 1576 1552 1551 
 1575 1576 1551 
 1577 1553 1552 
 1576 1577 1552 
 1554 1578 1556 
 1555 1579 1554 
 1554 1579 1578 
 1556 1578 1580 
 1556 1580 1557 
 1557 1580 1581 
 1557 1581 1558 
 1558 1581 1582 
 1558 1582 1559 
 1559 1582 1583 
 1559 1583 1560 
 1560 1583 1584 
 1560 1584 1561 
 1561 1584 1585 
 1561 1585 1562 
 1562 1585 1586 
 1562 1586 1563 
 1563 1586 1587 
 1563 1587 1566 
 1588 1567 1564 
 1588 1564 1565 
 1566 1587 1589 
 1566 1589 1565 
 1565 1589 1588 
 1590 1568 1567 
 1590 1567 1588 
 1591 1569 1568 
 1590 1591 1568 
 1592 1570 1569 
 1591 1592 1569 
 1593 1571 1570 
 1592 1593 1570 
 1594 1572 1571 
 1593 1594 1571 
 1595 1573 1572 
 1594 1595 1572 
 1596 1574 1573 
 1595 1596 1573 
 1597 1575 1574 
 1596 1597 1574 
 1598 1576 1575 
 1597 1598 1575 
 1599 1577 1576 
 1598 1599 1576 
 1578 1600 1580 
 1579 1601 1578 
 1578 1601 1600 
 1580 1600 1602 
 1580 1602 1581 
 1581 1602 1603 
 1581 1603 1582 
 1582 1603 1604 
 1582 1604 1583 
 1585 1605 1586 
 1583 1604 1606 
 1583 1606 1584 
 1584 1606 1607 
 1584 1607 1585 
 1585 1607 1605 
 1586 1605 1608 
 1586 1608 1587 
 1587 1608 1609 
 1587 1609 1589 
 1610 1590 1588 
 1610 1588 1589 
 1609 1611 1589 
 1611 1610 1589 
 1612 1591 1590 
 1612 1590 1610 
 1613 1592 1591 
 1612 1613 1591 
 1614 1593 1592 
 1613 1614 1592 
 1615 1594 1593 
 1614 1615 1593 
 1616 1595 1594 
 1615 1616 1594 
 1617 1596 1595 
 1616 1617 1595 
 1618 1597 1596 
 1617 1618 1596 
 1619 1598 1597 
 1618 1619 1597 
 1620 1599 1598 
 1619 1620 1598 
 1600 1621 1602 
 1601 1622 1600 
 1600 1622 1621 
 1602 1621 1623 
 1602 1623 1603 
 1603 1623 1624 
 1603 1624 1604 
 1604 1624 1625 
 1604 1625 1606 
 1605 1626 1608 
 1607 1627 1605 
 1627 1626 1605 
 1606 1625 1628 
 1606 1628 1607 
 1607 1628 1627 
 1608 1626 1629 
 1608 1629 1609 
 1609 1629 1630 
 1609 1630 1611 
 1630 1631 1611 
 1631 1612 1610 
 1631 1610 1611 
 1632 1613 1612 
 1631 1632 1612 
 1633 1614 1613 
 1632 1633 1613 
 1634 1615 1614 
 1633 1634 1614 
 1635 1616 1615 
 1634 1635 1615 
 1636 1617 1616 
 1635 1636 1616 
 1637 1618 1617 
 1636 1637 1617 
 1638 1619 1618 
 1637 1638 1618 
 1639 1620 1619 
 1638 1639 1619 
 1621 1640 1623 
 1622 1641 1621 
 1621 1641 1640 
 1623 1640 1642 
 1623 1642 1624 
 1624 1642 1643 
 1624 1643 1625 
 1625 1643 1644 
 1625 1644 1628 
 1626 1645 1629 
 1627 1646 1626 
 1626 1646 1645 
 1628 1644 1647 
 1628 1647 1627 
 1627 1647 1646 
 1629 1645 1648 
 1629 1648 1630 
 1649 1631 1630 
 1649 1630 1648 
 1650 1632 1631 
 1649 1650 1631 
 1651 1633 1632 
 1650 1651 1632 
 1652 1634 1633 
 1651 1652 1633 
 1653 1635 1634 
 1652 1653 1634 
 1654 1636 1635 
 1653 1654 1635 
 1655 1637 1636 
 1654 1655 1636 
 1656 1638 1637 
 1655 1656 1637 
 1657 1639 1638 
 1656 1657 1638 
 1640 1658 1642 
 1641 1659 1640 
 1640 1659 1658 
 1642 1658 1660 
 1642 1660 1643 
 1643 1660 1661 
 1643 1661 1644 
 1644 1661 1662 
 1644 1662 1647 
 1645 1663 1648 
 1646 1664 1645 
 1645 1664 1663 
 1647 1662 1665 
 1647 1665 1646 
 1646 1665 1664 
 1666 1650 1649 
 1648 1663 1666 
 1666 1649 1648 
 1667 1651 1650 
 1666 1667 1650 
 1668 1652 1651 
 1667 1668 1651 
 1669 1653 1652 
 1668 1669 1652 
 1670 1654 1653 
 1669 1670 1653 
 1671 1655 1654 
 1670 1671 1654 
 1672 1656 1655 
 1671 1672 1655 
 1673 1657 1656 
 1672 1673 1656 
 1658 1674 1660 
 1659 1675 1658 
 1658 1675 1674 
 1660 1674 1676 
 1660 1676 1661 
 1661 1676 1677 
 1661 1677 1662 
 1662 1677 1678 
 1662 1678 1665 
 1663 1679 1666 
 1664 1680 1663 
 1663 1680 1679 
 1665 1678 1681 
 1665 1681 1664 
 1681 1680 1664 
 1682 1667 1666 
 1682 1666 1679 
 1683 1668 1667 
 1682 1683 1667 
 1684 1669 1668 
 1683 1684 1668 
 1685 1670 1669 
 1684 1685 1669 
 1686 1671 1670 
 1685 1686 1670 
 1687 1672 1671 
 1686 1687 1671 
 1688 1673 1672 
 1687 1688 1672 
 1674 1689 1676 
 1675 1690 1674 
 1674 1690 1689 
 1689 1691 1676 
 1676 1691 1677 
 1677 1691 1692 
 1677 1692 1678 
 1678 1692 1693 
 1678 1693 1681 
 1680 1694 1679 
 1679 1694 1682 
 1681 1693 1695 
 1681 1695 1680 
 1680 1695 1694 
 1696 1683 1682 
 1696 1682 1694 
 1697 1684 1683 
 1696 1697 1683 
 1698 1685 1684 
 1697 1698 1684 
 1699 1686 1685 
 1698 1699 1685 
 1700 1687 1686 
 1699 1700 1686 
 1701 1688 1687 
 1700 1701 1687 
 1689 1702 1691 
 1690 1703 1689 
 1689 1703 1702 
 1691 1702 1704 
 1691 1704 1692 
 1692 1704 1705 
 1692 1705 1693 
 1693 1705 1706 
 1693 1706 1695 
 1695 1707 1694 
 1707 1696 1694 
 1695 1706 1708 
 1708 1707 1695 
 1709 1697 1696 
 1709 1696 1707 
 1710 1698 1697 
 1709 1710 1697 
 1711 1699 1698 
 1710 1711 1698 
 1712 1700 1699 
 1711 1712 1699 
 1713 1701 1700 
 1712 1713 1700 
 1702 1714 1704 
 1703 1715 1702 
 1702 1715 1714 
 1704 1714 1716 
 1704 1716 1705 
 1705 1716 1717 
 1705 1717 1706 
 1706 1717 1718 
 1706 1718 1708 
 1719 1709 1707 
 1719 1707 1708 
 1708 1718 1719 
 1718 1720 1719 
 1721 1710 1709 
 1719 1721 1709 
 1722 1711 1710 
 1721 1722 1710 
 1723 1712 1711 
 1722 1723 1711 
 1724 1713 1712 
 1723 1724 1712 
 1714 1725 1716 
 1715 1726 1714 
 1726 1725 1714 
 1716 1725 1727 
 1716 1727 1717 
 1717 1727 1728 
 1717 1728 1718 
 1718 1728 1720 
 1729 1721 1719 
 1720 1729 1719 
 1730 1729 1720 
 1730 1720 1728 
 1731 1722 1721 
 1729 1731 1721 
 1732 1723 1722 
 1731 1732 1722 
 1733 1724 1723 
 1732 1733 1723 
 1725 1734 1727 
 1726 1735 1725 
 1725 1735 1734 
 1727 1734 1736 
 1727 1736 1728 
 1728 1736 1737 
 1728 1737 1730 
 1738 1731 1729 
 1738 1729 1730 
 1737 1738 1730 
 1739 1732 1731 
 1738 1739 1731 
 1740 1733 1732 
 1739 1740 1732 
 1734 1741 1736 
 1735 1742 1734 
 1734 1742 1741 
 1736 1741 1743 
 1736 1743 1737 
 1744 1738 1737 
 1737 1743 1744 
 1745 1739 1738 
 1744 1745 1738 
 1746 1740 1739 
 1745 1746 1739 
 1741 1747 1743 
 1742 1748 1741 
 1741 1748 1747 
 1749 1745 1744 
 1743 1747 1749 
 1749 1744 1743 
 1750 1746 1745 
 1749 1750 1745 
 1747 1751 1749 
 1748 1752 1747 
 1747 1752 1751 
 1753 1750 1749 
 1753 1749 1751 
 1752 1754 1751 
 1754 1753 1751 
 