  0.00000307342
  0.00015513200
  0.00683150307
  0.08189090284
  0.24121094066
  0.30643036566
  0.17706097534
  0.10824201930
  0.06009418699
  0.04030783136
  0.02608565597
  0.01956771443
  0.01691474833
  0.01495754763
  0.01356278535
  0.01233710891
  0.01101383249
  0.01011025229
  0.00953237662
  0.00887606905
  0.00825744104
  0.00766359542
  0.00694568834
  0.00656002774
  0.00645585052
  0.00675132381
  0.00704449067
  0.00691765474
  0.00640906707
  0.00559641311
  0.00486434539
  0.00445721313
  0.00421152801
  0.00411313066
  0.00406295007
  0.00394844244
  0.00396095243
  0.00393285544
  0.00391684491
  0.00391369475
  0.00389521639
  0.00380388886
  0.00361995174
  0.00347730683
  0.00337649538
  0.00318662686
  0.00304127696
  0.00287695173
  0.00282818781
  0.00276267425
  0.00275764115
  0.00275757561
  0.00275183931
  0.00272678399
  0.00276488566
  0.00281961718
  0.00283274364
  0.00282576382
  0.00274860211
  0.00264709655
  0.00258740937
  0.00255000935
  0.00255740049
  0.00267902201
  0.00273641018
  0.00276697386
  0.00270462089
  0.00244937742
  0.00222242888
  0.00203771192
  0.00193355440
  0.00184971873
  0.00180600644
  0.00177940439
  0.00167992894
  0.00169267433
  0.00161006151
  0.00158939013
  0.00154596675
  0.00152758410
  0.00148893872
  0.00147286700
  0.00145373667
  0.00144808374
  0.00142398213
  0.00141193117
  0.00140106892
  0.00144309514
  0.00140899297
  0.00139939847
  0.00139692000
  0.00139124609
  0.00138550635
  0.00136814135
  0.00137176460
  0.00133757759
  0.00133527741
  0.00132626324
  0.00133265233
  0.00136446349
  0.00141759334
  0.00152850360
  0.00157443681
  0.00159238889
  0.00156268981
  0.00148374480
  0.00141016014
  0.00131096862
  0.00126277220
  0.00122399573
  0.00120452549
  0.00117498620
  0.00114094029
  0.00119424722
  0.00115465788
  0.00106339115
  0.00108937320
  0.00102957761
  0.00105489700
  0.00104070942
  0.00104099159
  0.00103038289
  0.00101023759
  0.00097980786
  0.00099452394
  0.00098596043
  0.00095761630
  0.00097404323
  0.00094351889
  0.00100295023
  0.00108436330
  0.00114417550
  0.00124910112
  0.00133392052
  0.00137479681
  0.00135781249
  0.00127249069
  0.00114127062
  0.00100714387
  0.00096070134
  0.00090132263
  0.00092842551
  0.00093790244
  0.00091175095
  0.00088454006
  0.00088943995
  0.00085945431
  0.00085337071
  0.00085985437
  0.00083654103
  0.00083719306
  0.00076969036
  0.00080514920
  0.00075433007
  0.00071307177
  0.00068973319
  0.00066231025
  0.00064086564
  0.00057179780
  0.00056302141
  0.00054364618
  0.00052756310
  0.00053539511
  0.00052160659
  0.00052485647
  0.00051351642
  0.00055754651
  0.00055746629
  0.00055246478
  0.00051449834
  0.00053692354
  0.00048400356
  0.00052422766
  0.00048096547
  0.00049354970
  0.00052123898
  0.00048032138
  0.00046412533
  0.00047202412
  0.00045294744
  0.00045760063
  0.00045643116
  0.00046172365
  0.00040731584
  0.00048665519
  0.00043643694
  0.00047423441
  0.00050731206
  0.00049291475
  0.00048809703
  0.00044076469
  0.00047582329
  0.00050109541
  0.00041452850
  0.00042400869
  0.00044800830
  0.00046437442
  0.00040469691
  0.00044569860
  0.00046223182
  0.00045503896
  0.00052763313
  0.00053388473
  0.00054540231
  0.00057140990
  0.00059533848
  0.00060589145
  0.00057552490
  0.00060168488
  0.00061798172
  0.00063017342
  0.00061362224
  0.00061802557
  0.00064044208
  0.00059401908
  0.00058999009
  0.00059274569
  0.00055326757
  0.00047674399
  0.00049258190
  0.00051334488
  0.00053530883
  0.00050155618
  0.00056215956
  0.00051775651
  0.00045564544
  0.00050451645
  0.00046766673
  0.00049805622
  0.00048198577
  0.00045731997
  0.00047914512
  0.00053118423
  0.00049862274
  0.00046893315
  0.00055635382
  0.00052727268
  0.00055327504
  0.00054831205
  0.00053648744
  0.00051027798
  0.00056171763
  0.00051606286
  0.00054506260
  0.00054526092
  0.00058240493
  0.00055532572
  0.00060488175
  0.00056475271
  0.00060387666
  0.00058076421
  0.00058717456
  0.00061057710
  0.00059614613
  0.00054853967
  0.00059505943
  0.00057563703
  0.00052228510
  0.00051467567
  0.00056238011
  0.00055872790
  0.00048791185
  0.00049829801
  0.00051732702
  0.00051830666
  0.00054761687
  0.00047312711
  0.00046483605
  0.00049972980
  0.00046518144
  0.00047732427
  0.00047579182
  0.00038439715
  0.00041500831
  0.00042408415
  0.00045378974
  0.00044485038
  0.00036898539
  0.00040611069
  0.00046576551
  0.00036926605
  0.00039675811
  0.00040620554
  0.00042816986
  0.00042754684
  0.00039192285
  0.00040373579
  0.00045711058
  0.00048142525
  0.00053703983
  0.00060340057
  0.00063944355
  0.00065320804
  0.00069947747
  0.00067905442
  0.00073721076
  0.00070801415
  0.00078156913
  0.00076508106
  0.00083765961
