300	4
2.2522e-05	0.00786611	10.5181	0.207564	
0.000842455	0.00785765	10.5095	0.207341	
0.0298781	0.00775293	10.4422	0.206601	
0.181656	0.00669922	9.58313	0.208373	
0.34423	0.00526704	8.96601	0.276862	
0.243601	0.00620089	10.8646	0.327349	
0.205185	0.00828151	13.4584	0.403177	
0.240869	0.0100914	16.0553	0.525955	
0.153935	0.0117035	18.6878	0.665192	
0.0870446	0.0124634	19.2144	0.628446	
0.0453881	0.0135235	19.4609	0.507623	
0.0349047	0.0138451	19.298	0.452386	
0.0314543	0.0137596	19.0585	0.436904	
0.0290607	0.0135971	18.8043	0.42608	
0.0273387	0.0135768	18.7339	0.419967	
0.0256433	0.0134475	18.5213	0.411427	
0.0245797	0.0133975	18.4807	0.407927	
0.0237128	0.0132945	18.3823	0.403541	
0.0230906	0.0132195	18.3207	0.401517	
0.0226662	0.0131454	18.2943	0.401578	
0.0220507	0.0130747	18.2429	0.399017	
0.021503	0.0129934	18.1805	0.396442	
0.0210431	0.0129166	18.1022	0.393835	
0.0206052	0.0128963	18.0483	0.389524	
0.0225722	0.0124325	17.4746	0.417223	
0.0225676	0.0124077	17.4778	0.419055	
0.0202747	0.0127701	17.9804	0.389505	
0.0197827	0.0127591	17.9502	0.386636	
0.0218921	0.0123667	17.5028	0.420395	
0.0210965	0.0122822	17.3595	0.413414	
0.0207428	0.0122556	17.3078	0.411067	
0.0204148	0.0121997	17.2011	0.407827	
0.0209976	0.0123346	17.4426	0.417139	
0.0203135	0.0122059	17.2052	0.407804	
0.0199642	0.0120893	17.0108	0.403372	
0.0206931	0.0122827	17.3588	0.414285	
0.0199474	0.0120856	17.0191	0.40383	
0.0198785	0.0120822	17.025	0.40344	
0.0198544	0.0121035	17.0777	0.403117	
0.0211809	0.0122066	17.3652	0.423776	
0.0210325	0.0121934	17.367	0.422411	
0.0198151	0.0120927	17.1427	0.405675	
0.0197851	0.0120837	17.1574	0.406583	
0.0198086	0.0120926	17.1975	0.407763	
0.0191702	0.0119351	16.9357	0.39907	
0.0199369	0.0120972	17.2417	0.411585	
0.0190366	0.0118966	16.8882	0.398291	
0.019507	0.0120343	17.1356	0.405841	
0.0190392	0.0119267	16.9464	0.398558	
0.0194545	0.0120227	17.1269	0.405267	
0.0191898	0.0119517	17.0066	0.401275	
0.0190904	0.0119178	16.9578	0.400033	
0.019136	0.0119158	16.9647	0.400327	
0.0198822	0.0120529	17.2332	0.411785	
0.0194341	0.0119705	17.0879	0.40453	
0.0190525	0.0118727	16.9242	0.398589	
0.0192754	0.0119196	17.019	0.401786	
0.0190945	0.0118562	16.922	0.399042	
0.019181	0.0118826	16.9762	0.400477	
0.0197694	0.0119858	17.1788	0.409563	
0.0193901	0.0119185	17.0598	0.404093	
0.0197249	0.0119804	17.186	0.409379	
0.0192953	0.0118998	17.046	0.40325	
0.0170105	0.0122793	17.5459	0.372699	
0.0169015	0.0122551	17.5198	0.371351	
0.0169499	0.0122263	17.5291	0.373119	
0.0167612	0.0121919	17.4831	0.371347	
0.0190733	0.0118621	17.0559	0.404077	
0.0187641	0.0118161	16.9739	0.400264	
0.019118	0.0118748	17.094	0.406423	
0.0189066	0.0118647	17.0649	0.403162	
0.0189713	0.0118622	17.0656	0.40468	
0.0184289	0.0117628	16.8765	0.396307	
0.0181934	0.0116813	16.7407	0.39327	
0.01905	0.0118787	17.0941	0.406671	
0.0182629	0.011696	16.7617	0.394571	
0.018679	0.0118255	16.9862	0.401091	
0.0183862	0.0117716	16.8853	0.396391	
0.0187975	0.0118316	17.0047	0.403717	
0.0185425	0.0118021	16.9391	0.399248	
0.0187009	0.0118464	17.0171	0.401592	
0.018697	0.0118296	16.9929	0.402047	
0.0187776	0.0118437	17.0193	0.403425	
0.0185123	0.0118147	16.9543	0.398888	
0.0189028	0.0118656	17.0606	0.405597	
0.0190639	0.0118891	17.104	0.40796	
0.0190326	0.0118929	17.1094	0.407479	
0.0183153	0.0117634	16.8627	0.396075	
0.0187423	0.0118526	17.0275	0.403018	
0.0189337	0.0118796	17.0797	0.405905	
0.0189662	0.0118753	17.076	0.406606	
0.0187487	0.0118607	17.0392	0.402872	
0.0186648	0.0118529	17.0213	0.401488	
0.0187913	0.0118597	17.0411	0.403722	
0.0185193	0.0118119	16.9488	0.399363	
0.0187866	0.0118602	17.0447	0.403791	
0.0186098	0.0118331	16.9901	0.400682	
0.0187507	0.011847	17.026	0.403132	
0.0188315	0.0118616	17.0573	0.404372	
0.018931	0.0118846	17.1049	0.405894	
0.0189678	0.0118816	17.1125	0.406692	
0.0182554	0.0117344	16.8469	0.395524	
0.0186352	0.0118098	16.9934	0.401861	
0.0187286	0.0118343	17.0475	0.40332	
0.0187861	0.0118456	17.0755	0.404424	
0.0187991	0.0118453	17.0816	0.40506	
0.0181399	0.0117198	16.8474	0.39472	
0.0182245	0.0117407	16.887	0.396446	
0.0180978	0.0117077	16.8303	0.394725	
0.0181472	0.011729	16.8621	0.395683	
0.0181038	0.0117086	16.8284	0.395232	
0.0180235	0.0117067	16.8211	0.393809	
0.0182152	0.0117607	16.9135	0.397073	
0.0163035	0.0121825	17.5195	0.371812	
0.017986	0.0116669	16.7523	0.393767	
0.0185117	0.0118477	17.0663	0.402193	
0.0181486	0.0117441	16.8793	0.396292	
0.0186717	0.0118664	17.1049	0.40503	
0.0181102	0.011748	16.8895	0.396059	
0.0181516	0.0117652	16.9153	0.39714	
0.0180553	0.0117356	16.8606	0.395324	
0.0179909	0.0117174	16.8334	0.394733	
0.0180813	0.0117476	16.8838	0.39626	
0.0182172	0.0117992	16.9747	0.398451	
0.018033	0.0117262	16.851	0.39579	
0.018017	0.0117309	16.8588	0.395815	
0.0182736	0.0118179	17.0098	0.39973	
0.0180974	0.011773	16.9319	0.397185	
0.0191968	0.0118678	17.1745	0.414541	
0.0185369	0.0118696	17.1208	0.404453	
0.0178836	0.0117129	16.846	0.394713	
0.0184737	0.0118564	17.1112	0.404252	
0.0178659	0.0117095	16.8543	0.394893	
0.0177973	0.0116949	16.8332	0.394169	
0.0180006	0.0117629	16.9634	0.397787	
0.0182403	0.0118267	17.0846	0.402111	
0.0184971	0.0118681	17.1685	0.406508	
0.0179406	0.0117722	16.9915	0.39832	
0.0189396	0.0118173	17.1474	0.414931	
0.0178942	0.0117764	16.999	0.398	
0.0186679	0.0118234	17.1453	0.410347	
0.0176624	0.0117116	16.8892	0.395061	
0.0174162	0.0116306	16.7511	0.391225	
0.0175248	0.0116871	16.8436	0.392854	
0.0178995	0.0117867	17.0228	0.399254	
0.017687	0.0117331	16.9261	0.395916	
0.0183772	0.0118834	17.2026	0.406722	
0.0182734	0.0118716	17.1798	0.405229	
0.0177984	0.0117864	17.0173	0.397781	
0.0181144	0.0118473	17.1338	0.402951	
0.0176356	0.0117399	16.9407	0.395491	
0.0186928	0.0118511	17.2014	0.412039	
0.0174468	0.0116737	16.8279	0.392807	
0.0176844	0.01175	16.9571	0.396724	
0.017728	0.0117682	16.9884	0.397303	
0.0175615	0.0117181	16.9007	0.394733	
0.0175423	0.0117067	16.8808	0.394638	
0.0174822	0.0116841	16.8423	0.393712	
0.0179214	0.0118248	17.0853	0.400425	
0.0177678	0.011789	17.0212	0.39813	
0.0178561	0.0118104	17.0598	0.399414	
0.0179563	0.0118329	17.1006	0.40132	
0.0178212	0.0117857	17.0184	0.399237	
0.0178875	0.0118195	17.0723	0.39998	
0.017829	0.0117969	17.0335	0.399128	
0.0178846	0.0118257	17.0822	0.399969	
0.0174706	0.0116978	16.8574	0.393408	
0.0174774	0.0116945	16.8522	0.393633	
0.0175421	0.0117	16.8658	0.394702	
0.0178282	0.0118057	17.0425	0.399063	
0.0176315	0.0117371	16.9228	0.395974	
0.0182445	0.0118923	17.2009	0.405548	
0.0176727	0.011749	16.9436	0.3965	
0.0181823	0.0118809	17.1772	0.404586	
0.0179164	0.011816	17.0589	0.400267	
0.0176013	0.0117334	16.9097	0.395409	
0.0180073	0.0118508	17.1129	0.401388	
0.0182433	0.0118872	17.1873	0.405594	
0.0179626	0.0118387	17.0924	0.400756	
0.0182083	0.0118959	17.196	0.404587	
0.0180703	0.0118641	17.1369	0.402409	
0.0180491	0.0118552	17.12	0.401977	
0.0179393	0.0118266	17.0699	0.400579	
0.0188556	0.0118811	17.2336	0.414961	
0.0175804	0.011739	16.9122	0.394894	
0.0181588	0.0118827	17.167	0.403839	
0.0177016	0.0117632	16.9525	0.396552	
0.0174716	0.0116789	16.8098	0.392956	
0.0176072	0.0117105	16.864	0.395128	
0.0175738	0.0117141	16.8688	0.394687	
0.0179694	0.0118414	17.0854	0.400584	
0.0176737	0.0117424	16.915	0.396174	
0.0175203	0.0116893	16.8258	0.393818	
0.0184709	0.0119418	17.2704	0.408321	
0.0182479	0.0119041	17.1975	0.404616	
0.0179059	0.0118324	17.0656	0.399401	
0.0178498	0.0117971	17.0074	0.398765	
0.0188261	0.0118735	17.2108	0.414187	
0.0181793	0.0118799	17.1552	0.403587	
0.0180515	0.0118578	17.1133	0.401525	
0.0183713	0.0119161	17.2228	0.406377	
0.0177072	0.0117456	16.9196	0.396061	
0.0177341	0.0117668	16.9552	0.396473	
0.0178011	0.011783	16.9816	0.397248	
0.0177535	0.0117696	16.9589	0.396697	
0.0177423	0.0117558	16.9373	0.396364	
0.0178388	0.0117799	16.9788	0.397844	
0.0185322	0.0119356	17.2619	0.408258	
0.0182696	0.0118885	17.1733	0.40414	
0.0181534	0.0118663	17.1315	0.402301	
0.0181236	0.0118484	17.1007	0.40191	
0.0183244	0.0119026	17.1969	0.404732	
0.0182138	0.0118736	17.1443	0.403076	
0.0178557	0.0117758	16.9732	0.397757	
0.0182106	0.011878	17.1492	0.403015	
0.0180315	0.0118373	17.0751	0.400136	
0.0178518	0.0117818	16.979	0.397563	
0.0181076	0.0118555	17.1044	0.401333	
0.019117	0.0119148	17.2841	0.417195	
0.018551	0.0119408	17.2615	0.408035	
0.0180731	0.0118478	17.0871	0.400552	
0.0178343	0.0117707	16.9521	0.397006	
0.0180728	0.0118466	17.0822	0.400612	
0.0177158	0.011705	16.8416	0.394897	
0.0179613	0.0117991	16.9982	0.398835	
0.0187352	0.0119638	17.3003	0.410782	
0.0179973	0.0118275	17.0401	0.398888	
0.0184526	0.0119348	17.2366	0.406159	
0.0181321	0.0118496	17.0826	0.401274	
0.0182886	0.0118992	17.1672	0.403751	
0.0186736	0.0119752	17.3067	0.40937	
0.0183689	0.0119184	17.1984	0.404789	
0.017869	0.0117913	16.972	0.396939	
0.0181826	0.0118793	17.1259	0.401816	
0.0186751	0.0119759	17.3046	0.409235	
0.017771	0.0117536	16.909	0.395562	
0.0180301	0.01184	17.0507	0.399391	
0.0178181	0.0117881	16.9572	0.39572	
0.0179727	0.011823	17.021	0.398656	
0.0181274	0.0118622	17.0889	0.40077	
0.0185756	0.0119611	17.267	0.407575	
0.0180816	0.0118437	17.0535	0.399746	
0.0187388	0.0119901	17.3205	0.410081	
0.0184116	0.0119279	17.2016	0.404743	
0.0185344	0.0119484	17.242	0.406878	
0.0182221	0.0118737	17.1048	0.401967	
0.0186328	0.0119699	17.2765	0.40809	
0.0181376	0.0118603	17.0741	0.400303	
0.018716	0.0119862	17.304	0.40931	
0.0182179	0.0118817	17.1105	0.401377	
0.0185238	0.0119504	17.2346	0.406357	
0.0184531	0.0119289	17.1963	0.405182	
0.0181796	0.0118643	17.0759	0.400894	
0.0182716	0.0118853	17.1127	0.402123	
0.0187711	0.0119977	17.3155	0.409782	
0.0181557	0.0118591	17.0601	0.400235	
0.0181884	0.0118761	17.0878	0.400677	
0.0187245	0.0119909	17.2956	0.408919	
0.0186799	0.0119867	17.2828	0.408004	
0.0180241	0.0118359	17.0073	0.397778	
0.0180324	0.0118234	16.9881	0.398205	
0.0186147	0.0119716	17.2512	0.407076	
0.018361	0.0119239	17.1576	0.402926	
0.0181484	0.0118583	17.041	0.399767	
0.0180889	0.0118396	17.0061	0.398751	
0.0179283	0.0117674	16.8855	0.396331	
0.0183233	0.011923	17.1457	0.402317	
0.0183426	0.0119215	17.1424	0.402418	
0.0180702	0.0118285	16.9821	0.398531	
0.018262	0.0118969	17.0954	0.401223	
0.0180854	0.0118515	17.0143	0.398303	
0.0180586	0.0118499	17.0102	0.398195	
0.0193634	0.0119986	17.3379	0.418289	
0.0186481	0.0119965	17.2669	0.406844	
0.0185051	0.0119645	17.2066	0.404641	
0.0181516	0.0118758	17.0477	0.399031	
0.0181928	0.0119012	17.0874	0.399916	
0.0193946	0.0120068	17.3487	0.418555	
0.0186191	0.0119895	17.2494	0.406475	
0.0180749	0.0118354	16.9772	0.397818	
0.0193558	0.011995	17.3264	0.418035	
0.0187595	0.012021	17.3039	0.408146	
0.018699	0.0120073	17.2792	0.407401	
0.018481	0.0119528	17.182	0.404138	
0.0186373	0.0119801	17.2333	0.406407	
0.0194212	0.0120135	17.3562	0.41835	
0.0195317	0.0120108	17.3627	0.420243	
0.0188998	0.0120402	17.3427	0.409881	
0.0190073	0.0120445	17.357	0.411576	
0.0186281	0.0119776	17.2307	0.405496	
0.0182816	0.0118827	17.0649	0.400126	
0.0183511	0.0119073	17.109	0.400988	
0.0188252	0.0120143	17.3031	0.407903	
0.0186436	0.0119622	17.2145	0.405148	
0.0196217	0.0120156	17.3846	0.4202	
0.0188181	0.0120015	17.2888	0.40721	
0.0195418	0.0120085	17.3715	0.418328	
0.0183813	0.0118713	17.067	0.40039	
0.0190047	0.0120067	17.3192	0.409915	
0.0183779	0.0118551	17.0506	0.39977	
