  0.32910188803
  0.44927438053
  0.04113410634
  0.01448253530
  0.01411393470
  0.01387806990
  0.01313361839
  0.01286627669
  0.01276933357
  0.01318364220
  0.01372056262
  0.01421120757
  0.01514365993
  0.01620979315
  0.01705511405
  0.01690738093
  0.01587434177
  0.01011019528
  0.00612886872
  0.00503295473
  0.00445962982
  0.00415982542
  0.00377263235
  0.00363111967
  0.00354077358
  0.00337464919
  0.00315466831
  0.00295301709
  0.00288969936
  0.00291574799
  0.00277977488
  0.00272966290
  0.00266546891
  0.00260317296
  0.00254244152
  0.00248340796
  0.00242333502
  0.00236059612
  0.00229606201
  0.00223257097
  0.00217543308
  0.00212750434
  0.00208626822
  0.00204983886
  0.00201712786
  0.00198754287
  0.00196048084
  0.00193644768
  0.00191511226
  0.00189511804
  0.00187667722
  0.00185680420
  0.00184092769
  0.00182879329
  0.00181214407
  0.00179852585
  0.00178580242
  0.00177414765
  0.00176364012
  0.00175418806
  0.00174625677
  0.00173896918
  0.00173262677
  0.00172746711
  0.00172256594
  0.00171810005
  0.00171193773
  0.00170815071
  0.00170423008
  0.00169968399
  0.00169531813
  0.00169130637
  0.00168747140
  0.00168417138
  0.00168010597
  0.00167789858
  0.00167724347
  0.00167697221
  0.00167810001
  0.00168027600
  0.00168385275
  0.00168881433
  0.00169623934
  0.00170704460
  0.00172049367
  0.00174174836
  0.00176653688
  0.00180098923
  0.00184681995
  0.00190844905
  0.00199136856
  0.00209670722
  0.00223104878
  0.00238876571
  0.00251846964
  0.00230796839
  0.00160450905
  0.00145248870
  0.00143231752
  0.00141640488
  0.00140131265
  0.00138695459
  0.00137317559
  0.00136031388
  0.00134800053
  0.00133674427
  0.00132638215
  0.00131695399
  0.00130837676
  0.00130080664
  0.00129414860
  0.00128810875
  0.00128294727
  0.00127815661
  0.00127407277
  0.00127080624
  0.00126780311
  0.00126529976
  0.00126331985
  0.00126214992
  0.00126134542
  0.00126072417
  0.00126100960
  0.00126192528
  0.00126284122
  0.00126556167
  0.00126907154
  0.00127361429
  0.00127924722
  0.00128618933
  0.00129394126
  0.00130296308
  0.00131322684
  0.00132501276
  0.00133819736
  0.00135332651
  0.00137054654
  0.00139038466
  0.00141264587
  0.00143780997
  0.00146688263
  0.00149925232
  0.00153599449
  0.00157732110
  0.00162362360
  0.00167627353
  0.00173420389
  0.00179807044
  0.00186704731
  0.00193873064
  0.00201227030
  0.00208411771
  0.00215067012
  0.00220092532
  0.00221314115
  0.00221520226
  0.00202598465
  0.00207921205
  0.00212431271
  0.00213755938
  0.00205558767
  0.00199625888
  0.00199384815
  0.00203266316
  0.00214235535
  0.00231005022
  0.00245204547
  0.00224112573
  0.00209291498
  0.00220898474
  0.00237986175
  0.00262229153
  0.00289739836
  0.00263514606
  0.00231569007
  0.00240179574
  0.00252493080
  0.00272065120
  0.00303865434
  0.00351890241
  0.00348990983
  0.00282265219
  0.00290475462
  0.00299844233
  0.00316138055
  0.00348039593
  0.00408390288
  0.00455428613
  0.00343679576
  0.00345341146
  0.00348496808
  0.00367449667
  0.00405853282
  0.00481246101
  0.00545282150
  0.00387452883
  0.00373160229
  0.00329844837
  0.00359390994
  0.00448653881
  0.00563920128
  0.00252749293
  0.00260963848
  0.00301996218
  0.00393047553
  0.00554823126
  0.00412531502
  0.00279312991
  0.00314817873
  0.00396149011
  0.00551468515
  0.00542902543
  0.00302340187
  0.00334346466
  0.00408981691
  0.00557300130
  0.00636408711
  0.00321084571
  0.00342753326
  0.00394196806
  0.00506831223
  0.00698882638
  0.00408241479
  0.00401413104
  0.00486341654
  0.00648790663
  0.00568643341
  0.00361376082
  0.00378997249
  0.00424555332
  0.00529305297
  0.00716480797
  0.00434914433
  0.00378470249
  0.00410502543
  0.00497402549
  0.00671874505
  0.00466190471
  0.00278101991
  0.00266578663
  0.00299530810
  0.00393296697
  0.00568768250
  0.00558303299
  0.00185435588
  0.00182968420
  0.00194954437
  0.00230564212
  0.00309412098
  0.00456255424
  0.00657739205
  0.00208448280
  0.00163650834
  0.00166044364
  0.00181905938
  0.00220176248
  0.00296670705
  0.00431936884
  0.00625952981
  0.00282583313
  0.00180366449
  0.00168217812
  0.00160365685
  0.00154306105
  0.00149250078
  0.00144892245
  0.00141017148
  0.00137544083
  0.00134376393
  0.00131458478
  0.00128745707
  0.00126206095
  0.00123824619
  0.00121574474
  0.00119439253
  0.00117403722
  0.00115475933
  0.00113626185
  0.00111845183
  0.00110130746
  0.00108478452
  0.00106885318
  0.00105326665
  0.00103831931
  0.00102380839
  0.00100972680
  0.00099590680
  0.00098258599
  0.00096967555
  0.00095705574
  0.00094460524
  0.00093253155
  0.00092083545
  0.00090939326
  0.00089833314
  0.00088752617
  0.00087703566
  0.00086685753
  0.00085689040
  0.00084718624
  0.00083765415
  0.00082822913
  0.00081918205
  0.00081018967
  0.00080140803
  0.00079282214
  0.00078434253
  0.00077609754
  0.00076797462
  0.00076001292
  0.00075220183
  0.00074436459
  0.00073683255
  0.00072946614
  0.00072228100
  0.00071519365
  0.00070839177
  0.00070166492
  0.00069509734
  0.00068856899
  0.00068230390
  0.00067623291
  0.00067007860
  0.00066401450
  0.00065784164
  0.00065195824
  0.00064615691
  0.00064036931
  0.00063470307
  0.00062894049
  0.00062352566
  0.00061829201
  0.00061314620
  0.00060806114
  0.00060312479
  0.00059821388
  0.00059355192
  0.00058901696
  0.00058433239
  0.00057989998
  0.00057561431
  0.00057134081
  0.00056727895
  0.00056330323
  0.00055936614
  0.00055545338
  0.00055154091
  0.00054762475
  0.00054360527
  0.00053978993
  0.00053612392
  0.00053239206
  0.00052875680
  0.00052520810
  0.00052167772
  0.00051820219
  0.00051458184
  0.00051102974
  0.00050752985
  0.00050411423
  0.00050069536
  0.00049728128
  0.00049376834
  0.00049001254
  0.00048658336
  0.00048322901
  0.00047980520
  0.00047618366
  0.00047256481
  0.00046900562
  0.00046542665
  0.00046160482
  0.00045808788
  0.00045457512
  0.00045083436
  0.00044700606
  0.00044292954
  0.00043911991
  0.00043524810
  0.00043135685
  0.00042747855
  0.00042363690
  0.00041979813
  0.00041594063
  0.00041175848
  0.00040787551
  0.00040400599
  0.00040014932
  0.00039630360
  0.00039246838
  0.00038864638
  0.00038444384
  0.00038056830
  0.00037672583
  0.00037293168
  0.00036907913
  0.00036519659
  0.00036131369
  0.00035745349
  0.00035358567
