  0.00956780929
  0.00707869270
  0.00623710234
  0.00766776793
  0.00757158620
  0.00757173081
  0.00758099244
  0.00758894051
  0.00759660787
  0.00760268271
  0.00760780108
  0.00761152069
  0.00761512358
  0.00761797634
  0.00762046911
  0.00762269189
  0.00762474036
  0.00762669522
  0.00762819457
  0.00763024306
  0.00763261313
  0.00763457702
  0.00763646482
  0.00763822728
  0.00763984469
  0.00764137933
  0.00764283404
  0.00764417239
  0.00764550705
  0.00764679512
  0.00764803770
  0.00764923778
