  0.25078931867
  0.31712991105
  0.22295279974
  0.14148245984
  0.08110118010
  0.06149489675
  0.04973444118
  0.03997952640
  0.03077326650
  0.02493176589
  0.02204186955
  0.01683019776
  0.01605326362
  0.01635681969
  0.01285405893
  0.01094234733
  0.01043180053
  0.00959583023
  0.00839709535
  0.00775374894
  0.00759362139
  0.00749944526
  0.00746005396
  0.00583954635
  0.00533595000
  0.00513015464
  0.00557403961
  0.00615196585
  0.00488001004
  0.00532970646
  0.00492836907
  0.00490870800
  0.00501998120
  0.00506204301
  0.00517804496
  0.00554989271
  0.00573155401
  0.00544247126
  0.00528195235
  0.00590755811
  0.00642532676
  0.00619497423
  0.00601912369
  0.00661509377
  0.00726864031
  0.00767112527
  0.00647387667
  0.00677256432
  0.00758717156
  0.00882929244
  0.00710597679
  0.00726489823
  0.00769378352
  0.00902458127
  0.01052167991
  0.01011621044
  0.01083303666
  0.00722130147
  0.00619406822
  0.00600626990
  0.00629633826
  0.00740678337
  0.00838203601
  0.00620630292
  0.00590060906
  0.00711112466
  0.00826679908
  0.00463165581
  0.00421811586
  0.00474511565
  0.00262569097
  0.00376189283
  0.00473926792
  0.00276506080
  0.00394442890
  0.00441143635
  0.00204367004
  0.00356029799
  0.00431428389
  0.00232843582
  0.00378144724
  0.00453295315
  0.00187267220
  0.00308197955
  0.00319125282
  0.00270020956
  0.00238210212
  0.00357322424
  0.00487244232
  0.00305060180
  0.00387530399
  0.00422207140
  0.00158785469
  0.00332784218
  0.00425932876
  0.00208807273
  0.00352397272
  0.00399516267
  0.00152161924
  0.00332363973
