296 10
0 8
0
1
4
8
10
18
19
29

1 58
3
0
5
11
20
30
41
53
68
86
107
131
157
184
213
243
276
310
343
376
409
442
475
508
541
574
607
640
673
706
739
772
805
838
871
904
937
970
1003
1036
1069
1070
1071
1104
1105
1106
1141
1142
1143
1144
1145
1149
1150
1151
1152
1198
1199
1246

2 16
29
38
49
61
67
82
84
85
104
105
106
128
130
155
156
183

3 58
39
29
50
62
76
94
115
139
165
192
221
251
284
318
351
384
417
450
483
516
549
582
615
648
681
714
747
780
813
846
879
912
945
978
1011
1044
1079
1116
1161
1207
1253
1297
1340
1381
1419
1420
1421
1451
1452
1453
1484
1485
1486
1487
1488
1492
1493
1532

4 8
183
209
212
240
242
274
275
309

5 58
183
210
237
267
300
334
367
400
433
466
499
532
565
598
631
664
697
730
763
796
829
862
895
928
961
994
1027
1060
1095
1132
1177
1223
1269
1313
1356
1397
1437
1475
1512
1548
1582
1614
1645
1674
1701
1727
1751
1774
1795
1814
1832
1849
1862
1864
1863
1873
1874
1889

6 58
309
342
375
408
441
474
507
540
573
606
639
672
705
738
771
804
837
870
903
936
969
1002
1035
1068
1103
1140
1185
1231
1277
1321
1364
1405
1445
1483
1520
1556
1590
1622
1653
1682
1709
1735
1759
1782
1803
1822
1840
1857
1872
1886
1898
1908
1917
1924
1930
1934
1937
1938

7 8
1291
1246
1335
1377
1418
1457
1495
1532

8 16
1567
1532
1600
1632
1662
1690
1717
1742
1766
1788
1808
1827
1845
1861
1876
1889

9 8
1900
1889
1910
1919
1926
1932
1936
1938

