286 10
0 7
0 1 
1 4 
4 8 
8 10 
10 18 
18 19 
19 29 

1 57
3 0 
5 3 
11 5 
20 11 
30 20 
41 30 
53 41 
68 53 
86 68 
107 86 
131 107 
157 131 
184 157 
213 184 
243 213 
276 243 
310 276 
343 310 
376 343 
409 376 
442 409 
475 442 
508 475 
541 508 
574 541 
607 574 
640 607 
673 640 
706 673 
739 706 
772 739 
805 772 
838 805 
871 838 
904 871 
937 904 
970 937 
1003 970 
1036 1003 
1069 1036 
1070 1069 
1071 1070 
1104 1071 
1105 1104 
1106 1105 
1141 1106 
1142 1141 
1143 1142 
1144 1143 
1145 1144 
1149 1145 
1150 1149 
1151 1150 
1152 1151 
1198 1152 
1199 1198 
1246 1199 

2 15
29 38 
38 49 
49 61 
61 67 
67 82 
82 84 
84 85 
85 104 
104 105 
105 106 
106 128 
128 130 
130 155 
155 156 
156 183 

3 57
39 29 
50 39 
62 50 
76 62 
94 76 
115 94 
139 115 
165 139 
192 165 
221 192 
251 221 
284 251 
318 284 
351 318 
384 351 
417 384 
450 417 
483 450 
516 483 
549 516 
582 549 
615 582 
648 615 
681 648 
714 681 
747 714 
780 747 
813 780 
846 813 
879 846 
912 879 
945 912 
978 945 
1011 978 
1044 1011 
1079 1044 
1116 1079 
1161 1116 
1207 1161 
1253 1207 
1297 1253 
1340 1297 
1381 1340 
1419 1381 
1420 1419 
1421 1420 
1451 1421 
1452 1451 
1453 1452 
1484 1453 
1485 1486 
1487 1484 
1486 1488 
1488 1487 
1492 1485 
1493 1492 
1532 1493 

4 7
183 209 
209 212 
212 240 
240 242 
242 274 
274 275 
275 309 

5 57
183 210 
210 237 
237 267 
267 300 
300 334 
334 367 
367 400 
400 433 
433 466 
466 499 
499 532 
532 565 
565 598 
598 631 
631 664 
664 697 
697 730 
730 763 
763 796 
796 829 
829 862 
862 895 
895 928 
928 961 
961 994 
994 1027 
1027 1060 
1060 1095 
1095 1132 
1132 1177 
1177 1223 
1223 1269 
1269 1313 
1313 1356 
1356 1397 
1397 1437 
1437 1475 
1475 1512 
1512 1548 
1548 1582 
1582 1614 
1614 1645 
1645 1674 
1674 1701 
1701 1727 
1727 1751 
1751 1774 
1774 1795 
1795 1814 
1814 1832 
1832 1849 
1849 1862 
1862 1864 
1864 1863 
1863 1873 
1873 1874 
1874 1889 

6 57
309 342 
342 375 
375 408 
408 441 
441 474 
474 507 
507 540 
540 573 
573 606 
606 639 
639 672 
672 705 
705 738 
738 771 
771 804 
804 837 
837 870 
870 903 
903 936 
936 969 
969 1002 
1002 1035 
1035 1068 
1068 1103 
1103 1140 
1140 1185 
1185 1231 
1231 1277 
1277 1321 
1321 1364 
1364 1405 
1405 1445 
1445 1483 
1483 1520 
1520 1556 
1556 1590 
1590 1622 
1622 1653 
1653 1682 
1682 1709 
1709 1735 
1735 1759 
1759 1782 
1782 1803 
1803 1822 
1822 1840 
1840 1857 
1857 1872 
1872 1886 
1886 1898 
1898 1908 
1908 1917 
1917 1924 
1924 1930 
1930 1934 
1934 1937 
1937 1938 

7 7
1291 1246 
1335 1291 
1377 1335 
1418 1377 
1457 1418 
1495 1457 
1532 1495 

8 15
1567 1532 
1600 1567 
1632 1600 
1662 1632 
1690 1662 
1717 1690 
1742 1717 
1766 1742 
1788 1766 
1808 1788 
1827 1808 
1845 1827 
1861 1845 
1876 1861 
1889 1876 

9 7
1900 1889 
1910 1900 
1919 1910 
1926 1919 
1932 1926 
1936 1932 
1938 1936 

