572 10
0 14
0 1939 
1939 1 
1 1940 
1940 4 
4 1941 
1941 8 
8 1942 
1942 10 
10 1943 
1943 18 
18 1944 
1944 19 
19 1945 
1945 29 

1 114
3 1946 
1946 0 
5 1947 
1947 3 
11 1948 
1948 5 
20 1949 
1949 11 
30 1950 
1950 20 
41 1951 
1951 30 
53 1952 
1952 41 
68 1953 
1953 53 
86 1954 
1954 68 
107 1955 
1955 86 
131 1956 
1956 107 
157 1957 
1957 131 
184 1958 
1958 157 
213 1959 
1959 184 
243 1960 
1960 213 
276 1961 
1961 243 
310 1962 
1962 276 
343 1963 
1963 310 
376 1964 
1964 343 
409 1965 
1965 376 
442 1966 
1966 409 
475 1967 
1967 442 
508 1968 
1968 475 
541 1969 
1969 508 
574 1970 
1970 541 
607 1971 
1971 574 
640 1972 
1972 607 
673 1973 
1973 640 
706 1974 
1974 673 
739 1975 
1975 706 
772 1976 
1976 739 
805 1977 
1977 772 
838 1978 
1978 805 
871 1979 
1979 838 
904 1980 
1980 871 
937 1981 
1981 904 
970 1982 
1982 937 
1003 1983 
1983 970 
1036 1984 
1984 1003 
1069 1985 
1985 1036 
1070 1986 
1986 1069 
1071 1987 
1987 1070 
1104 1988 
1988 1071 
1105 1989 
1989 1104 
1106 1990 
1990 1105 
1141 1991 
1991 1106 
1142 1992 
1992 1141 
1143 1993 
1993 1142 
1144 1994 
1994 1143 
1145 1995 
1995 1144 
1149 1996 
1996 1145 
1150 1997 
1997 1149 
1151 1998 
1998 1150 
1152 1999 
1999 1151 
1198 2000 
2000 1152 
1199 2001 
2001 1198 
1246 2002 
2002 1199 

2 30
29 2003 
2003 38 
38 2004 
2004 49 
49 2005 
2005 61 
61 2006 
2006 67 
67 2007 
2007 82 
82 2008 
2008 84 
84 2009 
2009 85 
85 2010 
2010 104 
104 2011 
2011 105 
105 2012 
2012 106 
106 2013 
2013 128 
128 2014 
2014 130 
130 2015 
2015 155 
155 2016 
2016 156 
156 2017 
2017 183 

3 114
39 2018 
2018 29 
50 2019 
2019 39 
62 2020 
2020 50 
76 2021 
2021 62 
94 2022 
2022 76 
115 2023 
2023 94 
139 2024 
2024 115 
165 2025 
2025 139 
192 2026 
2026 165 
221 2027 
2027 192 
251 2028 
2028 221 
284 2029 
2029 251 
318 2030 
2030 284 
351 2031 
2031 318 
384 2032 
2032 351 
417 2033 
2033 384 
450 2034 
2034 417 
483 2035 
2035 450 
516 2036 
2036 483 
549 2037 
2037 516 
582 2038 
2038 549 
615 2039 
2039 582 
648 2040 
2040 615 
681 2041 
2041 648 
714 2042 
2042 681 
747 2043 
2043 714 
780 2044 
2044 747 
813 2045 
2045 780 
846 2046 
2046 813 
879 2047 
2047 846 
912 2048 
2048 879 
945 2049 
2049 912 
978 2050 
2050 945 
1011 2051 
2051 978 
1044 2052 
2052 1011 
1079 2053 
2053 1044 
1116 2054 
2054 1079 
1161 2055 
2055 1116 
1207 2056 
2056 1161 
1253 2057 
2057 1207 
1297 2058 
2058 1253 
1340 2059 
2059 1297 
1381 2060 
2060 1340 
1419 2061 
2061 1381 
1420 2062 
2062 1419 
1421 2063 
2063 1420 
1451 2064 
2064 1421 
1452 2065 
2065 1451 
1453 2066 
2066 1452 
1484 2067 
2067 1453 
1485 2068 
2068 1486 
1487 2069 
2069 1484 
1486 2070 
2070 1488 
1488 2071 
2071 1487 
1492 2072 
2072 1485 
1493 2073 
2073 1492 
1532 2074 
2074 1493 

4 14
183 2075 
2075 209 
209 2076 
2076 212 
212 2077 
2077 240 
240 2078 
2078 242 
242 2079 
2079 274 
274 2080 
2080 275 
275 2081 
2081 309 

5 114
183 2082 
2082 210 
210 2083 
2083 237 
237 2084 
2084 267 
267 2085 
2085 300 
300 2086 
2086 334 
334 2087 
2087 367 
367 2088 
2088 400 
400 2089 
2089 433 
433 2090 
2090 466 
466 2091 
2091 499 
499 2092 
2092 532 
532 2093 
2093 565 
565 2094 
2094 598 
598 2095 
2095 631 
631 2096 
2096 664 
664 2097 
2097 697 
697 2098 
2098 730 
730 2099 
2099 763 
763 2100 
2100 796 
796 2101 
2101 829 
829 2102 
2102 862 
862 2103 
2103 895 
895 2104 
2104 928 
928 2105 
2105 961 
961 2106 
2106 994 
994 2107 
2107 1027 
1027 2108 
2108 1060 
1060 2109 
2109 1095 
1095 2110 
2110 1132 
1132 2111 
2111 1177 
1177 2112 
2112 1223 
1223 2113 
2113 1269 
1269 2114 
2114 1313 
1313 2115 
2115 1356 
1356 2116 
2116 1397 
1397 2117 
2117 1437 
1437 2118 
2118 1475 
1475 2119 
2119 1512 
1512 2120 
2120 1548 
1548 2121 
2121 1582 
1582 2122 
2122 1614 
1614 2123 
2123 1645 
1645 2124 
2124 1674 
1674 2125 
2125 1701 
1701 2126 
2126 1727 
1727 2127 
2127 1751 
1751 2128 
2128 1774 
1774 2129 
2129 1795 
1795 2130 
2130 1814 
1814 2131 
2131 1832 
1832 2132 
2132 1849 
1849 2133 
2133 1862 
1862 2134 
2134 1864 
1864 2135 
2135 1863 
1863 2136 
2136 1873 
1873 2137 
2137 1874 
1874 2138 
2138 1889 

6 114
309 2139 
2139 342 
342 2140 
2140 375 
375 2141 
2141 408 
408 2142 
2142 441 
441 2143 
2143 474 
474 2144 
2144 507 
507 2145 
2145 540 
540 2146 
2146 573 
573 2147 
2147 606 
606 2148 
2148 639 
639 2149 
2149 672 
672 2150 
2150 705 
705 2151 
2151 738 
738 2152 
2152 771 
771 2153 
2153 804 
804 2154 
2154 837 
837 2155 
2155 870 
870 2156 
2156 903 
903 2157 
2157 936 
936 2158 
2158 969 
969 2159 
2159 1002 
1002 2160 
2160 1035 
1035 2161 
2161 1068 
1068 2162 
2162 1103 
1103 2163 
2163 1140 
1140 2164 
2164 1185 
1185 2165 
2165 1231 
1231 2166 
2166 1277 
1277 2167 
2167 1321 
1321 2168 
2168 1364 
1364 2169 
2169 1405 
1405 2170 
2170 1445 
1445 2171 
2171 1483 
1483 2172 
2172 1520 
1520 2173 
2173 1556 
1556 2174 
2174 1590 
1590 2175 
2175 1622 
1622 2176 
2176 1653 
1653 2177 
2177 1682 
1682 2178 
2178 1709 
1709 2179 
2179 1735 
1735 2180 
2180 1759 
1759 2181 
2181 1782 
1782 2182 
2182 1803 
1803 2183 
2183 1822 
1822 2184 
2184 1840 
1840 2185 
2185 1857 
1857 2186 
2186 1872 
1872 2187 
2187 1886 
1886 2188 
2188 1898 
1898 2189 
2189 1908 
1908 2190 
2190 1917 
1917 2191 
2191 1924 
1924 2192 
2192 1930 
1930 2193 
2193 1934 
1934 2194 
2194 1937 
1937 2195 
2195 1938 

7 14
1291 2196 
2196 1246 
1335 2197 
2197 1291 
1377 2198 
2198 1335 
1418 2199 
2199 1377 
1457 2200 
2200 1418 
1495 2201 
2201 1457 
1532 2202 
2202 1495 

8 30
1567 2203 
2203 1532 
1600 2204 
2204 1567 
1632 2205 
2205 1600 
1662 2206 
2206 1632 
1690 2207 
2207 1662 
1717 2208 
2208 1690 
1742 2209 
2209 1717 
1766 2210 
2210 1742 
1788 2211 
2211 1766 
1808 2212 
2212 1788 
1827 2213 
2213 1808 
1845 2214 
2214 1827 
1861 2215 
2215 1845 
1876 2216 
2216 1861 
1889 2217 
2217 1876 

9 14
1900 2218 
2218 1889 
1910 2219 
2219 1900 
1919 2220 
2220 1910 
1926 2221 
2221 1919 
1932 2222 
2222 1926 
1936 2223 
2223 1932 
1938 2224 
2224 1936 

