0 0 
0 0.0357143 
0.0230044 0.0245324 
0.0350877 0 
0 0.0714286 
0.0701754 0 
0.0257498 0.0548739 
0.0541844 0.0320739 
0 0.107143 
0.0277223 0.0886833 
0 0.142857 
0.105263 0 
0.0902337 0.0295193 
0.0549037 0.0713814 
0.0798004 0.0559695 
0.0275265 0.123893 
0.0550329 0.106322 
0.0270522 0.158271 
0 0.178571 
0 0.214286 
0.140351 0 
0.123926 0.0299123 
0.107725 0.0597793 
0.0868982 0.0904023 
0.0550349 0.139835 
0.0780779 0.123776 
0.0539179 0.167993 
0.0319996 0.195637 
0.0240781 0.226838 
0 0.25 
0.175439 0 
0.158348 0.030392 
0.141441 0.0610425 
0.124039 0.0919344 
0.107996 0.124423 
0.0857476 0.156526 
0.0704789 0.191878 
0.0533031 0.224267 
0 0.283333 
0.0350877 0.25 
0.0226236 0.272913 
0.210526 0 
0.193183 0.0307217 
0.175959 0.0616175 
0.158715 0.0927989 
0.141473 0.124488 
0.123521 0.156749 
0.105947 0.189838 
0.0877094 0.221034 
0 0.316667 
0.0701754 0.25 
0.0255746 0.300689 
0.0531372 0.280252 
0.245614 0 
0.228153 0.0308399 
0.210762 0.0618847 
0.193408 0.0931507 
0.176034 0.124651 
0.158479 0.156429 
0.140831 0.188517 
0.123008 0.21986 
0 0.35 
0.105263 0.25 
0.0274702 0.333383 
0.0891938 0.278332 
0.0539969 0.316323 
0.0780573 0.303856 
0 0.383333 
0.280702 0 
0.263189 0.0308786 
0.245709 0.0619955 
0.22826 0.0933109 
0.210821 0.124747 
0.19331 0.156291 
0.175728 0.187887 
0.158066 0.219231 
0.140351 0.25 
0.0286158 0.366723 
0.123108 0.279082 
0.0566342 0.349894 
0.105573 0.307094 
0.0832772 0.331562 
0 0.416667 
0.029524 0.400033 
0 0.45 
0 0.483333 
0.315789 0 
0.298258 0.0308821 
0.280736 0.0620321 
0.263229 0.0933826 
0.245734 0.124811 
0.228207 0.156279 
0.210656 0.18774 
0.19307 0.219026 
0.175439 0.25 
0.157999 0.279872 
0.0585942 0.383436 
0.140072 0.310547 
0.0877334 0.366483 
0.120156 0.345091 
0.0300117 0.433351 
0.0599224 0.416688 
0.0301589 0.466674 
0.0300179 0.499962 
0 0.516667 
0 0.55 
0 0.583333 
0.350877 0 
0.333344 0.0308752 
0.315804 0.0620368 
0.298267 0.0934104 
0.280736 0.124851 
0.263192 0.156304 
0.245646 0.187731 
0.228093 0.218994 
0.210526 0.25 
0.193012 0.280479 
0.175432 0.311026 
0.0898442 0.399729 
0.158153 0.341174 
0.119361 0.382234 
0.145546 0.368778 
0.0912698 0.433265 
0.0605739 0.450034 
0.0606156 0.483348 
0.0600976 0.516598 
0.0295473 0.533156 
0.0285183 0.56608 
0 0.616667 
0.0277837 0.598392 
0 0.65 
0.385965 0 
0.368436 0.0308705 
0.350892 0.062035 
0.333342 0.0934202 
0.315793 0.124873 
0.29824 0.156327 
0.280693 0.187746 
0.263152 0.218991 
0.245614 0.25 
0.228086 0.280803 
0.210507 0.311702 
0.192828 0.342553 
0.122157 0.416241 
0.174558 0.372416 
0.150732 0.397081 
0.123362 0.450072 
0.0916844 0.466727 
0.0913521 0.500088 
0.0904219 0.533398 
0.0588509 0.549645 
0.0570194 0.582576 
0.0274203 0.630965 
0.0548559 0.613722 
0.0276724 0.662758 
0 0.683333 
0 0.716667 
0.421053 0 
0.403528 0.0308715 
0.385985 0.0620374 
0.368432 0.0934278 
0.350876 0.124887 
0.33332 0.156345 
0.31577 0.187764 
0.298231 0.219003 
0.280702 0.25 
0.26318 0.280952 
0.245628 0.312134 
0.228018 0.343574 
0.210287 0.375546 
0.155692 0.432899 
0.189192 0.410435 
0.155333 0.4669 
0.123109 0.483405 
0.122246 0.517049 
0.12065 0.550611 
0.089418 0.566402 
0.083988 0.601553 
0.0542097 0.644253 
0.0756651 0.628332 
0.0536851 0.670563 
0.0315723 0.697748 
0.0239055 0.727972 
0 0.75 
0.45614 0 
0.438615 0.0308759 
0.421075 0.0620452 
0.403524 0.0934393 
0.385967 0.1249 
0.368411 0.156362 
0.350859 0.187781 
0.333318 0.219015 
0.315789 0.25 
0.298271 0.281021 
0.28074 0.31234 
0.263196 0.343964 
0.245643 0.375822 
0.228219 0.407555 
0.187258 0.450046 
0.215222 0.435681 
0.18685 0.484752 
0.155723 0.500226 
0.152218 0.534569 
0.147518 0.563763 
0.122278 0.588544 
0.105912 0.628054 
0.0840171 0.659256 
0.0694331 0.694031 
0.0528673 0.725445 
0 0.785714 
0.0350877 0.75 
0.0229415 0.774233 
0 0.821429 
0.491228 0 
0.473699 0.0308816 
0.45616 0.0620554 
0.438613 0.093454 
0.42106 0.124917 
0.403505 0.156382 
0.385952 0.187803 
0.368408 0.21903 
0.350877 0.25 
0.333355 0.281053 
0.315832 0.312442 
0.298321 0.344168 
0.280837 0.376146 
0.263327 0.408278 
0.245349 0.440056 
0.221258 0.46961 
0.211643 0.500231 
0.188074 0.521791 
0.175098 0.560066 
0.160362 0.591616 
0.14304 0.62493 
0.123466 0.658389 
0.104576 0.690303 
0.0870629 0.721008 
0.0701754 0.75 
0.0264276 0.803799 
0.053192 0.781651 
0 0.857143 
0.027448 0.838923 
0 0.892857 
0.526316 0 
0.508784 0.0308867 
0.491245 0.0620644 
0.473699 0.0934675 
0.45615 0.124935 
0.438598 0.156406 
0.421045 0.187828 
0.403499 0.219047 
0.385965 0.25 
0.36844 0.281065 
0.350915 0.312483 
0.333413 0.344246 
0.315979 0.376245 
0.298631 0.408505 
0.281307 0.441589 
0.262662 0.477662 
0.236721 0.498846 
0.22525 0.526693 
0.209073 0.557575 
0.193346 0.591082 
0.176687 0.623894 
0.159004 0.65674 
0.140693 0.688907 
0.122681 0.719966 
0.105263 0.75 
0.0902145 0.779257 
0.0548233 0.821143 
0.0799675 0.806023 
0.0277084 0.873917 
0.0549887 0.8562 
0.0283 0.908558 
0 0.928571 
0 0.964286 
0.561404 0 
0.543873 0.0308902 
0.526331 0.0620695 
0.508785 0.0934758 
0.491238 0.124947 
0.473687 0.156426 
0.456136 0.187852 
0.43859 0.219066 
0.421053 0.25 
0.403527 0.281062 
0.385997 0.312488 
0.368487 0.344253 
0.351047 0.376201 
0.333696 0.408262 
0.316658 0.440459 
0.300649 0.472334 
0.290558 0.501202 
0.262792 0.519999 
0.244094 0.556638 
0.227486 0.590217 
0.210779 0.623208 
0.193592 0.655787 
0.175907 0.687906 
0.158048 0.719329 
0.140351 0.75 
0.123979 0.779994 
0.107778 0.809718 
0.0869162 0.840265 
0.0552354 0.889784 
0.0776333 0.873497 
0.0545504 0.917998 
0.032188 0.945189 
0.0241359 0.976741 
0 1 
0.596491 0 
0.578962 0.0308928 
0.56142 0.0620714 
0.543871 0.0934777 
0.526322 0.124955 
0.508773 0.156437 
0.491224 0.187868 
0.473679 0.219081 
0.45614 0.25 
0.438615 0.281052 
0.421079 0.312479 
0.403553 0.344241 
0.386079 0.376151 
0.3687 0.408016 
0.351492 0.439718 
0.334607 0.471126 
0.318128 0.501866 
0.298711 0.529905 
0.279014 0.557484 
0.262236 0.590157 
0.245326 0.622883 
0.228198 0.655336 
0.210782 0.68742 
0.193151 0.718998 
0.175439 0.75 
0.158399 0.780425 
0.14153 0.81092 
0.124059 0.841846 
0.107795 0.874168 
0.0864279 0.907452 
0.0702694 0.942791 
0.0534037 0.974228 
0.0350877 1 
0.631579 0 
0.614049 0.030896 
0.596507 0.062073 
0.578958 0.093476 
0.561407 0.124954 
0.543858 0.156437 
0.52631 0.187873 
0.508766 0.219089 
0.491228 0.25 
0.473701 0.281041 
0.45616 0.312468 
0.43862 0.344232 
0.421112 0.376126 
0.403668 0.407906 
0.386311 0.439419 
0.36904 0.47063 
0.35171 0.501565 
0.33378 0.531255 
0.315435 0.560576 
0.297385 0.591058 
0.280218 0.623067 
0.262981 0.655237 
0.245623 0.68723 
0.228129 0.71885 
0.210526 0.75 
0.193199 0.780724 
0.175994 0.811607 
0.158736 0.842795 
0.141431 0.874586 
0.123455 0.906945 
0.105752 0.939955 
0.0876773 0.970818 
0.0701754 1 
0.666667 0 
0.649132 0.0309003 
0.631591 0.0620774 
0.614043 0.0934759 
0.596493 0.124949 
0.578943 0.156429 
0.561395 0.187865 
0.543853 0.219086 
0.526316 0.25 
0.508788 0.281031 
0.491243 0.312458 
0.473692 0.344226 
0.456156 0.376115 
0.438659 0.407863 
0.421212 0.439306 
0.403799 0.470417 
0.386349 0.501233 
0.368702 0.531648 
0.35078 0.561637 
0.33301 0.59232 
0.315404 0.623605 
0.297981 0.655398 
0.28057 0.687222 
0.263117 0.718797 
0.245614 0.75 
0.22815 0.780829 
0.21077 0.811879 
0.193422 0.843163 
0.176034 0.874715 
0.158471 0.906587 
0.140865 0.938884 
0.122998 0.96984 
0.105263 1 
0.701754 0 
0.684214 0.030905 
0.666672 0.0620857 
0.649126 0.0934819 
0.631577 0.124948 
0.614028 0.15642 
0.59648 0.187851 
0.578939 0.219076 
0.561404 0.25 
0.543879 0.281023 
0.526334 0.312448 
0.508773 0.344218 
0.491215 0.376105 
0.473678 0.407842 
0.456174 0.439258 
0.438696 0.470341 
0.421207 0.501178 
0.403642 0.531857 
0.385966 0.562216 
0.368289 0.592981 
0.350717 0.624065 
0.333127 0.655644 
0.315634 0.687308 
0.298164 0.718807 
0.280702 0.75 
0.263179 0.780866 
0.245702 0.811981 
0.228262 0.843311 
0.210828 0.874779 
0.193317 0.906367 
0.175743 0.938017 
0.158079 0.969317 
0.140351 1 
0.736842 0 
0.719298 0.0309092 
0.701754 0.0620961 
0.684208 0.0934949 
0.666661 0.124956 
0.649112 0.156419 
0.631565 0.18784 
0.614024 0.219063 
0.596491 0.25 
0.578973 0.281016 
0.561431 0.312436 
0.543868 0.344203 
0.526293 0.376085 
0.508724 0.407814 
0.49118 0.439221 
0.473662 0.4703 
0.456155 0.501164 
0.438614 0.531951 
0.421042 0.562608 
0.403435 0.593386 
0.385846 0.624464 
0.368286 0.655859 
0.350754 0.687409 
0.333258 0.718832 
0.315789 0.75 
0.298248 0.780878 
0.280722 0.812019 
0.26322 0.843371 
0.245735 0.874815 
0.228217 0.906304 
0.210676 0.937788 
0.193089 0.969071 
0.175439 1 
0.77193 0 
0.754383 0.0309119 
0.736837 0.0621047 
0.719291 0.0935105 
0.701745 0.124972 
0.684197 0.156432 
0.66665 0.187845 
0.649109 0.219058 
0.631579 0.25 
0.614063 0.281011 
0.596528 0.312423 
0.578968 0.344182 
0.561392 0.376051 
0.543795 0.407776 
0.526218 0.43918 
0.508671 0.470263 
0.491149 0.501145 
0.473619 0.531972 
0.456078 0.562702 
0.438519 0.593529 
0.420955 0.624621 
0.403406 0.655995 
0.385875 0.68749 
0.368364 0.718868 
0.350877 0.75 
0.333332 0.780883 
0.315789 0.812035 
0.298253 0.843397 
0.280728 0.874838 
0.263191 0.906297 
0.245655 0.937735 
0.228109 0.969004 
0.210526 1 
0.807018 0 
0.789467 0.0309108 
0.77192 0.0621063 
0.754375 0.0935209 
0.736827 0.124993 
0.719283 0.156456 
0.701736 0.187867 
0.684196 0.219069 
0.666667 0.25 
0.649145 0.281011 
0.631612 0.312416 
0.614056 0.344164 
0.596473 0.376026 
0.578872 0.40774 
0.561275 0.439142 
0.543707 0.470228 
0.526172 0.501121 
0.508638 0.53196 
0.491112 0.562709 
0.473582 0.593558 
0.456046 0.624668 
0.438511 0.656049 
0.420983 0.687534 
0.403467 0.718892 
0.385965 0.75 
0.368422 0.780887 
0.350874 0.812044 
0.333325 0.843411 
0.315779 0.874852 
0.298229 0.906303 
0.280687 0.937727 
0.263152 0.968982 
0.245614 1 
0.842105 0 
0.82455 0.0309042 
0.807002 0.0620965 
0.78946 0.0935154 
0.771917 0.124995 
0.754371 0.156476 
0.736825 0.187894 
0.719284 0.219091 
0.701754 0.25 
0.684219 0.28102 
0.666677 0.312424 
0.649118 0.344163 
0.631535 0.376013 
0.613933 0.407716 
0.596332 0.439113 
0.578756 0.470202 
0.561213 0.501101 
0.543675 0.531945 
0.526156 0.562703 
0.508644 0.593563 
0.491131 0.624683 
0.473609 0.656068 
0.456084 0.687552 
0.438563 0.718905 
0.421053 0.75 
0.403513 0.780891 
0.385965 0.81205 
0.368413 0.84342 
0.350859 0.874862 
0.333307 0.906312 
0.31576 0.937732 
0.298225 0.968983 
0.280702 1 
0.877193 0 
0.859636 0.0308932 
0.842085 0.0620755 
0.824543 0.093491 
0.807004 0.124985 
0.789462 0.156476 
0.771918 0.187909 
0.754375 0.219109 
0.736842 0.25 
0.719293 0.281037 
0.701735 0.312448 
0.684165 0.344182 
0.666578 0.37602 
0.648977 0.407711 
0.631379 0.439101 
0.613804 0.470189 
0.596262 0.501091 
0.578726 0.531938 
0.561213 0.562702 
0.543717 0.593572 
0.526219 0.624696 
0.508706 0.65608 
0.491181 0.687563 
0.473655 0.718912 
0.45614 0.75 
0.438604 0.780893 
0.421055 0.812055 
0.403501 0.843427 
0.385949 0.87487 
0.368399 0.906322 
0.350854 0.937743 
0.333316 0.96899 
0.315789 1 
0.912281 0 
0.89473 0.0308734 
0.877176 0.0620456 
0.859629 0.0934532 
0.842091 0.124947 
0.824552 0.15645 
0.807012 0.187901 
0.78947 0.219116 
0.77193 0.25 
0.754376 0.281054 
0.736807 0.312476 
0.719224 0.344212 
0.70163 0.376038 
0.684025 0.407723 
0.666426 0.439106 
0.648852 0.47019 
0.631313 0.501093 
0.613784 0.531943 
0.596282 0.562717 
0.578799 0.593593 
0.561312 0.624716 
0.543803 0.656098 
0.526275 0.687578 
0.508745 0.71892 
0.491228 0.75 
0.47369 0.780896 
0.456141 0.812059 
0.438586 0.843431 
0.421035 0.874875 
0.403488 0.906329 
0.385945 0.937751 
0.368408 0.968999 
0.350877 1 
0.947368 0 
0.92983 0.03086 
0.912275 0.0620171 
0.894721 0.0934119 
0.877178 0.124901 
0.859638 0.156401 
0.842102 0.187863 
0.824563 0.219101 
0.807018 0.25 
0.789471 0.281063 
0.771902 0.312495 
0.754313 0.344236 
0.736709 0.376068 
0.719097 0.407747 
0.70149 0.439124 
0.683909 0.470202 
0.666368 0.501103 
0.64884 0.531957 
0.631349 0.562737 
0.61388 0.593617 
0.596405 0.624743 
0.578901 0.656125 
0.561371 0.687597 
0.543837 0.718928 
0.526316 0.75 
0.508774 0.780899 
0.491223 0.812062 
0.473667 0.843434 
0.456116 0.874878 
0.438568 0.906331 
0.421026 0.937755 
0.403492 0.969003 
0.385965 1 
0.982456 0 
0.964929 0.0308555 
0.947379 0.0620021 
0.92982 0.0933819 
0.912267 0.124857 
0.894721 0.156341 
0.877185 0.187801 
0.85965 0.219062 
0.842105 0.25 
0.824568 0.281063 
0.807007 0.312501 
0.789422 0.34425 
0.771817 0.376089 
0.754199 0.407771 
0.736581 0.439147 
0.718987 0.470223 
0.701434 0.501121 
0.683896 0.531973 
0.666406 0.562753 
0.648948 0.593638 
0.63149 0.624772 
0.613997 0.656153 
0.59647 0.687613 
0.578932 0.718934 
0.561404 0.75 
0.543855 0.780901 
0.526302 0.812066 
0.508746 0.843437 
0.491195 0.874879 
0.473645 0.90633 
0.456102 0.937752 
0.438572 0.969 
0.421053 1 
1.01754 0 
1.00002 0.0308608 
0.98248 0.062003 
0.964922 0.0933722 
0.947362 0.12483 
0.929808 0.156295 
0.912265 0.187741 
0.89473 0.21901 
0.877193 0.25 
0.859659 0.281062 
0.842105 0.312503 
0.824528 0.34426 
0.806929 0.376108 
0.789313 0.407796 
0.771691 0.439179 
0.75408 0.470272 
0.736482 0.501228 
0.718962 0.531999 
0.701461 0.56277 
0.684005 0.593653 
0.666561 0.624786 
0.649085 0.656167 
0.631566 0.687627 
0.614027 0.718941 
0.596491 0.75 
0.578938 0.780902 
0.56138 0.812067 
0.543824 0.843439 
0.526273 0.87488 
0.508723 0.906329 
0.491181 0.937748 
0.473653 0.968995 
0.45614 1 
1.05263 0 
1.03511 0.0308716 
1.01757 0.0620169 
1.00002 0.0933815 
0.982459 0.124827 
0.964902 0.156278 
0.947352 0.18771 
0.929813 0.218976 
0.912281 0.25 
0.894743 0.281055 
0.877189 0.312505 
0.859615 0.344274 
0.842023 0.376135 
0.824416 0.407836 
0.806802 0.439236 
0.789188 0.470354 
0.771606 0.501251 
0.754044 0.532053 
0.736529 0.562795 
0.719063 0.593665 
0.701624 0.62479 
0.684165 0.656172 
0.66665 0.687647 
0.649116 0.718953 
0.631579 0.75 
0.614022 0.780903 
0.596461 0.812068 
0.578901 0.843439 
0.561351 0.87488 
0.543802 0.906329 
0.526262 0.937747 
0.508737 0.968993 
0.491228 1 
1.08772 0 
1.0702 0.0308847 
1.05266 0.0620376 
1.03511 0.0934032 
1.01756 0.124842 
0.999999 0.156288 
0.982444 0.187712 
0.964901 0.218972 
0.947368 0.25 
0.929826 0.281055 
0.912266 0.31251 
0.894689 0.344295 
0.877101 0.376175 
0.859508 0.407895 
0.841911 0.439313 
0.824312 0.470424 
0.806732 0.501304 
0.789152 0.532129 
0.771622 0.562845 
0.754136 0.5937 
0.73669 0.624819 
0.719227 0.656211 
0.701722 0.687674 
0.684198 0.718968 
0.666667 0.75 
0.649107 0.780902 
0.631543 0.812065 
0.61398 0.843436 
0.596429 0.874879 
0.57888 0.906329 
0.561342 0.937748 
0.543821 0.968994 
0.526316 1 
1.12281 0 
1.10529 0.0308978 
1.08775 0.0620598 
1.0702 0.0934299 
1.05265 0.124867 
1.03509 0.156313 
1.01754 0.187732 
0.99999 0.218983 
0.982456 0.25 
0.964915 0.281059 
0.947352 0.312521 
0.929771 0.344318 
0.912177 0.376204 
0.894599 0.407955 
0.87702 0.439385 
0.85944 0.47048 
0.841867 0.501361 
0.824288 0.53219 
0.806743 0.562913 
0.789236 0.593766 
0.771761 0.624895 
0.754291 0.656265 
0.736796 0.687699 
0.719278 0.71898 
0.701754 0.75 
0.684193 0.780895 
0.666627 0.812059 
0.649063 0.84343 
0.631509 0.874874 
0.613958 0.906325 
0.596421 0.937746 
0.578903 0.968995 
0.561404 1 
1.15789 0 
1.14037 0.0309103 
1.12284 0.0620809 
1.10529 0.0934557 
1.08774 0.124895 
1.07018 0.156343 
1.05263 0.18776 
1.03508 0.219 
1.01754 0.25 
1.00001 0.281061 
0.982455 0.312526 
0.964875 0.34433 
0.947289 0.37624 
0.929709 0.407998 
0.912138 0.439437 
0.894571 0.470538 
0.877006 0.501418 
0.859435 0.532241 
0.841885 0.562969 
0.824363 0.593812 
0.806869 0.624927 
0.789384 0.656285 
0.771884 0.687715 
0.754364 0.718991 
0.736842 0.75 
0.719282 0.780888 
0.701714 0.812051 
0.684148 0.843424 
0.666593 0.874868 
0.64904 0.906317 
0.631502 0.937738 
0.613986 0.96899 
0.596491 1 
1.19298 0 
1.17546 0.0309171 
1.15792 0.0620956 
1.14038 0.0934751 
1.12282 0.124918 
1.10527 0.15637 
1.08771 0.187786 
1.07016 0.219019 
1.05263 0.25 
1.03512 0.281056 
1.01757 0.312518 
1 0.344326 
0.982418 0.376245 
0.964839 0.408012 
0.947268 0.439464 
0.929704 0.470583 
0.912144 0.501478 
0.894583 0.532296 
0.877035 0.562998 
0.859506 0.593826 
0.841998 0.62493 
0.824498 0.656292 
0.806986 0.687725 
0.789459 0.719002 
0.77193 0.75 
0.754373 0.780884 
0.736805 0.812047 
0.719238 0.843421 
0.70168 0.874865 
0.684126 0.906312 
0.666588 0.93773 
0.649072 0.968982 
0.631579 1 
1.22807 0 
1.21054 0.0309139 
1.193 0.0620985 
1.17546 0.0934853 
1.15791 0.124933 
1.14036 0.156387 
1.1228 0.187804 
1.10525 0.219032 
1.08772 0.25 
1.07022 0.281044 
1.05269 0.312499 
1.03513 0.344305 
1.01756 0.376223 
0.999975 0.407999 
0.982401 0.439462 
0.964836 0.470603 
0.947277 0.50152 
0.929726 0.532384 
0.912178 0.563056 
0.894647 0.593842 
0.877126 0.624954 
0.859611 0.656306 
0.842089 0.687732 
0.824554 0.71901 
0.807018 0.75 
0.789466 0.780884 
0.7719 0.812047 
0.754331 0.843424 
0.736772 0.874868 
0.719216 0.906314 
0.701677 0.937729 
0.684161 0.968979 
0.666667 1 
1.26316 0 
1.24563 0.0309039 
1.22808 0.0620895 
1.21054 0.0934849 
1.19299 0.124938 
1.17544 0.156398 
1.15789 0.187813 
1.14034 0.219037 
1.12281 0.25 
1.10531 0.28103 
1.08779 0.312475 
1.07025 0.344275 
1.05268 0.376195 
1.0351 0.40797 
1.01753 0.439438 
0.999959 0.470593 
0.982399 0.50153 
0.964848 0.532409 
0.947306 0.563128 
0.929768 0.593923 
0.912236 0.625012 
0.89471 0.656322 
0.87718 0.687728 
0.859644 0.719007 
0.842105 0.75 
0.82456 0.780885 
0.806998 0.81205 
0.789428 0.84343 
0.771866 0.874876 
0.754308 0.906325 
0.736766 0.937739 
0.719249 0.968984 
0.701754 1 
1.29825 0 
1.28071 0.030893 
1.26317 0.0620747 
1.24562 0.0934745 
1.22807 0.124938 
1.21053 0.156402 
1.19298 0.187817 
1.17543 0.219039 
1.15789 0.25 
1.1404 0.281021 
1.12289 0.312454 
1.10535 0.344244 
1.08779 0.37616 
1.07022 0.407932 
1.05264 0.439401 
1.03507 0.47056 
1.01751 0.501513 
0.999959 0.532425 
0.982415 0.563199 
0.964872 0.59402 
0.947332 0.625058 
0.929796 0.656329 
0.912261 0.687715 
0.894727 0.718994 
0.877193 0.75 
0.859654 0.780886 
0.842097 0.812054 
0.82453 0.843437 
0.806965 0.874887 
0.789404 0.906339 
0.771858 0.937755 
0.754338 0.968995 
0.736842 1 
1.33333 0 
1.31581 0.0308853 
1.29826 0.0620606 
1.28071 0.0934599 
1.26316 0.124928 
1.24561 0.156397 
1.22806 0.187818 
1.21052 0.219041 
1.19298 0.25 
1.17548 0.281017 
1.15797 0.31244 
1.14044 0.344218 
1.12288 0.376122 
1.10531 0.407889 
1.08773 0.439356 
1.07016 0.470516 
1.0526 0.501475 
1.03505 0.532389 
1.01751 0.56319 
0.999968 0.594033 
0.982423 0.625063 
0.96488 0.656324 
0.947342 0.6877 
0.929809 0.718976 
0.912281 0.75 
0.894749 0.780887 
0.877198 0.812056 
0.859634 0.843444 
0.842068 0.874898 
0.824505 0.906355 
0.806955 0.937772 
0.789429 0.969008 
0.77193 1 
1.36842 0 
1.35089 0.0308802 
1.33335 0.0620497 
1.3158 0.0934458 
1.29825 0.124916 
1.28069 0.156387 
1.26314 0.187814 
1.2456 0.219041 
1.22807 0.25 
1.21057 0.281017 
1.19305 0.312433 
1.17551 0.344198 
1.15796 0.376088 
1.14039 0.407846 
1.12281 0.43931 
1.10524 0.470471 
1.08767 0.501432 
1.07013 0.532339 
1.05259 0.563145 
1.03505 0.593996 
1.01751 0.625039 
0.999969 0.65631 
0.982429 0.687688 
0.964895 0.718965 
0.947368 0.75 
0.929845 0.780891 
0.9123 0.812062 
0.894739 0.843451 
0.877174 0.874909 
0.859611 0.906368 
0.842057 0.937788 
0.824524 0.969019 
0.807018 1 
1.40351 0 
1.4386 0 
1.47368 0 
1.38598 0.0308757 
1.36844 0.062041 
1.35089 0.0934341 
1.33333 0.124903 
1.31578 0.156375 
1.29823 0.187805 
1.28069 0.219037 
1.26316 0.25 
1.24565 0.281019 
1.22812 0.312431 
1.21058 0.344186 
1.19303 0.376065 
1.17546 0.407815 
1.15789 0.439275 
1.14031 0.470435 
1.12274 0.501394 
1.10519 0.532296 
1.08765 0.5631 
1.07012 0.593954 
1.0526 0.625008 
1.03506 0.656291 
1.01752 0.687678 
0.999986 0.71896 
0.982456 0.75 
0.96494 0.7809 
0.9474 0.812072 
0.929843 0.843461 
0.912279 0.874919 
0.894717 0.90638 
0.877161 0.9378 
0.859621 0.969029 
0.842105 1 
1.50877 0 
1.54386 0 
1.57895 0 
1.42107 0.0308716 
1.45616 0.0308702 
1.49124 0.0308746 
1.40353 0.0620328 
1.38598 0.0934238 
1.36842 0.124892 
1.35087 0.156365 
1.33332 0.187797 
1.31578 0.219033 
1.29825 0.25 
1.28073 0.281024 
1.2632 0.312434 
1.24565 0.344183 
1.22809 0.376055 
1.21053 0.407799 
1.19296 0.439255 
1.17538 0.47041 
1.15781 0.501366 
1.14025 0.532265 
1.12271 0.563068 
1.10519 0.593925 
1.08767 0.624985 
1.07016 0.656276 
1.05262 0.687668 
1.03508 0.718955 
1.01754 0.75 
1.00003 0.780911 
0.982492 0.812086 
0.96494 0.843474 
0.94738 0.87493 
0.929821 0.906391 
0.912264 0.937811 
0.894719 0.969037 
0.877193 1 
1.61404 0 
1.64912 0 
1.68421 0 
1.7193 0 
1.75439 0 
1.52632 0.0308845 
1.5614 0.0308967 
1.59648 0.0309095 
1.78947 0 
1.82456 0 
1.85965 0 
1.89474 0 
1.43862 0.062027 
1.47371 0.0620283 
1.50879 0.0620391 
1.42107 0.0934146 
1.40351 0.124883 
1.38596 0.156358 
1.36841 0.187794 
1.35086 0.219033 
1.33333 0.25 
1.31581 0.281028 
1.29827 0.31244 
1.28072 0.344185 
1.26315 0.376051 
1.24559 0.407789 
1.22802 0.439241 
1.21045 0.470393 
1.19288 0.501347 
1.17532 0.532246 
1.15778 0.563048 
1.14025 0.593908 
1.12275 0.624972 
1.10524 0.656266 
1.08772 0.687662 
1.07018 0.718952 
1.05263 0.75 
1.03511 0.780918 
1.01757 0.812099 
1.00003 0.843487 
0.982474 0.874941 
0.964919 0.906402 
0.947363 0.937821 
0.929815 0.969044 
0.912281 1 
1.63156 0.0309267 
1.66663 0.0309634 
1.70171 0.0310507 
1.73684 0.031219 
1.77209 0.0314449 
1.54386 0.0620568 
1.57893 0.0620774 
1.614 0.0621011 
1.80756 0.0316466 
1.84322 0.031343 
1.87855 0.0301122 
1.91301 0.0281677 
1.92982 0 
1.96491 0 
1.45616 0.0934094 
1.49124 0.0934127 
1.52631 0.0934264 
1.4386 0.124875 
1.42105 0.156349 
1.40349 0.18779 
1.38595 0.219035 
1.36842 0.25 
1.3509 0.281031 
1.33336 0.312444 
1.31579 0.344187 
1.29822 0.376046 
1.28064 0.407777 
1.26306 0.439226 
1.2455 0.470378 
1.22794 0.501331 
1.21038 0.532231 
1.19284 0.563033 
1.17532 0.593894 
1.15781 0.624959 
1.14032 0.656256 
1.1228 0.687657 
1.10527 0.718951 
1.08772 0.75 
1.07018 0.780922 
1.05265 0.812109 
1.03511 0.843499 
1.01756 0.874952 
1.00001 0.906412 
0.982457 0.937831 
0.964908 0.969052 
0.947368 1 
1.64906 0.0621451 
1.68413 0.0622516 
1.71924 0.0624723 
1.75449 0.0628412 
1.79005 0.0633717 
1.56139 0.0934479 
1.59645 0.093473 
1.63151 0.0935148 
1.82617 0.0638696 
1.86297 0.0624663 
1.8978 0.0587192 
1.92998 0.0536991 
1.94718 0.0264815 
1.97624 0.023203 
2 0 
1.47368 0.12487 
1.50877 0.124873 
1.54384 0.124887 
1.45613 0.156338 
1.43858 0.18778 
1.42104 0.219031 
1.40351 0.25 
1.38599 0.28103 
1.36845 0.312444 
1.35088 0.344186 
1.3333 0.376041 
1.3157 0.407766 
1.2981 0.439209 
1.28053 0.470359 
1.26298 0.501313 
1.24544 0.532218 
1.22791 0.563018 
1.21039 0.593878 
1.19288 0.624945 
1.17538 0.656246 
1.15788 0.687651 
1.14035 0.718948 
1.12281 0.75 
1.10526 0.780924 
1.08772 0.812115 
1.07018 0.843509 
1.05264 0.874962 
1.0351 0.906421 
1.01755 0.937837 
0.999997 0.969057 
0.982456 1 
1.66657 0.0936024 
1.70164 0.0937957 
1.73678 0.0941542 
1.7721 0.0947435 
1.80802 0.0958402 
1.57891 0.124911 
1.61397 0.124947 
1.64902 0.124993 
1.84714 0.0990592 
1.88495 0.09171 
1.91734 0.0861601 
1.94471 0.0798732 
1.96912 0.0538193 
2 0.0357143 
1.49122 0.156331 
1.5263 0.156335 
1.56137 0.156352 
1.47367 0.187766 
1.45612 0.219021 
1.4386 0.25 
1.42108 0.281028 
1.40354 0.312441 
1.38598 0.344182 
1.36838 0.376034 
1.35077 0.407752 
1.33315 0.439187 
1.31557 0.470333 
1.29802 0.501289 
1.28048 0.532199 
1.26296 0.563003 
1.24545 0.593866 
1.22795 0.624935 
1.21045 0.656244 
1.19295 0.687648 
1.17543 0.718945 
1.15789 0.75 
1.14034 0.780925 
1.12279 0.812119 
1.10525 0.843516 
1.08771 0.87497 
1.07017 0.906428 
1.05263 0.93784 
1.03508 0.969058 
1.01754 1 
1.68408 0.12516 
1.71913 0.125423 
1.75418 0.125871 
1.78915 0.126502 
1.82352 0.127521 
1.59644 0.156379 
1.63149 0.156421 
1.66654 0.156496 
1.85125 0.131877 
1.87312 0.120131 
1.90568 0.124749 
1.9417 0.108443 
1.97103 0.0910186 
2 0.0714286 
1.50875 0.187759 
1.54383 0.187765 
1.57891 0.187782 
1.49121 0.21901 
1.47368 0.25 
1.45616 0.281026 
1.43862 0.312437 
1.42106 0.344175 
1.40347 0.376022 
1.38585 0.407731 
1.36822 0.439156 
1.35062 0.470296 
1.33305 0.501254 
1.31551 0.532171 
1.298 0.562986 
1.2805 0.593855 
1.26301 0.624936 
1.24551 0.656249 
1.22801 0.687651 
1.2105 0.718945 
1.19298 0.75 
1.17542 0.780925 
1.15787 0.812119 
1.14032 0.843518 
1.12278 0.874974 
1.10525 0.906434 
1.08771 0.937844 
1.07017 0.969057 
1.05263 1 
1.70157 0.15666 
1.73654 0.156978 
1.77141 0.157484 
1.80611 0.158268 
1.83977 0.158293 
1.61397 0.187805 
1.64903 0.18784 
1.68407 0.187912 
1.87659 0.153262 
1.91398 0.164199 
1.94087 0.143256 
1.97061 0.125602 
2 0.107143 
1.5263 0.219008 
1.56138 0.219011 
1.59646 0.219023 
1.50877 0.25 
1.49124 0.281031 
1.47369 0.31244 
1.45614 0.344172 
1.43855 0.376008 
1.42094 0.407705 
1.4033 0.439118 
1.38568 0.470251 
1.3681 0.501209 
1.35054 0.532129 
1.33302 0.562953 
1.31553 0.59384 
1.29806 0.624933 
1.28058 0.656249 
1.26308 0.687656 
1.24558 0.718951 
1.22807 0.75 
1.21051 0.780924 
1.19295 0.812116 
1.1754 0.843515 
1.15786 0.874974 
1.14032 0.906436 
1.12278 0.937847 
1.10525 0.969058 
1.08772 1 
1.71908 0.188067 
1.75402 0.188365 
1.7888 0.188887 
1.82333 0.189218 
1.85782 0.189414 
1.63153 0.219033 
1.6666 0.219053 
1.70165 0.219102 
1.89266 0.191481 
1.92054 0.194439 
1.94642 0.180061 
1.97252 0.160638 
2 0.142857 
1.54386 0.25 
1.57895 0.25 
1.61404 0.25 
1.52631 0.281041 
1.50876 0.312454 
1.49119 0.344181 
1.47361 0.376005 
1.456 0.407687 
1.43838 0.439086 
1.42075 0.470208 
1.40317 0.501161 
1.38559 0.532075 
1.36805 0.562904 
1.35056 0.593801 
1.3331 0.624904 
1.31564 0.656236 
1.29815 0.68766 
1.28066 0.718958 
1.26316 0.75 
1.24561 0.780921 
1.22804 0.812112 
1.21048 0.843509 
1.19293 0.874969 
1.17539 0.906432 
1.15785 0.937845 
1.14033 0.969058 
1.12281 1 
1.73667 0.219216 
1.87571 0.220458 
1.77163 0.219454 
1.80644 0.219993 
1.84103 0.22038 
1.64912 0.25 
1.68421 0.25 
1.7193 0.25 
1.9098 0.220732 
1.94575 0.217787 
1.97359 0.196163 
2 0.178571 
1.5614 0.281053 
1.59649 0.28106 
1.63158 0.281057 
1.54383 0.312475 
1.52625 0.344205 
1.50865 0.376022 
1.49105 0.407692 
1.47343 0.439078 
1.45582 0.470185 
1.43824 0.501125 
1.42065 0.532022 
1.40311 0.562843 
1.38561 0.593743 
1.36816 0.624861 
1.3507 0.656216 
1.33323 0.687659 
1.31574 0.718964 
1.29825 0.75 
1.2807 0.780918 
1.26314 0.812107 
1.24557 0.843502 
1.22802 0.874962 
1.21047 0.906424 
1.19293 0.937838 
1.17541 0.969054 
1.15789 1 
1.75439 0.25 
1.89474 0.25 
1.85965 0.25 
1.78947 0.25 
1.82456 0.25 
1.66667 0.281035 
1.70174 0.281 
1.73682 0.280907 
1.92982 0.25 
1.96491 0.25 
1.97685 0.225638 
2 0.214286 
1.57891 0.312495 
1.61402 0.312498 
1.64912 0.312477 
1.56132 0.344235 
1.54372 0.37606 
1.5261 0.407731 
1.50849 0.439106 
1.49089 0.470194 
1.47331 0.501114 
1.45574 0.53199 
1.4382 0.562798 
1.4207 0.593695 
1.40324 0.624823 
1.38579 0.656195 
1.36831 0.687655 
1.35082 0.718967 
1.33333 0.75 
1.31579 0.780917 
1.29823 0.812103 
1.28067 0.843496 
1.26311 0.874953 
1.24555 0.906414 
1.22801 0.93783 
1.21049 0.969049 
1.19298 1 
1.91326 0.276817 
1.77195 0.280702 
1.87816 0.27838 
1.84279 0.279172 
1.80724 0.280171 
1.68419 0.312428 
1.71924 0.312334 
1.75431 0.311908 
1.94757 0.275136 
1.93203 0.30116 
1.97632 0.271885 
2 0.25 
1.59643 0.344254 
1.63155 0.344245 
1.66664 0.3442 
1.57882 0.376099 
1.5612 0.407782 
1.54357 0.439156 
1.52597 0.470232 
1.5084 0.501133 
1.49083 0.531987 
1.4733 0.562777 
1.4558 0.593667 
1.43835 0.624793 
1.42089 0.656177 
1.4034 0.687651 
1.3859 0.718965 
1.36842 0.75 
1.35088 0.780917 
1.33332 0.812102 
1.31576 0.843492 
1.2982 0.874946 
1.28064 0.906405 
1.2631 0.937821 
1.24558 0.969044 
1.22807 1 
1.89726 0.306265 
1.78948 0.311267 
1.86128 0.308024 
1.8251 0.310138 
1.70168 0.344113 
1.73668 0.343882 
1.77167 0.343404 
1.9163 0.331644 
1.94529 0.325818 
1.9691 0.300956 
2 0.283333 
1.61396 0.376108 
1.64908 0.376078 
1.68414 0.376006 
1.59634 0.407812 
1.57871 0.439202 
1.56109 0.47028 
1.54351 0.501171 
1.52593 0.532013 
1.50841 0.562787 
1.49092 0.593662 
1.47346 0.624786 
1.45599 0.656163 
1.4385 0.687646 
1.421 0.718959 
1.40351 0.75 
1.38597 0.780914 
1.36841 0.812098 
1.35085 0.843488 
1.33329 0.87494 
1.31574 0.906397 
1.29819 0.937811 
1.28066 0.969037 
1.26316 1 
1.88132 0.337179 
1.80669 0.34254 
1.84325 0.340906 
1.71912 0.375875 
1.75403 0.375678 
1.78885 0.375473 
1.9052 0.368631 
1.94181 0.351951 
1.97125 0.335638 
2 0.316667 
1.63148 0.407805 
1.66658 0.40776 
1.70161 0.407689 
1.61386 0.439222 
1.59624 0.470319 
1.57864 0.501216 
1.56105 0.532059 
1.54352 0.562823 
1.52603 0.593691 
1.50857 0.624797 
1.4911 0.656172 
1.4736 0.687637 
1.45609 0.718951 
1.4386 0.75 
1.42106 0.780907 
1.4035 0.812089 
1.38595 0.843481 
1.36839 0.874935 
1.35083 0.906391 
1.33328 0.937805 
1.31575 0.969031 
1.29825 1 
1.86158 0.372822 
1.82414 0.375221 
1.73654 0.40764 
1.77127 0.407681 
1.80564 0.40799 
1.88186 0.401241 
1.9143 0.40103 
1.94036 0.384428 
1.97075 0.367513 
2 0.35 
1.64899 0.439213 
1.68408 0.439194 
1.71911 0.439253 
1.63139 0.470343 
1.61378 0.501257 
1.59619 0.532108 
1.57864 0.562869 
1.56115 0.593723 
1.54368 0.624829 
1.5262 0.656185 
1.5087 0.687626 
1.49119 0.718942 
1.47368 0.75 
1.45615 0.780897 
1.4386 0.812076 
1.42104 0.84347 
1.40348 0.874928 
1.38593 0.906387 
1.36838 0.937802 
1.35084 0.969029 
1.33333 1 
1.84393 0.412857 
1.75406 0.439511 
1.7885 0.439783 
1.81757 0.436349 
1.86949 0.432763 
1.90533 0.433662 
1.94 0.417008 
1.97017 0.400456 
2 0.383333 
1.66651 0.470364 
1.70162 0.470479 
1.73675 0.470754 
1.64892 0.501301 
1.63133 0.532159 
1.61377 0.562914 
1.59627 0.593757 
1.5788 0.624844 
1.56131 0.65618 
1.54381 0.687618 
1.52628 0.718936 
1.50877 0.75 
1.49124 0.780889 
1.4737 0.812062 
1.45614 0.843456 
1.43858 0.874919 
1.42102 0.906381 
1.40347 0.937799 
1.38593 0.969028 
1.36842 1 
1.84384 0.450918 
1.7721 0.471343 
1.81038 0.470404 
1.87859 0.467461 
1.91396 0.466936 
1.93991 0.449179 
1.96994 0.433293 
2 0.416667 
1.68405 0.501402 
1.71919 0.501613 
1.75439 0.502229 
1.66646 0.532224 
1.64889 0.562972 
1.63138 0.593804 
1.6139 0.624865 
1.59642 0.656185 
1.57891 0.687619 
1.56138 0.718937 
1.54386 0.75 
1.52634 0.780886 
1.5088 0.812055 
1.49124 0.843446 
1.47368 0.87491 
1.45612 0.906373 
1.43857 0.937794 
1.42103 0.969026 
1.40351 1 
1.84338 0.485556 
1.78945 0.503042 
1.81947 0.504228 
1.8697 0.501636 
1.9045 0.500789 
1.9396 0.484357 
1.96964 0.466596 
2 0.45 
1.70158 0.532332 
1.73676 0.532483 
1.77234 0.53279 
1.68398 0.563042 
1.66646 0.593858 
1.64899 0.624915 
1.63151 0.656214 
1.61401 0.687634 
1.59648 0.718946 
1.57895 0.75 
1.56142 0.780892 
1.54389 0.812058 
1.52634 0.843445 
1.50878 0.874905 
1.49122 0.906366 
1.47367 0.937789 
1.45612 0.969023 
1.4386 1 
1.84353 0.519761 
1.81034 0.534289 
1.87876 0.534534 
1.91438 0.53372 
1.93965 0.516224 
1.9697 0.500002 
2 0.483333 
1.71902 0.563095 
1.75394 0.562966 
1.78788 0.562911 
1.70148 0.59395 
1.68403 0.625005 
1.66658 0.656275 
1.64909 0.687671 
1.63156 0.718961 
1.61404 0.75 
1.59651 0.780904 
1.57897 0.812073 
1.56143 0.843456 
1.54388 0.87491 
1.52632 0.906367 
1.50877 0.937788 
1.49122 0.969022 
1.47368 1 
1.84349 0.551282 
1.81687 0.565675 
1.87021 0.567933 
1.9055 0.566616 
1.93957 0.55047 
1.96976 0.533222 
2 0.516667 
1.73639 0.594015 
1.77098 0.594011 
1.80526 0.593631 
1.71899 0.625124 
1.70159 0.656385 
1.68414 0.687734 
1.66664 0.718984 
1.64912 0.75 
1.6316 0.780918 
1.61406 0.812095 
1.59652 0.843478 
1.57897 0.874925 
1.56142 0.906378 
1.54387 0.937795 
1.52631 0.969026 
1.50877 1 
1.84319 0.589274 
1.88197 0.598721 
1.91471 0.599178 
1.9399 0.581772 
1.96966 0.565971 
2 0.55 
1.75383 0.625265 
1.78861 0.62531 
1.82398 0.624664 
1.73653 0.656571 
1.71916 0.687853 
1.70171 0.719025 
1.68421 0.75 
1.66668 0.780932 
1.64915 0.812118 
1.63161 0.843504 
1.61406 0.874947 
1.59651 0.906399 
1.57896 0.937812 
1.56141 0.969036 
1.54386 1 
1.8623 0.62745 
1.90464 0.63179 
1.93984 0.616905 
1.96991 0.599603 
2 0.583333 
1.7714 0.656892 
1.80613 0.657571 
1.84262 0.658745 
1.75412 0.688114 
1.73675 0.719119 
1.7193 0.75 
1.70177 0.780933 
1.68424 0.812124 
1.66671 0.843517 
1.64916 0.874971 
1.6316 0.906421 
1.61405 0.937834 
1.59649 0.969051 
1.57895 1 
1.87926 0.66232 
1.91476 0.668774 
1.93987 0.649216 
1.97021 0.63293 
2 0.616667 
1.78909 0.688643 
1.82436 0.689397 
1.85966 0.691069 
1.77177 0.719353 
1.75439 0.75 
1.73689 0.78089 
1.71937 0.81207 
1.70183 0.843472 
1.68428 0.874934 
1.66671 0.906426 
1.64914 0.93785 
1.63158 0.969066 
1.61404 1 
1.8936 0.693719 
1.92133 0.696813 
1.94577 0.682832 
1.97184 0.666072 
2 0.65 
1.8068 0.719848 
1.84188 0.720503 
1.87659 0.721248 
1.78947 0.75 
1.77205 0.780731 
1.75455 0.811866 
1.73698 0.843273 
1.71944 0.874836 
1.70184 0.906382 
1.68424 0.937841 
1.66667 0.969071 
1.64912 1 
1.91038 0.72193 
1.94618 0.719798 
1.97435 0.698696 
2 0.683333 
1.82456 0.75 
1.89474 0.75 
1.85965 0.75 
1.80729 0.780404 
1.78987 0.811457 
1.77237 0.842937 
1.7547 0.874642 
1.73704 0.906268 
1.71937 0.937785 
1.70177 0.969053 
1.68421 1 
1.92982 0.75 
1.96491 0.75 
1.97726 0.726917 
2 0.716667 
1.84258 0.77995 
1.9127 0.777873 
1.87781 0.77915 
1.82535 0.81075 
1.80789 0.84223 
1.79029 0.874174 
1.77239 0.90611 
1.75454 0.937678 
1.73687 0.969005 
1.7193 1 
1.94704 0.776486 
1.97614 0.773301 
2 0.75 
1.93095 0.804085 
1.86098 0.809618 
1.89634 0.80756 
1.8437 0.840964 
1.82628 0.873264 
1.80857 0.905834 
1.78978 0.937551 
1.77195 0.968953 
1.75439 1 
1.96874 0.804305 
2 0.785714 
1.94433 0.829974 
1.91535 0.835255 
1.88022 0.839378 
1.86285 0.871043 
1.84813 0.906433 
1.82465 0.937409 
1.80685 0.969079 
1.78947 1 
1.97067 0.841066 
2 0.821429 
1.94071 0.858099 
1.90313 0.872363 
1.87932 0.896557 
1.87678 0.920204 
1.85868 0.940775 
1.8412 0.969782 
1.82456 1 
1.97027 0.875453 
2 0.857143 
1.93913 0.893077 
1.90683 0.913804 
1.89094 0.943449 
1.87574 0.970837 
1.85965 1 
1.97109 0.910481 
2 0.892857 
1.94278 0.928259 
1.91841 0.944055 
1.90922 0.971028 
1.89474 1 
1.97435 0.944667 
2 0.928571 
1.94566 0.967836 
1.92982 1 
1.97698 0.975358 
2 0.964286 
1.96491 1 
2 1 
