912 16
0 14
1
9
15
2
23
32
45
54
74
78
81
82
85
86

1 46
0
1
3
4
5
6
16
34
35
36
37
55
56
57
87
88
119
147
148
154
180
181
183
184
182
185
201
202
232
233
258
285
286
287
312
313
339
363
364
366
389
390
391
392
393
394

2 46
11
10
2
12
13
24
25
26
33
58
59
60
62
63
64
99
100
133
155
156
157
189
190
192
193
223
226
227
255
279
280
284
308
309
311
334
336
337
338
360
361
384
385
402
403
432

3 134
423
394
425
449
478
479
480
507
508
509
522
523
524
556
584
585
590
619
620
622
650
651
653
680
681
683
684
685
713
717
718
747
748
749
773
774
799
824
825
832
856
857
859
881
882
887
901
902
903
928
929
930
958
959
960
987
988
989
1019
1020
1021
1053
1054
1084
1085
1086
1116
1126
1127
1128
1157
1158
1159
1190
1191
1192
1223
1224
1242
1243
1244
1256
1257
1258
1287
1304
1305
1331
1349
1350
1372
1373
1374
1398
1402
1403
1413
1414
1415
1444
1445
1446
1475
1476
1477
1504
1505
1506
1534
1561
1584
1585
1586
1607
1608
1618
1619
1620
1636
1637
1638
1667
1699
1700
1668
1702
1703
1709
1710
1711
1712
1713
1714
1715

4 134
432
433
434
447
448
473
476
477
488
519
520
548
552
553
579
582
583
609
612
613
623
624
625
654
655
656
686
687
688
719
720
721
753
781
782
786
811
812
814
815
841
844
845
869
895
896
900
925
926
945
946
956
957
974
985
986
1013
1016
1017
1018
1046
1047
1051
1052
1080
1082
1083
1087
1088
1089
1090
1120
1121
1152
1155
1156
1182
1183
1184
1213
1221
1222
1252
1255
1284
1285
1310
1311
1312
1318
1345
1346
1348
1378
1379
1404
1405
1406
1433
1434
1435
1462
1463
1464
1492
1521
1522
1523
1547
1548
1549
1572
1595
1596
1597
1621
1622
1623
1624
1651
1652
1653
1669
1635
1685
1716
1717
1718
1722
1723
1724
1725
1726
1727

5 14
1705
1668
1706
1707
1708
1752
1801
1845
1877
1904
1927
1950
1971
1988

6 54
2005
1988
2021
2036
2050
2064
2076
2086
2095
2103
2108
2116
2124
2126
2136
2144
2146
2156
2164
2166
2176
2184
2186
2196
2204
2206
2215
2222
2227
2235
2242
2247
2255
2262
2267
2275
2282
2287
2295
2302
2307
2315
2322
2326
2335
2342
2349
2350
2351
2363
2364
2377
2394
2396

7 14
1635
1671
1721
1749
1750
1751
1799
1843
1875
1902
1925
1948
1969
1987

8 54
1987
2004
2020
2035
2049
2063
2075
2083
2092
2100
2109
2115
2122
2127
2135
2142
2147
2155
2162
2167
2175
2182
2187
2195
2202
2207
2216
2224
2226
2236
2244
2246
2256
2264
2266
2276
2284
2286
2296
2304
2306
2316
2325
2334
2341
2348
2358
2359
2370
2371
2375
2376
2393
2413

9 14
2397
2396
2421
2423
2398
2424
2456
2458
2459
2460
2461
2462
2463
2464

10 134
2426
2398
2465
2507
2511
2554
2556
2594
2630
2631
2635
2636
2659
2660
2692
2693
2695
2696
2727
2750
2751
2755
2779
2780
2782
2783
2784
2811
2828
2829
2852
2870
2871
2872
2901
2902
2928
2929
2930
2931
2966
2968
2998
3026
3027
3031
3055
3056
3058
3082
3083
3085
3108
3109
3111
3137
3138
3140
3165
3166
3168
3169
3170
3198
3201
3202
3203
3204
3205
3236
3267
3291
3292
3293
3316
3317
3318
3344
3345
3346
3373
3374
3375
3404
3405
3406
3435
3436
3449
3450
3451
3482
3502
3503
3504
3534
3535
3536
3565
3566
3579
3580
3581
3613
3616
3617
3620
3650
3651
3679
3682
3683
3710
3711
3712
3725
3726
3727
3759
3775
3776
3803
3815
3816
3835
3836
3837
3861
3885
3886
3890
3914
3915
3917

11 14
2413
2412
2414
2443
2444
2446
2447
2415
2484
2486
2487
2488
2489
2490

12 134
2415
2449
2493
2534
2537
2538
2539
2579
2582
2583
2598
2599
2600
2637
2638
2639
2661
2662
2663
2697
2729
2730
2756
2757
2758
2785
2786
2787
2814
2815
2816
2841
2842
2843
2867
2868
2869
2895
2896
2897
2922
2923
2924
2932
2958
2959
2960
2961
2962
2969
3002
3032
3033
3059
3086
3087
3112
3113
3117
3118
3119
3147
3171
3172
3173
3206
3207
3208
3237
3238
3239
3262
3288
3289
3312
3326
3327
3328
3341
3342
3343
3368
3369
3396
3402
3403
3430
3433
3434
3464
3467
3468
3469
3485
3486
3487
3488
3517
3518
3519
3548
3549
3550
3582
3583
3584
3600
3618
3619
3652
3655
3656
3684
3685
3686
3715
3716
3717
3747
3748
3749
3777
3778
3779
3806
3807
3808
3838
3864
3865
3866
3891
3892
3893

13 46
3928
3917
3929
3930
3931
3961
3962
3994
4024
4025
4037
4038
4039
4063
4066
4067
4081
4082
4083
4109
4110
4111
4138
4139
4140
4168
4169
4170
4186
4187
4188
4189
4190
4191
4192
4193
4194
4195
4196
4197
4198
4237
4239
4240
4241
4282

14 46
3893
3918
3925
3926
3927
3956
3957
3986
3992
3993
4019
4022
4023
4050
4070
4071
4080
4106
4107
4126
4127
4137
4164
4165
4167
4208
4209
4211
4251
4252
4254
4283
4284
4316
4343
4363
4378
4391
4402
4411
4420
4427
4433
4437
4440
4441

15 14
4315
4282
4342
4362
4377
4389
4400
4409
4417
4424
4430
4435
4439
4441

