1808 16
0 27
1
9
15
2
23
32
45
54
74
78
81
82
85
86
4442
4443
4444
4445
4446
4447
4448
4449
4450
4451
4452
4453
4454

1 91
0
1
3
4
5
6
16
34
35
36
37
55
56
57
87
88
119
147
148
154
180
181
183
184
182
185
201
202
232
233
258
285
286
287
312
313
339
363
364
366
389
390
391
392
393
394
4455
4456
4457
4458
4459
4460
4461
4462
4463
4464
4465
4466
4467
4468
4469
4470
4471
4472
4473
4474
4475
4476
4477
4478
4479
4480
4481
4482
4483
4484
4485
4486
4487
4488
4489
4490
4491
4492
4493
4494
4495
4496
4497
4498
4499

2 91
11
10
2
12
13
24
25
26
33
58
59
60
62
63
64
99
100
133
155
156
157
189
190
192
193
223
226
227
255
279
280
284
308
309
311
334
336
337
338
360
361
384
385
402
403
432
4500
4501
4502
4503
4504
4505
4506
4507
4508
4509
4510
4511
4512
4513
4514
4515
4516
4517
4518
4519
4520
4521
4522
4523
4524
4525
4526
4527
4528
4529
4530
4531
4532
4533
4534
4535
4536
4537
4538
4539
4540
4541
4542
4543
4544

3 267
423
394
425
449
478
479
480
507
508
509
522
523
524
556
584
585
590
619
620
622
650
651
653
680
681
683
684
685
713
717
718
747
748
749
773
774
799
824
825
832
856
857
859
881
882
887
901
902
903
928
929
930
958
959
960
987
988
989
1019
1020
1021
1053
1054
1084
1085
1086
1116
1126
1127
1128
1157
1158
1159
1190
1191
1192
1223
1224
1242
1243
1244
1256
1257
1258
1287
1304
1305
1331
1349
1350
1372
1373
1374
1398
1402
1403
1413
1414
1415
1444
1445
1446
1475
1476
1477
1504
1505
1506
1534
1561
1584
1585
1586
1607
1608
1618
1619
1620
1636
1637
1638
1667
1699
1700
1668
1702
1703
1709
1710
1711
1712
1713
1714
1715
4545
4546
4547
4548
4549
4550
4551
4552
4553
4554
4555
4556
4557
4558
4559
4560
4561
4562
4563
4564
4565
4566
4567
4568
4569
4570
4571
4572
4573
4574
4575
4576
4577
4578
4579
4580
4581
4582
4583
4584
4585
4586
4587
4588
4589
4590
4591
4592
4593
4594
4595
4596
4597
4598
4599
4600
4601
4602
4603
4604
4605
4606
4607
4608
4609
4610
4611
4612
4613
4614
4615
4616
4617
4618
4619
4620
4621
4622
4623
4624
4625
4626
4627
4628
4629
4630
4631
4632
4633
4634
4635
4636
4637
4638
4639
4640
4641
4642
4643
4644
4645
4646
4647
4648
4649
4650
4651
4652
4653
4654
4655
4656
4657
4658
4659
4660
4661
4662
4663
4664
4665
4666
4667
4668
4669
4670
4671
4672
4673
4674
4675
4676
4677

4 267
432
433
434
447
448
473
476
477
488
519
520
548
552
553
579
582
583
609
612
613
623
624
625
654
655
656
686
687
688
719
720
721
753
781
782
786
811
812
814
815
841
844
845
869
895
896
900
925
926
945
946
956
957
974
985
986
1013
1016
1017
1018
1046
1047
1051
1052
1080
1082
1083
1087
1088
1089
1090
1120
1121
1152
1155
1156
1182
1183
1184
1213
1221
1222
1252
1255
1284
1285
1310
1311
1312
1318
1345
1346
1348
1378
1379
1404
1405
1406
1433
1434
1435
1462
1463
1464
1492
1521
1522
1523
1547
1548
1549
1572
1595
1596
1597
1621
1622
1623
1624
1651
1652
1653
1669
1635
1685
1716
1717
1718
1722
1723
1724
1725
1726
1727
4678
4679
4680
4681
4682
4683
4684
4685
4686
4687
4688
4689
4690
4691
4692
4693
4694
4695
4696
4697
4698
4699
4700
4701
4702
4703
4704
4705
4706
4707
4708
4709
4710
4711
4712
4713
4714
4715
4716
4717
4718
4719
4720
4721
4722
4723
4724
4725
4726
4727
4728
4729
4730
4731
4732
4733
4734
4735
4736
4737
4738
4739
4740
4741
4742
4743
4744
4745
4746
4747
4748
4749
4750
4751
4752
4753
4754
4755
4756
4757
4758
4759
4760
4761
4762
4763
4764
4765
4766
4767
4768
4769
4770
4771
4772
4773
4774
4775
4776
4777
4778
4779
4780
4781
4782
4783
4784
4785
4786
4787
4788
4789
4790
4791
4792
4793
4794
4795
4796
4797
4798
4799
4800
4801
4802
4803
4804
4805
4806
4807
4808
4809
4810

5 27
1705
1668
1706
1707
1708
1752
1801
1845
1877
1904
1927
1950
1971
1988
4811
4812
4813
4814
4815
4816
4817
4818
4819
4820
4821
4822
4823

6 107
2005
1988
2021
2036
2050
2064
2076
2086
2095
2103
2108
2116
2124
2126
2136
2144
2146
2156
2164
2166
2176
2184
2186
2196
2204
2206
2215
2222
2227
2235
2242
2247
2255
2262
2267
2275
2282
2287
2295
2302
2307
2315
2322
2326
2335
2342
2349
2350
2351
2363
2364
2377
2394
2396
4824
4825
4826
4827
4828
4829
4830
4831
4832
4833
4834
4835
4836
4837
4838
4839
4840
4841
4842
4843
4844
4845
4846
4847
4848
4849
4850
4851
4852
4853
4854
4855
4856
4857
4858
4859
4860
4861
4862
4863
4864
4865
4866
4867
4868
4869
4870
4871
4872
4873
4874
4875
4876

7 27
1635
1671
1721
1749
1750
1751
1799
1843
1875
1902
1925
1948
1969
1987
4877
4878
4879
4880
4881
4882
4883
4884
4885
4886
4887
4888
4889

8 107
1987
2004
2020
2035
2049
2063
2075
2083
2092
2100
2109
2115
2122
2127
2135
2142
2147
2155
2162
2167
2175
2182
2187
2195
2202
2207
2216
2224
2226
2236
2244
2246
2256
2264
2266
2276
2284
2286
2296
2304
2306
2316
2325
2334
2341
2348
2358
2359
2370
2371
2375
2376
2393
2413
4890
4891
4892
4893
4894
4895
4896
4897
4898
4899
4900
4901
4902
4903
4904
4905
4906
4907
4908
4909
4910
4911
4912
4913
4914
4915
4916
4917
4918
4919
4920
4921
4922
4923
4924
4925
4926
4927
4928
4929
4930
4931
4932
4933
4934
4935
4936
4937
4938
4939
4940
4941
4942

9 27
2397
2396
2421
2423
2398
2424
2456
2458
2459
2460
2461
2462
2463
2464
4943
4944
4945
4946
4947
4948
4949
4950
4951
4952
4953
4954
4955

10 267
2426
2398
2465
2507
2511
2554
2556
2594
2630
2631
2635
2636
2659
2660
2692
2693
2695
2696
2727
2750
2751
2755
2779
2780
2782
2783
2784
2811
2828
2829
2852
2870
2871
2872
2901
2902
2928
2929
2930
2931
2966
2968
2998
3026
3027
3031
3055
3056
3058
3082
3083
3085
3108
3109
3111
3137
3138
3140
3165
3166
3168
3169
3170
3198
3201
3202
3203
3204
3205
3236
3267
3291
3292
3293
3316
3317
3318
3344
3345
3346
3373
3374
3375
3404
3405
3406
3435
3436
3449
3450
3451
3482
3502
3503
3504
3534
3535
3536
3565
3566
3579
3580
3581
3613
3616
3617
3620
3650
3651
3679
3682
3683
3710
3711
3712
3725
3726
3727
3759
3775
3776
3803
3815
3816
3835
3836
3837
3861
3885
3886
3890
3914
3915
3917
4956
4957
4958
4959
4960
4961
4962
4963
4964
4965
4966
4967
4968
4969
4970
4971
4972
4973
4974
4975
4976
4977
4978
4979
4980
4981
4982
4983
4984
4985
4986
4987
4988
4989
4990
4991
4992
4993
4994
4995
4996
4997
4998
4999
5000
5001
5002
5003
5004
5005
5006
5007
5008
5009
5010
5011
5012
5013
5014
5015
5016
5017
5018
5019
5020
5021
5022
5023
5024
5025
5026
5027
5028
5029
5030
5031
5032
5033
5034
5035
5036
5037
5038
5039
5040
5041
5042
5043
5044
5045
5046
5047
5048
5049
5050
5051
5052
5053
5054
5055
5056
5057
5058
5059
5060
5061
5062
5063
5064
5065
5066
5067
5068
5069
5070
5071
5072
5073
5074
5075
5076
5077
5078
5079
5080
5081
5082
5083
5084
5085
5086
5087
5088

11 27
2413
2412
2414
2443
2444
2446
2447
2415
2484
2486
2487
2488
2489
2490
5089
5090
5091
5092
5093
5094
5095
5096
5097
5098
5099
5100
5101

12 267
2415
2449
2493
2534
2537
2538
2539
2579
2582
2583
2598
2599
2600
2637
2638
2639
2661
2662
2663
2697
2729
2730
2756
2757
2758
2785
2786
2787
2814
2815
2816
2841
2842
2843
2867
2868
2869
2895
2896
2897
2922
2923
2924
2932
2958
2959
2960
2961
2962
2969
3002
3032
3033
3059
3086
3087
3112
3113
3117
3118
3119
3147
3171
3172
3173
3206
3207
3208
3237
3238
3239
3262
3288
3289
3312
3326
3327
3328
3341
3342
3343
3368
3369
3396
3402
3403
3430
3433
3434
3464
3467
3468
3469
3485
3486
3487
3488
3517
3518
3519
3548
3549
3550
3582
3583
3584
3600
3618
3619
3652
3655
3656
3684
3685
3686
3715
3716
3717
3747
3748
3749
3777
3778
3779
3806
3807
3808
3838
3864
3865
3866
3891
3892
3893
5102
5103
5104
5105
5106
5107
5108
5109
5110
5111
5112
5113
5114
5115
5116
5117
5118
5119
5120
5121
5122
5123
5124
5125
5126
5127
5128
5129
5130
5131
5132
5133
5134
5135
5136
5137
5138
5139
5140
5141
5142
5143
5144
5145
5146
5147
5148
5149
5150
5151
5152
5153
5154
5155
5156
5157
5158
5159
5160
5161
5162
5163
5164
5165
5166
5167
5168
5169
5170
5171
5172
5173
5174
5175
5176
5177
5178
5179
5180
5181
5182
5183
5184
5185
5186
5187
5188
5189
5190
5191
5192
5193
5194
5195
5196
5197
5198
5199
5200
5201
5202
5203
5204
5205
5206
5207
5208
5209
5210
5211
5212
5213
5214
5215
5216
5217
5218
5219
5220
5221
5222
5223
5224
5225
5226
5227
5228
5229
5230
5231
5232
5233
5234

13 91
3928
3917
3929
3930
3931
3961
3962
3994
4024
4025
4037
4038
4039
4063
4066
4067
4081
4082
4083
4109
4110
4111
4138
4139
4140
4168
4169
4170
4186
4187
4188
4189
4190
4191
4192
4193
4194
4195
4196
4197
4198
4237
4239
4240
4241
4282
5235
5236
5237
5238
5239
5240
5241
5242
5243
5244
5245
5246
5247
5248
5249
5250
5251
5252
5253
5254
5255
5256
5257
5258
5259
5260
5261
5262
5263
5264
5265
5266
5267
5268
5269
5270
5271
5272
5273
5274
5275
5276
5277
5278
5279

14 91
3893
3918
3925
3926
3927
3956
3957
3986
3992
3993
4019
4022
4023
4050
4070
4071
4080
4106
4107
4126
4127
4137
4164
4165
4167
4208
4209
4211
4251
4252
4254
4283
4284
4316
4343
4363
4378
4391
4402
4411
4420
4427
4433
4437
4440
4441
5280
5281
5282
5283
5284
5285
5286
5287
5288
5289
5290
5291
5292
5293
5294
5295
5296
5297
5298
5299
5300
5301
5302
5303
5304
5305
5306
5307
5308
5309
5310
5311
5312
5313
5314
5315
5316
5317
5318
5319
5320
5321
5322
5323
5324

15 27
4315
4282
4342
4362
4377
4389
4400
4409
4417
4424
4430
4435
4439
4441
5325
5326
5327
5328
5329
5330
5331
5332
5333
5334
5335
5336
5337

