  0.00822926009
  0.00762310117
  0.00679865712
  0.00705934351
  0.00727265041
  0.00744625036
  0.00758578090
  0.00767709673
  0.00772650773
  0.00775912309
  0.00778011744
  0.00779799389
  0.00781390760
  0.00782913097
  0.00784324432
  0.00785684747
  0.00786919322
  0.00788049419
  0.00789050053
  0.00789936797
  0.00790659627
  0.00791309409
  0.00791821521
  0.00792249314
  0.00792593083
  0.00792851695
  0.00793049979
  0.00793218299
  0.00793339834
  0.00793429208
  0.00793482642
  0.00793525785
  0.00793564394
  0.00793578736
  0.00793579152
  0.00793567697
  0.00793577603
  0.00793558217
  0.00793535120
  0.00793505989
  0.00793483036
  0.00793461981
  0.00793448868
  0.00793431868
  0.00793409551
  0.00793395079
  0.00793377813
  0.00793359571
  0.00793337069
  0.00793328453
  0.00793315642
  0.00793297747
  0.00793301432
  0.00793292583
  0.00793286084
  0.00793278866
  0.00793263285
  0.00793244904
  0.00793241460
  0.00793239801
  0.00793227545
  0.00793215946
  0.00793209753
  0.00793199241
  0.00793203319
  0.00793194369
  0.00793189367
  0.00793173971
  0.00793166741
  0.00793171321
  0.00793163195
  0.00793159563
  0.00793159493
  0.00793153750
  0.00793144370
  0.00793139560
  0.00793139288
  0.00793132432
  0.00793128749
  0.00793133112
  0.00793130018
  0.00793127543
  0.00793125479
  0.00793123290
  0.00793120871
  0.00793118985
  0.00793117324
  0.00793114783
  0.00793114051
  0.00793112534
  0.00793111324
  0.00793110322
  0.00793108448
  0.00793107481
  0.00793106099
  0.00793101677
  0.00793100835
  0.00793100288
  0.00793099545
  0.00793098834
  0.00793098155
  0.00793097510
  0.00793096903
  0.00793096343
  0.00793085447
  0.00793084631
  0.00793084294
  0.00793083183
  0.00793082839
  0.00793082539
  0.00793082252
  0.00793081978
  0.00793081745
  0.00793081641
  0.00793081427
  0.00793081496
  0.00793081633
  0.00793081582
  0.00793081978
  0.00793081898
  0.00793080925
  0.00793080871
  0.00793082167
  0.00793079775
  0.00793081431
  0.00793081497
  0.00793082139
  0.00793081649
  0.00793081093
  0.00793080876
  0.00793080741
  0.00793080743
  0.00793080720
  0.00793080733
  0.00793080768
  0.00793080758
  0.00793080840
  0.00793080932
  0.00793081014
  0.00793081095
  0.00793081178
  0.00793081266
  0.00793081357
  0.00793081451
  0.00793081545
  0.00793081638
  0.00793081723
  0.00793081781
  0.00793081790
  0.00793081741
  0.00793081672
  0.00793081656
  0.00793081708
  0.00793081828
  0.00793081916
  0.00793081987
  0.00793082042
  0.00793082093
  0.00793082143
  0.00793082194
  0.00793082244
  0.00793082295
  0.00793082345
  0.00793082388
  0.00793082414
  0.00793082428
  0.00793082419
  0.00793082445
  0.00793082507
  0.00793082590
  0.00793082698
  0.00793082818
  0.00793082932
  0.00793083026
  0.00793083097
  0.00793083150
  0.00793083188
  0.00793083217
  0.00793083240
  0.00793083262
  0.00793083283
  0.00793083303
  0.00793083324
  0.00793083343
  0.00793083363
  0.00793083382
  0.00793083400
  0.00793083419
  0.00793083438
  0.00793083457
  0.00793083475
  0.00793083494
  0.00793083513
  0.00793083532
  0.00793083552
  0.00793083571
  0.00793083589
  0.00793083608
  0.00793083625
  0.00793083642
  0.00793083658
  0.00793083673
  0.00793083686
  0.00793083698
  0.00793083709
  0.00793083720
  0.00793083732
  0.00793083746
  0.00793083765
  0.00793083790
  0.00793083822
  0.00793083860
  0.00793083902
  0.00793083940
  0.00793083969
  0.00793083987
  0.00793083997
  0.00793084003
  0.00793084014
  0.00793084033
  0.00793084060
  0.00793084091
  0.00793084122
  0.00793084152
  0.00793084180
  0.00793084207
  0.00793084233
  0.00793084258
  0.00793084281
  0.00793084304
  0.00793084326
  0.00793084347
  0.00793084367
  0.00793084387
  0.00793084406
  0.00793084425
  0.00793084443
  0.00793084461
  0.00793084477
  0.00793084493
  0.00793084508
  0.00793084521
  0.00793084532
  0.00793084542
  0.00793084552
  0.00793084564
  0.00793084581
  0.00793084604
  0.00793084632
  0.00793084659
  0.00793084683
  0.00793084705
  0.00793084723
  0.00793084865
  0.00793084884
  0.00793084904
  0.00793084924
  0.00793084944
  0.00793084965
  0.00793084986
  0.00793085008
  0.00793085031
  0.00793085054
  0.00793085077
  0.00793085101
  0.00793085126
  0.00793085151
  0.00793085177
  0.00793085204
  0.00793085231
  0.00793085259
  0.00793085287
  0.00793085316
  0.00793085346
  0.00793085376
  0.00793085406
  0.00793085437
  0.00793085469
  0.00793085500
  0.00793085531
  0.00793085562
  0.00793085594
  0.00793085625
  0.00793085655
  0.00793085545
  0.00793085582
  0.00793085621
  0.00793085661
  0.00793085703
  0.00793085747
  0.00793085791
  0.00793085835
  0.00793085878
  0.00793085921
  0.00793085962
  0.00793086002
  0.00793086041
  0.00793086077
  0.00793086112
  0.00793086144
