  0.00359939366
  0.00282994178
  0.00255819582
  0.00243575835
  0.00237896726
  0.00235943892
  0.00236481717
  0.00239006864
  0.00243105898
  0.00249020856
  0.00256969136
  0.00267253347
  0.00281267766
  0.00301063595
  0.00334563385
  0.00390966987
  0.00487365947
  0.00615524153
  0.00734704916
  0.00819499950
  0.00884827379
  0.00956408017
  0.01044676456
  0.01160352049
  0.01315875435
  0.01497603551
  0.01681199752
  0.01853819822
  0.01998393989
  0.02147138257
  0.02306128755
  0.02504618809
  0.02759751633
  0.03039940723
  0.02804307541
  0.02881955331
  0.02709714719
  0.02494186867
  0.02478194735
  0.02545431954
  0.02712813665
  0.02806208656
  0.02971065637
  0.03201080922
  0.03260760070
  0.03300642444
  0.03310525786
  0.03281669765
  0.03143216741
  0.02880541997
  0.02659252241
  0.02626771632
  0.02535589435
  0.02334751075
  0.02156133809
  0.02035183639
  0.01922522846
  0.01719019902
  0.01683648777
  0.01591468177
  0.01466158346
  0.01432659362
  0.01276555551
  0.01263646724
  0.01206581275
  0.01210757625
  0.01056056373
  0.00909272582
  0.00952529296
  0.00858224504
  0.00840390209
  0.00812338105
  0.00771197156
  0.00845466298
  0.00779023472
  0.00763669114
  0.00755409875
  0.00694390736
  0.00765229313
  0.00746273682
  0.00730016541
  0.00632056361
  0.00578606728
  0.00599753194
  0.00606890834
  0.00614007531
  0.00588495388
  0.00594019250
  0.00597309280
  0.00629443256
  0.00634482566
  0.00655403841
  0.00662539693
  0.00654353665
  0.00654518819
  0.00645948062
  0.00678308541
  0.00697348837
  0.00744727743
  0.00806464526
  0.00737413470
  0.00722902991
  0.00785189306
  0.00805226930
  0.00567970092
  0.00415522920
  0.00383731570
  0.00401201804
  0.00405051439
  0.00407995066
  0.00401244781
  0.00367359484
  0.00354369869
  0.00364719990
  0.00393685342
  0.00407746664
  0.00391206338
  0.00338104368
  0.00333144991
  0.00351492150
  0.00332303293
  0.00304434603
  0.00303262292
  0.00308842678
  0.00327354374
  0.00348841807
  0.00365082575
  0.00363513970
  0.00355185221
  0.00369900723
  0.00357759201
  0.00301770514
  0.00269615723
  0.00256280835
  0.00249664457
  0.00247305897
  0.00246831225
  0.00242729791
  0.00239928887
  0.00237292574
  0.00232152059
  0.00241284465
  0.00230378872
  0.00235061737
  0.00239243703
  0.00236182558
  0.00229700542
  0.00224014885
  0.00222644164
  0.00222552772
  0.00223558940
  0.00223942304
  0.00222253707
  0.00216714398
  0.00213362217
  0.00213656267
  0.00218694747
  0.00235726990
  0.00210100143
  0.00191116483
  0.00181565535
  0.00179648407
  0.00172894215
  0.00170417035
  0.00167247721
  0.00174379158
  0.00159003279
  0.00153882856
  0.00150849681
  0.00149060650
  0.00146731155
  0.00144215678
  0.00142779233
  0.00142188358
  0.00143806847
  0.00139720302
  0.00138661338
  0.00137933299
  0.00137792366
  0.00135723816
  0.00134124966
  0.00131946492
  0.00139893280
  0.00142836416
  0.00141286505
  0.00129400349
  0.00132334858
  0.00137430077
  0.00143018427
  0.00145945044
  0.00144936438
  0.00137690247
  0.00129675772
  0.00124577971
  0.00122877610
  0.00131865006
  0.00120713400
  0.00120147416
  0.00122764333
  0.00123435103
  0.00113864134
  0.00126885051
  0.00129489548
  0.00135190968
  0.00143648299
  0.00163267634
  0.00159095310
  0.00151263715
  0.00136386034
  0.00123551252
  0.00117346472
  0.00115497162
  0.00109576919
  0.00106472239
  0.00106662952
  0.00104679163
  0.00110294855
  0.00101537227
  0.00098535969
  0.00097801668
  0.00097048826
  0.00103800883
  0.00092111734
  0.00088153023
  0.00085375889
  0.00082281520
  0.00078698088
  0.00077470818
  0.00074987026
  0.00075974974
  0.00072830365
  0.00072794943
  0.00071108738
  0.00070027226
  0.00077264483
  0.00069044650
  0.00069859301
  0.00069112295
  0.00068230493
  0.00067349571
  0.00066855947
  0.00067051212
  0.00067342586
  0.00066933968
  0.00067238692
  0.00067601783
  0.00069534917
  0.00072807115
  0.00078418209
  0.00088189311
  0.00103529435
  0.00116279829
  0.00115919694
  0.00098878012
  0.00079878471
  0.00069089896
  0.00064204509
  0.00069396725
  0.00059672059
  0.00059646226
  0.00058392876
  0.00056393954
  0.00055859390
  0.00057023380
  0.00054729963
  0.00054047040
  0.00053067352
  0.00051681086
  0.00052154940
  0.00052327521
  0.00050578678
  0.00051851415
  0.00051878973
  0.00051479218
  0.00051239259
  0.00061740002
  0.00052456140
  0.00053094765
  0.00052610828
  0.00053253652
  0.00053380825
  0.00053850123
  0.00053568455
  0.00053648862
  0.00053911594
  0.00053581807
  0.00052994067
  0.00053145755
  0.00052397716
  0.00051547865
  0.00053826740
  0.00053773008
  0.00054420407
  0.00055161884
  0.00054510906
  0.00052006569
  0.00049857078
  0.00049778700
  0.00048643159
  0.00046063384
