300	4
0.0720902	0.00665462	24.642	0.587474	
0.0725351	0.00666178	24.6733	0.588463	
0.0720452	0.00663016	24.5711	0.584716	
0.0728842	0.00666416	24.6815	0.588931	
0.0729083	0.00665757	24.6436	0.588357	
0.0727793	0.00664571	24.5858	0.586663	
0.0726543	0.00663158	24.5235	0.585202	
0.0727553	0.00662914	24.4897	0.585366	
0.0726091	0.00661726	24.4341	0.583484	
0.0727919	0.00662049	24.4295	0.584084	
0.0731577	0.00663223	24.465	0.585723	
0.073251	0.00662786	24.3961	0.585345	
0.0733539	0.00662837	24.3804	0.585457	
0.0728134	0.00659862	24.2551	0.581559	
0.0735611	0.00663188	24.3495	0.585754	
0.0729554	0.00660285	24.2159	0.581421	
0.0737226	0.00664516	24.3707	0.58608	
0.0734386	0.00663451	24.2895	0.584173	
0.0728547	0.00661658	24.1718	0.580382	
0.0728789	0.00662152	24.0759	0.580197	
0.0728356	0.0066361	24.0379	0.579975	
0.0730017	0.00666873	24.1007	0.581203	
0.0729593	0.00668566	24.0107	0.581004	
0.0725887	0.0067037	23.984	0.579284	
0.0728961	0.00675812	24.0182	0.581996	
0.0725059	0.00679016	23.8779	0.580257	
0.071512	0.00681219	23.7393	0.575913	
0.0711225	0.00688013	23.6752	0.574887	
0.0702319	0.00693532	23.4613	0.570779	
0.0701852	0.00705682	23.4587	0.572863	
0.0698193	0.00717805	23.3765	0.573082	
0.0690651	0.0073134	23.2604	0.571614	
0.067894	0.00746099	23.0839	0.568793	
0.0665675	0.00766321	22.9065	0.565961	
0.066068	0.00792155	22.7041	0.562899	
0.0650188	0.00825145	22.6469	0.562062	
0.063023	0.00860735	22.4994	0.55622	
0.0625632	0.00905686	22.4483	0.556186	
0.0625063	0.00946828	22.4817	0.55607	
0.0603644	0.00972481	22.0588	0.543492	
0.0601939	0.0100537	22.043	0.544186	
0.061427	0.010028	21.4468	0.574157	
0.0618859	0.0102848	21.386	0.582532	
0.0622332	0.0105741	21.4634	0.590421	
0.058853	0.0105592	20.9817	0.57454	
0.0563916	0.0106164	20.7153	0.562482	
0.0552835	0.010709	20.7578	0.562691	
0.0503771	0.0109903	20.8747	0.519963	
0.0480388	0.0110372	20.7389	0.516642	
0.0472069	0.0107654	20.1298	0.544071	
0.0443761	0.0107123	19.9797	0.536236	
0.0399968	0.0109982	20.289	0.496904	
0.0367124	0.0109887	20.0604	0.484256	
0.0335076	0.0110291	19.8321	0.468907	
0.0306969	0.0110666	19.6484	0.454694	
0.0283089	0.0110093	19.4296	0.442073	
0.026459	0.0109096	19.2787	0.432796	
0.0265086	0.0105137	18.646	0.454165	
0.0232653	0.0107276	18.9103	0.414802	
0.0218286	0.0106027	18.7166	0.406247	
0.0225158	0.0102669	18.2191	0.432618	
0.021693	0.0101459	17.9899	0.430834	
0.0186822	0.0103929	18.301	0.388437	
0.0178239	0.0103319	18.1963	0.383881	
0.0186595	0.00994995	17.6283	0.408731	
0.017573	0.0098298	17.4087	0.395578	
0.0167247	0.00969965	17.1834	0.387591	
0.0161549	0.00966703	17.0827	0.381568	
0.0159554	0.00966098	17.05	0.383179	
0.015835	0.00960296	16.9421	0.384321	
0.0150289	0.00956691	16.7724	0.370192	
0.0152705	0.00955042	16.7608	0.379048	
0.0147052	0.0095422	16.6574	0.369069	
0.0148319	0.00947081	16.5575	0.374375	
0.0141999	0.0094351	16.4013	0.362692	
0.0140415	0.00942979	16.3611	0.361182	
0.0142792	0.00940216	16.3201	0.367951	
0.0134923	0.00934499	16.1023	0.350677	
0.0133985	0.0093196	16.0533	0.350915	
0.013216	0.00928037	15.9465	0.349402	
0.0133309	0.0092695	15.9316	0.354128	
0.0129253	0.00929083	15.8759	0.3482	
0.0130189	0.00924716	15.7965	0.350414	
0.0128996	0.00921216	15.707	0.347729	
0.0125224	0.00920449	15.633	0.338765	
0.0109484	0.00940593	15.9056	0.31041	
0.0124156	0.00916327	15.5204	0.337149	
0.0124938	0.00914294	15.4565	0.338776	
0.0124312	0.00911594	15.3912	0.335557	
0.0125022	0.00907387	15.2937	0.336932	
0.0128079	0.00902951	15.2822	0.342062	
0.0124041	0.00900458	15.1613	0.331035	
0.0122669	0.00892969	14.9827	0.325224	
0.0122624	0.00891128	14.9279	0.323994	
0.0126405	0.00890984	14.9671	0.332487	
0.0123405	0.00887193	14.8399	0.32473	
0.012299	0.00884322	14.7953	0.322623	
0.0121876	0.00874945	14.6164	0.318099	
0.0123408	0.00874684	14.6789	0.324214	
0.0124046	0.00861825	14.5518	0.32603	
0.0122783	0.008527	14.4533	0.324475	
0.0118518	0.00848691	14.3536	0.316198	
0.0114597	0.00841056	14.2047	0.308015	
0.0112981	0.00837458	14.1654	0.308498	
0.0111818	0.008362	14.1778	0.308881	
0.0120287	0.00826434	14.0797	0.322136	
0.0107862	0.0082392	13.9358	0.299989	
0.0116179	0.00817406	13.8915	0.316738	
0.0107068	0.00821508	13.9387	0.301634	
0.0109907	0.00820015	13.971	0.311772	
0.0106137	0.00820273	13.9331	0.302315	
0.010818	0.00816582	13.9078	0.308096	
0.0108064	0.00817637	13.9203	0.310733	
0.0103172	0.00812149	13.7343	0.29484	
0.0101862	0.00804728	13.5813	0.290708	
0.0104141	0.00815101	13.8412	0.301979	
0.0111854	0.00795613	13.5413	0.312846	
0.0100741	0.00803098	13.5817	0.290556	
0.0101705	0.00805547	13.6473	0.295052	
0.0104421	0.00803888	13.6826	0.305706	
0.00998467	0.00799829	13.5287	0.291699	
0.00986961	0.00796885	13.4332	0.288101	
0.00986412	0.00793542	13.347	0.287548	
0.0098217	0.00797394	13.4555	0.288432	
0.0101547	0.00797174	13.552	0.300737	
0.0101314	0.00793524	13.4889	0.300639	
0.00977135	0.00792052	13.3962	0.289992	
0.00977573	0.0079498	13.4534	0.292175	
0.00966978	0.00794534	13.4115	0.289033	
0.00990836	0.00792877	13.4346	0.298493	
0.00981401	0.00788132	13.3032	0.296831	
0.00945219	0.00790322	13.2513	0.285624	
0.0094509	0.00793254	13.2892	0.287928	
0.00942841	0.00793163	13.2756	0.28796	
0.00931548	0.0078806	13.1672	0.28403	
0.00924275	0.00784823	13.087	0.281481	
0.0095973	0.00790206	13.293	0.29599	
0.00929658	0.00791808	13.2479	0.286811	
0.00898917	0.00784065	13.0325	0.27369	
0.0093426	0.00791247	13.2585	0.290488	
0.00922341	0.00788197	13.1946	0.286428	
0.00998381	0.00774145	13.0597	0.302147	
0.00910582	0.00779715	13.0273	0.281039	
0.00927359	0.00786643	13.1921	0.289872	
0.00910944	0.0077875	13.0338	0.282108	
0.00911305	0.00780542	13.0717	0.282454	
0.00908459	0.00775609	12.9947	0.281757	
0.00901403	0.00770923	12.9016	0.2779	
0.00901897	0.00768048	12.8487	0.277206	
0.00932513	0.00773379	13.0645	0.291211	
0.00915049	0.00776879	13.0772	0.28701	
0.00914323	0.00776349	13.0788	0.28714	
0.0090135	0.00769279	12.9328	0.28092	
0.00903335	0.00770246	12.968	0.282626	
0.0089554	0.00765651	12.8798	0.279061	
0.00889758	0.00762802	12.8241	0.276668	
0.00887906	0.00763601	12.842	0.275614	
0.00977409	0.00757417	12.8454	0.296134	
0.00895209	0.00764163	12.8782	0.281189	
0.00888798	0.00763796	12.861	0.279078	
0.00887307	0.00763409	12.847	0.278162	
0.00913531	0.00763086	12.9157	0.288735	
0.00860814	0.00757903	12.6856	0.267306	
0.00880163	0.00758913	12.7508	0.275876	
0.00875329	0.00754303	12.6541	0.273252	
0.00978775	0.00753439	12.8086	0.297882	
0.00871434	0.00751522	12.5938	0.271662	
0.00873694	0.00756219	12.6935	0.27436	
0.00874358	0.0075695	12.7132	0.275505	
0.00872566	0.00755199	12.6742	0.274701	
0.00875743	0.00756346	12.7079	0.276535	
0.00866553	0.00754374	12.6596	0.272155	
0.00868604	0.00755574	12.6879	0.273795	
0.00868784	0.00754205	12.6643	0.273884	
0.00888537	0.0075087	12.6396	0.27672	
0.00866885	0.00754723	12.6763	0.273657	
0.00863279	0.00752458	12.6324	0.271366	
0.00874849	0.00757363	12.7478	0.278622	
0.00858754	0.00744976	12.4923	0.268736	
0.0086477	0.00749383	12.5935	0.273325	
0.00874364	0.00754535	12.7037	0.27861	
0.0087051	0.0075401	12.6929	0.2774	
0.00932887	0.00741405	12.5648	0.288603	
0.00965831	0.00741566	12.609	0.295654	
0.00942749	0.00738352	12.5636	0.29266	
0.0086279	0.00750154	12.6186	0.273523	
0.00867578	0.00750589	12.6459	0.276218	
0.00859844	0.0074599	12.5608	0.272651	
0.00861857	0.00746427	12.5731	0.273308	
0.00858676	0.00746936	12.5885	0.271851	
0.00854482	0.00741913	12.4967	0.268848	
0.00856256	0.00740522	12.4773	0.269335	
0.00861648	0.00744696	12.567	0.273858	
0.00856969	0.00741846	12.5155	0.271418	
0.00865189	0.0074345	12.5661	0.275725	
0.00946859	0.00733091	12.523	0.291841	
0.00859757	0.0074111	12.5225	0.273373	
0.00853783	0.0073969	12.487	0.269677	
0.00855781	0.0073605	12.4254	0.270534	
0.0088201	0.00739025	12.5611	0.281043	
0.00742917	0.00772954	13.0168	0.245918	
0.00846787	0.00733149	12.3798	0.268125	
0.00854975	0.0073677	12.4643	0.271981	
0.00875261	0.00735361	12.5063	0.27745	
0.00856702	0.00736217	12.4623	0.272173	
0.00932305	0.00727783	12.4661	0.289423	
0.00852711	0.0073221	12.3956	0.269553	
0.0085975	0.00735175	12.4676	0.273885	
0.00853677	0.0073265	12.4161	0.270932	
0.00859031	0.00735897	12.4812	0.273614	
0.0085468	0.00733171	12.4284	0.271625	
0.00847032	0.00724947	12.2686	0.26623	
0.00845824	0.00728681	12.3422	0.265365	
0.00848989	0.00732094	12.4054	0.269046	
0.00847108	0.007275	12.3244	0.268092	
0.00851319	0.00729926	12.3723	0.270544	
0.00911226	0.0072064	12.3606	0.285177	
0.0084897	0.00728641	12.3414	0.26912	
0.00844733	0.00729843	12.3631	0.267195	
0.00851174	0.00731444	12.3972	0.271229	
0.0084386	0.00726079	12.2897	0.267076	
0.00921412	0.0071913	12.2912	0.28429	
0.00847949	0.00727804	12.3272	0.270003	
0.00845594	0.00728275	12.3342	0.269475	
0.00843235	0.00726289	12.293	0.268199	
0.00846349	0.00727824	12.3214	0.269557	
0.0084522	0.00729831	12.3602	0.269619	
0.00842677	0.00725476	12.2742	0.267088	
0.00839755	0.0072694	12.3	0.266263	
0.00864353	0.00725497	12.3471	0.27622	
0.00844423	0.00727525	12.3148	0.268616	
0.00842426	0.00725231	12.2745	0.268338	
0.00838117	0.00725645	12.2756	0.266383	
0.00845423	0.00730066	12.3662	0.270245	
0.00909823	0.00718136	12.2984	0.285249	
0.00845711	0.00729152	12.3511	0.270542	
0.00837956	0.00722076	12.2141	0.266065	
0.00837715	0.00722159	12.2169	0.265844	
0.00844346	0.00726545	12.3066	0.269956	
0.00838243	0.00724782	12.2665	0.26667	
0.00837616	0.00724955	12.2702	0.266391	
0.00836705	0.00722307	12.2206	0.2646	
0.00839505	0.00722775	12.2373	0.267043	
0.00842823	0.00725147	12.2863	0.26945	
0.00834167	0.00720777	12.197	0.264416	
0.00841577	0.0072404	12.259	0.267702	
0.00845704	0.00726287	12.3143	0.271185	
0.00835273	0.00720795	12.2026	0.265409	
0.00818306	0.00716316	12.0849	0.255828	
0.00834743	0.00722226	12.2326	0.265343	
0.00840155	0.00723939	12.2726	0.268582	
0.00843366	0.00728196	12.3528	0.270723	
0.00833753	0.0072052	12.1992	0.263847	
0.00837439	0.00720418	12.2024	0.266251	
0.00836123	0.00719999	12.1889	0.266564	
0.00859409	0.00722103	12.2931	0.275143	
0.00834391	0.00719623	12.1808	0.265834	
0.00912006	0.00712695	12.2166	0.285479	
0.00837557	0.00723076	12.243	0.267748	
0.0083602	0.00718057	12.1448	0.265807	
0.00836776	0.00720678	12.1993	0.267645	
0.0083317	0.00721767	12.2142	0.26609	
0.00838271	0.00723614	12.2544	0.269042	
0.0083017	0.00714361	12.0766	0.262944	
0.00830655	0.00719048	12.1611	0.264804	
0.00833127	0.00718849	12.1619	0.265423	
0.00832612	0.00720539	12.1887	0.265727	
0.00831346	0.00720958	12.2031	0.264296	
0.0083115	0.00718407	12.1533	0.264538	
0.00835144	0.00718459	12.1519	0.265811	
0.0083395	0.0072304	12.2379	0.266835	
0.00830966	0.00717331	12.1331	0.264379	
0.00831993	0.00718275	12.1484	0.265312	
0.00833554	0.00719077	12.1636	0.265655	
0.00832242	0.00720685	12.1993	0.26633	
0.00915064	0.00711831	12.1622	0.282601	
0.00835065	0.00721249	12.207	0.267659	
0.00839069	0.00722217	12.2328	0.269995	
0.00825338	0.00716778	12.1163	0.261326	
0.00830179	0.00718048	12.1424	0.264398	
0.00829295	0.00717947	12.1375	0.263721	
0.00832965	0.00719374	12.1674	0.265951	
0.00833405	0.00719415	12.1703	0.265881	
0.00831421	0.00717498	12.1337	0.264948	
0.00827763	0.00715234	12.088	0.263044	
0.00829831	0.00715155	12.0844	0.26305	
0.00829155	0.00716755	12.1135	0.263734	
0.0082879	0.0071501	12.0812	0.262763	
0.00832639	0.00719649	12.1669	0.265976	
0.00839133	0.00725567	12.28	0.26987	
0.00834371	0.0071995	12.1767	0.267615	
0.00830192	0.00719503	12.161	0.265448	
0.00831766	0.00718689	12.1429	0.265549	
0.00832936	0.0071873	12.1468	0.266651	
0.00830574	0.00716968	12.1132	0.264876	
0.00829581	0.00719996	12.163	0.264774	
0.00835265	0.00724	12.2396	0.26797	
0.00826743	0.00715431	12.0779	0.262352	
0.00831887	0.00715126	12.0716	0.264282	
0.00832929	0.00718749	12.1354	0.26595	
