  0.01927474346
  0.02830847117
  0.03510297484
  0.04047313067
  0.04521363371
  0.04958163650
  0.05378266978
  0.05704863290
  0.05963922241
  0.06244721927
  0.06133623132
  0.06049850528
  0.06001026704
  0.05947508391
  0.05875359143
  0.05755690147
  0.05485077335
  0.05345588341
  0.05255731538
  0.05124719379
  0.05024088780
  0.04926035978
  0.04869436877
  0.04808987531
  0.04734537248
  0.04676957105
  0.04665748513
  0.04565565139
  0.04527043018
  0.04498647602
  0.04450848261
  0.04409952510
  0.04388275978
  0.04329969613
  0.04305441626
  0.04274176314
  0.04231049794
  0.04189154940
  0.04192663369
  0.04154015894
  0.03838856801
  0.03453202596
  0.02901231200
  0.02396134933
  0.01964106490
  0.01638192799
  0.01385529093
  0.01208738437
  0.01063098618
  0.00939514051
  0.00879207225
  0.00832958147
  0.00787360702
  0.00741654284
  0.00713084826
  0.00678312448
  0.00655573762
  0.00591306500
  0.00567267987
  0.00552535257
  0.00553567594
  0.00524781662
  0.00523869833
  0.00526394775
  0.00534559171
  0.00490972757
  0.00467692747
  0.00461914286
  0.00423595498
  0.00421688194
  0.00409305365
  0.00381041213
  0.00373702267
  0.00389077133
  0.00363444926
  0.00383812566
  0.00390997137
  0.00362545371
  0.00367100351
  0.00351197176
  0.00373723494
  0.00398817752
  0.00329833314
  0.00306041599
  0.00275421104
  0.00275182653
  0.00281902655
  0.00312103236
  0.00308992157
  0.00312674609
  0.00320569959
  0.00331288605
  0.00364963848
  0.00394868926
  0.00392791821
  0.00377696536
  0.00308386771
  0.00302471425
  0.00292915831
  0.00284596269
  0.00275522881
  0.00302471065
  0.00306726681
  0.00286348188
  0.00271383606
  0.00272242194
  0.00284824926
  0.00270888282
  0.00280252665
  0.00298504149
  0.00286117804
  0.00304852319
  0.00306847330
  0.00259238332
  0.00250637359
  0.00256675124
  0.00270253086
  0.00268558709
  0.00264685684
  0.00280064812
  0.00276709463
  0.00252561128
  0.00270426811
  0.00277018073
  0.00264042053
  0.00269804362
  0.00258110830
  0.00270164395
  0.00280913602
  0.00258754401
  0.00259065735
  0.00244841971
  0.00240744192
  0.00264664825
  0.00291080816
  0.00276710393
  0.00241766169
  0.00268622693
  0.00285208107
  0.00269789102
  0.00264883624
  0.00255815365
  0.00262968760
  0.00262080838
  0.00265246586
  0.00272320384
  0.00286233193
  0.00249391245
  0.00240342596
  0.00251902912
  0.00265975524
  0.00280841211
  0.00278514242
  0.00261212033
  0.00265483265
  0.00273393137
  0.00261965720
  0.00264515786
  0.00267789455
  0.00256050198
  0.00253419509
  0.00275261876
  0.00287949224
  0.00251868583
  0.00248422708
  0.00260704390
  0.00249309947
  0.00257432914
  0.00266515112
  0.00259211710
  0.00272365307
  0.00271867672
  0.00246889816
  0.00275039204
  0.00290570994
  0.00261852832
  0.00259099057
  0.00260124306
  0.00265966259
  0.00288936727
  0.00282587495
  0.00256753294
  0.00266755623
  0.00278312055
  0.00267557241
  0.00259786762
  0.00265926720
  0.00263621693
  0.00270212209
  0.00260499320
  0.00262424077
  0.00253625874
  0.00261386965
  0.00279059625
  0.00271903626
  0.00262710582
  0.00261542232
  0.00273788269
  0.00285439578
  0.00268265267
