  7.75050300352
  7.84191323247
  7.97491987282
  8.12842972716
  8.29039466721
  8.45370064112
  8.62272125341
  8.79196622250
  8.96627731205
  9.14716219795
  9.33094405387
  9.51831463110
  9.70995462159
  9.90541247834
 10.10783834119
 10.31273554876
 10.52746202981
 10.74366078686
 10.96176884804
 11.18910747230
 11.41934110913
 11.64688929352
 11.88638243333
 12.13038832582
 12.37319703042
 12.61286990579
 12.86923247582
 13.12139565979
 13.38401570265
 13.64829338808
 13.92363701437
 14.19971927361
 14.47289982368
 14.74645036152
 15.02995815420
 15.32391884278
 15.62263297384
 15.91903810709
 16.22021014793
 16.52949188971
 16.84418544370
 16.77498305184
 16.73463166860
 16.71663215093
 16.70255605189
 16.70256703548
 16.69715232938
 16.70234074323
 16.70191576371
 16.70698204598
 16.70547898806
 16.71118347877
 16.71056214724
 16.71606134306
 16.71288618898
 16.71642163975
 16.71778050365
 16.71966289808
 16.71862357602
 16.72221987658
 16.72174241250
 16.72442995367
 16.72303693738
 16.72195428309
 16.72223388956
 16.72210138066
 16.72210614345
 16.72673787586
 16.72306430594
 16.72589371117
 16.72728497515
 16.72701100470
 16.72469212052
 16.72728496088
 16.72109238278
 16.72218171523
 16.72286118644
 16.72132221316
 16.72053286638
 16.72282020564
 16.72221331979
 16.72284225022
 16.72247096394
 16.72148863611
 16.72190749972
 16.72219402743
 16.72174501311
 16.72320088383
 16.72171949749
 16.72072415153
 16.72099743692
 16.71679700307
 16.71826570073
 16.71769176619
 16.71943214896
 16.71834928588
 16.72080693365
 16.71871978678
 16.72066542873
 16.71641470357
 16.71544668978
 16.71041585768
 16.71451378164
 16.70966033193
 16.71357222922
 16.71051334884
 16.71412375868
 16.71104152623
 16.71340290939
 16.71217809070
 16.71417686901
 16.71135538171
 16.71597585088
 16.71209456357
 16.71522138821
 16.71357370373
 16.71552171793
 16.71361711485
 16.71527134565
 16.71358872524
 16.71593072834
 16.71299992260
 16.71575593233
 16.71424788800
 16.71539931500
 16.71406535998
 16.71568738533
 16.71330997025
 16.71721096424
 16.71285893220
 16.71642617382
 16.71362535481
 16.71603021202
 16.71378033622
 16.71697586904
 16.71357423608
 16.71552142924
 16.71344278555
 16.71725810075
 16.71279624432
 16.71689231011
 16.71319377457
 16.71656853004
 16.71332370618
 16.71668306132
 16.71308177276
 16.71735082197
 16.71299559019
 16.71550948332
 16.71456655301
 16.71550421441
 16.71453498124
 16.71555665657
 16.71417561928
 16.71495632369
 16.71502906804
 16.71510139928
 16.71406773146
 16.71588663078
 16.71384941851
 16.71546571482
 16.71410174720
 16.71645509065
 16.71318872263
 16.71529799235
 16.71476017134
 16.71532949741
 16.71363441520
 16.71659242682
 16.71339223370
 16.71591376153
 16.71402600504
 16.71545460494
 16.71323983452
 16.71722862581
 16.71274260305
 16.71610791470
 16.71355117699
 16.71607978999
 16.71363881830
 16.71651582192
 16.71257847565
 16.71589760794
 16.71389233082
 16.71590130253
 16.71300197753
 16.71639979157
 16.71310064831
 16.71670689061
 16.71284783661
 16.71634570521
 16.71339113169
 16.71570543484
 16.71395376964
 16.71596677563
 16.71279222146
 16.71638705786
 16.71292258446
 16.71717790997
 16.71244765960
