329	6
24.7044	24.6163	0.184555	0.00314511	24.5167	0	
0.999019	0.995731	0.00648996	0.000127309	0.992402	0	
0.927616	0.924239	0.00630432	0.000117698	0.921194	0	
0.876364	0.872906	0.00599788	0.000109528	0.870257	0	
0.834616	0.830971	0.00571882	0.000105581	0.828792	0	
0.804518	0.800533	0.00546629	0.000105475	0.798946	0	
0.777647	0.773269	0.00507625	0.000107382	0.772463	0	
0.763698	0.758578	0.00498929	0.000114827	0.758594	0	
0.761421	0.75564	0.00476183	0.0001243	0.756535	0	
0.764898	0.75849	0.00448468	0.000135423	0.760278	0	
0.774756	0.767671	0.00422462	0.000150351	0.770381	0	
0.783167	0.775549	0.00397209	0.00016365	0.779031	0	
0.795527	0.787374	0.0037845	0.000177802	0.791565	0	
0.80848	0.799808	0.00365576	0.000191239	0.804633	0	
0.812527	0.803583	0.00350318	0.000199248	0.808824	0	
0.819727	0.810439	0.00340402	0.0002067	0.816117	0	
0.829308	0.819645	0.0033343	0.000214185	0.825759	0	
0.827679	0.817868	0.00324299	0.000215753	0.82422	0	
0.837744	0.827506	0.00320376	0.00022261	0.834317	0	
0.836434	0.826017	0.0031294	0.000223516	0.833081	0	
0.844381	0.833576	0.003093	0.000228707	0.84106	0	
0.846	0.834956	0.00303999	0.000230387	0.842729	0	
0.841445	0.830337	0.00296724	0.000228965	0.838249	0	
0.848847	0.83738	0.00293453	0.000233584	0.845679	0	
0.846742	0.835163	0.00287248	0.000233545	0.843636	0	
0.850612	0.838808	0.00282746	0.000236063	0.847548	0	
0.85373	0.841708	0.00278952	0.000238278	0.850702	0	
0.854005	0.84188	0.00273856	0.000239178	0.851028	0	
0.855764	0.843497	0.00269205	0.000240908	0.852831	0	
0.855512	0.843181	0.00263907	0.000241645	0.852631	0	
0.856122	0.843717	0.00258621	0.000242894	0.853293	0	
0.856135	0.84368	0.00252983	0.000243635	0.853361	0	
0.856945	0.844426	0.00247546	0.000244953	0.854225	0	
0.855012	0.842528	0.00241027	0.000244693	0.852357	0	
0.852171	0.839737	0.00234608	0.000244429	0.84958	0	
0.855784	0.843267	0.002284	0.000246804	0.853253	0	
0.855598	0.84308	0.00221952	0.000247398	0.853131	0	
0.852674	0.840235	0.0021466	0.000246855	0.85028	0	
0.856255	0.84376	0.00208037	0.00024885	0.853926	0	
0.856381	0.843913	0.00200942	0.000249318	0.854123	0	
0.85471	0.84232	0.00193526	0.000248821	0.852526	0	
0.855678	0.843305	0.00186484	0.000249725	0.853563	0	
0.856216	0.843862	0.00179924	0.000250259	0.854167	0	
0.855898	0.843587	0.00173539	0.000250238	0.853912	0	
0.855957	0.843688	0.00167315	0.000250359	0.854033	0	
0.857359	0.84511	0.00160794	0.000251192	0.8555	0	
0.856591	0.844405	0.00154998	0.000250873	0.85479	0	
0.857842	0.845671	0.00149931	0.000251557	0.856092	0	
0.857243	0.845139	0.00144414	0.000251249	0.855547	0	
0.857882	0.845803	0.00139886	0.000251653	0.856231	0	
0.858953	0.846881	0.00135949	0.000252205	0.857341	0	
0.856276	0.844312	0.00131924	0.000251016	0.854706	0	
0.859223	0.847231	0.00128815	0.000252279	0.857683	0	
0.859283	0.847331	0.00125373	0.00025239	0.857777	0	
0.856608	0.844749	0.00122339	0.000251323	0.855133	0	
0.860058	0.848158	0.00120265	0.000252961	0.858603	0	
0.857406	0.845595	0.00117847	0.000251831	0.855976	0	
0.860677	0.84882	0.00116084	0.00025353	0.859263	0	
0.857899	0.846138	0.0011411	0.000252443	0.856506	0	
0.86063	0.848821	0.00112806	0.00025383	0.859248	0	
0.861162	0.849372	0.00111094	0.000254382	0.859797	0	
0.85755	0.845871	0.00109944	0.000252671	0.856198	0	
0.860492	0.848774	0.00108619	0.000254111	0.859152	0	
0.857798	0.846149	0.0010737	0.000253223	0.856472	0	
0.859828	0.848162	0.0010636	0.000254067	0.85851	0	
0.860566	0.848903	0.00105561	0.000254637	0.859255	0	
0.863259	0.851515	0.00103152	0.000257497	0.86197	0	
0.859942	0.848334	0.00103696	0.000254534	0.858651	0	
0.860465	0.848863	0.00102797	0.000255003	0.859182	0	
0.856632	0.845129	0.00102017	0.000253435	0.855358	0	
0.8606	0.849016	0.00101312	0.000255527	0.859331	0	
0.860044	0.848492	0.00100756	0.000255257	0.858781	0	
0.856933	0.845465	0.000998846	0.000254021	0.85568	0	
0.857252	0.845793	0.000994866	0.000254292	0.856003	0	
0.862553	0.850954	0.000970296	0.000258256	0.861324	0	
0.860554	0.849043	0.000983945	0.000256051	0.859314	0	
0.860553	0.849051	0.000977136	0.000256172	0.85932	0	
0.859599	0.848141	0.000970004	0.000255944	0.858373	0	
0.862373	0.85083	0.000949506	0.000258676	0.861164	0	
0.85719	0.8458	0.000960844	0.00025503	0.855974	0	
0.859917	0.848487	0.000955939	0.000256284	0.858705	0	
0.859446	0.848029	0.000954771	0.000256196	0.858235	0	
0.85631	0.844973	0.000949648	0.000254763	0.855106	0	
0.856016	0.844694	0.000946269	0.000254791	0.854815	0	
0.856294	0.844975	0.000942432	0.000254993	0.855096	0	
0.859448	0.848067	0.000940972	0.000256593	0.858251	0	
0.856383	0.845083	0.00093677	0.000255253	0.855191	0	
0.859606	0.848232	0.000934595	0.000256873	0.858415	0	
0.856126	0.844839	0.000931578	0.000255157	0.854939	0	
0.855693	0.844431	0.000924636	0.000255141	0.854513	0	
0.858811	0.847486	0.000924364	0.000256638	0.85763	0	
0.858311	0.847011	0.000920248	0.000256402	0.857134	0	
0.855647	0.844414	0.00091596	0.000255381	0.854476	0	
0.858921	0.847615	0.000916538	0.000256898	0.857748	0	
0.858657	0.847377	0.000912305	0.000256745	0.857488	0	
0.858159	0.846892	0.000908018	0.000256611	0.856994	0	
0.858636	0.847359	0.000907875	0.000256993	0.857471	0	
0.858482	0.847207	0.000905659	0.000257019	0.85732	0	
0.857934	0.846689	0.000900917	0.000256717	0.856777	0	
0.855351	0.844155	0.000899918	0.000255761	0.854195	0	
0.857722	0.846498	0.000897398	0.000256653	0.856568	0	
0.858582	0.847335	0.000895017	0.00025723	0.857429	0	
0.857761	0.846543	0.000894224	0.000256832	0.85661	0	
0.857926	0.846706	0.000892293	0.000257009	0.856777	0	
0.857967	0.846752	0.000891071	0.000256973	0.856819	0	
0.857556	0.846361	0.000886954	0.000256881	0.856412	0	
0.855012	0.843873	0.000883672	0.000255892	0.853872	0	
0.854207	0.843092	0.000881694	0.000255471	0.853069	0	
0.857153	0.845984	0.000880329	0.000256765	0.856016	0	
0.857539	0.846359	0.000880878	0.000257058	0.856401	0	
0.857638	0.846453	0.000879291	0.000257206	0.856502	0	
0.857788	0.846612	0.000877855	0.000257288	0.856653	0	
0.854191	0.843098	0.000872609	0.000255699	0.853063	0	
0.858541	0.847344	0.000875066	0.000257802	0.857409	0	
0.857859	0.846696	0.000869663	0.000257654	0.856732	0	
0.857253	0.846103	0.000869011	0.000257202	0.856126	0	
0.854767	0.843674	0.000865665	0.000256195	0.853645	0	
0.854155	0.843083	0.000866706	0.000255588	0.853032	0	
0.857309	0.84617	0.000863243	0.000257502	0.856188	0	
0.857158	0.846024	0.000861118	0.000257273	0.856039	0	
0.854514	0.843438	0.000859156	0.000256166	0.853399	0	
0.856686	0.845564	0.000857713	0.000257065	0.855571	0	
0.856692	0.845577	0.000855579	0.000257077	0.855579	0	
0.856518	0.845398	0.000847408	0.000256972	0.855414	0	
0.857453	0.846309	0.000847843	0.000257558	0.856347	0	
0.857507	0.846373	0.000845944	0.000257584	0.856404	0	
0.860151	0.848924	0.000818966	0.00026052	0.859072	0	
0.854279	0.843213	0.000837084	0.00025618	0.853186	0	
0.854236	0.84317	0.000838415	0.000256181	0.853141	0	
0.856937	0.845815	0.000839813	0.000257365	0.85584	0	
0.854204	0.843121	0.000824913	0.000256325	0.853123	0	
0.854093	0.843018	0.00082457	0.000256098	0.853013	0	
0.856953	0.845814	0.00082643	0.000257432	0.855869	0	
0.857115	0.845982	0.000825156	0.000257616	0.856032	0	
0.857301	0.846158	0.000826056	0.000257682	0.856218	0	
0.853893	0.842815	0.000814073	0.000256199	0.852823	0	
0.854269	0.843182	0.000815763	0.000256419	0.853197	0	
0.857551	0.846394	0.000815852	0.00025785	0.856478	0	
0.857125	0.845984	0.000814651	0.000257641	0.856053	0	
0.853632	0.842569	0.000805637	0.000256158	0.852571	0	
0.853698	0.842628	0.000808204	0.000256108	0.852633	0	
0.853613	0.842541	0.000808413	0.000256176	0.852548	0	
0.856867	0.845721	0.000806394	0.000257495	0.855803	0	
0.859518	0.84829	0.000782614	0.00026049	0.858475	0	
0.854728	0.843624	0.000802515	0.000256717	0.853669	0	
0.857478	0.846293	0.000788415	0.00025788	0.856432	0	
0.857484	0.846313	0.000784567	0.000257983	0.856441	0	
0.852976	0.841902	0.000787663	0.000255717	0.851933	0	
0.853638	0.842546	0.000787297	0.000256257	0.852594	0	
0.8563	0.845163	0.000785258	0.000257374	0.855257	0	
0.856534	0.845369	0.000778813	0.000257521	0.855498	0	
0.856745	0.845576	0.000777803	0.000257625	0.85571	0	
0.85408	0.842956	0.000781569	0.000256585	0.853042	0	
0.854121	0.842995	0.000781423	0.000256348	0.853084	0	
0.857088	0.845903	0.000773255	0.00025779	0.856057	0	
0.856775	0.845596	0.000774674	0.00025768	0.855743	0	
0.853864	0.842733	0.000752365	0.000256427	0.852855	0	
0.858074	0.846835	0.000756804	0.000258431	0.857058	0	
0.856816	0.84561	0.000759667	0.000257681	0.855799	0	
0.853681	0.842546	0.000755834	0.000256453	0.852668	0	
0.853891	0.842747	0.000757949	0.000256555	0.852877	0	
0.856352	0.84516	0.000758674	0.000257664	0.855336	0	
0.853065	0.841923	0.000740933	0.000255918	0.852068	0	
0.853947	0.842774	0.000745857	0.00025656	0.852945	0	
0.856312	0.845088	0.000744916	0.000257533	0.855309	0	
0.857044	0.845814	0.000746877	0.000257809	0.856039	0	
0.853885	0.842722	0.000743497	0.000256577	0.852885	0	
0.855891	0.844693	0.00074506	0.000257212	0.854889	0	
0.853	0.84184	0.000727649	0.000256066	0.852017	0	
0.852926	0.841758	0.000729906	0.000255956	0.85194	0	
0.853665	0.842483	0.000728253	0.000256488	0.85268	0	
0.856118	0.844884	0.000734561	0.000257288	0.855126	0	
0.855056	0.84385	0.000725453	0.000256708	0.854073	0	
0.852502	0.841335	0.000727738	0.000255605	0.851518	0	
0.855525	0.844302	0.000727278	0.000256994	0.854541	0	
0.85546	0.844208	0.000708598	0.00025708	0.854494	0	
0.853199	0.842	0.00070876	0.000256265	0.852234	0	
0.856099	0.844824	0.0007152	0.000257423	0.855127	0	
0.856583	0.845306	0.000714844	0.000257654	0.85561	0	
0.853038	0.841819	0.000701177	0.000256079	0.852081	0	
0.855625	0.84435	0.000705082	0.000257081	0.854663	0	
0.855542	0.844263	0.000706975	0.000257028	0.854578	0	
0.852692	0.84149	0.000703186	0.000255886	0.851733	0	
0.855288	0.844022	0.000706071	0.000256895	0.854325	0	
0.852014	0.840786	0.00068256	0.000255457	0.851076	0	
0.856313	0.844977	0.00068652	0.000257683	0.855369	0	
0.852278	0.841038	0.000688413	0.000255619	0.851334	0	
0.855309	0.844	0.000688727	0.000256972	0.854363	0	
0.855386	0.844076	0.0006919	0.0002569	0.854437	0	
0.85207	0.84083	0.00068285	0.00025558	0.851132	0	
0.854914	0.843612	0.000686789	0.000256673	0.85397	0	
0.857794	0.84638	0.000648765	0.0002598	0.856886	0	
0.855638	0.844285	0.000673743	0.000257104	0.854707	0	
0.855139	0.8438	0.000676031	0.000256833	0.854206	0	
0.852066	0.840794	0.00067489	0.000255489	0.851136	0	
0.854945	0.843616	0.000676478	0.000256679	0.854012	0	
0.85167	0.840398	0.000657864	0.000255281	0.850757	0	
0.852211	0.840908	0.000662509	0.000255557	0.851293	0	
0.854269	0.842921	0.000664599	0.000256245	0.853348	0	
0.854967	0.84361	0.000662138	0.000256618	0.854049	0	
0.854071	0.842731	0.000663062	0.000256166	0.853152	0	
0.855769	0.844357	0.000639834	0.000257102	0.854872	0	
0.851621	0.840285	0.000643425	0.00025522	0.850722	0	
0.851593	0.840263	0.00064342	0.000255303	0.850694	0	
0.850313	0.839025	0.000644723	0.000254363	0.849414	0	
0.853508	0.842144	0.00064487	0.000256135	0.852607	0	
0.859296	0.847739	0.000619267	0.000260148	0.858416	0	
0.851113	0.839777	0.000637592	0.000254786	0.850221	0	
0.854494	0.843088	0.000637364	0.000256509	0.8536	0	
0.854025	0.842609	0.000629031	0.000256077	0.85314	0	
0.855542	0.844075	0.00063179	0.000257026	0.854653	0	
0.853401	0.841993	0.000628312	0.000255768	0.852517	0	
0.854331	0.842895	0.000632949	0.00025619	0.853442	0	
0.853806	0.842382	0.000632016	0.000255953	0.852918	0	
0.850209	0.838847	0.000610987	0.000254339	0.849343	0	
0.852464	0.84103	0.000616574	0.00025536	0.851592	0	
0.85052	0.839145	0.000615304	0.000254614	0.84965	0	
0.849863	0.838498	0.000618726	0.00025413	0.84899	0	
0.850753	0.839369	0.000619721	0.000254562	0.849879	0	
0.853208	0.841765	0.000616029	0.000255768	0.852336	0	
0.850851	0.839444	0.000618183	0.000254743	0.849978	0	
0.85032	0.838908	0.000583902	0.000254395	0.849482	0	
0.854214	0.842677	0.000594934	0.000256089	0.853363	0	
0.849601	0.83817	0.000596872	0.000253764	0.84875	0	
0.849446	0.838019	0.000596522	0.000253879	0.848596	0	
0.85243	0.84095	0.000597054	0.000255304	0.851578	0	
0.84932	0.837915	0.000591271	0.000253857	0.848475	0	
0.84963	0.838208	0.000594679	0.000253948	0.848782	0	
0.849655	0.838227	0.000594429	0.000253988	0.848807	0	
0.849459	0.838033	0.000590105	0.000253694	0.848616	0	
0.852454	0.840953	0.000591739	0.000255133	0.851607	0	
0.849134	0.837679	0.000560995	0.000253423	0.848319	0	
0.849875	0.838369	0.000565295	0.000254087	0.849056	0	
0.848582	0.837116	0.000568528	0.00025327	0.84776	0	
0.84873	0.837255	0.000569193	0.000253443	0.847907	0	
0.848968	0.83749	0.000571267	0.0002535	0.848143	0	
0.851751	0.840206	0.000574957	0.000254623	0.850921	0	
0.848752	0.837268	0.000564749	0.000253381	0.847934	0	
0.848436	0.836956	0.000564234	0.000253117	0.847618	0	
0.848554	0.837067	0.000567036	0.000253409	0.847733	0	
0.851512	0.839956	0.000567834	0.000254528	0.85069	0	
0.8515	0.839938	0.000561096	0.000254461	0.850685	0	
0.851815	0.84023	0.00056132	0.000254749	0.850999	0	
0.848258	0.836772	0.000557916	0.000253193	0.847447	0	
0.848736	0.83723	0.000561135	0.000253447	0.847922	0	
0.853975	0.842319	0.000541822	0.000257486	0.853176	0	
0.848577	0.837073	0.000564594	0.000253373	0.847759	0	
0.850293	0.838758	0.000548935	0.000253875	0.84949	0	
0.851833	0.840238	0.00055123	0.000254713	0.851027	0	
0.847974	0.836474	0.000544261	0.000253197	0.847176	0	
0.851106	0.839521	0.000550979	0.000254272	0.850301	0	
0.850936	0.839342	0.000534721	0.000254303	0.850147	0	
0.853343	0.841641	0.000514576	0.000257083	0.852571	0	
0.847714	0.836176	0.000536797	0.000252916	0.846925	0	
0.849249	0.837656	0.000543417	0.000253341	0.848452	0	
0.853229	0.841544	0.000517558	0.000257025	0.852455	0	
0.850601	0.838998	0.000542857	0.000253966	0.849804	0	
0.849893	0.838287	0.000539875	0.00025358	0.849099	0	
0.847178	0.835653	0.000536352	0.00025251	0.846389	0	
0.850149	0.838544	0.0005394	0.000253743	0.849356	0	
0.851191	0.839546	0.000517982	0.000254292	0.850419	0	
0.850682	0.839036	0.000519177	0.000254129	0.849909	0	
0.849614	0.83799	0.000522929	0.000253406	0.848838	0	
0.850376	0.838737	0.000522618	0.000253853	0.849599	0	
0.852783	0.841056	0.000503246	0.000256733	0.852023	0	
0.849651	0.838026	0.000525508	0.000253501	0.848872	0	
0.846661	0.835102	0.00051546	0.000252195	0.845893	0	
0.847632	0.836026	0.000519258	0.000252755	0.84686	0	
0.846704	0.835131	0.000516959	0.000252315	0.845934	0	
0.846854	0.835284	0.000518129	0.000252452	0.846084	0	
0.850307	0.838641	0.000523229	0.000253807	0.84953	0	
0.849189	0.837563	0.000521403	0.000253261	0.848414	0	
0.849514	0.837876	0.000517423	0.000253389	0.848743	0	
0.846704	0.835132	0.000517149	0.000252241	0.845935	0	
0.846467	0.834899	0.000518815	0.000252088	0.845696	0	
0.849244	0.837614	0.000522739	0.000253072	0.848469	0	
0.849177	0.837549	0.000515008	0.000253161	0.848409	0	
0.849301	0.837662	0.000518404	0.000253149	0.84853	0	
0.849088	0.837436	0.000495902	0.000253078	0.848339	0	
0.85208	0.840307	0.000478058	0.000256328	0.851346	0	
0.84576	0.83415	0.000502147	0.000251539	0.845007	0	
0.845826	0.834223	0.000502285	0.000251653	0.845072	0	
0.849305	0.837622	0.000504969	0.000253246	0.848547	0	
0.848811	0.837143	0.000504852	0.000252907	0.848054	0	
0.845246	0.833671	0.0005038	0.000251345	0.844491	0	
0.849623	0.837944	0.000504236	0.000253368	0.848865	0	
0.853007	0.841192	0.000477632	0.000256455	0.852273	0	
0.851979	0.840199	0.000476759	0.000256104	0.851246	0	
0.845453	0.83385	0.000499935	0.000251438	0.844702	0	
0.847902	0.836251	0.000500872	0.000252343	0.847149	0	
0.851294	0.839538	0.00047882	0.00025574	0.85056	0	
0.844903	0.833318	0.000501976	0.000251084	0.84415	0	
0.848642	0.83697	0.000501711	0.000252759	0.847888	0	
0.845584	0.833994	0.000500408	0.00025156	0.844832	0	
0.848646	0.836978	0.000502749	0.000252746	0.84789	0	
0.848403	0.836737	0.000497683	0.0002525	0.847653	0	
0.846166	0.834538	0.000495698	0.000251801	0.845418	0	
0.84849	0.836803	0.000500736	0.000252568	0.847737	0	
0.850945	0.839182	0.000476792	0.000255116	0.850213	0	
0.848649	0.836963	0.000498657	0.000252672	0.847897	0	
0.852343	0.840546	0.000462047	0.000255874	0.851625	0	
0.848213	0.836525	0.000494305	0.000252317	0.847467	0	
0.845224	0.833612	0.000491741	0.000251146	0.844481	0	
0.845113	0.833509	0.000493036	0.00025103	0.844369	0	
0.844835	0.833229	0.000493831	0.000250738	0.84409	0	
0.847742	0.836072	0.000496575	0.000252015	0.846994	0	
0.847761	0.836092	0.000496637	0.000252011	0.847012	0	
0.845482	0.833857	0.000496253	0.000251176	0.844734	0	
0.849217	0.837507	0.000499154	0.000252739	0.848465	0	
0.847252	0.835607	0.000494017	0.000251839	0.846506	0	
0.845242	0.833622	0.000489742	0.000250963	0.844501	0	
0.846992	0.835315	0.000493106	0.00025149	0.846247	0	
0.845239	0.833615	0.00048993	0.000250895	0.844498	0	
0.853402	0.841556	0.000472245	0.000256158	0.852674	0	
0.85078	0.839007	0.00046861	0.000255147	0.850057	0	
0.845731	0.834091	0.000492621	0.000250936	0.844988	0	
0.848745	0.837031	0.000493651	0.000252395	0.847999	0	
0.844633	0.833022	0.000494047	0.000250248	0.843889	0	
0.84827	0.836565	0.000496193	0.000251972	0.847522	0	
0.844865	0.83325	0.00049204	0.000250632	0.844122	0	
0.84485	0.833234	0.000493135	0.000250441	0.844106	0	
0.847987	0.836301	0.000494293	0.000251808	0.847241	0	
0.844579	0.832974	0.00049363	0.000250352	0.843835	0	
0.849041	0.837321	0.000495755	0.000252317	0.848293	0	
0.848783	0.837076	0.000495317	0.000252324	0.848036	0	
0.845489	0.833855	0.000494899	0.000250743	0.844744	0	
0.850868	0.839086	0.000472288	0.000254825	0.850141	0	
0.847934	0.836247	0.000495071	0.000251612	0.847187	0	
0.849224	0.837504	0.000493789	0.000252259	0.848478	0	
