  0.00368075192
  0.01264939469
  0.07917143975
  0.37822735237
  0.16925428987
  0.03300388790
  0.02487794471
  0.01909059034
  0.01616140724
  0.01429290612
  0.01299243111
  0.01144463114
  0.00979689972
  0.00856809801
  0.00761409736
  0.00707112433
  0.00660324514
  0.00624191049
  0.00586006536
  0.00552138555
  0.00533230329
  0.00497239351
  0.00441017743
  0.00386020121
  0.00426792378
  0.00479752498
  0.00456617508
  0.00401264061
  0.00335756860
  0.00340960653
  0.00307617361
  0.00321728343
  0.00378943810
  0.00378579819
  0.00393283251
  0.00360936179
  0.00324923750
  0.00347944564
  0.00288844139
  0.00267526989
  0.00257200139
  0.00258853795
           -nan
