  0.01108044664
  0.00935327027
  0.00830254425
  0.00726986771
  0.00762638933
  0.00815505294
  0.00817069982
  0.00814770643
  0.00810491275
  0.00808013005
  0.00806879413
  0.00787062261
  0.00785850185
  0.00784764090
  0.00783495551
  0.00800212674
  0.00781992278
  0.00781144287
  0.00780905834
  0.00779954667
  0.00779184170
  0.00778444145
  0.00777904010
  0.00794179302
  0.00776849897
  0.00776169624
  0.00793129583
  0.00793202280
  0.00793001864
  0.00775345699
  0.00791169538
  0.00791961512
  0.00774132673
  0.00790790596
  0.00790802206
  0.00789948196
  0.00790592097
  0.00772985882
  0.00789755029
  0.00789664960
  0.00789248416
  0.00789055472
  0.00789458887
