1723 
0 1 2 
 3 0 2 
 1 5 6 
 1 6 2 
 4 3 7 
 7 3 2 
 7 2 6 
 4 7 8 
 9 4 8 
 5 10 11 
 6 5 11 
 6 11 12 
 7 6 12 
 13 8 7 
 12 13 7 
 14 9 8 
 13 14 8 
 10 15 16 
 11 10 16 
 11 16 17 
 17 12 11 
 18 13 12 
 17 18 12 
 19 14 13 
 18 19 13 
 15 20 21 
 16 15 21 
 16 21 22 
 22 17 16 
 23 18 17 
 22 23 17 
 24 19 18 
 23 24 18 
 20 25 26 
 21 20 26 
 21 26 27 
 27 22 21 
 28 23 22 
 27 28 22 
 29 24 23 
 28 29 23 
 25 30 31 
 26 25 31 
 26 31 32 
 26 32 27 
 33 28 27 
 33 27 32 
 34 29 28 
 33 34 28 
 30 35 36 
 31 30 36 
 31 36 37 
 32 31 37 
 38 33 32 
 32 37 38 
 39 34 33 
 38 39 33 
 35 42 44 
 36 35 44 
 36 44 45 
 45 38 37 
 37 36 45 
 46 39 38 
 46 38 45 
 39 46 47 
 48 39 47 
 50 40 49 
 40 52 49 
 52 51 49 
 41 54 55 
 56 41 55 
 42 43 58 
 44 42 58 
 43 57 59 
 58 43 59 
 61 45 44 
 44 58 61 
 62 46 45 
 61 62 45 
 46 62 63 
 46 63 47 
 60 48 64 
 64 48 47 
 64 47 63 
 66 50 67 
 67 50 49 
 67 49 51 
 68 67 51 
 51 69 68 
 52 70 51 
 51 70 69 
 53 73 74 
 54 53 75 
 54 75 55 
 75 53 74 
 76 56 55 
 76 55 75 
 77 56 76 
 57 78 85 
 59 57 85 
 58 59 86 
 86 61 58 
 86 59 85 
 84 60 87 
 87 60 64 
 88 62 61 
 86 88 61 
 62 88 89 
 63 62 89 
 87 64 90 
 63 89 90 
 90 64 63 
 91 65 95 
 65 66 96 
 95 65 96 
 96 66 67 
 68 69 97 
 96 67 98 
 98 67 68 
 68 97 99 
 98 68 99 
 69 100 97 
 70 101 69 
 69 101 100 
 71 79 102 
 72 71 103 
 103 71 102 
 73 72 104 
 74 73 104 
 104 72 103 
 74 104 105 
 75 74 106 
 106 74 105 
 107 76 75 
 75 106 107 
 108 77 76 
 108 76 107 
 109 77 108 
 78 93 110 
 85 78 110 
 79 80 111 
 102 79 111 
 80 81 112 
 111 80 112 
 81 82 113 
 112 81 113 
 82 83 114 
 113 82 114 
 83 84 115 
 114 83 115 
 115 84 87 
 85 110 116 
 116 86 85 
 117 88 86 
 116 117 86 
 115 87 118 
 118 87 90 
 88 117 119 
 89 88 119 
 89 119 120 
 89 120 90 
 118 90 121 
 121 90 120 
 92 91 126 
 126 91 95 
 125 92 127 
 127 92 126 
 93 94 128 
 110 93 128 
 94 122 129 
 128 94 129 
 126 95 130 
 95 96 131 
 130 95 131 
 131 96 98 
 97 100 132 
 97 132 133 
 99 97 133 
 131 98 134 
 134 98 99 
 99 133 134 
 100 135 132 
 101 136 100 
 100 136 135 
 102 111 137 
 103 102 138 
 138 102 137 
 104 103 139 
 105 104 139 
 139 103 138 
 105 139 140 
 106 105 141 
 105 140 141 
 141 107 106 
 142 108 107 
 142 107 141 
 143 109 108 
 143 108 142 
 144 109 143 
 145 116 110 
 145 110 128 
 111 112 146 
 137 111 146 
 112 113 147 
 146 112 147 
 113 114 148 
 147 113 148 
 114 115 149 
 148 114 149 
 149 115 118 
 150 117 116 
 145 150 116 
 117 150 151 
 119 117 151 
 149 118 152 
 152 118 121 
 119 151 153 
 120 119 153 
 120 153 154 
 120 154 121 
 152 121 154 
 122 123 155 
 129 122 155 
 123 124 156 
 155 123 156 
 124 125 157 
 156 124 157 
 157 125 127 
 157 127 158 
 126 130 159 
 160 159 130 
 127 126 161 
 161 126 159 
 158 127 161 
 128 129 162 
 162 145 128 
 162 129 155 
 163 160 130 
 130 131 163 
 164 163 131 
 131 134 164 
 132 135 165 
 132 165 166 
 166 133 132 
 166 167 133 
 167 164 134 
 133 167 134 
 135 168 165 
 136 169 135 
 135 169 168 
 137 146 170 
 138 137 171 
 171 137 170 
 139 138 172 
 140 139 172 
 172 138 171 
 140 172 173 
 174 141 140 
 140 173 174 
 175 142 141 
 175 141 174 
 176 143 142 
 176 142 175 
 177 144 143 
 177 143 176 
 178 144 177 
 179 150 145 
 162 179 145 
 146 147 180 
 170 146 180 
 147 148 181 
 180 147 181 
 148 149 182 
 181 148 182 
 182 149 152 
 150 179 183 
 151 150 183 
 151 183 184 
 153 151 184 
 182 152 185 
 185 152 154 
 153 184 186 
 154 153 186 
 154 186 185 
 155 156 187 
 187 162 155 
 188 187 156 
 188 156 157 
 157 158 188 
 163 189 160 
 190 188 158 
 158 161 190 
 189 191 160 
 160 191 159 
 191 161 159 
 191 192 161 
 192 190 161 
 193 179 162 
 187 193 162 
 194 189 163 
 164 194 163 
 195 194 164 
 167 195 164 
 165 168 196 
 196 197 165 
 197 166 165 
 198 195 167 
 197 198 166 
 166 198 167 
 168 199 196 
 169 200 168 
 168 200 199 
 170 180 201 
 171 170 202 
 202 170 201 
 172 171 203 
 173 172 203 
 203 171 202 
 173 203 204 
 205 175 174 
 205 174 173 
 173 204 205 
 206 176 175 
 206 175 205 
 207 177 176 
 207 176 206 
 208 178 177 
 208 177 207 
 209 178 208 
 179 193 210 
 183 179 210 
 180 181 211 
 201 180 211 
 181 182 212 
 211 181 212 
 212 182 185 
 212 185 213 
 183 210 214 
 184 183 214 
 184 214 215 
 186 184 215 
 186 215 216 
 186 216 185 
 213 185 216 
 217 193 187 
 188 217 187 
 194 218 189 
 219 217 188 
 190 219 188 
 218 220 189 
 189 220 191 
 221 219 190 
 192 221 190 
 220 222 191 
 222 221 192 
 191 222 192 
 193 217 223 
 210 193 223 
 224 218 194 
 195 224 194 
 225 196 199 
 226 224 195 
 198 226 195 
 225 227 196 
 196 227 197 
 227 228 197 
 228 226 198 
 197 228 198 
 200 229 199 
 229 225 199 
 201 211 230 
 202 201 231 
 231 201 230 
 203 202 232 
 204 203 232 
 232 202 231 
 204 232 233 
 234 205 204 
 234 204 233 
 235 206 205 
 235 205 234 
 236 207 206 
 236 206 235 
 237 208 207 
 237 207 236 
 238 209 208 
 238 208 237 
 239 209 238 
 210 223 240 
 214 210 240 
 211 212 241 
 230 211 241 
 241 212 213 
 216 242 213 
 241 213 242 
 214 240 243 
 215 214 243 
 215 243 244 
 216 215 244 
 216 244 242 
 217 219 245 
 223 217 245 
 218 224 246 
 220 218 247 
 247 218 246 
 219 221 248 
 245 219 248 
 222 220 249 
 249 220 247 
 221 222 250 
 248 221 250 
 250 222 249 
 223 245 251 
 240 223 251 
 225 229 252 
 224 226 253 
 246 224 253 
 227 225 254 
 254 225 252 
 226 228 255 
 253 226 255 
 228 227 256 
 255 228 256 
 256 227 254 
 229 257 258 
 252 229 258 
 231 230 259 
 230 241 260 
 259 230 260 
 232 231 261 
 232 261 233 
 261 231 259 
 262 234 233 
 262 233 261 
 263 235 234 
 263 234 262 
 264 236 235 
 264 235 263 
 265 237 236 
 265 236 264 
 266 238 237 
 266 237 265 
 267 239 238 
 267 238 266 
 268 239 267 
 240 251 269 
 243 240 269 
 260 241 270 
 242 270 241 
 242 244 271 
 242 271 270 
 243 269 272 
 244 243 272 
 244 272 271 
 246 253 273 
 245 248 274 
 251 245 274 
 247 246 275 
 275 246 273 
 249 247 276 
 276 247 275 
 248 250 277 
 274 248 277 
 250 249 278 
 277 250 278 
 278 249 276 
 251 274 279 
 269 251 279 
 252 258 280 
 254 252 281 
 281 252 280 
 253 255 282 
 273 253 282 
 256 254 283 
 283 254 281 
 255 256 284 
 282 255 284 
 284 256 283 
 273 282 285 
 257 286 287 
 258 257 287 
 258 287 288 
 280 258 288 
 261 259 289 
 259 260 290 
 260 270 290 
 289 259 290 
 291 262 261 
 261 289 291 
 292 263 262 
 292 262 291 
 293 264 263 
 293 263 292 
 294 265 264 
 294 264 293 
 295 266 265 
 295 265 294 
 296 267 266 
 296 266 295 
 297 268 267 
 297 267 296 
 298 268 297 
 269 279 299 
 272 269 299 
 270 300 290 
 270 271 301 
 270 301 300 
 271 272 302 
 271 302 301 
 272 299 303 
 272 303 302 
 302 303 304 
 275 273 305 
 305 273 285 
 274 277 306 
 279 274 306 
 276 275 307 
 307 275 305 
 278 276 308 
 308 276 307 
 277 278 309 
 306 277 309 
 309 278 308 
 279 306 310 
 299 279 310 
 281 280 311 
 280 288 311 
 283 281 312 
 312 281 311 
 282 284 313 
 285 282 313 
 284 283 314 
 313 284 314 
 314 283 312 
 305 285 315 
 285 313 316 
 315 285 316 
 286 317 318 
 287 286 318 
 287 318 319 
 288 287 319 
 288 319 320 
 288 320 311 
 289 290 321 
 321 291 289 
 290 300 322 
 290 322 321 
 323 292 291 
 323 291 321 
 324 293 292 
 324 292 323 
 325 294 293 
 325 293 324 
 326 295 294 
 326 294 325 
 327 296 295 
 327 295 326 
 328 297 296 
 328 296 327 
 329 298 297 
 329 297 328 
 330 298 329 
 299 310 331 
 303 299 331 
 300 301 332 
 300 332 322 
 301 302 333 
 301 333 332 
 333 302 304 
 303 331 334 
 303 334 304 
 333 304 335 
 304 334 335 
 307 305 336 
 336 305 315 
 306 309 337 
 310 306 337 
 308 307 338 
 338 307 336 
 309 308 339 
 337 309 339 
 339 308 338 
 336 315 340 
 310 337 341 
 331 310 341 
 311 320 342 
 314 312 343 
 312 311 343 
 343 311 342 
 313 314 344 
 316 313 344 
 344 314 343 
 315 316 345 
 340 315 345 
 316 344 346 
 345 316 346 
 320 347 342 
 317 348 349 
 318 317 349 
 318 349 350 
 319 318 350 
 319 350 351 
 320 319 351 
 320 351 347 
 352 323 321 
 352 321 322 
 322 332 353 
 322 353 352 
 354 324 323 
 354 323 352 
 355 325 324 
 355 324 354 
 356 326 325 
 356 325 355 
 357 327 326 
 357 326 356 
 358 328 327 
 358 327 357 
 359 329 328 
 359 328 358 
 360 330 329 
 360 329 359 
 361 330 360 
 331 341 362 
 334 331 362 
 332 333 363 
 332 363 353 
 363 333 335 
 334 362 364 
 334 364 335 
 363 335 364 
 340 345 365 
 338 336 366 
 366 336 340 
 337 339 367 
 341 337 367 
 339 338 368 
 367 339 368 
 368 338 366 
 366 340 369 
 369 340 365 
 341 367 370 
 362 341 370 
 343 342 371 
 342 347 371 
 344 343 372 
 346 344 372 
 372 343 371 
 345 346 373 
 365 345 373 
 346 372 374 
 373 346 374 
 347 375 371 
 347 351 376 
 347 376 375 
 348 377 379 
 349 348 379 
 349 379 380 
 350 349 380 
 350 380 381 
 351 350 381 
 351 381 376 
 385 354 352 
 353 385 352 
 353 363 386 
 353 386 385 
 387 355 354 
 387 354 385 
 388 356 355 
 388 355 387 
 389 357 356 
 389 356 388 
 390 358 357 
 390 357 389 
 391 359 358 
 391 358 390 
 392 360 359 
 392 359 391 
 393 361 360 
 393 360 392 
 394 361 393 
 362 370 395 
 364 362 395 
 386 363 396 
 364 396 363 
 364 395 397 
 364 397 396 
 365 373 398 
 369 365 399 
 399 365 398 
 367 368 400 
 368 366 400 
 370 367 400 
 366 369 400 
 400 369 401 
 369 399 401 
 370 400 402 
 395 370 402 
 372 371 403 
 403 371 375 
 374 372 403 
 373 374 404 
 374 403 404 
 398 373 404 
 375 376 405 
 375 405 403 
 376 381 406 
 376 406 405 
 377 378 407 
 379 377 407 
 378 382 408 
 407 378 408 
 379 407 409 
 380 379 409 
 380 409 410 
 381 380 410 
 381 410 406 
 382 383 411 
 408 382 411 
 383 384 412 
 411 383 412 
 412 384 413 
 384 414 413 
 413 414 415 
 416 387 385 
 416 385 386 
 416 386 396 
 417 388 387 
 417 387 416 
 418 389 388 
 418 388 417 
 419 390 389 
 419 389 418 
 420 391 390 
 420 390 419 
 421 392 391 
 421 391 420 
 422 393 392 
 422 392 421 
 423 394 393 
 423 393 422 
 424 394 423 
 395 402 425 
 397 395 425 
 396 397 426 
 426 416 396 
 397 425 427 
 397 427 426 
 398 404 428 
 399 398 429 
 429 398 428 
 401 399 430 
 399 429 430 
 402 400 431 
 431 400 401 
 431 401 430 
 402 431 432 
 425 402 432 
 406 410 433 
 405 434 403 
 403 434 404 
 434 428 404 
 406 433 435 
 405 406 435 
 405 435 434 
 407 408 436 
 409 407 436 
 408 411 437 
 436 408 437 
 409 436 438 
 410 409 438 
 410 438 433 
 433 438 439 
 411 412 440 
 437 411 440 
 412 413 441 
 440 412 441 
 413 415 442 
 441 413 442 
 442 415 443 
 414 444 415 
 415 444 445 
 415 445 443 
 446 417 416 
 446 416 426 
 447 418 417 
 447 417 446 
 448 419 418 
 448 418 447 
 449 420 419 
 449 419 448 
 450 421 420 
 450 420 449 
 451 422 421 
 451 421 450 
 452 423 422 
 452 422 451 
 453 424 423 
 453 423 452 
 454 424 453 
 425 432 455 
 427 425 455 
 456 446 426 
 456 426 427 
 427 455 457 
 457 456 427 
 437 440 458 
 434 459 428 
 428 459 429 
 459 460 429 
 429 460 430 
 432 431 461 
 461 431 430 
 461 430 460 
 432 461 462 
 455 432 462 
 433 439 463 
 435 433 463 
 435 463 464 
 434 435 464 
 434 464 459 
 463 439 465 
 436 437 466 
 438 436 466 
 466 437 458 
 438 466 467 
 438 467 439 
 439 467 465 
 440 441 468 
 458 440 468 
 441 442 469 
 468 441 469 
 442 443 470 
 469 442 470 
 443 445 471 
 443 471 472 
 470 443 472 
 444 473 445 
 445 473 474 
 445 474 471 
 475 447 446 
 475 446 456 
 476 448 447 
 476 447 475 
 477 449 448 
 477 448 476 
 478 450 449 
 478 449 477 
 479 451 450 
 479 450 478 
 480 452 451 
 480 451 479 
 481 453 452 
 481 452 480 
 482 454 453 
 482 453 481 
 483 454 482 
 455 462 484 
 455 484 457 
 485 475 456 
 485 456 457 
 486 485 457 
 486 457 484 
 466 458 487 
 458 468 488 
 487 458 488 
 459 464 489 
 459 489 460 
 460 489 490 
 460 490 461 
 462 461 490 
 490 491 462 
 462 491 484 
 463 465 492 
 464 463 492 
 464 492 489 
 467 493 465 
 492 465 493 
 467 466 494 
 466 487 494 
 467 494 493 
 471 474 495 
 468 469 496 
 488 468 496 
 469 470 497 
 496 469 497 
 497 470 498 
 470 472 499 
 470 499 498 
 471 495 500 
 472 471 500 
 472 500 501 
 499 472 501 
 473 503 474 
 474 503 504 
 474 504 495 
 505 476 475 
 505 475 485 
 506 477 476 
 506 476 505 
 507 478 477 
 507 477 506 
 508 479 478 
 508 478 507 
 509 480 479 
 509 479 508 
 510 481 480 
 510 480 509 
 512 482 481 
 512 481 510 
 511 483 513 
 513 483 482 
 513 482 512 
 491 515 484 
 484 515 486 
 516 505 485 
 516 485 486 
 517 516 486 
 515 517 486 
 494 487 518 
 488 496 519 
 487 488 520 
 487 520 518 
 520 488 519 
 489 492 521 
 489 521 490 
 490 521 491 
 521 522 491 
 491 522 515 
 493 523 492 
 492 523 521 
 493 494 524 
 493 524 523 
 524 494 518 
 495 504 525 
 495 525 500 
 519 496 526 
 496 497 527 
 496 527 526 
 497 498 528 
 527 497 528 
 519 526 529 
 499 501 530 
 528 498 530 
 499 530 498 
 525 531 500 
 501 500 532 
 531 532 500 
 501 532 530 
 503 502 533 
 502 534 536 
 502 536 533 
 503 537 504 
 537 503 533 
 504 537 538 
 504 538 525 
 541 506 505 
 541 505 516 
 542 507 506 
 542 506 541 
 543 508 507 
 543 507 542 
 544 509 508 
 544 508 543 
 545 510 509 
 545 509 544 
 546 512 510 
 546 510 545 
 514 511 547 
 547 511 513 
 547 513 548 
 548 513 512 
 548 512 546 
 539 514 549 
 549 514 547 
 550 541 516 
 515 522 551 
 551 517 515 
 551 552 517 
 517 552 516 
 552 550 516 
 524 518 553 
 518 520 553 
 520 519 554 
 520 554 553 
 554 519 529 
 523 555 521 
 521 555 522 
 555 551 522 
 523 524 556 
 523 556 555 
 556 524 553 
 525 538 557 
 525 557 531 
 527 528 558 
 529 526 558 
 527 558 526 
 528 530 559 
 558 528 559 
 554 529 560 
 529 558 561 
 560 529 561 
 532 562 530 
 559 530 562 
 531 557 563 
 531 563 532 
 532 563 564 
 532 564 562 
 565 537 533 
 565 533 536 
 534 535 566 
 536 534 566 
 535 567 568 
 566 535 568 
 536 566 569 
 569 565 536 
 537 570 538 
 570 537 565 
 538 570 571 
 538 571 557 
 540 539 574 
 574 539 549 
 572 540 575 
 575 540 574 
 576 542 541 
 576 541 550 
 577 543 542 
 577 542 576 
 578 544 543 
 578 543 577 
 579 545 544 
 579 544 578 
 580 546 545 
 580 545 579 
 581 548 546 
 581 546 580 
 549 547 582 
 582 547 548 
 582 548 581 
 574 549 583 
 583 549 582 
 552 584 550 
 585 576 550 
 585 550 584 
 555 586 551 
 551 586 552 
 552 586 584 
 556 553 587 
 587 553 554 
 587 554 560 
 555 556 588 
 555 588 586 
 588 556 587 
 586 589 584 
 557 571 590 
 557 590 563 
 560 591 587 
 559 562 592 
 558 559 592 
 592 561 558 
 560 561 593 
 592 593 561 
 591 560 593 
 562 594 592 
 564 595 562 
 595 594 562 
 563 590 596 
 563 596 564 
 564 596 595 
 599 570 565 
 599 565 569 
 566 568 602 
 566 602 569 
 567 600 603 
 568 567 603 
 568 603 604 
 602 568 604 
 605 599 569 
 605 569 602 
 570 607 571 
 607 570 599 
 571 607 608 
 571 608 590 
 573 572 609 
 609 572 575 
 597 573 610 
 610 573 609 
 575 574 611 
 611 574 583 
 609 575 612 
 612 575 611 
 613 577 576 
 613 576 585 
 614 578 577 
 614 577 613 
 615 579 578 
 615 578 614 
 616 580 579 
 616 579 615 
 617 581 580 
 617 580 616 
 583 582 618 
 618 582 581 
 618 581 617 
 611 583 619 
 619 583 618 
 620 585 584 
 584 589 620 
 621 613 585 
 621 585 620 
 586 588 622 
 588 587 622 
 586 622 589 
 587 591 622 
 589 622 623 
 589 623 620 
 590 608 624 
 590 624 596 
 591 625 622 
 593 626 591 
 626 625 591 
 594 627 592 
 592 627 593 
 593 627 626 
 594 628 627 
 595 629 594 
 594 629 628 
 596 624 630 
 596 630 595 
 595 630 629 
 598 597 633 
 633 597 610 
 631 598 634 
 634 598 633 
 635 607 599 
 635 599 605 
 600 601 636 
 603 600 636 
 601 606 637 
 636 601 637 
 602 604 638 
 602 638 605 
 603 636 639 
 604 603 639 
 604 639 640 
 638 604 640 
 641 635 605 
 641 605 638 
 606 642 637 
 607 643 608 
 643 607 635 
 608 643 644 
 608 644 624 
 610 609 645 
 645 609 612 
 633 610 646 
 646 610 645 
 612 611 647 
 647 611 619 
 645 612 648 
 648 612 647 
 649 614 613 
 649 613 621 
 650 615 614 
 650 614 649 
 651 616 615 
 651 615 650 
 652 617 616 
 652 616 651 
 619 618 653 
 653 618 617 
 653 617 652 
 647 619 654 
 654 619 653 
 623 655 620 
 621 620 655 
 656 621 655 
 657 649 621 
 656 657 621 
 658 623 622 
 622 625 658 
 658 659 623 
 623 659 655 
 624 644 660 
 624 660 630 
 626 661 625 
 661 658 625 
 627 662 626 
 662 661 626 
 628 663 627 
 663 662 627 
 629 664 628 
 628 664 663 
 630 660 665 
 630 665 629 
 629 665 664 
 667 632 666 
 632 631 668 
 632 668 666 
 668 631 634 
 634 633 669 
 669 633 646 
 668 634 670 
 670 634 669 
 671 643 635 
 671 635 641 
 642 672 637 
 636 637 672 
 639 636 672 
 673 641 638 
 638 640 673 
 672 674 639 
 640 639 674 
 674 673 640 
 675 671 641 
 675 641 673 
 642 676 672 
 643 677 644 
 677 643 671 
 644 677 678 
 644 678 660 
 669 646 679 
 646 645 680 
 679 646 680 
 680 645 648 
 648 647 681 
 681 647 654 
 680 648 682 
 682 648 681 
 683 650 649 
 683 649 657 
 684 651 650 
 684 650 683 
 685 652 651 
 685 651 684 
 654 653 686 
 686 653 652 
 686 652 685 
 681 654 687 
 687 654 686 
 688 683 657 
 689 656 655 
 655 659 689 
 689 690 656 
 656 690 657 
 690 691 657 
 691 688 657 
 661 692 658 
 658 692 659 
 692 689 659 
 660 678 693 
 660 693 665 
 662 694 661 
 661 694 692 
 663 695 662 
 662 695 694 
 664 696 663 
 663 696 695 
 665 693 697 
 665 697 664 
 664 697 696 
 698 666 668 
 699 667 666 
 698 699 666 
 700 698 668 
 668 670 700 
 670 669 701 
 669 679 701 
 701 700 670 
 702 677 671 
 702 671 675 
 672 676 703 
 672 703 674 
 674 703 704 
 674 704 673 
 675 673 704 
 705 702 675 
 705 675 704 
 676 706 703 
 677 707 678 
 707 677 702 
 678 707 708 
 678 708 693 
 709 701 679 
 679 680 710 
 679 710 709 
 710 680 682 
 710 682 711 
 682 681 712 
 711 682 712 
 712 681 687 
 713 684 683 
 713 683 688 
 714 685 684 
 714 684 713 
 687 686 715 
 715 686 685 
 715 685 714 
 712 687 716 
 716 687 715 
 713 688 717 
 691 717 688 
 717 718 713 
 692 719 689 
 689 719 690 
 719 720 690 
 690 720 691 
 720 717 691 
 694 721 692 
 692 721 719 
 693 708 722 
 693 722 697 
 695 723 694 
 694 723 721 
 696 724 695 
 695 724 723 
 697 722 725 
 697 725 696 
 696 725 724 
 726 698 700 
 727 699 698 
 726 727 698 
 728 726 700 
 728 700 701 
 729 728 701 
 729 701 709 
 730 707 702 
 730 702 705 
 703 706 731 
 703 731 704 
 704 731 732 
 704 732 705 
 733 730 705 
 733 705 732 
 706 734 731 
 707 735 708 
 735 707 730 
 708 735 736 
 708 736 722 
 737 729 709 
 737 709 710 
 738 737 710 
 710 711 738 
 711 712 739 
 739 738 711 
 712 716 740 
 712 740 739 
 741 714 713 
 741 713 718 
 716 715 742 
 742 715 714 
 742 714 741 
 740 716 743 
 743 716 742 
 718 744 741 
 720 745 717 
 745 718 717 
 745 746 718 
 718 746 744 
 721 747 719 
 719 747 720 
 747 748 720 
 720 748 745 
 723 749 721 
 721 749 747 
 722 736 750 
 722 750 725 
 724 751 723 
 723 751 749 
 725 750 752 
 725 752 724 
 724 752 751 
 753 726 728 
 754 727 726 
 753 754 726 
 755 753 728 
 755 728 729 
 756 755 729 
 756 729 737 
 757 735 730 
 757 730 733 
 731 734 758 
 731 758 732 
 732 758 759 
 759 757 733 
 759 733 732 
 734 760 758 
 735 761 736 
 761 735 757 
 736 761 762 
 736 762 750 
 763 756 737 
 763 737 738 
 764 763 738 
 764 738 739 
 765 764 739 
 765 739 740 
 743 765 740 
 766 741 744 
 742 741 766 
 767 765 743 
 767 743 742 
 766 767 742 
 746 768 744 
 768 766 744 
 748 769 745 
 745 769 746 
 770 768 746 
 746 769 770 
 749 771 747 
 747 771 748 
 771 772 748 
 748 772 769 
 751 773 749 
 749 773 771 
 750 762 774 
 750 774 752 
 752 774 775 
 752 775 751 
 751 775 773 
 776 753 755 
 777 754 753 
 776 777 753 
 778 776 755 
 778 755 756 
 779 778 756 
 779 756 763 
 780 761 757 
 780 757 759 
 758 760 781 
 758 781 759 
 782 780 759 
 782 759 781 
 760 783 781 
 761 784 762 
 784 761 780 
 762 784 785 
 762 785 774 
 786 779 763 
 786 763 764 
 787 786 764 
 787 764 765 
 788 787 765 
 788 765 767 
 768 789 766 
 767 766 789 
 789 788 767 
 770 790 768 
 768 790 789 
 772 791 769 
 791 770 769 
 791 792 770 
 770 792 790 
 773 793 771 
 771 793 772 
 793 791 772 
 775 794 773 
 773 794 793 
 774 785 795 
 774 795 775 
 775 795 794 
 796 776 778 
 797 777 776 
 796 797 776 
 798 796 778 
 798 778 779 
 799 798 779 
 799 779 786 
 800 784 780 
 800 780 782 
 781 783 801 
 781 801 782 
 800 782 801 
 783 802 801 
 784 803 785 
 803 784 800 
 785 803 804 
 785 804 795 
 805 799 786 
 805 786 787 
 806 805 787 
 806 787 788 
 806 788 807 
 807 788 789 
 808 807 789 
 790 808 789 
 809 808 790 
 790 792 809 
 793 810 791 
 791 810 792 
 810 809 792 
 794 811 793 
 793 811 810 
 795 804 812 
 795 812 794 
 794 812 811 
 813 796 798 
 814 797 796 
 813 814 796 
 815 813 798 
 815 798 799 
 816 815 799 
 816 799 805 
 817 803 800 
 801 817 800 
 801 802 818 
 801 818 817 
 802 819 818 
 803 820 804 
 820 803 817 
 804 820 821 
 804 821 812 
 822 816 805 
 822 805 806 
 822 806 823 
 823 806 807 
 809 824 808 
 824 823 807 
 807 808 824 
 810 825 809 
 809 825 824 
 811 826 810 
 810 826 825 
 812 821 827 
 812 827 811 
 811 827 826 
 829 813 815 
 830 814 813 
 829 830 813 
 831 829 815 
 831 815 816 
 832 831 816 
 832 816 822 
 833 820 817 
 833 817 818 
 819 828 834 
 818 819 834 
 834 833 818 
 834 828 835 
 820 836 821 
 836 820 833 
 821 836 837 
 821 837 827 
 832 822 838 
 838 822 823 
 824 839 823 
 838 823 839 
 825 840 824 
 824 840 839 
 826 841 825 
 825 841 840 
 827 837 842 
 827 842 826 
 826 842 841 
 828 843 835 
 844 829 831 
 845 830 829 
 844 845 829 
 846 844 831 
 846 831 832 
 847 846 832 
 847 832 838 
 848 836 833 
 848 833 834 
 834 835 848 
 835 843 849 
 835 849 848 
 836 850 837 
 850 836 848 
 837 850 851 
 837 851 842 
 852 847 838 
 840 852 839 
 852 838 839 
 841 853 840 
 840 853 852 
 842 851 854 
 842 854 841 
 841 854 853 
 843 855 849 
 856 844 846 
 857 845 844 
 856 857 844 
 858 856 846 
 858 846 847 
 859 858 847 
 859 847 852 
 849 855 860 
 861 850 848 
 849 860 861 
 849 861 848 
 850 862 851 
 862 850 861 
 851 862 863 
 851 863 854 
 853 864 852 
 859 852 864 
 854 863 865 
 854 865 853 
 853 865 864 
 855 867 860 
 860 867 866 
 868 856 858 
 869 857 856 
 868 869 856 
 870 868 858 
 870 858 859 
 870 859 871 
 864 871 859 
 872 862 861 
 872 861 860 
 860 866 872 
 862 873 863 
 873 862 872 
 863 873 874 
 863 874 865 
 865 874 875 
 865 875 864 
 864 875 871 
 866 876 872 
 867 877 866 
 866 877 876 
 878 868 870 
 879 869 868 
 878 879 868 
 880 878 870 
 875 880 871 
 880 870 871 
 881 873 872 
 876 881 872 
 873 882 874 
 882 873 881 
 874 882 883 
 874 883 875 
 875 883 880 
 876 884 881 
 877 885 876 
 876 885 884 
 886 878 880 
 887 879 878 
 886 887 878 
 883 888 880 
 886 880 888 
 889 882 881 
 889 881 884 
 882 890 883 
 883 890 888 
 890 882 889 
 884 891 889 
 885 892 884 
 884 892 891 
 888 893 886 
 894 887 886 
 893 894 886 
 890 895 888 
 888 895 893 
 895 890 896 
 896 890 889 
 896 889 891 
 891 897 896 
 892 898 891 
 891 898 897 
 899 894 893 
 895 899 893 
 899 895 900 
 900 895 896 
 900 896 901 
 901 896 897 
 898 902 897 
 897 902 901 
 903 899 904 
 904 899 900 
 904 900 905 
 900 901 905 
 901 906 905 
 902 907 901 
 901 907 906 
 908 903 909 
 903 904 909 
 909 904 910 
 910 904 905 
 905 906 910 
 906 911 910 
 907 912 906 
 906 912 911 
 913 908 914 
 914 908 909 
 914 909 915 
 915 909 910 
 910 911 915 
 911 916 915 
 912 917 911 
 911 917 916 
 918 913 919 
 919 913 914 
 919 914 920 
 920 914 915 
 915 916 920 
 916 922 920 
 917 923 916 
 916 923 922 
 921 918 924 
 924 918 919 
 924 919 925 
 919 920 925 
 922 925 920 
 921 924 926 
 927 921 926 
 922 928 925 
 923 929 922 
 922 929 928 
 930 926 924 
 925 928 930 
 930 924 925 
 931 927 926 
 930 931 926 
 928 932 930 
 929 933 928 
 928 933 932 
 934 931 930 
 934 930 932 
 933 935 932 
 935 934 932 
 