624 12
0 62
0 12325 
12325 1 
1 12326 
12326 6 
6 12327 
12327 9 
9 12328 
12328 16 
16 12329 
12329 27 
27 12330 
12330 38 
38 12331 
12331 49 
49 12332 
12332 66 
66 12333 
12333 83 
83 12334 
12334 100 
100 12335 
12335 121 
121 12336 
12336 144 
144 12337 
12337 171 
171 12338 
12338 198 
198 12339 
12339 225 
225 12340 
12340 258 
258 12341 
12341 289 
289 12342 
12342 326 
326 12343 
12343 361 
361 12344 
12344 402 
402 12345 
12345 441 
441 12346 
12346 486 
486 12347 
12347 529 
529 12348 
12348 578 
578 12349 
12349 625 
625 12350 
12350 678 
678 12351 
12351 729 
729 12352 
12352 784 
784 12353 
12353 841 
841 12354 
12354 902 
902 12355 
12355 963 

1 62
2 12356 
12356 0 
4 12357 
12357 2 
11 12358 
12358 4 
18 12359 
12359 11 
25 12360 
12360 18 
36 12361 
12361 25 
51 12362 
12362 36 
64 12363 
12363 51 
81 12364 
12364 64 
102 12365 
12365 81 
123 12366 
12366 102 
146 12367 
12367 123 
169 12368 
12368 146 
196 12369 
12369 169 
227 12370 
12370 196 
256 12371 
12371 227 
291 12372 
12372 256 
324 12373 
12373 291 
363 12374 
12374 324 
400 12375 
12375 363 
443 12376 
12376 400 
484 12377 
12377 443 
531 12378 
12378 484 
576 12379 
12379 531 
627 12380 
12380 576 
676 12381 
12381 627 
731 12382 
12382 676 
786 12383 
12383 731 
843 12384 
12384 786 
900 12385 
12385 843 
961 12386 
12386 900 

2 32
963 12387 
12387 1024 
1024 12388 
12388 1089 
1089 12389 
12389 1156 
1156 12390 
12390 1227 
1227 12391 
12391 1296 
1296 12392 
12392 1371 
1371 12393 
12393 1446 
1446 12394 
12394 1523 
1523 12395 
12395 1600 
1600 12396 
12396 1681 
1681 12397 
12397 1766 
1766 12398 
12398 1851 
1851 12399 
12399 1938 
1938 12400 
12400 2025 
2025 12401 
12401 2118 
2118 12402 
12402 2209 

3 62
2209 12403 
12403 2304 
2304 12404 
12404 2403 
2403 12405 
12405 2500 
2500 12406 
12406 2603 
2603 12407 
12407 2704 
2704 12408 
12408 2809 
2809 12409 
12409 2918 
2918 12410 
12410 3027 
3027 12411 
12411 3136 
3136 12412 
12412 3251 
3251 12413 
12413 3366 
3366 12414 
12414 3481 
3481 12415 
12415 3602 
3602 12416 
12416 3723 
3723 12417 
12417 3844 
3844 12418 
12418 3969 
3969 12419 
12419 4098 
4098 12420 
12420 4225 
4225 12421 
12421 4358 
4358 12422 
12422 4489 
4489 12423 
12423 4626 
4626 12424 
12424 4761 
4761 12425 
12425 4900 
4900 12426 
12426 5043 
5043 12427 
12427 5184 
5184 12428 
12428 5331 
5331 12429 
12429 5476 
5476 12430 
12430 5627 
5627 12431 
12431 5776 
5776 12432 
12432 5929 
5929 12433 
12433 6085 

4 62
6085 12434 
12434 6241 
6241 12435 
12435 6396 
6396 12436 
12436 6549 
6549 12437 
12437 6700 
6700 12438 
12438 6849 
6849 12439 
12439 6996 
6996 12440 
12440 7141 
7141 12441 
12441 7284 
7284 12442 
12442 7425 
7425 12443 
12443 7564 
7564 12444 
12444 7701 
7701 12445 
12445 7836 
7836 12446 
12446 7969 
7969 12447 
12447 8100 
8100 12448 
12448 8229 
8229 12449 
12449 8356 
8356 12450 
12450 8481 
8481 12451 
12451 8604 
8604 12452 
12452 8725 
8725 12453 
12453 8844 
8844 12454 
12454 8961 
8961 12455 
12455 9076 
9076 12456 
12456 9189 
9189 12457 
12457 9300 
9300 12458 
12458 9409 
9409 12459 
12459 9516 
9516 12460 
12460 9621 
9621 12461 
12461 9724 
9724 12462 
12462 9825 
9825 12463 
12463 9924 
9924 12464 
12464 10021 

5 32
1026 12465 
12465 961 
1091 12466 
12466 1026 
1158 12467 
12467 1091 
1225 12468 
12468 1158 
1298 12469 
12469 1225 
1369 12470 
12470 1298 
1444 12471 
12471 1369 
1521 12472 
12472 1444 
1602 12473 
12473 1521 
1683 12474 
12474 1602 
1764 12475 
12475 1683 
1849 12476 
12476 1764 
1936 12477 
12477 1849 
2027 12478 
12478 1936 
2116 12479 
12479 2027 
2211 12480 
12480 2116 

6 32
10021 12481 
12481 10116 
10116 12482 
12482 10209 
10209 12483 
12483 10300 
10300 12484 
12484 10389 
10389 12485 
12485 10476 
10476 12486 
12486 10561 
10561 12487 
12487 10644 
10644 12488 
12488 10725 
10725 12489 
12489 10804 
10804 12490 
12490 10881 
10881 12491 
12491 10956 
10956 12492 
12492 11029 
11029 12493 
12493 11100 
11100 12494 
12494 11169 
11169 12495 
12495 11236 
11236 12496 
12496 11301 

7 62
2306 12497 
12497 2211 
2401 12498 
12498 2306 
2502 12499 
12499 2401 
2601 12500 
12500 2502 
2706 12501 
12501 2601 
2811 12502 
12502 2706 
2916 12503 
12503 2811 
3025 12504 
12504 2916 
3138 12505 
12505 3025 
3249 12506 
12506 3138 
3364 12507 
12507 3249 
3483 12508 
12508 3364 
3600 12509 
12509 3483 
3721 12510 
12510 3600 
3846 12511 
12511 3721 
3971 12512 
12512 3846 
4096 12513 
12513 3971 
4227 12514 
12514 4096 
4356 12515 
12515 4227 
4491 12516 
12516 4356 
4624 12517 
12517 4491 
4763 12518 
12518 4624 
4902 12519 
12519 4763 
5041 12520 
12520 4902 
5186 12521 
12521 5041 
5329 12522 
12522 5186 
5478 12523 
12523 5329 
5625 12524 
12524 5478 
5778 12525 
12525 5625 
5931 12526 
12526 5778 
6087 12527 
12527 5931 

8 62
11301 12528 
12528 11364 
11364 12529 
12529 11425 
11425 12530 
12530 11484 
11484 12531 
12531 11541 
11541 12532 
12532 11596 
11596 12533 
12533 11649 
11649 12534 
12534 11700 
11700 12535 
12535 11749 
11749 12536 
12536 11796 
11796 12537 
12537 11841 
11841 12538 
12538 11884 
11884 12539 
12539 11925 
11925 12540 
12540 11964 
11964 12541 
12541 12001 
12001 12542 
12542 12036 
12036 12543 
12543 12069 
12069 12544 
12544 12100 
12100 12545 
12545 12129 
12129 12546 
12546 12156 
12156 12547 
12547 12181 
12181 12548 
12548 12204 
12204 12549 
12549 12225 
12225 12550 
12550 12244 
12244 12551 
12551 12261 
12261 12552 
12552 12276 
12276 12553 
12553 12289 
12289 12554 
12554 12300 
12300 12555 
12555 12309 
12309 12556 
12556 12316 
12316 12557 
12557 12321 
12321 12558 
12558 12324 

9 62
6243 12559 
12559 6087 
6398 12560 
12560 6243 
6551 12561 
12561 6398 
6702 12562 
12562 6551 
6851 12563 
12563 6702 
6998 12564 
12564 6851 
7143 12565 
12565 6998 
7286 12566 
12566 7143 
7427 12567 
12567 7286 
7566 12568 
12568 7427 
7703 12569 
12569 7566 
7838 12570 
12570 7703 
7971 12571 
12571 7838 
8102 12572 
12572 7971 
8231 12573 
12573 8102 
8358 12574 
12574 8231 
8483 12575 
12575 8358 
8606 12576 
12576 8483 
8727 12577 
12577 8606 
8846 12578 
12578 8727 
8963 12579 
12579 8846 
9078 12580 
12580 8963 
9191 12581 
12581 9078 
9302 12582 
12582 9191 
9411 12583 
12583 9302 
9518 12584 
12584 9411 
9623 12585 
12585 9518 
9726 12586 
12586 9623 
9827 12587 
12587 9726 
9926 12588 
12588 9827 
10023 12589 
12589 9926 

10 32
10118 12590 
12590 10023 
10211 12591 
12591 10118 
10302 12592 
12592 10211 
10391 12593 
12593 10302 
10478 12594 
12594 10391 
10563 12595 
12595 10478 
10646 12596 
12596 10563 
10727 12597 
12597 10646 
10806 12598 
12598 10727 
10883 12599 
12599 10806 
10958 12600 
12600 10883 
11031 12601 
12601 10958 
11102 12602 
12602 11031 
11171 12603 
12603 11102 
11238 12604 
12604 11171 
11303 12605 
12605 11238 

11 62
11366 12606 
12606 11303 
11427 12607 
12607 11366 
11486 12608 
12608 11427 
11543 12609 
12609 11486 
11598 12610 
12610 11543 
11651 12611 
12611 11598 
11702 12612 
12612 11651 
11751 12613 
12613 11702 
11798 12614 
12614 11751 
11843 12615 
12615 11798 
11886 12616 
12616 11843 
11927 12617 
12617 11886 
11966 12618 
12618 11927 
12003 12619 
12619 11966 
12038 12620 
12620 12003 
12071 12621 
12621 12038 
12102 12622 
12622 12071 
12131 12623 
12623 12102 
12158 12624 
12624 12131 
12183 12625 
12625 12158 
12206 12626 
12626 12183 
12227 12627 
12627 12206 
12246 12628 
12628 12227 
12263 12629 
12629 12246 
12278 12630 
12630 12263 
12291 12631 
12631 12278 
12302 12632 
12632 12291 
12311 12633 
12633 12302 
12318 12634 
12634 12311 
12322 12635 
12635 12318 
12324 12636 
12636 12322 

