  0.13633204973
  0.15548245766
  0.17981675558
  0.02834925951
  0.00616450694
  0.00536636517
  0.00482937359
  0.00443212453
  0.00412168492
  0.00386978238
  0.00366038410
  0.00348020779
  0.00332384435
  0.00318624171
  0.00306375278
  0.00295366628
  0.00285391687
  0.00276289812
  0.00267933834
  0.00260221519
  0.00253069562
  0.00246409273
  0.00240183410
  0.00234343817
  0.00228849636
  0.00223665931
  0.00218762620
  0.00214113634
  0.00209696247
  0.00205490542
  0.00201478972
  0.00197646012
  0.00193977861
  0.00190462204
  0.00187088010
  0.00183845363
  0.00180725320
  0.00177719793
  0.00174821439
  0.00172023582
  0.00169320128
  0.00166705507
  0.00164174614
  0.00161722755
  0.00159345614
  0.00157039207
  0.00154799851
  0.00152624137
  0.00150508905
  0.00148451215
  0.00146448333
  0.00144497712
  0.00142596972
  0.00140743891
  0.00138936386
  0.00137172509
  0.00135450427
  0.00133768422
  0.00132124875
  0.00130518263
  0.00128947149
  0.00127410179
  0.00125906071
  0.00124433614
  0.00122991662
  0.00121579129
  0.00120194984
  0.00118838251
  0.00117508001
  0.00116203351
  0.00114923462
  0.00113667533
  0.00112434802
  0.00111224544
  0.00110036064
  0.00108868701
  0.00107721822
  0.00106594821
  0.00105487121
  0.00104398167
  0.00103327429
  0.00102274397
  0.00101238585
  0.00100219523
  0.00099216762
  0.00098229871
  0.00097258435
  0.00096302054
  0.00095360345
  0.00094432939
  0.00093519479
  0.00092619623
  0.00091733040
  0.00090859413
  0.00089998433
  0.00089149804
  0.00088313240
  0.00087488465
  0.00086675210
  0.00085873218
  0.00085082239
  0.00084302031
  0.00083532361
  0.00082773002
  0.00082023735
  0.00081284347
  0.00080554634
  0.00079834395
  0.00079123436
  0.00078421572
  0.00077728619
  0.00077044401
  0.00076368746
  0.00075701488
  0.00075042464
  0.00074391519
  0.00073748499
  0.00073113255
  0.00072485643
  0.00071865522
  0.00071252756
  0.00070647211
  0.00070048759
  0.00069457273
  0.00068872629
  0.00068294709
  0.00067723396
  0.00067158575
  0.00066600137
  0.00066047973
  0.00065501978
  0.00064962049
  0.00064428086
  0.00063899990
  0.00063377667
  0.00062861023
  0.00062349967
  0.00061844410
  0.00061344265
  0.00060849447
  0.00060359874
  0.00059875463
  0.00059396137
  0.00058921816
  0.00058452427
  0.00057987894
  0.00057528144
  0.00057073108
  0.00056622715
  0.00056176898
  0.00055735589
  0.00055298725
  0.00054866240
  0.00054438073
  0.00054014163
  0.00053594448
  0.00053178872
  0.00052767376
  0.00052359903
  0.00051956399
  0.00051556809
  0.00051161080
  0.00050769161
  0.00050380999
  0.00049996544
  0.00049615749
  0.00049238563
  0.00048864941
  0.00048494835
  0.00048128200
  0.00047764991
  0.00047405164
  0.00047048676
  0.00046695485
  0.00046345549
  0.00045998827
  0.00045655278
  0.00045314865
  0.00044977547
  0.00044643287
  0.00044312047
  0.00043983790
  0.00043658481
  0.00043336084
  0.00043016563
  0.00042699885
  0.00042386016
  0.00042074922
  0.00041766571
  0.00041460930
  0.00041157969
  0.00040857656
  0.00040559960
  0.00040264851
  0.00039972300
  0.00039682277
  0.00039394754
  0.00039109703
  0.00038827095
  0.00038550057
