  7.75050369894
  7.29786974758
  7.44602107208
  7.60315321343
  7.61290294224
  7.58077150772
  7.55563712877
  7.53472972266
  7.51674171698
  7.50079568671
  7.48642678305
  7.47334602667
  7.46134056038
  7.45012206225
  7.43956856654
  7.42958433727
  7.42008394718
  7.41103980775
  7.40236898961
  7.39411134218
  7.38614368251
  7.37850274183
  7.37116578788
  7.36405721622
  7.35717998053
  7.35052448393
  7.34411614962
  7.33786452139
  7.33180560194
  7.32591137667
  7.32018880111
  7.31463909471
  7.30922228929
  7.30394162196
  7.29880625035
  7.29378688182
  7.28884813678
  7.28406574740
  7.27939346724
  7.27483040157
  7.27037087269
  7.26601091644
  7.26171365773
  7.25754525088
  7.25346386150
  7.24943518794
  7.24554423689
  7.24168082421
  7.23792935834
  7.23422741064
  7.23062592226
  7.22708033723
  7.22362493090
  7.22021265084
  7.21689157723
  7.21360830996
  7.21041109656
  7.20725140596
  7.20414768625
  7.20113016547
  7.19814521552
  7.19520883805
  7.19235044293
  7.18951599863
  7.18676382476
  7.18403603730
  7.18134647814
  7.17873208101
  7.17613294988
  7.17359865708
  7.17109412361
  7.16862734862
  7.16619892473
  7.16384238538
  7.16149122378
  7.15918013118
  7.15692844909
  7.15469271508
  7.15249558986
  7.15033457541
  7.14822476431
  7.14613268275
  7.14407050145
  7.14204107926
  7.14006185718
  7.13810042319
  7.13616354484
  7.13425459228
  7.13239580542
  7.13054020665
  7.12871402855
  7.12691421473
  7.12514086696
  7.12341891740
  7.12169796211
  7.12000610763
  7.11833783764
  7.11668993861
  7.11506865662
  7.11349390901
  7.11191723572
  7.11035995516
  7.10882754225
  7.10732092859
  7.10585841717
  7.10438981891
  7.10294526010
  7.10151239071
  7.10010196696
  7.09871785324
  7.09733830369
  7.09598814225
  7.09464603447
  7.09332726361
  7.09205651059
  7.09077799306
  7.08954519296
  7.08827658391
  7.08704317470
  7.08581916655
  7.08462664188
  7.08345939072
  7.08230988414
  7.08116370861
  7.08002424738
  7.07889800225
  7.07778154139
  7.07669950021
  7.07564489712
  7.07458270099
  7.07353536133
  7.07246807575
  7.07144408413
  7.07041408027
  7.06943047221
  7.06842734877
  7.06752207888
  7.06650090550
  7.06555300105
  7.06459402668
  7.06368507984
  7.06276394658
  7.06182157274
  7.06093664975
  7.06007979796
  7.05917225792
  7.05834706137
  7.05751838625
  7.05668310557
  7.05582748077
  7.05499902710
  7.05418911536
  7.05337188911
  7.05258448683
  7.05181054098
  7.05102742094
  7.05023970446
  7.04952687781
  7.04878591838
  7.04804556480
  7.04729548158
  7.04658140655
  7.04584076261
  7.04513319757
  7.04445157668
  7.04375273716
  7.04306298076
  7.04241883574
  7.04175026176
  7.04109080276
  7.04043795726
  7.03979098892
  7.03914612736
  7.03851958946
  7.03789128222
  7.03726886486
  7.03665307751
  7.03603842835
  7.03547624735
  7.03487966129
  7.03429946938
  7.03372118962
  7.03314831402
  7.03257824514
  7.03201489255
  7.03145821008
  7.03090556674
  7.03036001439
  7.02981857922
  7.02928629391
  7.02875765417
  7.02826646864
  7.02774469737
  7.02723048467
  7.02672634293
  7.02622280086
  7.02572964309
  7.02523900787
  7.02475566033
  7.02427619944
