  0.17395842677
  0.20079707985
  0.22714529084
  0.07619509626
  0.06772868974
  0.06069371447
  0.05200139832
  0.04186151284
  0.03472911895
  0.01850561536
  0.01486776290
  0.01446593947
  0.01275039768
  0.01283625015
  0.01172075922
  0.00983343168
  0.00928051058
  0.00895630929
  0.00915239090
  0.00877097606
  0.00694826113
  0.00781665792
  0.00734108416
  0.00567046236
  0.00661066333
  0.00541399016
  0.00522196487
  0.00620041288
  0.00510065773
  0.00596513353
  0.00499886548
  0.00479492071
  0.00466538634
  0.00447215329
  0.00439898125
  0.00426666556
  0.00411418911
  0.00415934066
  0.00399102455
  0.00378950225
  0.00361621851
  0.00348578685
  0.00351460881
  0.00355235950
  0.00346082218
  0.00339344765
  0.00330890165
  0.00322115881
  0.00318296919
  0.00321156611
  0.00306353393
  0.00298851765
  0.00288478824
  0.00291750787
  0.00278622039
  0.00271785860
  0.00257119988
  0.00247468795
  0.00252718689
  0.00241704658
  0.00231271938
  0.00232512621
  0.00235553583
  0.00239102509
  0.00240297522
  0.00229379558
  0.00227387207
  0.00225478433
  0.00224965641
  0.00227739014
  0.00227329890
  0.00221445050
  0.00212430795
  0.00206362441
  0.00198839185
  0.00198775007
  0.00198148950
  0.00200956102
  0.00198280824
  0.00191128447
  0.00192052355
  0.00193202799
  0.00195844623
  0.00187671794
  0.00191334528
  0.00192415976
  0.00182084822
  0.00178867681
  0.00180530464
  0.00179644071
  0.00183582304
  0.00182440368
  0.00184415472
  0.00186933112
  0.00189533810
  0.00184059286
  0.00176876258
  0.00176822562
  0.00177207988
  0.00177045219
  0.00178355058
  0.00182748786
  0.00182801133
  0.00188072925
  0.00193591301
  0.00184356646
  0.00175444165
  0.00180528559
  0.00185549371
  0.00174961958
  0.00176320954
  0.00177100080
  0.00165986449
