  0.22086394895
  0.30045160105
  0.30293283591
  0.19495632225
  0.10975496174
  0.07599579145
  0.06145328969
  0.04781719192
  0.03648817492
  0.02821547742
  0.02410794641
  0.02029404723
  0.01886997831
  0.01702643937
  0.01448251008
  0.01351742403
  0.01255814544
  0.01197993626
  0.01071360699
  0.01099254311
  0.01087173899
  0.01166696221
  0.01162561017
  0.01090702186
  0.01172601547
  0.01078112407
  0.01160503859
  0.01293206606
  0.01278070256
  0.01295180005
  0.00980385050
  0.00728968322
  0.00726673117
  0.00809124897
  0.00838839920
  0.00926586452
  0.00675370722
  0.00666214961
  0.00768715358
  0.00664786583
  0.00543400393
  0.00373444380
  0.00364478385
  0.00441257362
  0.00721321865
  0.00434915736
  0.00325975505
  0.00329479835
  0.00369719543
  0.00352033664
  0.00513749312
  0.00526532875
  0.00401405188
  0.00583492332
  0.00768764683
  0.00538809594
  0.00370914708
  0.00356040420
  0.00398753868
  0.00495307502
  0.00619472939
  0.00718642918
  0.00832242326
  0.00741896692
  0.00753088509
  0.00871793661
  0.00798391813
  0.00837078143
  0.00785432431
  0.00712159504
  0.00635114962
  0.00669265680
  0.00912046811
  0.00935369738
  0.00862668455
  0.00802494507
  0.00985129628
  0.00935670372
  0.00745834749
  0.00922773856
  0.00836123577
  0.01011854446
  0.01049014259
  0.01276909658
  0.01192498483
  0.01138395451
  0.01228795289
  0.01340696587
  0.01189644091
  0.01147636148
  0.01193644419
  0.01181480236
  0.01230194299
  0.01253604574
  0.01141192963
  0.01195395893
  0.01235802230
  0.01135551465
  0.01066868001
  0.01097193525
