2542 12
0 60
4481 27918 
27918 4549 
4549 27919 
27919 4622 
4622 27920 
27920 4700 
4700 27921 
27921 4780 
4780 27922 
27922 4866 
4866 27923 
27923 4875 
4875 27924 
27924 4963 
4963 27925 
27925 4965 
4965 27926 
27926 5060 
5060 27927 
27927 5062 
5062 27928 
27928 5161 
5161 27929 
27929 5163 
5163 27930 
27930 5265 
5265 27931 
27931 5267 
5267 27932 
27932 5376 
5376 27933 
27933 5378 
5378 27934 
27934 5491 
5491 27935 
27935 5493 
5493 27936 
27936 5612 
5612 27937 
27937 5732 
5732 27938 
27938 5735 
5735 27939 
27939 5863 
5863 27940 
27940 5865 
5865 27941 
27941 5999 
5999 27942 
27942 6001 
6001 27943 
27943 6150 
6150 27944 
27944 6151 
6151 27945 
27945 6304 
6304 27946 
27946 6305 
6305 27947 
27947 6478 

1 544
4 27948 
27948 13 
13 27949 
27949 27 
27 27950 
27950 48 
48 27951 
27951 78 
78 27952 
27952 120 
120 27953 
27953 172 
172 27954 
27954 242 
242 27955 
27955 311 
311 27956 
27956 384 
384 27957 
27957 456 
456 27958 
27958 528 
528 27959 
27959 597 
597 27960 
27960 663 
663 27961 
27961 726 
726 27962 
27962 789 
789 27963 
27963 848 
848 27964 
27964 904 
904 27965 
27965 956 
956 27966 
27966 1007 
1007 27967 
27967 1057 
1057 27968 
27968 1108 
1108 27969 
27969 1158 
1158 27970 
27970 1209 
1209 27971 
27971 1260 
1260 27972 
27972 1308 
1308 27973 
27973 1356 
1356 27974 
27974 1404 
1404 27975 
27975 1451 
1451 27976 
27976 1499 
1499 27977 
27977 1548 
1548 27978 
27978 1592 
1592 27979 
27979 1639 
1639 27980 
27980 1677 
1677 27981 
27981 1725 
1725 27982 
27982 1774 
1774 27983 
27983 1822 
1822 27984 
27984 1868 
1868 27985 
27985 1918 
1918 27986 
27986 1968 
1968 27987 
27987 2016 
2016 27988 
27988 2062 
2062 27989 
27989 2106 
2106 27990 
27990 2151 
2151 27991 
27991 2194 
2194 27992 
27992 2240 
2240 27993 
27993 2283 
2283 27994 
27994 2327 
2327 27995 
27995 2370 
2370 27996 
27996 2413 
2413 27997 
27997 2441 
2441 27998 
27998 2442 
2442 27999 
27999 2487 
2487 28000 
28000 2533 
2533 28001 
28001 2578 
2578 28002 
28002 2623 
2623 28003 
28003 2668 
2668 28004 
28004 2712 
2712 28005 
28005 2759 
2759 28006 
28006 2806 
2806 28007 
28007 2853 
2853 28008 
28008 2901 
2901 28009 
28009 2947 
2947 28010 
28010 2994 
2994 28011 
28011 3042 
3042 28012 
28012 3090 
3090 28013 
28013 3136 
3136 28014 
28014 3183 
3183 28015 
28015 3232 
3232 28016 
28016 3275 
3275 28017 
28017 3321 
3321 28018 
28018 3368 
3368 28019 
28019 3414 
3414 28020 
28020 3460 
3460 28021 
28021 3507 
3507 28022 
28022 3554 
3554 28023 
28023 3601 
3601 28024 
28024 3648 
3648 28025 
28025 3695 
3695 28026 
28026 3744 
3744 28027 
28027 3794 
3794 28028 
28028 3843 
3843 28029 
28029 3893 
3893 28030 
28030 3945 
3945 28031 
28031 3998 
3998 28032 
28032 4050 
4050 28033 
28033 4103 
4103 28034 
28034 4158 
4158 28035 
28035 4214 
4214 28036 
28036 4272 
4272 28037 
28037 4292 
4292 28038 
28038 4351 
4351 28039 
28039 4414 
4414 28040 
28040 4480 
4480 28041 
28041 4548 
4551 28042 
28042 4481 
4548 28043 
28043 4620 
4621 28044 
28044 4551 
4620 28045 
28045 4699 
4701 28046 
28046 4621 
4699 28047 
28047 4779 
4781 28048 
28048 4701 
4779 28049 
28049 4865 
4867 28050 
28050 4781 
4865 28051 
28051 4953 
4954 28052 
28052 4867 
4953 28053 
28053 5047 
5048 28054 
28054 4954 
5047 28055 
28055 5145 
5146 28056 
28056 5048 
5145 28057 
28057 5247 
5248 28058 
28058 5146 
5247 28059 
28059 5355 
5356 28060 
28060 5248 
5355 28061 
28061 5468 
5469 28062 
28062 5356 
5468 28063 
28063 5586 
5587 28064 
28064 5469 
5586 28065 
28065 5706 
5707 28066 
28066 5587 
5706 28067 
28067 5833 
5834 28068 
28068 5707 
5833 28069 
28069 5967 
5968 28070 
28070 5834 
5967 28071 
28071 6114 
6115 28072 
28072 5968 
6114 28073 
28073 6266 
6267 28074 
28074 6115 
6266 28075 
28075 6437 
6438 28076 
28076 6267 
6437 28077 
28077 6608 
6609 28078 
28078 6438 
6608 28079 
28079 6780 
6781 28080 
28080 6609 
6780 28081 
28081 6954 
6955 28082 
28082 6781 
6954 28083 
28083 7125 
7126 28084 
28084 6955 
7125 28085 
28085 7298 
7299 28086 
28086 7126 
7298 28087 
28087 7469 
7470 28088 
28088 7299 
7469 28089 
28089 7642 
7643 28090 
28090 7470 
7642 28091 
28091 7814 
7815 28092 
28092 7643 
7814 28093 
28093 7986 
7987 28094 
28094 7815 
7986 28095 
28095 8158 
8159 28096 
28096 7987 
8158 28097 
28097 8328 
8329 28098 
28098 8159 
8328 28099 
28099 8490 
8499 28100 
28100 8329 
8490 28101 
28101 8662 
8671 28102 
28102 8499 
8662 28103 
28103 8831 
8840 28104 
28104 8671 
8831 28105 
28105 9002 
9011 28106 
28106 8840 
9002 28107 
28107 9170 
9179 28108 
28108 9011 
9170 28109 
28109 9340 
9351 28110 
28110 9179 
9340 28111 
28111 9514 
9525 28112 
28112 9351 
9514 28113 
28113 9675 
9694 28114 
28114 9525 
9675 28115 
28115 9845 
9864 28116 
28116 9694 
9845 28117 
28117 10016 
10035 28118 
28118 9864 
10016 28119 
28119 10186 
10205 28120 
28120 10035 
10186 28121 
28121 10356 
10375 28122 
28122 10205 
10356 28123 
28123 10526 
10545 28124 
28124 10375 
10526 28125 
28125 10696 
10715 28126 
28126 10545 
10696 28127 
28127 10867 
10886 28128 
28128 10715 
10867 28129 
28129 11038 
11057 28130 
28130 10886 
11038 28131 
28131 11206 
11225 28132 
28132 11057 
11206 28133 
28133 11376 
11395 28134 
28134 11225 
11376 28135 
28135 11545 
11564 28136 
28136 11395 
11545 28137 
28137 11713 
11732 28138 
28138 11564 
11713 28139 
28139 11882 
11901 28140 
28140 11732 
11882 28141 
28141 12052 
12071 28142 
28142 11901 
12052 28143 
28143 12224 
12243 28144 
28144 12071 
12224 28145 
28145 12396 
12415 28146 
28146 12243 
12396 28147 
28147 12566 
12585 28148 
28148 12415 
12566 28149 
28149 12737 
12756 28150 
28150 12585 
12737 28151 
28151 12910 
12929 28152 
28152 12756 
12910 28153 
28153 13084 
13103 28154 
28154 12929 
13084 28155 
28155 13256 
13275 28156 
28156 13103 
13256 28157 
28157 13430 
13449 28158 
28158 13275 
13430 28159 
28159 13602 
13621 28160 
28160 13449 
13602 28161 
28161 13773 
13792 28162 
28162 13621 
13773 28163 
28163 13943 
13962 28164 
28164 13792 
13963 28165 
28165 13962 
13943 28166 
28166 14114 
14133 28167 
28167 13963 
14114 28168 
28168 14288 
14307 28169 
28169 14133 
14308 28170 
28170 14307 
14288 28171 
28171 14463 
14483 28172 
28172 14308 
14463 28173 
28173 14639 
14658 28174 
28174 14483 
14659 28175 
28175 14658 
14639 28176 
28176 14812 
14832 28177 
28177 14659 
14812 28178 
28178 14986 
15005 28179 
28179 14832 
14986 28180 
28180 15158 
15158 28181 
28181 15179 
15179 28182 
28182 15180 
15181 28183 
28183 15005 
15182 28184 
28184 15181 
15180 28185 
28185 15356 
15358 28186 
28186 15182 
15356 28187 
28187 15532 
15532 28188 
28188 15536 
15537 28189 
28189 15358 
15538 28190 
28190 15537 
15536 28191 
28191 15710 
15710 28192 
28192 15712 
15712 28193 
28193 15713 
15713 28194 
28194 15714 
15714 28195 
28195 15715 
15715 28196 
28196 15716 
15716 28197 
28197 15717 
15717 28198 
28198 15718 
15718 28199 
28199 15719 
15719 28200 
28200 15720 
15721 28201 
28201 15538 
15722 28202 
28202 15721 
15720 28203 
28203 15723 
15723 28204 
28204 15724 
15724 28205 
28205 15725 
15725 28206 
28206 15726 
15726 28207 
28207 15727 
15728 28208 
28208 15722 
15727 28209 
28209 15729 
15729 28210 
28210 15730 
15731 28211 
28211 15728 
15732 28212 
28212 15731 
15733 28213 
28213 15732 
15734 28214 
28214 15733 
15735 28215 
28215 15734 
15730 28216 
28216 15736 
15737 28217 
28217 15735 
15736 28218 
28218 15738 
15738 28219 
28219 15737 

2 186
6478 28220 
28220 6648 
6648 28221 
28221 6821 
6821 28222 
28222 6993 
6993 28223 
28223 7164 
7164 28224 
28224 7336 
7336 28225 
28225 7507 
7507 28226 
28226 7680 
7680 28227 
28227 7852 
7852 28228 
28228 8024 
8024 28229 
28229 8196 
8196 28230 
28230 8366 
8366 28231 
28231 8536 
8536 28232 
28232 8708 
8708 28233 
28233 8877 
8877 28234 
28234 9048 
9048 28235 
28235 9216 
9216 28236 
28236 9388 
9388 28237 
28237 9562 
9562 28238 
28238 9731 
9731 28239 
28239 9901 
9901 28240 
28240 10072 
10072 28241 
28241 10242 
10242 28242 
28242 10412 
10412 28243 
28243 10582 
10582 28244 
28244 10752 
10752 28245 
28245 10923 
10923 28246 
28246 11094 
11094 28247 
28247 11262 
11262 28248 
28248 11432 
11432 28249 
28249 11601 
11601 28250 
28250 11769 
11769 28251 
28251 11938 
11938 28252 
28252 12108 
12108 28253 
28253 12280 
12280 28254 
28254 12452 
12452 28255 
28255 12622 
12622 28256 
28256 12793 
12793 28257 
28257 12966 
12966 28258 
28258 13140 
13140 28259 
28259 13312 
13312 28260 
28260 13486 
13486 28261 
28261 13658 
13658 28262 
28262 13829 
13829 28263 
28263 14000 
14000 28264 
28264 14171 
14171 28265 
28265 14346 
14346 28266 
28266 14521 
14521 28267 
28267 14698 
14698 28268 
28268 14871 
14871 28269 
28269 15045 
15045 28270 
28270 15222 
15222 28271 
28271 15399 
15399 28272 
28272 15579 
15579 28273 
28273 15780 
15780 28274 
28274 15982 
15982 28275 
28275 16180 
16180 28276 
28276 16374 
16374 28277 
28277 16566 
16566 28278 
28278 16753 
16753 28279 
28279 16936 
16936 28280 
28280 17119 
17119 28281 
28281 17299 
17299 28282 
28282 17474 
17474 28283 
28283 17649 
17649 28284 
28284 17816 
17816 28285 
28285 17985 
17985 28286 
28286 18152 
18152 28287 
28287 18317 
18317 28288 
28288 18477 
18477 28289 
28289 18634 
18634 28290 
28290 18789 
18789 28291 
28291 18941 
18941 28292 
28292 19092 
19092 28293 
28293 19240 
19240 28294 
28294 19379 
19379 28295 
28295 19513 
19513 28296 
28296 19646 
19646 28297 
28297 19779 
19779 28298 
28298 19905 
19905 28299 
28299 20029 
20029 28300 
28300 20149 
20149 28301 
28301 20267 
20267 28302 
28302 20383 
20383 28303 
28303 20496 
20496 28304 
28304 20606 
20606 28305 
28305 20712 
20712 28306 
28306 20816 
20816 28307 
28307 20918 
20918 28308 
28308 21016 
21016 28309 
28309 21110 
21110 28310 
28310 21202 
21202 28311 
28311 21289 
21289 28312 
28312 21373 

3 66
27058 28313 
28313 26999 
27115 28314 
28314 27058 
27169 28315 
28315 27115 
27220 28316 
28316 27169 
27269 28317 
28317 27220 
27316 28318 
28318 27269 
27359 28319 
28319 27316 
27403 28320 
28320 27359 
27443 28321 
28321 27403 
27482 28322 
28322 27443 
27520 28323 
28323 27482 
27555 28324 
28324 27520 
27588 28325 
28325 27555 
27621 28326 
28326 27588 
27651 28327 
28327 27621 
27680 28328 
28328 27651 
27707 28329 
28329 27680 
27731 28330 
28330 27707 
27754 28331 
28331 27731 
27774 28332 
28332 27754 
27793 28333 
28333 27774 
27810 28334 
28334 27793 
27826 28335 
28335 27810 
27841 28336 
28336 27826 
27855 28337 
28337 27841 
27868 28338 
28338 27855 
27880 28339 
28339 27868 
27890 28340 
28340 27880 
27898 28341 
28341 27890 
27905 28342 
28342 27898 
27911 28343 
28343 27905 
27915 28344 
28344 27911 
27917 28345 
28345 27915 

4 230
24389 28346 
28346 24411 
24411 28347 
28347 24412 
24412 28348 
28348 24433 
24433 28349 
28349 24434 
24434 28350 
28350 24483 
24483 28351 
28351 24532 
24532 28352 
28352 24580 
24580 28353 
28353 24581 
24581 28354 
28354 24630 
24630 28355 
28355 24631 
24631 28356 
28356 24638 
24638 28357 
28357 24639 
24639 28358 
28358 24692 
24692 28359 
28359 24694 
24694 28360 
28360 24746 
24746 28361 
28361 24798 
24798 28362 
28362 24801 
24801 28363 
28363 24852 
24852 28364 
28364 24854 
24854 28365 
28365 24907 
24907 28366 
28366 24958 
24958 28367 
28367 25008 
25008 28368 
28368 25012 
25012 28369 
28369 25063 
25063 28370 
28370 25065 
25065 28371 
28371 25114 
25114 28372 
28372 25156 
25156 28373 
28373 25207 
25207 28374 
28374 25256 
25256 28375 
28375 25306 
25306 28376 
28376 25309 
25309 28377 
28377 25359 
25359 28378 
28378 25361 
25361 28379 
28379 25409 
25409 28380 
28380 25410 
25410 28381 
28381 25452 
25452 28382 
28382 25499 
25499 28383 
28383 25546 
25546 28384 
28384 25557 
25557 28385 
28385 25605 
25605 28386 
28386 25607 
25607 28387 
28387 25652 
25652 28388 
28388 25656 
25656 28389 
28389 25700 
25700 28390 
28390 25748 
25748 28391 
28391 25749 
25749 28392 
28392 25790 
25790 28393 
28393 25840 
25840 28394 
28394 25889 
25889 28395 
28395 25937 
25937 28396 
28396 25940 
25940 28397 
28397 25988 
25988 28398 
28398 25990 
25990 28399 
28399 26038 
26038 28400 
28400 26050 
26050 28401 
28401 26096 
26096 28402 
28402 26098 
26098 28403 
28403 26144 
26144 28404 
28404 26190 
26190 28405 
28405 26236 
26236 28406 
28406 26240 
26240 28407 
28407 26288 
26288 28408 
28408 26290 
26290 28409 
28409 26328 
26328 28410 
28410 26375 
26375 28411 
28411 26424 
26424 28412 
28412 26426 
26426 28413 
28413 26474 
26474 28414 
28414 26525 
26525 28415 
28415 26537 
26537 28416 
28416 26538 
26538 28417 
28417 26590 
26590 28418 
28418 26593 
26593 28419 
28419 26647 
26647 28420 
28420 26702 
26702 28421 
28421 26705 
26705 28422 
28422 26764 
26764 28423 
28423 26822 
26822 28424 
28424 26878 
26878 28425 
28425 26937 
26937 28426 
28426 26996 
26996 28427 
28427 27056 
27056 28428 
28428 27113 
27113 28429 
28429 27167 
27167 28430 
28430 27218 
27218 28431 
28431 27267 
27267 28432 
28432 27314 
27314 28433 
28433 27357 
27357 28434 
28434 27401 
27401 28435 
28435 27441 
27441 28436 
28436 27480 
27480 28437 
28437 27518 
27518 28438 
28438 27553 
27553 28439 
28439 27586 
27586 28440 
28440 27619 
27619 28441 
28441 27649 
27649 28442 
28442 27678 
27678 28443 
28443 27705 
27705 28444 
28444 27729 
27729 28445 
28445 27752 
27752 28446 
28446 27772 
27772 28447 
28447 27791 
27791 28448 
28448 27808 
27808 28449 
28449 27824 
27824 28450 
28450 27839 
27839 28451 
28451 27853 
27853 28452 
28452 27866 
27866 28453 
28453 27878 
27878 28454 
28454 27888 
27888 28455 
28455 27896 
27896 28456 
28456 27903 
27903 28457 
28457 27909 
27909 28458 
28458 27913 
27913 28459 
28459 27916 
27916 28460 
28460 27917 

5 118
24629 28461 
28461 24579 
24682 28462 
28462 24629 
24734 28463 
28463 24682 
24786 28464 
28464 24734 
24838 28465 
28465 24786 
24891 28466 
28466 24838 
24942 28467 
28467 24891 
24993 28468 
28468 24942 
25045 28469 
28469 24993 
25097 28470 
28470 25045 
25149 28471 
28471 25097 
25200 28472 
28472 25149 
25249 28473 
28473 25200 
25297 28474 
28474 25249 
25347 28475 
28475 25297 
25398 28476 
28476 25347 
25444 28477 
28477 25398 
25491 28478 
28478 25444 
25538 28479 
28479 25491 
25586 28480 
28480 25538 
25633 28481 
28481 25586 
25677 28482 
28482 25633 
25725 28483 
28483 25677 
25774 28484 
28484 25725 
25823 28485 
28485 25774 
25872 28486 
28486 25823 
25919 28487 
28487 25872 
25967 28488 
28488 25919 
26011 28489 
28489 25967 
26059 28490 
28490 26011 
26105 28491 
28491 26059 
26153 28492 
28492 26105 
26193 28493 
28493 26153 
26241 28494 
28494 26193 
26291 28495 
28495 26241 
26338 28496 
28496 26291 
26341 28497 
28497 26338 
26389 28498 
28498 26341 
26391 28499 
28499 26389 
26441 28500 
28500 26391 
26443 28501 
28501 26441 
26493 28502 
28502 26443 
26494 28503 
28503 26493 
26544 28504 
28504 26494 
26545 28505 
28505 26544 
26597 28506 
28506 26545 
26598 28507 
28507 26597 
26652 28508 
28508 26598 
26653 28509 
28509 26652 
26706 28510 
28510 26653 
26707 28511 
28511 26706 
26765 28512 
28512 26707 
26823 28513 
28513 26765 
26824 28514 
28514 26823 
26879 28515 
28515 26824 
26880 28516 
28516 26879 
26938 28517 
28517 26880 
26939 28518 
28518 26938 
26999 28519 
28519 26939 

6 134
21373 28520 
28520 21452 
21452 28521 
28521 21532 
21532 28522 
28522 21535 
21535 28523 
28523 21615 
21615 28524 
28524 21617 
21617 28525 
28525 21618 
21618 28526 
28526 21699 
21699 28527 
28527 21776 
21776 28528 
28528 21851 
21851 28529 
28529 21852 
21852 28530 
28530 21915 
21915 28531 
28531 21930 
21930 28532 
28532 22005 
22005 28533 
28533 22007 
22007 28534 
28534 22008 
22008 28535 
28535 22084 
22084 28536 
28536 22158 
22158 28537 
28537 22159 
22159 28538 
28538 22162 
22162 28539 
28539 22238 
22238 28540 
28540 22313 
22313 28541 
28541 22316 
22316 28542 
28542 22390 
22390 28543 
28543 22461 
22461 28544 
28544 22529 
22529 28545 
28545 22594 
22594 28546 
28546 22663 
22663 28547 
28547 22665 
22665 28548 
28548 22733 
22733 28549 
28549 22734 
22734 28550 
28550 22796 
22796 28551 
28551 22864 
22864 28552 
28552 22931 
22931 28553 
28553 22932 
22932 28554 
28554 22997 
22997 28555 
28555 22999 
22999 28556 
28556 23063 
23063 28557 
28557 23064 
23064 28558 
28558 23127 
23127 28559 
28559 23192 
23192 28560 
28560 23256 
23256 28561 
28561 23258 
23258 28562 
28562 23323 
23323 28563 
28563 23386 
23386 28564 
28564 23446 
23446 28565 
28565 23507 
23507 28566 
28566 23566 
23566 28567 
28567 23568 
23568 28568 
28568 23626 
23626 28569 
28569 23628 
23628 28570 
28570 23685 
23685 28571 
28571 23742 
23742 28572 
28572 23747 
23747 28573 
28573 23804 
23804 28574 
28574 23806 
23806 28575 
28575 23862 
23862 28576 
28576 23864 
23864 28577 
28577 23920 
23920 28578 
28578 23968 
23968 28579 
28579 24024 
24024 28580 
28580 24080 
24080 28581 
28581 24131 
24131 28582 
28582 24184 
24184 28583 
28583 24233 
24233 28584 
28584 24285 
24285 28585 
28585 24337 
24337 28586 
28586 24389 

7 296
5738 28587 
28587 5614 
5869 28588 
28588 5738 
6007 28589 
28589 5869 
6158 28590 
28590 6007 
6330 28591 
28591 6158 
6502 28592 
28592 6330 
6672 28593 
28593 6502 
6844 28594 
28594 6672 
7016 28595 
28595 6844 
7187 28596 
28596 7016 
7358 28597 
28597 7187 
7529 28598 
28598 7358 
7701 28599 
28599 7529 
7873 28600 
28600 7701 
8044 28601 
28601 7873 
8216 28602 
28602 8044 
8385 28603 
28603 8216 
8555 28604 
28604 8385 
8726 28605 
28605 8555 
8895 28606 
28606 8726 
9066 28607 
28607 8895 
9234 28608 
28608 9066 
9407 28609 
28609 9234 
9581 28610 
28610 9407 
9750 28611 
28611 9581 
9920 28612 
28612 9750 
10091 28613 
28613 9920 
10261 28614 
28614 10091 
10431 28615 
28615 10261 
10601 28616 
28616 10431 
10771 28617 
28617 10601 
10942 28618 
28618 10771 
11113 28619 
28619 10942 
11281 28620 
28620 11113 
11451 28621 
28621 11281 
11620 28622 
28622 11451 
11788 28623 
28623 11620 
11957 28624 
28624 11788 
12127 28625 
28625 11957 
12299 28626 
28626 12127 
12471 28627 
28627 12299 
12641 28628 
28628 12471 
12812 28629 
28629 12641 
12985 28630 
28630 12812 
13159 28631 
28631 12985 
13331 28632 
28632 13159 
13505 28633 
28633 13331 
13677 28634 
28634 13505 
13848 28635 
28635 13677 
14019 28636 
28636 13848 
14190 28637 
28637 14019 
14365 28638 
28638 14190 
14540 28639 
28639 14365 
14717 28640 
28640 14540 
14890 28641 
28641 14717 
15064 28642 
28642 14890 
15241 28643 
28643 15064 
15419 28644 
28644 15241 
15600 28645 
28645 15419 
15803 28646 
28646 15600 
16006 28647 
28647 15803 
16204 28648 
28648 16006 
16398 28649 
28649 16204 
16590 28650 
28650 16398 
16777 28651 
28651 16590 
16960 28652 
28652 16777 
17143 28653 
28653 16960 
17323 28654 
28654 17143 
17498 28655 
28655 17323 
17673 28656 
28656 17498 
17840 28657 
28657 17673 
18010 28658 
28658 17840 
18178 28659 
28659 18010 
18343 28660 
28660 18178 
18505 28661 
28661 18343 
18663 28662 
28662 18505 
18819 28663 
28663 18663 
18973 28664 
28664 18819 
19125 28665 
28665 18973 
19273 28666 
28666 19125 
19413 28667 
28667 19273 
19550 28668 
28668 19413 
19685 28669 
28669 19550 
19816 28670 
28670 19685 
19943 28671 
28671 19816 
20067 28672 
28672 19943 
20188 28673 
28673 20067 
20306 28674 
28674 20188 
20423 28675 
28675 20306 
20536 28676 
28676 20423 
20647 28677 
28677 20536 
20753 28678 
28678 20647 
20857 28679 
28679 20753 
20959 28680 
28680 20857 
21057 28681 
28681 20959 
21151 28682 
28682 21057 
21241 28683 
28683 21151 
21328 28684 
28684 21241 
21410 28685 
28685 21328 
21490 28686 
28686 21410 
21571 28687 
28687 21490 
21652 28688 
28688 21571 
21732 28689 
28689 21652 
21808 28690 
28690 21732 
21883 28691 
28691 21808 
21958 28692 
28692 21883 
22035 28693 
28693 21958 
22111 28694 
28694 22035 
22189 28695 
28695 22111 
22266 28696 
28696 22189 
22342 28697 
28697 22266 
22417 28698 
28698 22342 
22488 28699 
28699 22417 
22557 28700 
28700 22488 
22628 28701 
28701 22557 
22699 28702 
28702 22628 
22769 28703 
28703 22699 
22837 28704 
28704 22769 
22904 28705 
28705 22837 
22970 28706 
28706 22904 
23037 28707 
28707 22970 
23104 28708 
28708 23037 
23170 28709 
28709 23104 
23235 28710 
28710 23170 
23301 28711 
28711 23235 
23364 28712 
28712 23301 
23427 28713 
28713 23364 
23489 28714 
28714 23427 
23549 28715 
28715 23489 
23608 28716 
28716 23549 
23668 28717 
28717 23608 
23726 28718 
28718 23668 
23782 28719 
28719 23726 
23840 28720 
28720 23782 
23898 28721 
28721 23840 
23955 28722 
28722 23898 
24012 28723 
28723 23955 
24068 28724 
28724 24012 
24122 28725 
28725 24068 
24174 28726 
28726 24122 
24225 28727 
28727 24174 
24276 28728 
28728 24225 
24328 28729 
28729 24276 
24378 28730 
28730 24328 
24432 28731 
28731 24378 
24482 28732 
28732 24432 
24531 28733 
28733 24482 
24579 28734 
28734 24531 

8 460
4300 28735 
28735 4357 
4357 28736 
28736 4358 
4358 28737 
28737 4417 
4417 28738 
28738 4418 
4418 28739 
28739 4419 
4419 28740 
28740 4482 
4482 28741 
28741 4483 
4483 28742 
28742 4495 
4495 28743 
28743 4496 
4496 28744 
28744 4562 
4562 28745 
28745 4563 
4563 28746 
28746 4564 
4564 28747 
28747 4575 
4575 28748 
28748 4649 
4649 28749 
28749 4652 
4652 28750 
28750 4731 
4731 28751 
28751 4734 
4734 28752 
28752 4816 
4816 28753 
28753 4819 
4819 28754 
28754 4905 
4905 28755 
28755 4908 
4908 28756 
28756 5000 
5000 28757 
28757 5004 
5004 28758 
28758 5101 
5101 28759 
28759 5104 
5104 28760 
28760 5204 
5204 28761 
28761 5206 
5206 28762 
28762 5304 
5304 28763 
28763 5313 
5313 28764 
28764 5425 
5425 28765 
28765 5430 
5430 28766 
28766 5546 
5546 28767 
28767 5548 
5548 28768 
28768 5664 
5664 28769 
28769 5788 
5788 28770 
28770 5794 
5794 28771 
28771 5925 
5925 28772 
28772 5927 
5927 28773 
28773 5928 
5928 28774 
28774 5932 
5932 28775 
28775 6073 
6073 28776 
28776 6223 
6223 28777 
28777 6224 
6224 28778 
28778 6360 
6360 28779 
28779 6364 
6364 28780 
28780 6534 
6534 28781 
28781 6536 
6536 28782 
28782 6704 
6704 28783 
28783 6875 
6875 28784 
28784 6882 
6882 28785 
28785 7054 
7054 28786 
28786 7056 
7056 28787 
28787 7224 
7224 28788 
28788 7231 
7231 28789 
28789 7401 
7401 28790 
28790 7404 
7404 28791 
28791 7575 
7575 28792 
28792 7577 
7577 28793 
28793 7578 
7578 28794 
28794 7741 
7741 28795 
28795 7742 
7742 28796 
28796 7768 
7768 28797 
28797 7937 
7937 28798 
28798 8107 
8107 28799 
28799 8110 
8110 28800 
28800 8273 
8273 28801 
28801 8274 
8274 28802 
28802 8440 
8440 28803 
28803 8441 
8441 28804 
28804 8450 
8450 28805 
28805 8619 
8619 28806 
28806 8786 
8786 28807 
28807 8790 
8790 28808 
28808 8957 
8957 28809 
28809 8960 
8960 28810 
28810 9126 
9126 28811 
28811 9133 
9133 28812 
28812 9300 
9300 28813 
28813 9303 
9303 28814 
28814 9475 
9475 28815 
28815 9478 
9478 28816 
28816 9645 
9645 28817 
28817 9648 
9648 28818 
28818 9814 
9814 28819 
28819 9974 
9974 28820 
28820 10142 
10142 28821 
28821 10145 
10145 28822 
28822 10312 
10312 28823 
28823 10322 
10322 28824 
28824 10490 
10490 28825 
28825 10493 
10493 28826 
28826 10661 
10661 28827 
28827 10664 
10664 28828 
28828 10832 
10832 28829 
28829 10835 
10835 28830 
28830 11002 
11002 28831 
28831 11005 
11005 28832 
28832 11174 
11174 28833 
28833 11191 
11191 28834 
28834 11357 
11357 28835 
28835 11360 
11360 28836 
28836 11526 
11526 28837 
28837 11678 
11678 28838 
28838 11845 
11845 28839 
28839 11848 
11848 28840 
28840 12015 
12015 28841 
28841 12018 
12018 28842 
28842 12185 
12185 28843 
28843 12188 
12188 28844 
28844 12359 
12359 28845 
28845 12364 
12364 28846 
28846 12534 
12534 28847 
28847 12536 
12536 28848 
28848 12703 
12703 28849 
28849 12704 
12704 28850 
28850 12865 
12865 28851 
28851 12866 
12866 28852 
28852 12883 
12883 28853 
28853 12885 
12885 28854 
28854 13057 
13057 28855 
28855 13060 
13060 28856 
28856 13231 
13231 28857 
28857 13236 
13236 28858 
28858 13409 
13409 28859 
28859 13411 
13411 28860 
28860 13577 
13577 28861 
28861 13578 
13578 28862 
28862 13740 
13740 28863 
28863 13741 
13741 28864 
28864 13757 
13757 28865 
28865 13762 
13762 28866 
28866 13930 
13930 28867 
28867 13933 
13933 28868 
28868 14103 
14103 28869 
28869 14106 
14106 28870 
28870 14278 
14278 28871 
28871 14446 
14446 28872 
28872 14447 
14447 28873 
28873 14448 
14448 28874 
28874 14620 
14620 28875 
28875 14791 
14791 28876 
28876 14792 
14792 28877 
28877 14963 
14963 28878 
28878 14964 
14964 28879 
28879 14982 
14982 28880 
28880 14983 
14983 28881 
28881 15155 
15155 28882 
28882 15329 
15329 28883 
28883 15330 
15330 28884 
28884 15331 
15331 28885 
28885 15494 
15494 28886 
28886 15669 
15669 28887 
28887 15812 
15812 28888 
28888 16014 
16014 28889 
28889 16016 
16016 28890 
28890 16017 
16017 28891 
28891 16024 
16024 28892 
28892 16028 
16028 28893 
28893 16223 
16223 28894 
28894 16415 
16415 28895 
28895 16606 
16606 28896 
28896 16613 
16613 28897 
28897 16799 
16799 28898 
28898 16806 
16806 28899 
28899 16989 
16989 28900 
28900 17171 
17171 28901 
28901 17349 
17349 28902 
28902 17353 
17353 28903 
28903 17523 
17523 28904 
28904 17524 
17524 28905 
28905 17692 
17692 28906 
28906 17693 
17693 28907 
28907 17708 
17708 28908 
28908 17874 
17874 28909 
28909 18043 
18043 28910 
28910 18046 
18046 28911 
28911 18209 
18209 28912 
28912 18210 
18210 28913 
28913 18371 
18371 28914 
28914 18378 
18378 28915 
28915 18520 
18520 28916 
28916 18676 
18676 28917 
28917 18677 
18677 28918 
28918 18728 
18728 28919 
28919 18729 
18729 28920 
28920 18879 
18879 28921 
28921 19031 
19031 28922 
28922 19035 
19035 28923 
28923 19037 
19037 28924 
28924 19044 
19044 28925 
28925 19194 
19194 28926 
28926 19336 
19336 28927 
28927 19472 
19472 28928 
28928 19476 
19476 28929 
28929 19605 
19605 28930 
28930 19606 
19606 28931 
28931 19607 
19607 28932 
28932 19738 
19738 28933 
28933 19860 
19860 28934 
28934 19861 
19861 28935 
28935 19924 
19924 28936 
28936 20047 
20047 28937 
28937 20161 
20161 28938 
28938 20163 
20163 28939 
28939 20280 
20280 28940 
28940 20283 
20283 28941 
28941 20399 
20399 28942 
28942 20402 
20402 28943 
28943 20514 
20514 28944 
28944 20617 
20617 28945 
28945 20618 
20618 28946 
28946 20721 
20721 28947 
28947 20722 
20722 28948 
28948 20824 
20824 28949 
28949 20923 
20923 28950 
28950 20924 
20924 28951 
28951 20925 
20925 28952 
28952 21018 
21018 28953 
28953 21111 
21111 28954 
28954 21113 
21113 28955 
28955 21114 
21114 28956 
28956 21191 
21191 28957 
28957 21279 
21279 28958 
28958 21282 
21282 28959 
28959 21367 
21367 28960 
28960 21370 
21371 28961 
28961 21369 
21370 28962 
28962 21372 
21372 28963 
28963 21371 
21369 28964 
28964 21373 

9 102
4360 28965 
28965 4300 
4423 28966 
28966 4360 
4491 28967 
28967 4423 
4561 28968 
28968 4491 
4635 28969 
28969 4561 
4715 28970 
28970 4635 
4795 28971 
28971 4715 
4884 28972 
28972 4795 
4974 28973 
28973 4884 
5066 28974 
28974 4974 
5164 28975 
28975 5066 
5165 28976 
28976 5164 
5268 28977 
28977 5165 
5269 28978 
28978 5268 
5379 28979 
28979 5269 
5380 28980 
28980 5379 
5494 28981 
28981 5380 
5495 28982 
28982 5494 
5615 28983 
28983 5495 
5616 28984 
28984 5615 
5614 28985 
28985 5736 
5739 28986 
28986 5616 
5740 28987 
28987 5739 
5736 28988 
28988 5866 
5870 28989 
28989 5740 
5866 28990 
28990 6002 
6008 28991 
28991 5870 
6009 28992 
28992 6008 
6002 28993 
28993 6152 
6159 28994 
28994 6009 
6160 28995 
28995 6159 
6161 28996 
28996 6160 
6162 28997 
28997 6161 
6306 28998 
28998 6162 
6152 28999 
28999 6307 
6307 29000 
29000 6308 
6308 29001 
29001 6309 
6309 29002 
29002 6310 
6310 29003 
29003 6311 
6311 29004 
29004 6312 
6313 29005 
29005 6306 
6314 29006 
29006 6313 
6315 29007 
29007 6314 
6316 29008 
29008 6315 
6317 29009 
29009 6316 
6312 29010 
29010 6318 
6318 29011 
29011 6319 
6320 29012 
29012 6317 
6319 29013 
29013 6321 
6321 29014 
29014 6322 
6322 29015 
29015 6320 

10 230
3 29016 
29016 0 
5 29017 
29017 3 
9 29018 
29018 5 
14 29019 
29019 9 
15 29020 
29020 14 
28 29021 
29021 15 
49 29022 
29022 28 
79 29023 
29023 49 
129 29024 
29024 79 
130 29025 
29025 129 
131 29026 
29026 130 
196 29027 
29027 131 
243 29028 
29028 196 
312 29029 
29029 243 
314 29030 
29030 312 
315 29031 
29031 314 
316 29032 
29032 315 
317 29033 
29033 316 
318 29034 
29034 317 
319 29035 
29035 318 
391 29036 
29036 319 
457 29037 
29037 391 
529 29038 
29038 457 
598 29039 
29039 529 
664 29040 
29040 598 
666 29041 
29041 664 
729 29042 
29042 666 
790 29043 
29043 729 
849 29044 
29044 790 
851 29045 
29045 849 
907 29046 
29046 851 
909 29047 
29047 907 
961 29048 
29048 909 
1008 29049 
29049 961 
1009 29050 
29050 1008 
1058 29051 
29051 1009 
1069 29052 
29052 1058 
1120 29053 
29053 1069 
1169 29054 
29054 1120 
1172 29055 
29055 1169 
1173 29056 
29056 1172 
1223 29057 
29057 1173 
1273 29058 
29058 1223 
1321 29059 
29059 1273 
1369 29060 
29060 1321 
1415 29061 
29061 1369 
1421 29062 
29062 1415 
1467 29063 
29063 1421 
1469 29064 
29064 1467 
1500 29065 
29065 1469 
1550 29066 
29066 1500 
1568 29067 
29067 1550 
1615 29068 
29068 1568 
1661 29069 
29069 1615 
1690 29070 
29070 1661 
1691 29071 
29071 1690 
1692 29072 
29072 1691 
1739 29073 
29073 1692 
1740 29074 
29074 1739 
1787 29075 
29075 1740 
1836 29076 
29076 1787 
1884 29077 
29077 1836 
1885 29078 
29078 1884 
1934 29079 
29079 1885 
1984 29080 
29080 1934 
2032 29081 
29081 1984 
2078 29082 
29082 2032 
2079 29083 
29083 2078 
2125 29084 
29084 2079 
2168 29085 
29085 2125 
2215 29086 
29086 2168 
2262 29087 
29087 2215 
2307 29088 
29088 2262 
2351 29089 
29089 2307 
2395 29090 
29090 2351 
2440 29091 
29091 2395 
2486 29092 
29092 2440 
2532 29093 
29093 2486 
2577 29094 
29094 2532 
2622 29095 
29095 2577 
2667 29096 
29096 2622 
2711 29097 
29097 2667 
2758 29098 
29098 2711 
2805 29099 
29099 2758 
2852 29100 
29100 2805 
2900 29101 
29101 2852 
2945 29102 
29102 2900 
2991 29103 
29103 2945 
3038 29104 
29104 2991 
3085 29105 
29105 3038 
3130 29106 
29106 3085 
3176 29107 
29107 3130 
3224 29108 
29108 3176 
3270 29109 
29109 3224 
3316 29110 
29110 3270 
3362 29111 
29111 3316 
3408 29112 
29112 3362 
3455 29113 
29113 3408 
3501 29114 
29114 3455 
3547 29115 
29115 3501 
3592 29116 
29116 3547 
3638 29117 
29117 3592 
3684 29118 
29118 3638 
3731 29119 
29119 3684 
3779 29120 
29120 3731 
3828 29121 
29121 3779 
3876 29122 
29122 3828 
3928 29123 
29123 3876 
3978 29124 
29124 3928 
4029 29125 
29125 3978 
4080 29126 
29126 4029 
4133 29127 
29127 4080 
4187 29128 
29128 4133 
4242 29129 
29129 4187 
4300 29130 
29130 4242 

11 116
0 29131 
29131 1 
1 29132 
29132 6 
10 29133 
29133 11 
11 29134 
29134 4 
6 29135 
29135 16 
16 29136 
29136 22 
23 29137 
29137 10 
22 29138 
29138 36 
36 29139 
29139 38 
39 29140 
29140 23 
40 29141 
29141 39 
41 29142 
29142 42 
42 29143 
29143 40 
38 29144 
29144 60 
60 29145 
29145 62 
62 29146 
29146 63 
63 29147 
29147 64 
64 29148 
29148 65 
65 29149 
29149 66 
66 29150 
29150 67 
68 29151 
29151 41 
67 29152 
29152 97 
97 29153 
29153 98 
98 29154 
29154 99 
99 29155 
29155 100 
102 29156 
29156 103 
103 29157 
29157 104 
104 29158 
29158 105 
105 29159 
29159 106 
106 29160 
29160 107 
107 29161 
29161 68 
109 29162 
29162 102 
110 29163 
29163 109 
121 29164 
29164 110 
122 29165 
29165 121 
123 29166 
29166 122 
124 29167 
29167 123 
125 29168 
29168 124 
126 29169 
29169 125 
127 29170 
29170 126 
100 29171 
29171 128 
178 29172 
29172 179 
179 29173 
29173 127 
182 29174 
29174 178 
183 29175 
29175 182 
184 29176 
29176 183 
185 29177 
29177 184 
128 29178 
29178 186 
186 29179 
29179 187 
187 29180 
29180 188 
188 29181 
29181 189 
190 29182 
29182 185 
189 29183 
29183 191 
191 29184 
29184 192 
192 29185 
29185 193 
193 29186 
29186 194 
194 29187 
29187 195 
195 29188 
29188 190 

