1271 12
0 30
4481 4549 
4549 4622 
4622 4700 
4700 4780 
4780 4866 
4866 4875 
4875 4963 
4963 4965 
4965 5060 
5060 5062 
5062 5161 
5161 5163 
5163 5265 
5265 5267 
5267 5376 
5376 5378 
5378 5491 
5491 5493 
5493 5612 
5612 5732 
5732 5735 
5735 5863 
5863 5865 
5865 5999 
5999 6001 
6001 6150 
6150 6151 
6151 6304 
6304 6305 
6305 6478 

1 272
4 13 
13 27 
27 48 
48 78 
78 120 
120 172 
172 242 
242 311 
311 384 
384 456 
456 528 
528 597 
597 663 
663 726 
726 789 
789 848 
848 904 
904 956 
956 1007 
1007 1057 
1057 1108 
1108 1158 
1158 1209 
1209 1260 
1260 1308 
1308 1356 
1356 1404 
1404 1451 
1451 1499 
1499 1548 
1548 1592 
1592 1639 
1639 1677 
1677 1725 
1725 1774 
1774 1822 
1822 1868 
1868 1918 
1918 1968 
1968 2016 
2016 2062 
2062 2106 
2106 2151 
2151 2194 
2194 2240 
2240 2283 
2283 2327 
2327 2370 
2370 2413 
2413 2441 
2441 2442 
2442 2487 
2487 2533 
2533 2578 
2578 2623 
2623 2668 
2668 2712 
2712 2759 
2759 2806 
2806 2853 
2853 2901 
2901 2947 
2947 2994 
2994 3042 
3042 3090 
3090 3136 
3136 3183 
3183 3232 
3232 3275 
3275 3321 
3321 3368 
3368 3414 
3414 3460 
3460 3507 
3507 3554 
3554 3601 
3601 3648 
3648 3695 
3695 3744 
3744 3794 
3794 3843 
3843 3893 
3893 3945 
3945 3998 
3998 4050 
4050 4103 
4103 4158 
4158 4214 
4214 4272 
4272 4292 
4292 4351 
4351 4414 
4414 4480 
4480 4548 
4551 4481 
4548 4620 
4621 4551 
4620 4699 
4701 4621 
4699 4779 
4781 4701 
4779 4865 
4867 4781 
4865 4953 
4954 4867 
4953 5047 
5048 4954 
5047 5145 
5146 5048 
5145 5247 
5248 5146 
5247 5355 
5356 5248 
5355 5468 
5469 5356 
5468 5586 
5587 5469 
5586 5706 
5707 5587 
5706 5833 
5834 5707 
5833 5967 
5968 5834 
5967 6114 
6115 5968 
6114 6266 
6267 6115 
6266 6437 
6438 6267 
6437 6608 
6609 6438 
6608 6780 
6781 6609 
6780 6954 
6955 6781 
6954 7125 
7126 6955 
7125 7298 
7299 7126 
7298 7469 
7470 7299 
7469 7642 
7643 7470 
7642 7814 
7815 7643 
7814 7986 
7987 7815 
7986 8158 
8159 7987 
8158 8328 
8329 8159 
8328 8490 
8499 8329 
8490 8662 
8671 8499 
8662 8831 
8840 8671 
8831 9002 
9011 8840 
9002 9170 
9179 9011 
9170 9340 
9351 9179 
9340 9514 
9525 9351 
9514 9675 
9694 9525 
9675 9845 
9864 9694 
9845 10016 
10035 9864 
10016 10186 
10205 10035 
10186 10356 
10375 10205 
10356 10526 
10545 10375 
10526 10696 
10715 10545 
10696 10867 
10886 10715 
10867 11038 
11057 10886 
11038 11206 
11225 11057 
11206 11376 
11395 11225 
11376 11545 
11564 11395 
11545 11713 
11732 11564 
11713 11882 
11901 11732 
11882 12052 
12071 11901 
12052 12224 
12243 12071 
12224 12396 
12415 12243 
12396 12566 
12585 12415 
12566 12737 
12756 12585 
12737 12910 
12929 12756 
12910 13084 
13103 12929 
13084 13256 
13275 13103 
13256 13430 
13449 13275 
13430 13602 
13621 13449 
13602 13773 
13792 13621 
13773 13943 
13962 13792 
13963 13962 
13943 14114 
14133 13963 
14114 14288 
14307 14133 
14308 14307 
14288 14463 
14483 14308 
14463 14639 
14658 14483 
14659 14658 
14639 14812 
14832 14659 
14812 14986 
15005 14832 
14986 15158 
15158 15179 
15179 15180 
15181 15005 
15182 15181 
15180 15356 
15358 15182 
15356 15532 
15532 15536 
15537 15358 
15538 15537 
15536 15710 
15710 15712 
15712 15713 
15713 15714 
15714 15715 
15715 15716 
15716 15717 
15717 15718 
15718 15719 
15719 15720 
15721 15538 
15722 15721 
15720 15723 
15723 15724 
15724 15725 
15725 15726 
15726 15727 
15728 15722 
15727 15729 
15729 15730 
15731 15728 
15732 15731 
15733 15732 
15734 15733 
15735 15734 
15730 15736 
15737 15735 
15736 15738 
15738 15737 

2 93
6478 6648 
6648 6821 
6821 6993 
6993 7164 
7164 7336 
7336 7507 
7507 7680 
7680 7852 
7852 8024 
8024 8196 
8196 8366 
8366 8536 
8536 8708 
8708 8877 
8877 9048 
9048 9216 
9216 9388 
9388 9562 
9562 9731 
9731 9901 
9901 10072 
10072 10242 
10242 10412 
10412 10582 
10582 10752 
10752 10923 
10923 11094 
11094 11262 
11262 11432 
11432 11601 
11601 11769 
11769 11938 
11938 12108 
12108 12280 
12280 12452 
12452 12622 
12622 12793 
12793 12966 
12966 13140 
13140 13312 
13312 13486 
13486 13658 
13658 13829 
13829 14000 
14000 14171 
14171 14346 
14346 14521 
14521 14698 
14698 14871 
14871 15045 
15045 15222 
15222 15399 
15399 15579 
15579 15780 
15780 15982 
15982 16180 
16180 16374 
16374 16566 
16566 16753 
16753 16936 
16936 17119 
17119 17299 
17299 17474 
17474 17649 
17649 17816 
17816 17985 
17985 18152 
18152 18317 
18317 18477 
18477 18634 
18634 18789 
18789 18941 
18941 19092 
19092 19240 
19240 19379 
19379 19513 
19513 19646 
19646 19779 
19779 19905 
19905 20029 
20029 20149 
20149 20267 
20267 20383 
20383 20496 
20496 20606 
20606 20712 
20712 20816 
20816 20918 
20918 21016 
21016 21110 
21110 21202 
21202 21289 
21289 21373 

3 33
27058 26999 
27115 27058 
27169 27115 
27220 27169 
27269 27220 
27316 27269 
27359 27316 
27403 27359 
27443 27403 
27482 27443 
27520 27482 
27555 27520 
27588 27555 
27621 27588 
27651 27621 
27680 27651 
27707 27680 
27731 27707 
27754 27731 
27774 27754 
27793 27774 
27810 27793 
27826 27810 
27841 27826 
27855 27841 
27868 27855 
27880 27868 
27890 27880 
27898 27890 
27905 27898 
27911 27905 
27915 27911 
27917 27915 

4 115
24389 24411 
24411 24412 
24412 24433 
24433 24434 
24434 24483 
24483 24532 
24532 24580 
24580 24581 
24581 24630 
24630 24631 
24631 24638 
24638 24639 
24639 24692 
24692 24694 
24694 24746 
24746 24798 
24798 24801 
24801 24852 
24852 24854 
24854 24907 
24907 24958 
24958 25008 
25008 25012 
25012 25063 
25063 25065 
25065 25114 
25114 25156 
25156 25207 
25207 25256 
25256 25306 
25306 25309 
25309 25359 
25359 25361 
25361 25409 
25409 25410 
25410 25452 
25452 25499 
25499 25546 
25546 25557 
25557 25605 
25605 25607 
25607 25652 
25652 25656 
25656 25700 
25700 25748 
25748 25749 
25749 25790 
25790 25840 
25840 25889 
25889 25937 
25937 25940 
25940 25988 
25988 25990 
25990 26038 
26038 26050 
26050 26096 
26096 26098 
26098 26144 
26144 26190 
26190 26236 
26236 26240 
26240 26288 
26288 26290 
26290 26328 
26328 26375 
26375 26424 
26424 26426 
26426 26474 
26474 26525 
26525 26537 
26537 26538 
26538 26590 
26590 26593 
26593 26647 
26647 26702 
26702 26705 
26705 26764 
26764 26822 
26822 26878 
26878 26937 
26937 26996 
26996 27056 
27056 27113 
27113 27167 
27167 27218 
27218 27267 
27267 27314 
27314 27357 
27357 27401 
27401 27441 
27441 27480 
27480 27518 
27518 27553 
27553 27586 
27586 27619 
27619 27649 
27649 27678 
27678 27705 
27705 27729 
27729 27752 
27752 27772 
27772 27791 
27791 27808 
27808 27824 
27824 27839 
27839 27853 
27853 27866 
27866 27878 
27878 27888 
27888 27896 
27896 27903 
27903 27909 
27909 27913 
27913 27916 
27916 27917 

5 59
24629 24579 
24682 24629 
24734 24682 
24786 24734 
24838 24786 
24891 24838 
24942 24891 
24993 24942 
25045 24993 
25097 25045 
25149 25097 
25200 25149 
25249 25200 
25297 25249 
25347 25297 
25398 25347 
25444 25398 
25491 25444 
25538 25491 
25586 25538 
25633 25586 
25677 25633 
25725 25677 
25774 25725 
25823 25774 
25872 25823 
25919 25872 
25967 25919 
26011 25967 
26059 26011 
26105 26059 
26153 26105 
26193 26153 
26241 26193 
26291 26241 
26338 26291 
26341 26338 
26389 26341 
26391 26389 
26441 26391 
26443 26441 
26493 26443 
26494 26493 
26544 26494 
26545 26544 
26597 26545 
26598 26597 
26652 26598 
26653 26652 
26706 26653 
26707 26706 
26765 26707 
26823 26765 
26824 26823 
26879 26824 
26880 26879 
26938 26880 
26939 26938 
26999 26939 

6 67
21373 21452 
21452 21532 
21532 21535 
21535 21615 
21615 21617 
21617 21618 
21618 21699 
21699 21776 
21776 21851 
21851 21852 
21852 21915 
21915 21930 
21930 22005 
22005 22007 
22007 22008 
22008 22084 
22084 22158 
22158 22159 
22159 22162 
22162 22238 
22238 22313 
22313 22316 
22316 22390 
22390 22461 
22461 22529 
22529 22594 
22594 22663 
22663 22665 
22665 22733 
22733 22734 
22734 22796 
22796 22864 
22864 22931 
22931 22932 
22932 22997 
22997 22999 
22999 23063 
23063 23064 
23064 23127 
23127 23192 
23192 23256 
23256 23258 
23258 23323 
23323 23386 
23386 23446 
23446 23507 
23507 23566 
23566 23568 
23568 23626 
23626 23628 
23628 23685 
23685 23742 
23742 23747 
23747 23804 
23804 23806 
23806 23862 
23862 23864 
23864 23920 
23920 23968 
23968 24024 
24024 24080 
24080 24131 
24131 24184 
24184 24233 
24233 24285 
24285 24337 
24337 24389 

7 148
5738 5614 
5869 5738 
6007 5869 
6158 6007 
6330 6158 
6502 6330 
6672 6502 
6844 6672 
7016 6844 
7187 7016 
7358 7187 
7529 7358 
7701 7529 
7873 7701 
8044 7873 
8216 8044 
8385 8216 
8555 8385 
8726 8555 
8895 8726 
9066 8895 
9234 9066 
9407 9234 
9581 9407 
9750 9581 
9920 9750 
10091 9920 
10261 10091 
10431 10261 
10601 10431 
10771 10601 
10942 10771 
11113 10942 
11281 11113 
11451 11281 
11620 11451 
11788 11620 
11957 11788 
12127 11957 
12299 12127 
12471 12299 
12641 12471 
12812 12641 
12985 12812 
13159 12985 
13331 13159 
13505 13331 
13677 13505 
13848 13677 
14019 13848 
14190 14019 
14365 14190 
14540 14365 
14717 14540 
14890 14717 
15064 14890 
15241 15064 
15419 15241 
15600 15419 
15803 15600 
16006 15803 
16204 16006 
16398 16204 
16590 16398 
16777 16590 
16960 16777 
17143 16960 
17323 17143 
17498 17323 
17673 17498 
17840 17673 
18010 17840 
18178 18010 
18343 18178 
18505 18343 
18663 18505 
18819 18663 
18973 18819 
19125 18973 
19273 19125 
19413 19273 
19550 19413 
19685 19550 
19816 19685 
19943 19816 
20067 19943 
20188 20067 
20306 20188 
20423 20306 
20536 20423 
20647 20536 
20753 20647 
20857 20753 
20959 20857 
21057 20959 
21151 21057 
21241 21151 
21328 21241 
21410 21328 
21490 21410 
21571 21490 
21652 21571 
21732 21652 
21808 21732 
21883 21808 
21958 21883 
22035 21958 
22111 22035 
22189 22111 
22266 22189 
22342 22266 
22417 22342 
22488 22417 
22557 22488 
22628 22557 
22699 22628 
22769 22699 
22837 22769 
22904 22837 
22970 22904 
23037 22970 
23104 23037 
23170 23104 
23235 23170 
23301 23235 
23364 23301 
23427 23364 
23489 23427 
23549 23489 
23608 23549 
23668 23608 
23726 23668 
23782 23726 
23840 23782 
23898 23840 
23955 23898 
24012 23955 
24068 24012 
24122 24068 
24174 24122 
24225 24174 
24276 24225 
24328 24276 
24378 24328 
24432 24378 
24482 24432 
24531 24482 
24579 24531 

8 230
4300 4357 
4357 4358 
4358 4417 
4417 4418 
4418 4419 
4419 4482 
4482 4483 
4483 4495 
4495 4496 
4496 4562 
4562 4563 
4563 4564 
4564 4575 
4575 4649 
4649 4652 
4652 4731 
4731 4734 
4734 4816 
4816 4819 
4819 4905 
4905 4908 
4908 5000 
5000 5004 
5004 5101 
5101 5104 
5104 5204 
5204 5206 
5206 5304 
5304 5313 
5313 5425 
5425 5430 
5430 5546 
5546 5548 
5548 5664 
5664 5788 
5788 5794 
5794 5925 
5925 5927 
5927 5928 
5928 5932 
5932 6073 
6073 6223 
6223 6224 
6224 6360 
6360 6364 
6364 6534 
6534 6536 
6536 6704 
6704 6875 
6875 6882 
6882 7054 
7054 7056 
7056 7224 
7224 7231 
7231 7401 
7401 7404 
7404 7575 
7575 7577 
7577 7578 
7578 7741 
7741 7742 
7742 7768 
7768 7937 
7937 8107 
8107 8110 
8110 8273 
8273 8274 
8274 8440 
8440 8441 
8441 8450 
8450 8619 
8619 8786 
8786 8790 
8790 8957 
8957 8960 
8960 9126 
9126 9133 
9133 9300 
9300 9303 
9303 9475 
9475 9478 
9478 9645 
9645 9648 
9648 9814 
9814 9974 
9974 10142 
10142 10145 
10145 10312 
10312 10322 
10322 10490 
10490 10493 
10493 10661 
10661 10664 
10664 10832 
10832 10835 
10835 11002 
11002 11005 
11005 11174 
11174 11191 
11191 11357 
11357 11360 
11360 11526 
11526 11678 
11678 11845 
11845 11848 
11848 12015 
12015 12018 
12018 12185 
12185 12188 
12188 12359 
12359 12364 
12364 12534 
12534 12536 
12536 12703 
12703 12704 
12704 12865 
12865 12866 
12866 12883 
12883 12885 
12885 13057 
13057 13060 
13060 13231 
13231 13236 
13236 13409 
13409 13411 
13411 13577 
13577 13578 
13578 13740 
13740 13741 
13741 13757 
13757 13762 
13762 13930 
13930 13933 
13933 14103 
14103 14106 
14106 14278 
14278 14446 
14446 14447 
14447 14448 
14448 14620 
14620 14791 
14791 14792 
14792 14963 
14963 14964 
14964 14982 
14982 14983 
14983 15155 
15155 15329 
15329 15330 
15330 15331 
15331 15494 
15494 15669 
15669 15812 
15812 16014 
16014 16016 
16016 16017 
16017 16024 
16024 16028 
16028 16223 
16223 16415 
16415 16606 
16606 16613 
16613 16799 
16799 16806 
16806 16989 
16989 17171 
17171 17349 
17349 17353 
17353 17523 
17523 17524 
17524 17692 
17692 17693 
17693 17708 
17708 17874 
17874 18043 
18043 18046 
18046 18209 
18209 18210 
18210 18371 
18371 18378 
18378 18520 
18520 18676 
18676 18677 
18677 18728 
18728 18729 
18729 18879 
18879 19031 
19031 19035 
19035 19037 
19037 19044 
19044 19194 
19194 19336 
19336 19472 
19472 19476 
19476 19605 
19605 19606 
19606 19607 
19607 19738 
19738 19860 
19860 19861 
19861 19924 
19924 20047 
20047 20161 
20161 20163 
20163 20280 
20280 20283 
20283 20399 
20399 20402 
20402 20514 
20514 20617 
20617 20618 
20618 20721 
20721 20722 
20722 20824 
20824 20923 
20923 20924 
20924 20925 
20925 21018 
21018 21111 
21111 21113 
21113 21114 
21114 21191 
21191 21279 
21279 21282 
21282 21367 
21367 21370 
21371 21369 
21370 21372 
21372 21371 
21369 21373 

9 51
4360 4300 
4423 4360 
4491 4423 
4561 4491 
4635 4561 
4715 4635 
4795 4715 
4884 4795 
4974 4884 
5066 4974 
5164 5066 
5165 5164 
5268 5165 
5269 5268 
5379 5269 
5380 5379 
5494 5380 
5495 5494 
5615 5495 
5616 5615 
5614 5736 
5739 5616 
5740 5739 
5736 5866 
5870 5740 
5866 6002 
6008 5870 
6009 6008 
6002 6152 
6159 6009 
6160 6159 
6161 6160 
6162 6161 
6306 6162 
6152 6307 
6307 6308 
6308 6309 
6309 6310 
6310 6311 
6311 6312 
6313 6306 
6314 6313 
6315 6314 
6316 6315 
6317 6316 
6312 6318 
6318 6319 
6320 6317 
6319 6321 
6321 6322 
6322 6320 

10 115
3 0 
5 3 
9 5 
14 9 
15 14 
28 15 
49 28 
79 49 
129 79 
130 129 
131 130 
196 131 
243 196 
312 243 
314 312 
315 314 
316 315 
317 316 
318 317 
319 318 
391 319 
457 391 
529 457 
598 529 
664 598 
666 664 
729 666 
790 729 
849 790 
851 849 
907 851 
909 907 
961 909 
1008 961 
1009 1008 
1058 1009 
1069 1058 
1120 1069 
1169 1120 
1172 1169 
1173 1172 
1223 1173 
1273 1223 
1321 1273 
1369 1321 
1415 1369 
1421 1415 
1467 1421 
1469 1467 
1500 1469 
1550 1500 
1568 1550 
1615 1568 
1661 1615 
1690 1661 
1691 1690 
1692 1691 
1739 1692 
1740 1739 
1787 1740 
1836 1787 
1884 1836 
1885 1884 
1934 1885 
1984 1934 
2032 1984 
2078 2032 
2079 2078 
2125 2079 
2168 2125 
2215 2168 
2262 2215 
2307 2262 
2351 2307 
2395 2351 
2440 2395 
2486 2440 
2532 2486 
2577 2532 
2622 2577 
2667 2622 
2711 2667 
2758 2711 
2805 2758 
2852 2805 
2900 2852 
2945 2900 
2991 2945 
3038 2991 
3085 3038 
3130 3085 
3176 3130 
3224 3176 
3270 3224 
3316 3270 
3362 3316 
3408 3362 
3455 3408 
3501 3455 
3547 3501 
3592 3547 
3638 3592 
3684 3638 
3731 3684 
3779 3731 
3828 3779 
3876 3828 
3928 3876 
3978 3928 
4029 3978 
4080 4029 
4133 4080 
4187 4133 
4242 4187 
4300 4242 

11 58
0 1 
1 6 
10 11 
11 4 
6 16 
16 22 
23 10 
22 36 
36 38 
39 23 
40 39 
41 42 
42 40 
38 60 
60 62 
62 63 
63 64 
64 65 
65 66 
66 67 
68 41 
67 97 
97 98 
98 99 
99 100 
102 103 
103 104 
104 105 
105 106 
106 107 
107 68 
109 102 
110 109 
121 110 
122 121 
123 122 
124 123 
125 124 
126 125 
127 126 
100 128 
178 179 
179 127 
182 178 
183 182 
184 183 
185 184 
128 186 
186 187 
187 188 
188 189 
190 185 
189 191 
191 192 
192 193 
193 194 
194 195 
195 190 

