  0.24367096034
  0.28982019019
  0.11236700796
  0.05564972457
  0.05373744373
  0.05047217242
  0.04965891147
  0.04914122413
  0.04623356451
  0.04263583816
  0.03888646705
  0.03290904355
  0.02439783912
  0.01807541898
  0.01515468539
  0.01390769156
  0.01319613510
  0.01246670490
  0.01176710693
  0.01120703602
  0.01078473764
  0.01046508454
  0.01025099687
  0.00998177998
  0.00963295279
  0.00921149320
  0.00875320201
  0.00834417444
  0.00799022638
  0.00770922026
  0.00749876158
  0.00723407560
  0.00693187341
  0.00659943573
  0.00634364177
  0.00612895966
  0.00592034846
  0.00570617647
  0.00552798741
  0.00539707888
  0.00527635111
  0.00508574791
  0.00484038972
  0.00456771680
  0.00434735892
  0.00416199474
  0.00398980468
  0.00378074950
  0.00355262788
  0.00334970083
  0.00319704782
  0.00305929513
  0.00295898181
  0.00286308093
  0.00277828064
  0.00271021448
  0.00266644289
  0.00266813900
  0.00270785516
  0.00276756226
  0.00282088316
  0.00290390705
  0.00302482269
  0.00320385087
  0.00335913468
  0.00352724280
  0.00375452652
  0.00398727269
  0.00410728389
