  0.01155717968
  0.00730460332
  0.00690856432
  0.00710238598
  0.00734471936
  0.00772514533
  0.00818427388
  0.00865668563
  0.00905976122
  0.00940094799
  0.00969532066
  0.00998254963
  0.01020822921
  0.01034585622
  0.01040865686
  0.01045053850
  0.01048236949
  0.01050833335
  0.01053380947
  0.01055187274
  0.01056816187
  0.01058238188
  0.01059758860
  0.01060608724
  0.01061398113
  0.01062268344
  0.01062214293
  0.01062838943
  0.01063342670
  0.01063724174
  0.01063825105
  0.01064069786
  0.01064551363
  0.01064223833
  0.01065054071
  0.01065291020
  0.01065123682
  0.01065185534
  0.01065704777
  0.01065689939
  0.01066398395
  0.01065649739
  0.01065932806
  0.01065662035
  0.01065762247
  0.01065450974
  0.01066471107
  0.01065620135
  0.01065965209
  0.01065550649
  0.01066821165
  0.01065699852
  0.01066150229
  0.01065678815
  0.01066072047
  0.01066226804
  0.01065056204
  0.01065620405
  0.01066591346
  0.01065799529
  0.01066245224
  0.01066233176
  0.01066083345
  0.01066871159
  0.01066007013
  0.01068306065
  0.01066936650
  0.01065518226
  0.01065681972
