301	6
12.8077	12.794	-4.35993e-19	0.00551353	12.8022	0	
1.00169	1.00013	0.00169177	0.000430486	0.99957	0	
0.94941	0.947324	0.00390021	0.00037364	0.945136	0	
0.881394	0.879565	0.00268564	0.000296318	0.878412	0	
0.900307	0.898381	0.00204645	0.00031953	0.897941	0	
0.924204	0.922138	0.00155999	0.000350006	0.922294	0	
0.94519	0.943001	0.00114963	0.000375824	0.943665	0	
0.962879	0.960585	0.000853014	0.000397555	0.961628	0	
0.975474	0.973099	0.000674621	0.000415352	0.974384	0	
0.982051	0.979621	0.000564945	0.000424656	0.981061	0	
0.98564	0.983169	0.000491179	0.000429976	0.984718	0	
0.988163	0.985659	0.000438314	0.000433626	0.987291	0	
0.990246	0.987713	0.000397807	0.000436512	0.989412	0	
0.992081	0.989523	0.000365867	0.000438953	0.991276	0	
0.993648	0.991068	0.000339631	0.000440954	0.992867	0	
0.995014	0.992415	0.000317741	0.000442639	0.994254	0	
0.996185	0.993568	0.000298805	0.000444003	0.995442	0	
0.99721	0.99458	0.000282479	0.000445134	0.996482	0	
0.998085	0.995442	0.000268332	0.000446039	0.99737	0	
0.998801	0.996148	0.000256344	0.000446749	0.998098	0	
0.999409	0.996748	0.000246348	0.000447312	0.998715	0	
0.99991	0.997243	0.000238186	0.000447756	0.999224	0	
1.00031	0.997638	0.000231632	0.000448086	0.999631	0	
1.00061	0.997933	0.000226471	0.000448314	0.999934	0	
1.00085	0.998168	0.000222482	0.000448476	1.00018	0	
1.00102	0.998338	0.000219451	0.00044858	1.00035	0	
1.00114	0.998458	0.000217196	0.000448634	1.00047	0	
1.00122	0.998535	0.000215559	0.000448644	1.00055	0	
1.00126	0.998579	0.00021443	0.000448617	1.0006	0	
1.00127	0.998588	0.000213715	0.000448552	1.00061	0	
1.00127	0.998588	0.000213351	0.000448468	1.00061	0	
1.00124	0.998555	0.000213248	0.000448371	1.00058	0	
1.0012	0.998519	0.000213302	0.000448254	1.00054	0	
1.00116	0.998479	0.000213459	0.000448145	1.0005	0	
1.00112	0.998437	0.000213677	0.00044803	1.00045	0	
1.00108	0.9984	0.000213937	0.000447936	1.00042	0	
1.00104	0.998361	0.000214211	0.000447841	1.00038	0	
1.001	0.998319	0.00021449	0.000447752	1.00034	0	
1.00097	0.998289	0.000214773	0.000447676	1.00031	0	
1.00094	0.998258	0.000215053	0.000447606	1.00027	0	
1.0009	0.998226	0.000215325	0.000447545	1.00024	0	
1.00088	0.998202	0.000215583	0.000447489	1.00022	0	
1.00085	0.998173	0.000215834	0.000447433	1.00019	0	
1.00083	0.998152	0.000216073	0.00044739	1.00017	0	
1.00081	0.998132	0.000216307	0.000447361	1.00014	0	
1.00079	0.998113	0.000216516	0.000447324	1.00013	0	
1.00078	0.998099	0.00021672	0.000447295	1.00011	0	
1.00076	0.998081	0.000216906	0.000447265	1.00009	0	
1.00075	0.99807	0.000217084	0.000447242	1.00008	0	
1.00073	0.998058	0.000217247	0.000447224	1.00007	0	
1.00072	0.998046	0.000217399	0.000447203	1.00006	0	
1.0007	0.998028	0.000217536	0.000447181	1.00004	0	
1.00069	0.998019	0.000217667	0.000447167	1.00003	0	
1.00069	0.998014	0.000217789	0.000447158	1.00002	0	
1.00068	0.99801	0.000217905	0.000447148	1.00002	0	
1.00068	0.998003	0.000218006	0.000447136	1.00001	0	
1.00067	0.997997	0.000218104	0.000447126	1.00001	0	
1.00066	0.99799	0.00021819	0.000447118	0.999999	0	
1.00066	0.997983	0.000218272	0.000447108	0.999992	0	
1.00065	0.997978	0.000218346	0.000447102	0.999987	0	
1.00065	0.997972	0.000218413	0.000447095	0.999981	0	
1.00064	0.997968	0.000218476	0.000447089	0.999976	0	
1.00063	0.997961	0.000218529	0.000447083	0.999969	0	
1.00063	0.997958	0.000218581	0.000447079	0.999966	0	
1.00063	0.99796	0.000218635	0.000447077	0.999968	0	
1.00063	0.997959	0.000218679	0.000447075	0.999967	0	
1.00063	0.997957	0.000218721	0.00044707	0.999965	0	
1.00062	0.99795	0.000218756	0.000447064	0.999958	0	
1.00062	0.997945	0.000218787	0.000447063	0.999953	0	
1.00062	0.997947	0.000218822	0.00044706	0.999954	0	
1.00062	0.997944	0.00021885	0.000447056	0.999951	0	
1.00061	0.997939	0.000218876	0.000447053	0.999947	0	
1.00061	0.997939	0.000218904	0.00044705	0.999946	0	
1.00061	0.997937	0.000218924	0.000447048	0.999945	0	
1.00061	0.997936	0.000218944	0.000447051	0.999943	0	
1.00061	0.997937	0.000218965	0.000447047	0.999945	0	
1.00061	0.997933	0.000218981	0.000447049	0.99994	0	
1.0006	0.997928	0.000218994	0.000447043	0.999935	0	
1.0006	0.997926	0.000219012	0.000447042	0.999933	0	
1.0006	0.997922	0.000219022	0.000447036	0.99993	0	
1.00059	0.997922	0.000219035	0.000447037	0.999929	0	
1.0006	0.997925	0.000219051	0.000447035	0.999932	0	
1.0006	0.997924	0.000219062	0.000447034	0.999932	0	
1.0006	0.997924	0.000219072	0.000447033	0.999931	0	
1.0006	0.997922	0.000219081	0.000447032	0.99993	0	
1.00059	0.997918	0.000219086	0.000447032	0.999925	0	
1.00059	0.997918	0.000219094	0.000447035	0.999925	0	
1.00059	0.997921	0.000219106	0.00044703	0.999928	0	
1.00059	0.997917	0.000219109	0.00044703	0.999924	0	
1.00059	0.997916	0.000219115	0.000447029	0.999923	0	
1.00059	0.997917	0.000219122	0.000447028	0.999924	0	
1.00059	0.997916	0.000219125	0.000447027	0.999923	0	
1.00059	0.997916	0.000219134	0.000447027	0.999923	0	
1.00059	0.997916	0.000219137	0.000447027	0.999923	0	
1.00059	0.997921	0.000219146	0.000447029	0.999927	0	
1.00059	0.99792	0.00021915	0.000447032	0.999927	0	
1.00059	0.99792	0.000219154	0.000447031	0.999927	0	
1.00059	0.99792	0.000219158	0.00044703	0.999927	0	
1.00059	0.997919	0.000219162	0.00044703	0.999926	0	
1.00059	0.997919	0.000219165	0.00044703	0.999926	0	
1.00059	0.997919	0.000219168	0.000447029	0.999926	0	
1.00059	0.99792	0.000219171	0.000447028	0.999927	0	
1.00059	0.997916	0.000219171	0.000447028	0.999923	0	
1.00059	0.997916	0.000219176	0.000447026	0.999923	0	
1.00059	0.997916	0.000219178	0.000447026	0.999923	0	
1.00059	0.997917	0.000219181	0.000447026	0.999924	0	
1.00059	0.997918	0.000219184	0.000447027	0.999925	0	
1.00059	0.997917	0.000219186	0.000447025	0.999924	0	
1.00059	0.997917	0.000219188	0.000447025	0.999924	0	
1.00059	0.997918	0.000219191	0.000447025	0.999925	0	
1.00059	0.997917	0.000219193	0.000447025	0.999924	0	
1.00059	0.997916	0.000219192	0.000447023	0.999923	0	
1.00059	0.997916	0.000219196	0.000447019	0.999923	0	
1.00059	0.997916	0.0002192	0.000447018	0.999922	0	
1.00059	0.997913	0.000219196	0.000447021	0.99992	0	
1.00059	0.997916	0.000219203	0.000447019	0.999923	0	
1.00059	0.997915	0.000219204	0.000447017	0.999922	0	
1.00059	0.997913	0.000219204	0.000447017	0.999919	0	
1.00059	0.997914	0.000219205	0.000447018	0.999921	0	
1.00059	0.997917	0.000219206	0.000447018	0.999924	0	
1.00059	0.997916	0.000219207	0.000447018	0.999923	0	
1.00059	0.997916	0.000219207	0.000447018	0.999923	0	
1.00059	0.997917	0.000219208	0.000447021	0.999924	0	
1.00059	0.997918	0.000219209	0.000447021	0.999924	0	
1.00059	0.997914	0.000219207	0.000447018	0.999921	0	
1.00059	0.997917	0.000219211	0.00044702	0.999924	0	
1.00059	0.997918	0.000219212	0.00044702	0.999925	0	
1.00059	0.997914	0.000219213	0.000447015	0.999921	0	
1.00059	0.997914	0.000219214	0.000447015	0.99992	0	
1.00059	0.997916	0.000219216	0.000447017	0.999923	0	
1.00059	0.997917	0.000219218	0.000447017	0.999923	0	
1.00059	0.997918	0.000219221	0.000447017	0.999925	0	
1.00059	0.997919	0.000219222	0.000447017	0.999926	0	
1.00059	0.99792	0.000219224	0.000447017	0.999927	0	
1.00059	0.997919	0.000219224	0.000447016	0.999926	0	
1.00059	0.997919	0.000219224	0.000447017	0.999925	0	
1.00059	0.997919	0.000219225	0.000447017	0.999926	0	
1.00059	0.99792	0.000219226	0.000447017	0.999926	0	
1.00059	0.997916	0.000219225	0.000447015	0.999923	0	
1.00059	0.997913	0.000219222	0.000447016	0.999919	0	
1.00059	0.997913	0.000219226	0.000447015	0.99992	0	
1.00059	0.997913	0.000219224	0.000447016	0.99992	0	
1.00059	0.997913	0.000219225	0.000447016	0.999919	0	
1.00059	0.997913	0.000219228	0.000447013	0.99992	0	
1.00059	0.997917	0.000219229	0.00044702	0.999923	0	
1.00059	0.997912	0.000219228	0.000447013	0.999919	0	
1.00059	0.997913	0.000219227	0.000447015	0.999919	0	
1.00059	0.997914	0.000219228	0.000447016	0.99992	0	
1.00058	0.997911	0.000219227	0.000447015	0.999918	0	
1.00058	0.997912	0.000219229	0.000447015	0.999919	0	
1.00058	0.997912	0.000219229	0.000447014	0.999918	0	
1.00059	0.997913	0.00021923	0.000447016	0.99992	0	
1.00059	0.997913	0.00021923	0.000447014	0.999919	0	
1.00058	0.997912	0.00021923	0.000447014	0.999918	0	
1.00058	0.997912	0.000219231	0.000447013	0.999918	0	
1.00058	0.997911	0.000219232	0.000447013	0.999918	0	
1.00058	0.997911	0.000219232	0.000447013	0.999918	0	
1.00058	0.997911	0.000219233	0.000447013	0.999918	0	
1.00058	0.997911	0.000219233	0.000447013	0.999918	0	
1.00058	0.997911	0.000219233	0.000447013	0.999918	0	
1.00058	0.997911	0.000219234	0.000447013	0.999918	0	
1.00058	0.997911	0.000219234	0.000447012	0.999918	0	
1.00058	0.997911	0.000219235	0.000447012	0.999918	0	
1.00058	0.997911	0.000219235	0.000447012	0.999918	0	
1.00058	0.997911	0.000219236	0.000447012	0.999918	0	
1.00058	0.997911	0.000219236	0.000447012	0.999918	0	
1.00058	0.997911	0.000219236	0.000447012	0.999917	0	
1.00058	0.997911	0.000219237	0.000447012	0.999917	0	
1.00058	0.997911	0.000219237	0.000447011	0.999917	0	
1.00058	0.997911	0.000219238	0.000447011	0.999917	0	
1.00058	0.997911	0.000219238	0.000447011	0.999917	0	
1.00058	0.997911	0.000219238	0.000447011	0.999917	0	
1.00058	0.99791	0.000219239	0.000447011	0.999917	0	
1.00058	0.99791	0.000219239	0.000447011	0.999917	0	
1.00059	0.997913	0.000219242	0.000447009	0.999919	0	
1.00058	0.997912	0.00021924	0.000447011	0.999918	0	
1.00059	0.997914	0.000219243	0.000447014	0.99992	0	
1.00058	0.99791	0.00021924	0.00044701	0.999917	0	
1.00059	0.997914	0.000219245	0.000447012	0.999921	0	
1.00058	0.997911	0.000219241	0.00044701	0.999918	0	
1.00058	0.997911	0.000219242	0.00044701	0.999917	0	
1.00058	0.997909	0.000219241	0.00044701	0.999916	0	
1.00058	0.997911	0.000219242	0.00044701	0.999917	0	
1.00058	0.997909	0.000219242	0.00044701	0.999916	0	
1.00058	0.99791	0.000219242	0.00044701	0.999917	0	
1.00059	0.997914	0.000219247	0.00044701	0.999921	0	
1.00058	0.997911	0.000219244	0.00044701	0.999917	0	
1.00058	0.99791	0.000219243	0.00044701	0.999917	0	
1.00059	0.997913	0.000219248	0.00044701	0.999919	0	
1.00058	0.997912	0.000219245	0.000447011	0.999919	0	
1.00058	0.99791	0.000219244	0.000447009	0.999917	0	
1.00058	0.997911	0.000219247	0.000447007	0.999918	0	
1.00058	0.99791	0.000219244	0.000447009	0.999916	0	
1.00058	0.997912	0.000219248	0.000447009	0.999918	0	
1.00058	0.99791	0.000219245	0.000447009	0.999917	0	
1.00058	0.997911	0.000219249	0.000447007	0.999918	0	
1.00059	0.997913	0.000219247	0.000447012	0.999919	0	
1.00058	0.997912	0.000219248	0.000447007	0.999918	0	
1.00058	0.99791	0.000219247	0.00044701	0.999917	0	
1.00058	0.997909	0.000219246	0.000447009	0.999915	0	
1.00059	0.997913	0.00021925	0.000447008	0.999919	0	
1.00059	0.997912	0.000219248	0.00044701	0.999919	0	
1.00058	0.997912	0.000219249	0.000447007	0.999918	0	
1.00058	0.997908	0.000219246	0.000447008	0.999915	0	
1.00058	0.997911	0.000219249	0.000447006	0.999918	0	
1.00059	0.997914	0.000219251	0.000447012	0.99992	0	
1.00058	0.99791	0.00021925	0.000447007	0.999917	0	
1.00058	0.997911	0.000219248	0.000447009	0.999918	0	
1.00058	0.997911	0.000219252	0.000447006	0.999917	0	
1.00058	0.997909	0.000219248	0.000447008	0.999915	0	
1.00058	0.997911	0.000219251	0.000447007	0.999917	0	
1.00058	0.997911	0.000219249	0.000447009	0.999918	0	
1.00058	0.997911	0.000219253	0.000447006	0.999918	0	
1.00058	0.997911	0.000219249	0.000447009	0.999917	0	
1.00059	0.997913	0.000219254	0.000447009	0.99992	0	
1.00058	0.997909	0.000219249	0.000447008	0.999916	0	
1.00058	0.997912	0.000219252	0.000447007	0.999918	0	
1.00058	0.997909	0.00021925	0.000447008	0.999916	0	
1.00058	0.997912	0.000219253	0.000447008	0.999918	0	
1.00058	0.997909	0.00021925	0.000447008	0.999916	0	
1.00058	0.997912	0.000219253	0.000447008	0.999918	0	
1.00058	0.997909	0.000219251	0.000447008	0.999916	0	
1.00058	0.997912	0.000219254	0.000447007	0.999918	0	
1.00058	0.997909	0.000219251	0.000447008	0.999916	0	
1.00058	0.997911	0.000219254	0.000447007	0.999918	0	
1.00058	0.997909	0.000219252	0.000447008	0.999916	0	
1.00058	0.997912	0.000219255	0.000447008	0.999918	0	
1.00058	0.997909	0.000219252	0.000447008	0.999915	0	
1.00058	0.997911	0.000219255	0.000447007	0.999918	0	
1.00059	0.997913	0.000219258	0.00044701	0.99992	0	
1.00058	0.997909	0.000219253	0.000447008	0.999915	0	
1.00058	0.997912	0.000219256	0.000447006	0.999918	0	
1.00058	0.997911	0.000219257	0.000447008	0.999917	0	
1.00058	0.997911	0.000219257	0.000447006	0.999917	0	
1.00058	0.997911	0.000219256	0.000447006	0.999918	0	
1.00058	0.997911	0.000219256	0.000447005	0.999917	0	
1.00058	0.997909	0.000219255	0.000447004	0.999915	0	
1.00058	0.997912	0.000219256	0.000447006	0.999918	0	
1.00058	0.997909	0.000219253	0.000447007	0.999915	0	
1.00059	0.997915	0.000219258	0.000447007	0.999921	0	
1.00059	0.997915	0.000219258	0.000447007	0.999922	0	
1.00059	0.997915	0.000219258	0.000447006	0.999921	0	
1.00059	0.997914	0.000219259	0.000447006	0.999921	0	
1.00059	0.997915	0.000219259	0.000447006	0.999921	0	
1.00059	0.997915	0.000219259	0.000447005	0.999921	0	
1.00059	0.997914	0.00021926	0.000447005	0.999921	0	
1.00059	0.997914	0.00021926	0.000447005	0.999921	0	
1.00059	0.997915	0.00021926	0.000447005	0.999921	0	
1.00059	0.997915	0.00021926	0.000447005	0.999921	0	
1.00059	0.997914	0.00021926	0.000447005	0.999921	0	
1.00059	0.997914	0.00021926	0.000447005	0.999921	0	
1.00059	0.997914	0.00021926	0.000447005	0.999921	0	
1.00059	0.997914	0.000219261	0.000447005	0.999921	0	
1.00059	0.997915	0.000219261	0.000447005	0.999922	0	
1.00059	0.997914	0.000219261	0.000447005	0.999921	0	
1.00059	0.997913	0.00021926	0.000447004	0.99992	0	
1.00059	0.997914	0.00021926	0.000447005	0.999921	0	
1.00059	0.997914	0.00021926	0.000447005	0.99992	0	
1.00059	0.997914	0.00021926	0.000447005	0.99992	0	
1.00059	0.997914	0.00021926	0.000447005	0.99992	0	
1.00059	0.997913	0.00021926	0.000447004	0.999919	0	
1.00058	0.997911	0.000219259	0.000447004	0.999918	0	
1.00058	0.997911	0.000219259	0.000447004	0.999918	0	
1.00059	0.997912	0.00021926	0.000447004	0.999919	0	
1.00058	0.997911	0.000219259	0.000447004	0.999918	0	
1.00058	0.997912	0.000219259	0.000447004	0.999918	0	
1.00058	0.997912	0.000219259	0.000447004	0.999918	0	
1.00058	0.997912	0.000219259	0.000447004	0.999919	0	
1.00058	0.997912	0.000219259	0.000447003	0.999918	0	
1.00058	0.997911	0.000219258	0.000447003	0.999917	0	
1.00058	0.997911	0.000219258	0.000447003	0.999917	0	
1.00058	0.997909	0.000219257	0.000447001	0.999915	0	
1.00058	0.997908	0.000219257	0.000447001	0.999915	0	
1.00058	0.997908	0.000219257	0.000447001	0.999914	0	
1.00058	0.997908	0.000219257	0.000447001	0.999914	0	
1.00058	0.997908	0.000219256	0.000447001	0.999914	0	
1.00058	0.997908	0.000219256	0.000447001	0.999915	0	
1.00058	0.997908	0.000219256	0.000447001	0.999914	0	
1.00058	0.997908	0.000219256	0.000447	0.999914	0	
1.00058	0.997908	0.000219256	0.000447	0.999914	0	
1.00058	0.997907	0.000219256	0.000447	0.999914	0	
1.00058	0.997912	0.000219257	0.000447005	0.999918	0	
1.00058	0.997912	0.000219257	0.000447005	0.999918	0	
1.00058	0.997911	0.000219257	0.000447005	0.999918	0	
1.00058	0.997911	0.000219257	0.000447005	0.999917	0	
1.00058	0.99791	0.000219257	0.000447005	0.999917	0	
1.00058	0.99791	0.000219256	0.000447004	0.999917	0	
1.00058	0.99791	0.000219256	0.000447004	0.999917	0	
1.00058	0.99791	0.000219256	0.000447004	0.999917	0	
1.00058	0.99791	0.000219256	0.000447004	0.999917	0	
1.00058	0.99791	0.000219256	0.000447004	0.999916	0	
1.00058	0.99791	0.000219256	0.000447004	0.999916	0	
1.00058	0.99791	0.000219256	0.000447004	0.999916	0	
1.00058	0.99791	0.000219256	0.000447004	0.999916	0	
1.00058	0.99791	0.000219256	0.000447004	0.999916	0	
1.00058	0.99791	0.000219257	0.000447004	0.999916	0	
1.00058	0.99791	0.000219257	0.000447004	0.999916	0	
1.00058	0.99791	0.000219257	0.000447004	0.999916	0	
1.00058	0.99791	0.000219257	0.000447004	0.999916	0	
1.00058	0.99791	0.000219257	0.000447001	0.999916	0	
1.00058	0.99791	0.000219258	0.000447001	0.999916	0	
