  0.00822925367
  0.00762308091
  0.00679866450
  0.00696537207
  0.00719565290
  0.00737600188
  0.00751581062
  0.00761026503
  0.00766147464
  0.00768978123
  0.00770957526
  0.00772547545
  0.00773902401
  0.00775064593
  0.00776086073
  0.00777004041
  0.00777840381
  0.00778592844
  0.00779214190
  0.00779787316
  0.00780266891
  0.00780659976
  0.00780960674
  0.00781204960
  0.00781381939
  0.00781508794
  0.00781599341
  0.00781668985
  0.00781710483
  0.00781754669
  0.00781766280
  0.00781779227
  0.00781781020
  0.00781780379
  0.00781776901
  0.00781767612
  0.00781753126
  0.00781744089
  0.00781731137
  0.00781710977
  0.00781698346
  0.00781681880
  0.00781668639
  0.00781651840
  0.00781636867
  0.00781623882
  0.00781608206
  0.00781597785
  0.00781583750
  0.00781571209
  0.00781554941
  0.00781544253
  0.00781534283
  0.00781529577
  0.00781522262
  0.00781514595
  0.00781506300
  0.00781497354
  0.00781490817
  0.00781483148
  0.00781477896
  0.00781467204
  0.00781462501
  0.00781465376
  0.00781461293
  0.00781460130
  0.00781451213
  0.00781445926
  0.00781447239
  0.00781443338
  0.00781436719
  0.00781438188
  0.00781435675
  0.00781433080
  0.00781434355
  0.00781427962
  0.00781421443
  0.00781421724
  0.00781418685
  0.00781416187
  0.00781421237
  0.00781420371
  0.00781419641
  0.00781418807
  0.00781411943
  0.00781411904
  0.00781416980
  0.00781411599
  0.00781410727
  0.00781411795
  0.00781411009
  0.00781412410
  0.00781411182
  0.00781415667
  0.00781415115
  0.00781414887
  0.00781414676
  0.00781414552
  0.00781414458
  0.00781414797
  0.00781415757
  0.00781411283
  0.00781412258
  0.00781412606
  0.00781413493
  0.00781414523
  0.00781415634
  0.00781415742
  0.00781415283
  0.00781415094
  0.00781413200
  0.00781416138
  0.00781416660
  0.00781412142
  0.00781416200
  0.00781416602
  0.00781413181
  0.00781415216
  0.00781417680
  0.00781417512
  0.00781417414
  0.00781416717
  0.00781416936
  0.00781415302
  0.00781416882
  0.00781417930
  0.00781415823
  0.00781416243
  0.00781419065
  0.00781420059
  0.00781421132
  0.00781422417
  0.00781422667
  0.00781422885
  0.00781422267
  0.00781422942
  0.00781423538
  0.00781419009
  0.00781415509
  0.00781416241
  0.00781416312
  0.00781415990
  0.00781419008
  0.00781418821
  0.00781415658
  0.00781416338
  0.00781417207
  0.00781414531
  0.00781415726
  0.00781415533
  0.00781416652
  0.00781417359
  0.00781416317
  0.00781416428
  0.00781416438
  0.00781416502
  0.00781416537
  0.00781416571
  0.00781416642
  0.00781416738
  0.00781416836
  0.00781416877
  0.00781416923
  0.00781416963
  0.00781417001
  0.00781417036
  0.00781417070
  0.00781417103
  0.00781417135
  0.00781417163
  0.00781417199
  0.00781417253
  0.00781417332
  0.00781421405
  0.00781418489
  0.00781419287
  0.00781417513
  0.00781421584
  0.00781418453
  0.00781417756
  0.00781416281
  0.00781417817
  0.00781416163
  0.00781417999
  0.00781421810
  0.00781418068
  0.00781418111
  0.00781421429
  0.00781420133
  0.00781418219
  0.00781421566
  0.00781417948
  0.00781421394
  0.00781418360
  0.00781421690
  0.00781421162
  0.00781420474
  0.00781418323
  0.00781416747
  0.00781423305
  0.00781420567
  0.00781422316
  0.00781416802
  0.00781421867
  0.00781420939
  0.00781419136
  0.00781419674
  0.00781421301
  0.00781417774
  0.00781420151
  0.00781420001
  0.00781420600
  0.00781419507
  0.00781422623
  0.00781418702
  0.00781421464
  0.00781418773
  0.00781421527
  0.00781418676
  0.00781421236
  0.00781418717
  0.00781421401
  0.00781418909
  0.00781420599
  0.00781418809
  0.00781421050
  0.00781418831
  0.00781421181
  0.00781422906
  0.00781418878
  0.00781422226
  0.00781421505
  0.00781421815
  0.00781422956
  0.00781422331
  0.00781418788
  0.00781422923
  0.00781419218
  0.00781426736
  0.00781427210
  0.00781426478
  0.00781426340
  0.00781426770
  0.00781426807
  0.00781426677
  0.00781426674
  0.00781426686
  0.00781426671
  0.00781426622
  0.00781426548
  0.00781426495
  0.00781426506
  0.00781426746
  0.00781426689
  0.00781425975
  0.00781426256
  0.00781425696
  0.00781425561
  0.00781425520
  0.00781425283
  0.00781424253
  0.00781424124
  0.00781424945
  0.00781424223
  0.00781424599
  0.00781424809
  0.00781424817
  0.00781424648
  0.00781423871
  0.00781423805
  0.00781421989
  0.00781421534
  0.00781420793
  0.00781420704
  0.00781420611
  0.00781420660
  0.00781420587
  0.00781420544
  0.00781420539
  0.00781420415
  0.00781422439
  0.00781422739
  0.00781422486
  0.00781421769
  0.00781421388
  0.00781421135
  0.00781421014
  0.00781420993
  0.00781421002
  0.00781421010
  0.00781420990
  0.00781420946
  0.00781420902
  0.00781420876
  0.00781420870
  0.00781420879
  0.00781420898
  0.00781420928
  0.00781422746
  0.00781422788
