  0.15710411861
  0.17605751703
  0.19371893288
  0.06800706614
  0.00561643188
  0.00511515946
  0.00283503933
  0.01270060652
  0.00165570765
  0.02449787747
  0.00332675911
  0.00321802224
  0.00305436373
  0.00295474477
  0.00288202780
  0.00276862178
  0.00201836523
  0.00108811740
  0.03471477454
  0.00232530985
  0.00230720625
  0.00230226388
  0.00218334727
  0.00264704160
  0.00213937348
  0.00224923039
  0.00225121480
  0.00205365703
  0.00205588628
  0.00203703985
  0.00187844406
  0.00196668640
  0.00108959501
  0.00095550785
  0.01183040942
  0.00185176659
  0.00181217115
  0.00176361579
  0.00174707795
  0.00172501921
  0.00111974484
  0.00089128227
  0.00581659651
  0.02074921918
  0.00101091997
  0.00108602886
  0.00097052772
  0.00100397898
  0.00106739938
  0.00093668736
  0.00092856678
  0.00090783820
  0.00094936882
  0.00101453026
  0.00086727102
  0.00154461910
  0.00103925975
  0.00082653307
  0.00362639406
  0.00156010297
  0.00123221584
  0.00083296388
  0.00372347147
  0.00083751489
  0.00078305675
  0.00433018096
  0.00157099253
  0.00157138384
  0.00086531817
  0.00083590692
  0.00079760572
  0.00083555109
  0.00084296954
  0.00076777971
  0.00100978487
  0.00078997706
  0.00072640544
  0.00451038403
  0.00178237605
  0.00357169549
  0.00075356374
  0.00070377420
  0.00208418124
  0.00123246350
  0.00068548457
  0.00155711230
  0.00111460832
  0.00068419824
  0.00069517243
  0.00104285720
  0.00102563894
  0.00073816448
  0.00082614605
  0.00129372723
  0.01165606795
  0.00104989257
  0.00135469995
  0.00115533151
  0.00069647014
  0.00074519932
  0.00071165786
  0.00084760125
  0.00073468244
  0.00069233584
  0.00109616377
  0.00066526404
  0.00595261348
  0.00072134059
  0.00064616553
  0.00189195196
  0.00259649660
  0.00070626935
  0.00067622441
  0.00085432565
  0.00171202986
  0.00065892063
  0.00076260480
  0.00093625263
  0.05660089971
  0.00166314436
  0.00695098900
  0.00253660654
  0.00110180530
  0.02139466201
  0.04605455553
  0.00118124091
  0.00111945210
  0.00119634191
  0.00120027511
  0.00129990786
  0.00135357383
  0.00127938307
  0.00119920659
  0.00124779500
  0.00151726968
  0.00106298585
  0.00111576127
  0.00097298828
  0.00101261840
  0.00120914716
  0.00350879219
  0.00119598151
  0.00105478841
  0.00112734012
  0.00107893917
  0.00105158081
  0.09404748298
  0.00411879314
  0.00239429094
  0.00219515867
  0.00171422525
  0.00136513843
  0.00182492164
  0.00130945830
  0.00132289464
  0.00129482866
  0.00131380630
  0.00122110483
  0.00404131389
  0.00137816154
  0.01096029889
  0.00117657704
  0.00118599588
  0.00750722599
  0.00196808198
  0.00124147414
  0.01019398689
  0.00212230744
  0.00118795821
  0.00129066358
  0.00132023550
  0.00108699399
  0.01014534383
  0.00155618842
  0.00114762786
  0.00117039775
  0.00117818433
  0.00717366086
  0.00099957704
  0.00110355824
  0.00415109108
  0.00130140846
  0.05895780055
  0.00133068754
  0.00097730363
  0.00116484888
  0.00113136838
  0.00098937249
  0.00385533172
  0.00105785817
  0.00096301619
  0.00094618768
  0.00101457540
  0.00091511900
  0.00112147581
  0.00089541496
  0.00088921226
  0.00182505692
  0.00091761311
  0.00192320297
  0.00090908327
  0.00774082727
  0.00089003363
  0.00236562328
  0.00087311955
  0.00087384860
  0.00085401113
  0.00081905957
  0.00105138228
  0.00086628955
  0.00105109652
  0.00088511177
  0.00094697452
  0.00120820380
  0.00092552592
  0.00982121785
  0.00109619613
  0.00090130858
  0.00661947868
  0.00084865902
  0.01190761502
  0.00118225111
  0.00122845173
  0.00117903136
  0.00104064360
  0.00224942849
  0.00074873927
  0.00085457870
  0.00142038568
  0.00076265984
  0.00076196752
  0.00069612329
  0.00146746434
  0.00104805516
  0.00070113247
  0.00274399068
  0.00078701967
  0.00071667319
  0.00399579179
  0.00080380339
