812 28
0 19
1
2
6
12
20
33
55
79
106
138
174
215
261
312
368
429
494
558
625

1 19
5
1
11
19
32
54
77
104
136
172
212
258
308
363
421
485
548
613
687

2 17
625
701
787
886
989
1092
1198
1307
1419
1533
1647
1761
1878
1997
2116
2242
2368

3 45
98
118
119
127
128
150
161
187
198
228
239
274
286
321
322
323
335
336
339
359
364
365
369
370
371
372
373
374
375
415
418
417
426
471
472
473
474
475
482
492
546
557
612
625
687

4 36
555
554
556
559
619
625
649
671
692
726
776
814
873
913
975
993
1013
1095
1114
1199
1200
1217
1218
1312
1313
1314
1315
1316
1317
1318
1319
1320
1321
1322
1323
1324

5 19
2368
2494
2626
2760
2892
3027
3165
3306
3450
3595
3741
3889
4038
4190
4194
4346
4497
4498
4653

6 36
2109
2106
2230
2233
2234
2236
2237
2239
2240
2355
2365
2368
2479
2608
2741
2874
3009
3146
3287
3313
3456
3600
3607
3608
3750
3751
3752
3753
3756
3757
3764
3766
3768
3914
3917
4067

7 45
2368
2491
2493
2624
2756
2757
2886
3021
3023
3156
3157
3297
3300
3308
3309
3451
3454
3584
3732
3878
3881
3882
4027
4179
4331
4482
4638
4790
4938
5080
5218
5357
5492
5624
5752
5876
5996
6110
6218
6319
6415
6508
6602
6693
6779

8 19
4653
4804
4951
5093
5230
5368
5502
5633
5760
5883
6003
6116
6223
6323
6418
6511
6604
6694
6779

9 36
610
609
611
614
681
687
758
671
765
854
860
955
961
1057
1062
1156
1164
1165
1166
1240
1262
1345
1346
1347
1348
1352
1353
1354
1355
1356
1357
1358
1359
1360
1361
1362

10 17
773
687
871
974
1076
1181
1290
1401
1515
1629
1743
1859
1977
2096
2221
2347
2472

11 31
671
750
825
826
827
919
1022
1126
1235
1343
1454
1568
1681
1791
1907
2024
2144
2269
2391
2518
2649
2784
2913
3050
3188
3330
3474
3620
3769
3916
4067

12 31
671
753
846
947
1049
1153
1260
1368
1479
1592
1705
1819
1935
2052
2175
2299
2421
2548
2679
2813
2945
3083
3221
3364
3506
3650
3796
3806
3952
4100
4254

13 36
4067
4219
4370
4522
4675
4822
4963
5104
5240
5375
5508
5638
5642
5768
5885
5886
5887
5983
6095
6202
6208
6209
6210
6211
6308
6402
6403
6409
6411
6502
6505
6598
6601
6691
6695
6779

14 31
4067
4214
4215
4363
4364
4513
4514
4666
4680
4827
4828
4829
4836
4978
5119
5121
5122
5123
5125
5126
5127
5149
5150
5287
5289
5424
5426
5430
5562
5574
5704

15 17
6779
6860
6939
7016
7089
7162
7232
7300
7368
7434
7497
7558
7618
7676
7733
7786
7837

16 36
2213
2210
2335
2338
2339
2341
2342
2344
2345
2459
2469
2472
2586
2711
2717
2849
2982
3118
3256
3398
3536
3537
3538
3641
3785
3786
3787
3791
3938
3942
3946
3947
3949
4098
4101
4254

17 19
2602
2472
2736
2869
3004
3141
3282
3425
3569
3716
3862
4009
4161
4312
4316
4466
4621
4622
4774

18 45
2599
2472
2601
2734
2865
2866
2997
3136
3137
3272
3273
3415
3418
3419
3557
3558
3702
3703
3850
3853
3997
4148
4151
4302
4451
4604
4756
4906
5051
5191
5329
5465
5597
5726
5851
5972
6085
6194
6296
6393
6486
6581
6673
6759
6842

19 31
4254
4402
4406
4553
4701
4702
4847
4848
4989
4990
5004
5005
5006
5014
5015
5016
5020
5160
5162
5163
5164
5166
5301
5303
5305
5440
5442
5446
5577
5576
5704

20 36
4254
4404
4555
4705
4853
4998
5137
5270
5406
5420
5535
5663
5664
5710
5833
5952
5958
5959
6071
6178
6279
6288
6289
6383
6384
6474
6475
6480
6482
6574
6577
6668
6671
6756
6758
6842

21 36
5704
5824
5936
6050
6157
6259
6356
6449
6541
6623
6712
6796
6875
6953
7028
7029
7100
7172
7241
7308
7372
7373
7375
7440
7498
7499
7500
7549
7609
7666
7670
7671
7727
7730
7784
7837

22 36
5704
5829
5950
6065
6171
6273
6370
6463
6555
6647
6733
6816
6893
6970
7046
7113
7185
7254
7257
7321
7388
7389
7405
7469
7530
7536
7537
7596
7654
7711
7717
7718
7770
7773
7826
7877

23 45
7836
7835
7837
7875
7876
7877
7882
7881
7883
7921
7920
7922
7926
7928
7927
7934
7936
7961
7962
7963
7964
7965
7980
7983
7984
7985
8002
8003
8004
8025
8029
8030
8031
8032
8033
8034
8035
8036
8037
8038
8039
8040
8041
8042
8043

24 19
7837
7886
7933
7978
8021
8061
8098
8132
8163
8188
8210
8227
8241
8253
8262
8269
8274
8278
8280

25 19
4922
4774
5065
5204
5342
5477
5608
5736
5860
5980
6093
6201
6302
6398
6490
6584
6675
6760
6842

26 17
6920
6842
6999
7073
7146
7217
7286
7354
7421
7485
7546
7607
7665
7723
7776
7828
7877

27 19
7925
7877
7970
8014
8055
8093
8128
8159
8184
8206
8223
8237
8249
8258
8266
8272
8276
8279
8280

