652 12
0 65
0
1
4
8
14
21
30
40
52
66
81
98
116
136
157
180
204
230
231
259
260
292
293
328
329
368
369
411
412
458
459
508
509
8145
8146
8147
8148
8149
8150
8151
8152
8153
8154
8155
8156
8157
8158
8159
8160
8161
8162
8163
8164
8165
8166
8167
8168
8169
8170
8171
8172
8173
8174
8175
8176

1 65
3
0
5
9
15
22
31
41
53
67
82
99
117
137
158
181
206
234
258
289
291
325
327
365
367
408
410
455
457
505
507
559
561
8177
8178
8179
8180
8181
8182
8183
8184
8185
8186
8187
8188
8189
8190
8191
8192
8193
8194
8195
8196
8197
8198
8199
8200
8201
8202
8203
8204
8205
8206
8207
8208

2 33
509
562
563
619
678
679
741
742
807
808
877
878
950
951
1027
1028
1107
8209
8210
8211
8212
8213
8214
8215
8216
8217
8218
8219
8220
8221
8222
8223
8224

3 65
1107
1108
1191
1192
1278
1367
1368
1459
1460
1555
1556
1654
1655
1757
1758
1863
1864
1973
1974
2086
2087
2203
2204
2324
2325
2448
2574
2575
2703
2704
2836
2837
2974
8225
8226
8227
8228
8229
8230
8231
8232
8233
8234
8235
8236
8237
8238
8239
8240
8241
8242
8243
8244
8245
8246
8247
8248
8249
8250
8251
8252
8253
8254
8255
8256

4 65
2974
3112
3247
3380
3510
3638
3763
3888
4008
4126
4241
4356
4466
4574
4679
4782
4882
4982
5080
5176
5271
5364
5455
5545
5633
5720
5805
5889
5971
6052
6131
6209
6286
8257
8258
8259
8260
8261
8262
8263
8264
8265
8266
8267
8268
8269
8270
8271
8272
8273
8274
8275
8276
8277
8278
8279
8280
8281
8282
8283
8284
8285
8286
8287
8288

5 33
616
561
618
676
737
740
804
806
874
876
947
949
1024
1026
1104
1106
1188
8289
8290
8291
8292
8293
8294
8295
8296
8297
8298
8299
8300
8301
8302
8303
8304

6 33
6286
6361
6435
6507
6577
6646
6713
6778
6842
6904
6965
7024
7082
7138
7193
7246
7298
8305
8306
8307
8308
8309
8310
8311
8312
8313
8314
8315
8316
8317
8318
8319
8320

7 65
1190
1188
1275
1277
1365
1455
1458
1552
1554
1651
1653
1754
1756
1860
1862
1970
1972
2083
2085
2200
2202
2321
2323
2445
2447
2572
2699
2702
2833
2835
2970
2971
3109
8321
8322
8323
8324
8325
8326
8327
8328
8329
8330
8331
8332
8333
8334
8335
8336
8337
8338
8339
8340
8341
8342
8343
8344
8345
8346
8347
8348
8349
8350
8351
8352

8 65
7298
7348
7397
7444
7490
7535
7577
7618
7657
7695
7731
7766
7799
7831
7861
7890
7917
7943
7967
7990
8011
8031
8049
8066
8081
8095
8107
8117
8126
8133
8138
8142
8144
8353
8354
8355
8356
8357
8358
8359
8360
8361
8362
8363
8364
8365
8366
8367
8368
8369
8370
8371
8372
8373
8374
8375
8376
8377
8378
8379
8380
8381
8382
8383
8384

9 65
3244
3109
3377
3507
3635
3760
3885
4005
4123
4238
4353
4463
4571
4676
4779
4879
4979
5077
5173
5268
5361
5452
5542
5630
5717
5802
5886
5968
6049
6128
6206
6283
6358
8385
8386
8387
8388
8389
8390
8391
8392
8393
8394
8395
8396
8397
8398
8399
8400
8401
8402
8403
8404
8405
8406
8407
8408
8409
8410
8411
8412
8413
8414
8415
8416

10 33
6432
6358
6504
6574
6643
6710
6775
6839
6901
6962
7021
7079
7135
7190
7243
7295
7345
8417
8418
8419
8420
8421
8422
8423
8424
8425
8426
8427
8428
8429
8430
8431
8432

11 65
7394
7345
7441
7487
7532
7574
7615
7654
7692
7728
7763
7796
7828
7858
7887
7914
7940
7964
7987
8008
8028
8046
8063
8078
8092
8104
8114
8123
8130
8136
8140
8143
8144
8433
8434
8435
8436
8437
8438
8439
8440
8441
8442
8443
8444
8445
8446
8447
8448
8449
8450
8451
8452
8453
8454
8455
8456
8457
8458
8459
8460
8461
8462
8463
8464

