  0.00000307353
  0.00015513681
  0.00683169024
  0.08189210565
  0.24121231256
  0.30643006537
  0.17705993771
  0.04181553425
  0.02483901606
  0.02063170291
  0.01798501970
  0.01605987666
  0.01386259643
  0.01259784108
  0.01111176641
  0.01060437459
  0.01070063684
  0.00947109232
  0.00831828171
  0.00801808083
  0.00787243937
  0.00794201566
  0.00801724220
  0.00820460621
  0.00754838835
  0.00694674490
  0.00674650532
  0.00661860782
  0.00607148920
  0.00546903515
  0.00508866732
  0.00490682375
  0.00462713018
  0.00462465397
  0.00463571517
  0.00457651075
  0.00464177450
  0.00477950927
  0.00453830965
  0.00433919120
  0.00453476052
  0.00443567241
  0.00378755162
  0.00345019273
  0.00319995618
  0.00305967659
  0.00303899710
  0.00298657295
  0.00312867478
  0.00343368277
  0.00374888301
  0.00377003878
  0.00305419759
  0.00264297998
  0.00268376889
  0.00266639007
  0.00252767861
  0.00261495928
  0.00247081927
  0.00243665131
  0.00240301319
  0.00231253040
  0.00218842533
  0.00207270925
  0.00198182144
  0.00195409443
  0.00194404997
  0.00197459562
  0.00205755276
  0.00218828568
  0.00237105112
  0.00253912500
  0.00257672391
  0.00240774767
  0.00209631771
  0.00184597255
  0.00180562079
  0.00186334284
  0.00197047878
  0.00206301611
  0.00217082417
  0.00224221869
  0.00226216857
  0.00214341791
  0.00193649181
  0.00175550275
  0.00161914072
  0.00151459712
  0.00149544378
  0.00154544748
  0.00162150035
  0.00171772625
  0.00185307041
  0.00198238532
  0.00202516008
  0.00190945128
  0.00162549410
  0.00140984089
  0.00134822381
  0.00130940820
  0.00127166863
  0.00123987459
  0.00121432793
  0.00118228758
  0.00116013939
  0.00112654661
  0.00111214709
  0.00110135562
  0.00109517875
  0.00110674842
  0.00113983485
  0.00122614543
  0.00135285577
  0.00153887263
  0.00171826353
  0.00184701656
  0.00189361148
  0.00186506208
  0.00180808698
  0.00166395459
  0.00146851259
  0.00139109056
  0.00134866125
  0.00130011025
  0.00125534576
  0.00120716249
  0.00115732339
  0.00111428305
  0.00108188662
  0.00105359989
  0.00103311671
  0.00100873637
  0.00099429691
  0.00098781644
  0.00097168727
  0.00095998130
  0.00094990415
  0.00092928796
  0.00090484929
  0.00088606855
  0.00086327778
  0.00082968383
  0.00080362934
  0.00077573592
  0.00075675258
  0.00073384138
  0.00072038284
  0.00070836794
  0.00069841085
  0.00068486060
  0.00068101967
  0.00066432520
  0.00065897412
  0.00065176059
  0.00064860888
  0.00063608262
  0.00063132902
  0.00061899883
  0.00061735614
  0.00060506782
  0.00059816240
  0.00059461129
  0.00058686361
  0.00058558954
  0.00057496631
  0.00057072241
  0.00071413979
  0.00056547520
  0.00055741459
  0.00055033209
  0.00054746589
  0.00054211823
  0.00054569095
  0.00053768987
  0.00052491842
  0.00053174217
  0.00052165568
  0.00051192530
  0.00051194028
  0.00051051406
  0.00050852117
  0.00050849251
  0.00049939683
  0.00058920015
  0.00050006078
  0.00049680857
  0.00049625509
  0.00048721150
  0.00048356596
  0.00049057004
  0.00047708991
  0.00047907767
  0.00047818187
  0.00047713815
  0.00047347251
  0.00046409612
  0.00046554820
  0.00047141517
  0.00047269414
  0.00046175792
  0.00046332700
  0.00046190523
  0.00046317520
  0.00046263615
  0.00045319677
  0.00045379794
