  0.01109270498
  0.01108259453
  0.01088880629
  0.00894715749
  0.00721161385
  0.00741194738
  0.00811552046
  0.00826981173
  0.00878237462
  0.00885698235
  0.00883674930
  0.00882054527
  0.00858054957
  0.00855861708
  0.00855374335
  0.00853754754
  0.00852077051
  0.00853033158
  0.00853424756
  0.00851809632
  0.00850695376
  0.00850177212
  0.00849344032
  0.00849534689
  0.00848035379
  0.00846907381
  0.00847288556
  0.00845502950
  0.00847238607
  0.00846264693
  0.00841811521
  0.00842038641
  0.00843372510
  0.00844055528
  0.00840399819
  0.00840471603
  0.00839675685
  0.00843251430
  0.00841486062
  0.00841078066
  0.00835372516
  0.00844820604
  0.00840332172
  0.00841643803
  0.00838604868
  0.00841123694
  0.00839846790
  0.00837593781
  0.00835597918
  0.00833310786
  0.00831212368
  0.00840182214
  0.00831028254
  0.00836965500
  0.00840945690
  0.00839370565
  0.00835763027
  0.00841797124
  0.00837205985
  0.00836638271
  0.00839887200
  0.00833500530
  0.00836865856
  0.00839929572
  0.00837400255
  0.00831523522
  0.00835412789
  0.00834242910
  0.00838214945
  0.00833155888
  0.00834964254
  0.00837207506
  0.00837336313
  0.00836724468
  0.00835179648
  0.00837471407
  0.00838796985
  0.00836781991
  0.00837076815
  0.00835977214
  0.00837148031
  0.00837443913
  0.00837783674
  0.00835699524
  0.00836193335
  0.00838971234
  0.00825022241
  0.00834741724
  0.00836399539
  0.00835909932
  0.00838236789
  0.00835526836
  0.00836954969
  0.00836106499
  0.00823847372
  0.00837154942
  0.00834901510
  0.00836555041
  0.00836392036
  0.00835758118
  0.00832708883
  0.00835846199
  0.00836174367
  0.00836101126
  0.00837384846
  0.00830429432
  0.00835638303
  0.00836704029
  0.00829946857
  0.00835413957
  0.00833452308
  0.00837482318
  0.00835828206
  0.00836265727
  0.00834779209
  0.00834614854
  0.00836707443
  0.00833756623
  0.00835511484
  0.00834592716
  0.00833662743
  0.00835894895
  0.00835045482
  0.00834393914
  0.00836391042
  0.00834915194
  0.00834223152
  0.00833136409
  0.00834436166
  0.00835901478
  0.00836949029
  0.00832816765
  0.00833727837
  0.00833595878
  0.00835249394
  0.00835253252
  0.00836466560
  0.00835420127
  0.00835040251
  0.00835265386
  0.00834047612
  0.00833342945
  0.00835119326
  0.00831525816
  0.00834353235
  0.00829490266
  0.00836391457
  0.00834197955
  0.00833602606
  0.00834826799
  0.00835938746
  0.00829787793
  0.00832945047
  0.00834402133
  0.00835980900
  0.00829192184
  0.00835943305
  0.00831938327
  0.00834701575
  0.00834904793
  0.00830072961
  0.00833232284
  0.00834009016
  0.00836100763
  0.00831841871
  0.00834325145
  0.00833289002
  0.00835808310
  0.00830356988
  0.00833388700
  0.00834844218
  0.00835827311
  0.00826504443
  0.00835554768
  0.00833001011
  0.00824289170
  0.00834858385
  0.00831694666
  0.00835440228
  0.00833138763
  0.00833650383
  0.00826229797
  0.00834206519
  0.00828559491
  0.00835155812
  0.00834934062
  0.00835670256
  0.00831836517
  0.00832179511
  0.00835592905
  0.00832162263
  0.00832847552
  0.00834897147
  0.00828657046
  0.00835049375
  0.00832213896
  0.00831423945
  0.00835105199
  0.00835959540
  0.00833156079
  0.00834505110
  0.00833881843
  0.00834844917
  0.00836652624
  0.00833662766
  0.00832501886
